#pt	totcs	totdirect	directLO	directNLO	totfrag	fragLO	err_fragLO	fragNLO	err_fragNLO	errmess
0.50000000000000000	35034344.396118060	11799941.433246963	12126314.806937059	-326373.37369008589	23234402.962871097	5525014.3900731476	-1	17709388.572797950	-1	Error
0.75000000000000000	4120205.5479976134	1964001.8970180049	1004131.2789108853	959870.61810711969	2156203.6509796088	573503.33102426736	-1	1582700.3199553415	-1	Error
1.0000000000000000	742058.66970898386	379533.23201406118	183558.01436085693	195975.21765320425	362525.43769492267	106870.41537233438	-1	255655.02232258831	-1	Error
1.2500000000000000	182885.81437480228	97746.921493231464	47778.710220396824	49968.211272834596	85138.892881570820	27399.805239957816	-1	57739.087641613005	-1	Error
1.5000000000000000	53352.153160961985	29871.652807558712	15018.095267662498	14853.557539896217	23480.500353403269	8108.4139335142791	-1	15372.086419888990	-1	Error
1.7500000000000000	16378.421626873298	9974.0241772164445	5133.1732186618819	4840.8509585545635	6404.3974496568535	2229.2804886754420	-1	4175.1169609814115	-1	Error
2.0000000000000000	5696.4676615465542	3666.6901213571441	1912.0870522289606	1754.6030691281835	2029.7775401894100	698.95380115852231	-1	1330.8237390308877	-1	Error
2.2500000000000000	2158.6457472074967	1448.0588088177130	759.49051711006609	688.56829170764684	710.58693838978365	242.18803552472340	-1	468.39890286506022	-1	Error
2.5000000000000000	869.80960467810451	603.15742681275879	316.34089797819274	286.81652883456616	266.65217786534578	89.727675269042237	-1	176.92450259630354	-1	Error
2.7500000000000000	366.77922333953882	261.28249525765682	136.38160683268316	124.90088842497364	105.49672808188200	34.839255152202846	-1	70.657472929679159	-1	Error
3.0000000000000000	159.58386544588049	116.39837022301367	60.218745798515293	56.179624424498385	43.185495222866813	14.011394148844733	-1	29.174101074022079	-1	Error
3.2500000000000000	70.918078499652111	52.851397810773982	27.003939212132092	25.847458598641872	18.066680688878133	5.7545676691647696	-1	12.312113019713363	-1	Error
3.5000000000000000	31.957906469489672	24.277451900212725	12.211390670649216	12.066061229563511	7.6804545692769484	2.3991998031230577	-1	5.2812547661538911	-1	Error
3.7500000000000000	14.490402253746517	11.209038209582488	5.5338743286083236	5.6751638809741625	3.2813640441640288	1.0049146286077557	-1	2.2764494155562733	-1	Error
4.0000000000000000	6.5796668957805391	5.1756931489940312	2.5010747159511109	2.6746184330429195	1.4039737467865074	0.42166621746550409	-1	0.98230752932100329	-1	OK
4.2500000000000000	2.9773853676898465	2.3784665572928851	1.1220565398890685	1.2564100174038169	0.59891881039696138	0.17567618605681806	-1	0.42324262434014331	-1	OK
4.5000000000000000	1.3349167673270410	1.0827426325091698	0.49738947076228701	0.58535316174688279	0.25217413481787126	7.21758645871131005E-002	-1	0.17999827023075815	-1	OK
4.7500000000000000	0.59033794671072615	0.48607041886133684	0.21688738850388167	0.26918303035745517	0.10426752784938934	2.90931789510424955E-002	-1	7.51743488983468433E-002	-1	OK
5.0000000000000000	0.25648142175295041	0.21419495822702214	9.25970527450714620E-002	0.12159790548195065	4.22864635259282765E-002	1.15276953267764090E-002	-1	3.07587681991518674E-002	-1	OK
5.2500000000000000	0.10871167336423443	9.21322119510747245E-002	3.84830817696244429E-002	5.36491301814502747E-002	1.65794614131596976E-002	4.39666560457666403E-003	-1	1.21827958085830336E-002	-1	OK
5.5000000000000000	4.46628807880380882E-002	3.84057747192976806E-002	1.54565892938778263E-002	2.29491854254198456E-002	6.25710606874040759E-003	1.60830619570380049E-003	-1	4.64879987303660688E-003	-1	OK
5.7500000000000000	1.76291149909509615E-002	1.53824613342203112E-002	5.94677828926132735E-003	9.43568304495898472E-003	2.24665365673065070E-003	5.61368638653052558E-004	-1	1.68528501807759814E-003	-1	OK
6.0000000000000000	6.61649105340022647E-003	5.85725820914080337E-003	2.16776245754871913E-003	3.68949575159208554E-003	7.59232844259423315E-004	1.82450655795172225E-004	-1	5.76782188464251117E-004	-1	OK
6.2500000000000000	2.33087571849742480E-003	2.09301569065331160E-003	7.38899029411597833E-004	1.35411666124171442E-003	2.37860027844113032E-004	5.50796073929610809E-005	-1	1.82780420451151957E-004	-1	OK
6.5000000000000000	7.57850944650394708E-004	6.90032105018542185E-004	2.31377143865114894E-004	4.58654961153427427E-004	6.78188396318524960E-005	1.51985722322735092E-005	-1	5.26202673995789885E-005	-1	OK
6.7500000000000000	2.22151375349884876E-004	2.05064815321120514E-004	6.49820789441722533E-005	1.40082736376948301E-004	1.70865600287643484E-005	3.62148495511648072E-006	-1	1.34650750736478673E-005	-1	OK
7.0000000000000000	5.68306029950574603E-005	5.31740189848979258E-005	1.58273110052165034E-005	3.73467079796814224E-005	3.65658401015953154E-006	7.43828608716429563E-007	-1	2.91275540144310219E-006	-1	OK
