#pt	totcs	totdirect	directLO	directNLO	totfrag	fragLO	err_fragLO	fragNLO	err_fragNLO	errmess
0.50000000000000000	12607243.609576840	4735927.4848657632	3175838.3058433002	1560089.1790224642	7871316.1247110767	1948024.7242673601	-1	5923291.4004437169	-1	Error
0.75000000000000000	1141119.2203329820	578778.04988164431	321665.31680156430	257112.73308008027	562341.17045133782	143048.99993872290	-1	419292.17051261489	-1	Error
1.0000000000000000	189934.32591050421	108596.80993764904	55685.039254738171	52911.770682910887	81337.515972855166	20844.363188416402	-1	60493.152784438760	-1	Error
1.2500000000000000	43828.653294775111	26745.588093154136	13046.345533797223	13699.242559356917	17083.065201620979	4345.1827134909090	-1	12737.882488130070	-1	Error
1.5000000000000000	12355.821032935874	7876.8933232115924	3699.6215464652337	4177.2717767463582	4478.9277097242802	1128.6264988462406	-1	3350.3012108780395	-1	Error
1.7500000000000000	3988.5063391931881	2625.0442182806451	1193.7904972109520	1431.2537210696939	1363.4621209125432	338.50889230385542	-1	1024.9532286086878	-1	Error
2.0000000000000000	1414.0559326044531	955.54239147462670	421.88382752131878	533.65856395330820	458.51354112982648	111.77694202855561	-1	346.73659910127088	-1	Error
2.2500000000000000	536.81126323808894	370.81741746859240	159.16403322708669	211.65338424150568	165.99384576949649	39.837090924657140	-1	126.15675484483936	-1	Error
2.5000000000000000	213.91972622176024	150.73262095302934	62.936922971718076	87.795697981311264	63.187105268730910	14.955615535504045	-1	48.231489733226866	-1	Error
2.7500000000000000	88.339926953764206	63.315243375450663	25.722648223436082	37.592595152014582	25.024683578313546	5.8049115452970304	-1	19.219772033016515	-1	Error
3.0000000000000000	37.338578217132934	27.193017830770177	10.749147142445022	16.443870688325156	10.145560386362757	2.3203372405363085	-1	7.8252231458264481	-1	Error
3.2500000000000000	16.039971794112972	11.839482410187118	4.5530168414258601	7.2864655687612601	4.2004893839258557	0.94207778309075874	-1	3.2584116008350970	-1	Error
3.5000000000000000	6.9353009752360846	5.1881563826354880	1.9404812299920864	3.2476751526434007	1.7471445926005968	0.38574395023325780	-1	1.3614006423673390	-1	Error
3.7500000000000000	3.0035430571253339	2.2742536960146320	0.82697098508398625	1.4472827109306459	0.72928936111070175	0.15818991034168137	-1	0.57109945076902036	-1	Error
4.0000000000000000	1.2957346894086867	0.99197526397774605	0.35048296261264078	0.64149230136510549	0.30375942543094070	6.47039241689483929E-002	-1	0.23905550126199232	-1	OK
4.2500000000000000	0.55363051675285790	0.42848123019674533	0.14699571590129382	0.28148551429545143	0.12514928655611252	2.61624520947927805E-002	-1	9.89868344613197282E-002	-1	OK
4.5000000000000000	0.23349710869422907	0.18250932363644062	6.07408185608514159E-002	0.12176850507558921	5.09877850577884345E-002	1.03883867994699758E-002	-1	4.05993982583184587E-002	-1	OK
4.7500000000000000	9.65804149982060350E-002	7.63111179003608253E-002	2.46118588266152384E-002	5.16992590737455834E-002	2.02692970978452063E-002	4.07796355510386520E-003	-1	1.61913335427413402E-002	-1	OK
5.0000000000000000	3.90417264890099494E-002	3.11620903226988849E-002	9.72757751326524048E-003	2.14345128094336444E-002	7.87963616631106624E-003	1.54553063396579006E-003	-1	6.33410553234527596E-003	-1	OK
5.2500000000000000	1.53077645210897527E-002	1.23539507973238379E-002	3.72714421696985782E-003	8.62680658035397917E-003	2.95381372376591527E-003	5.65879691793841214E-004	-1	2.38793403197207384E-003	-1	OK
5.5000000000000000	5.77827017900090639E-003	4.71900126094706475E-003	1.37385710799326020E-003	3.34514415295380412E-003	1.05926891805384186E-003	1.97449981151086307E-004	-1	8.61818936902755553E-004	-1	OK
5.7500000000000000	2.08155720901310060E-003	1.72131139428402242E-003	4.82720793647405024E-004	1.23859060063661740E-003	3.60245814729078287E-004	6.57407337330971115E-005	-1	2.94505080995981162E-004	-1	OK
6.0000000000000000	7.07557607844855113E-004	5.92877206199966833E-004	1.59825330415253448E-004	4.33051875784713303E-004	1.14680401644888280E-004	2.02801208944680024E-005	-1	9.44002807504202711E-005	-1	OK
6.2500000000000000	2.23662562198584332E-004	1.90003138506139558E-004	4.91297071799377000E-005	1.40873431326201905E-004	3.36594236924447736E-005	5.84129818870132557E-006	-1	2.78181255037434488E-005	-1	OK
6.5000000000000000	6.45392957619196346E-005	5.56082748007828305E-005	1.37558857997741539E-005	4.18523890010086630E-005	8.93102096113679734E-006	1.49906886564326054E-006	-1	7.43195209549353701E-006	-1	OK
6.7500000000000000	1.65761671280617919E-005	1.45001011620743264E-005	3.42097830645534228E-006	1.10791228556189871E-005	2.07606596598746594E-006	3.36878596003658466E-007	-1	1.73918736998380742E-006	-1	OK
7.0000000000000000	3.66093671046592947E-006	3.25408716888791620E-006	7.29533941094990243E-007	2.52455322779292680E-006	4.06849541578013321E-007	6.32716111424322735E-008	-1	3.43577930435581047E-007	-1	OK
