#pt	totcs	totdirect	directLO	directNLO	totfrag	fragLO	err_fragLO	fragNLO	err_fragNLO	errmess
0.50000000000000000	33845190.991576262	2958161.3933692779	4834971.5486491211	-1876810.1552798417	30887029.598206982	7885395.4195192931	-1	23001634.178687688	-1	Error
0.75000000000000000	4324797.9795739073	1202047.4429153248	724942.64162260713	477104.80129271810	3122750.5366585823	839388.37199384894	-1	2283362.1646647332	-1	Error
1.0000000000000000	663290.87339829525	314102.94465039810	163911.84546445025	150191.09918594779	349187.92874789715	97853.667266001299	-1	251334.26148189587	-1	Error
1.2500000000000000	148926.70017042375	87040.453392532712	42703.165136021023	44337.288256511703	61886.246777891043	17830.259590561007	-1	44055.987187330036	-1	Error
1.5000000000000000	41457.291656264817	26775.275807378152	12687.296197489148	14087.979609889000	14682.015848886664	4270.3256766308878	-1	10411.690172255776	-1	Error
1.7500000000000000	13224.138686345021	9029.9666679649708	4179.8127909598898	4850.1538770050811	4194.1720183800498	1215.6751131014848	-1	2978.4969052785650	-1	Error
2.0000000000000000	4643.4975480991106	3281.0300267620669	1491.5040842513440	1789.5259425107229	1362.4675213370435	393.19771466439721	-1	969.26980667264638	-1	Error
2.2500000000000000	1750.4709144295562	1264.5861255358423	566.04619457188471	698.53993096395754	485.88478889371402	139.56945156070006	-1	346.31533733301399	-1	Error
2.5000000000000000	696.10116303237498	510.35734483779885	225.23129743951355	285.12604739828544	185.74381819457614	52.786935481636981	-1	132.95688271293915	-1	Error
2.7500000000000000	288.44375947599036	213.72361173079489	93.029459149246165	120.69415258154874	74.720147745195476	21.055182904793025	-1	53.664964840402448	-1	Error
3.0000000000000000	123.43280738390102	92.177019449922199	39.564027836870494	52.612991613051712	31.255787933978823	8.6985721646361505	-1	22.557215769342672	-1	Error
3.2500000000000000	54.179569379426319	40.682632484671622	17.209603942378187	23.473028542293427	13.496936894754699	3.7001128499598743	-1	9.7968240447948247	-1	Error
3.5000000000000000	24.211723750577129	18.272116861809984	7.6126609508714767	10.659455910938512	5.9396068887671456	1.6099147780863914	-1	4.3296921106807540	-1	Error
3.7500000000000000	10.966672094151544	8.3104174105525459	3.4072628911151863	4.9031545194373622	2.6562546835989980	0.71152183317077300	-1	1.9447328504282249	-1	Error
4.0000000000000000	5.0059226427733332	3.8107396932833648	1.5361578348803540	2.2745818584030104	1.1951829494899679	0.31631689687177517	-1	0.87886605261819284	-1	OK
4.2500000000000000	2.2968259013303025	1.7554177625580958	0.69507115275601317	1.0603466098020824	0.54140813877220684	0.14120124062274428	-1	0.40020689814946253	-1	OK
4.5000000000000000	1.0544819307334619	0.80943186218848628	0.31448353125417666	0.49494833093430968	0.24505006854497560	6.28913064616712786E-002	-1	0.18215876208330434	-1	OK
4.7500000000000000	0.48289929322526859	0.37223742803526594	0.14175122811459914	0.23048619992066680	0.11066186519000262	2.79282289612902655E-002	-1	8.27336362287123539E-002	-1	OK
5.0000000000000000	0.21954025400515656	0.17009265049202851	6.34124720015444981E-002	0.10668017849048402	4.94476035131280536E-002	1.22459020139666745E-002	-1	3.72017014991613826E-002	-1	OK
5.2500000000000000	9.86862206622801386E-002	7.69283930040111225E-002	2.80430399474045425E-002	4.88853530566065730E-002	2.17578276582690161E-002	5.31214500616162925E-003	-1	1.64456826521073851E-002	-1	OK
5.5000000000000000	4.37397189893344862E-002	3.42969904343584445E-002	1.22091125137822176E-002	2.20878779205762217E-002	9.44272855497604348E-003	2.26067731747777844E-003	-1	7.18205123749826504E-003	-1	OK
5.7500000000000000	1.90080061938263517E-002	1.50127304762324928E-002	5.21173108315643729E-003	9.80099939307605555E-003	3.99527571759386059E-003	9.40744489918119179E-004	-1	3.05453122767574119E-003	-1	OK
6.0000000000000000	8.06994811110126747E-003	6.42189102609780436E-003	2.17082841709364876E-003	4.25106260900415516E-003	1.64805708500346333E-003	3.80098344154195748E-004	-1	1.26795874084926759E-003	-1	OK
6.2500000000000000	3.32552365946561183E-003	2.66938208831520593E-003	8.77317458267701635E-004	1.79206463004750430E-003	6.56141571150406001E-004	1.48137432166561660E-004	-1	5.08004138983844341E-004	-1	OK
6.5000000000000000	1.32295918613299277E-003	1.07155121277222889E-003	3.41807828922730060E-004	7.29743383849498881E-004	2.51407973360763884E-004	5.55133842131409324E-005	-1	1.95894589147622945E-004	-1	OK
6.7500000000000000	5.03933875328041198E-004	4.12360731028497409E-004	1.27410748040284014E-004	2.84949982988213450E-004	9.15731442995438162E-005	1.95962530528971962E-005	-1	7.19768912466466234E-005	-1	OK
7.0000000000000000	1.82083520787708705E-004	1.50649283528193423E-004	4.50002284812934785E-005	1.05649055046899945E-004	3.14342372595152750E-005	6.53851696899253869E-006	-1	2.48957202905227371E-005	-1	OK
7.2500000000000000	6.17216360133328751E-005	5.16691246321130299E-005	1.48848345273447693E-005	3.67842901047682640E-005	1.00525113812198419E-005	2.05374478509756937E-006	-1	7.99876659612227167E-006	-1	OK
7.5000000000000000	1.93339358083354682E-005	1.63933472736300562E-005	4.54204702604161050E-006	1.18513002475884466E-005	2.94058853470541240E-006	5.75200878390380463E-007	-1	2.36538765631503183E-006	-1	OK
7.7500000000000000	5.48896375393675025E-006	4.71913230299573543E-006	1.25362153838838720E-006	3.46551076460734780E-006	7.69831450941014400E-007	1.47535198839978758E-007	-1	6.22296252101035695E-007	-1	OK
8.0000000000000000	1.37649940993002222E-006	1.20136242441638605E-006	3.04856861016073866E-007	8.96505563400312189E-007	1.75136985513636240E-007	3.23313741345134115E-008	-1	1.42805611379122822E-007	-1	OK
8.2500000000000000	2.93743563161962695E-007	2.60654223834938231E-007	6.29078129013755664E-008	1.97746410933562638E-007	3.30893393270244571E-008	5.80102873344367831E-009	-1	2.72883105935807796E-008	-1	OK
8.5000000000000000	5.05019384351176003E-008	4.56567828221893979E-008	1.04248178668725767E-008	3.52319649553168146E-008	4.84515561292820151E-009	8.18737565050082702E-010	-1	4.02641804787811881E-009	-1	OK
8.7500000000000000	6.42451177446934453E-009	5.93077190834695669E-009	1.27362845114661439E-009	4.65714345720034354E-009	4.93739866122387426E-010	7.90032048743690434E-011	-1	4.14736661248018383E-010	-1	OK
9.0000000000000000	5.26395302374830692E-010	4.97348223404039894E-010	9.97271826851309825E-011	3.97621040718908976E-010	2.90470789707908305E-011	4.43092149955674340E-012	-1	2.46161574712340863E-011	-1	OK
9.2500000000000000	2.16979110452593707E-011	2.10095088281814016E-011	3.88562349999225584E-012	1.71238853281891441E-011	6.88402217077967931E-013	9.60276924408845097E-014	-1	5.92374524637083408E-013	-1	OK
9.5000000000000000	2.69964563894616770E-013	2.67183482906413393E-013	4.37471584595414448E-014	2.23436324446871917E-013	2.78108098820336459E-015	3.51109036169608295E-016	-1	2.42997195203375635E-015	-1	OK
