#pt	totcs	totdirect	directLO	directNLO	totfrag	fragLO	err_fragLO	fragNLO	err_fragNLO	errmess
0.50000000000000000	15476489.995523924	4578563.7145695817	3866747.4506754442	711816.26389413734	10897926.280954342	2751750.1323937001	-1	8146176.1485606423	-1	Error
0.75000000000000000	1556772.9356312631	772135.88626073115	443117.93913433183	329017.94712639932	784637.04937053204	200345.48719270335	-1	584291.56217782875	-1	Error
1.0000000000000000	269457.98302411835	158720.20397094425	79248.761940299359	79471.442030644859	110737.77905317412	28360.733051337742	-1	82377.046001836381	-1	Error
1.2500000000000000	62604.066355062503	39998.050076165688	18557.190269723647	21440.859806442040	22606.016278896819	5740.7710379520495	-1	16865.245240944769	-1	Error
1.5000000000000000	17494.700779036462	11716.089370250691	5187.5585811235369	6528.5307891271559	5778.6114087857723	1449.0269051911748	-1	4329.5845035945977	-1	Error
1.7500000000000000	5561.3339754082426	3832.9772305464448	1640.9737002791496	2192.0035302672954	1728.3567448617976	430.76151983185196	-1	1297.5952250299456	-1	Error
2.0000000000000000	1937.9039995041651	1362.0250904968486	567.77412519275015	794.25096530409849	575.87890900731645	141.52673159104884	-1	434.35217741626764	-1	Error
2.2500000000000000	723.98688339282444	515.47592070495921	210.06035358483746	305.41556712012169	208.51096268786526	50.663316461123365	-1	157.84764622674189	-1	Error
2.5000000000000000	284.88501873048074	204.78121548448027	81.762174427643586	123.01904105683670	80.103803246000453	19.249407454369091	-1	60.854395791631362	-1	Error
2.7500000000000000	116.75413425156174	84.449787561114803	33.076904676903524	51.372882884211279	32.304346690446941	7.6896114029734335	-1	24.614735287473508	-1	Error
3.0000000000000000	49.342221409208740	35.844510156562890	13.780840312816466	22.063669843746428	13.497711252645852	3.1604493134984195	-1	10.337261939147432	-1	Error
3.2500000000000000	21.335571217778199	15.552261532425941	5.8702787760744757	9.6819827563514629	5.7833096853522568	1.3409717200253581	-1	4.4423379653268986	-1	Error
3.5000000000000000	9.3897424319636986	6.8577516399628964	2.5411183691731241	4.3166332707897723	2.5319907920008027	0.57790853138224618	-1	1.9540822606185566	-1	Error
3.7500000000000000	4.1790371768685466	3.0578577059726086	1.1120480430988160	1.9458096628737924	1.1211794708959382	0.25240029605072511	-1	0.86877917484521305	-1	Error
4.0000000000000000	1.8715468807317337	1.3727614333174878	0.48975970897514715	0.88300172434234114	0.49878544741424596	0.11088030093318303	-1	0.38790514648106295	-1	OK
4.2500000000000000	0.84098487860819560	0.61800482138920454	0.21618406695302800	0.40182075443617649	0.22298005721899108	4.88853090667269383E-002	-1	0.17409474815226414	-1	OK
4.5000000000000000	0.37747924916795750	0.27801711613023877	9.52918808551239116E-002	0.18272523527511489	9.94621330377187113E-002	2.14988697409010318E-002	-1	7.79632632968176864E-002	-1	OK
4.7500000000000000	0.16870849671982385	0.12452301061212789	4.17882691848867963E-002	8.27347414272410903E-002	4.41854861076959454E-002	9.38288739459155509E-003	-1	3.48025987131043921E-002	-1	OK
5.0000000000000000	7.47456065851155871E-002	5.53236034775809252E-002	1.81621163298366778E-002	3.71614871477442474E-002	1.94220031075346654E-002	4.04192787753757977E-003	-1	1.53800752299970856E-002	-1	OK
5.2500000000000000	3.26755470254590508E-002	2.42869350182484227E-002	7.79250137756901193E-003	1.64944336406794116E-002	8.38861200721062461E-003	1.72273538823194505E-003	-1	6.66587661897867934E-003	-1	OK
5.5000000000000000	1.40612607967207665E-002	1.04917854633911553E-002	3.28675561562266020E-003	7.20502984776849771E-003	3.56947533332961078E-003	7.22811320163414621E-004	-1	2.84666401316619605E-003	-1	OK
5.7500000000000000	5.92217859478023998E-003	4.44014840156191012E-003	1.35663518467952268E-003	3.08351321688238832E-003	1.48203019321833007E-003	2.94153120950303010E-004	-1	1.18787707226802701E-003	-1	OK
6.0000000000000000	2.42861252332059662E-003	1.83180691816809587E-003	5.45223401879871999E-004	1.28658351628822398E-003	5.96805605152500650E-004	1.16336750439459738E-004	-1	4.80468854713040911E-004	-1	OK
6.2500000000000000	9.64073444170702033E-004	7.32371133649898547E-004	2.12101940798607198E-004	5.20269192851291213E-004	2.31702310520803486E-004	4.41249573260352575E-005	-1	1.87577353194768215E-004	-1	OK
6.5000000000000000	3.68489781620661696E-004	2.81946578768741416E-004	7.93406178811508216E-005	2.02605960887590540E-004	8.65432028519202940E-005	1.61926044795236904E-005	-1	7.03505983723966104E-005	-1	OK
6.7500000000000000	1.34378653067322137E-004	1.03753467244064600E-004	2.83239343590978033E-005	7.54295328849667970E-005	3.06251858232575440E-005	5.55988054780996654E-006	-1	2.50653052754475783E-005	-1	OK
7.0000000000000000	4.63155519395300769E-005	3.61318872244139626E-005	9.55490786863717794E-006	2.65769793557767847E-005	1.01836647151161126E-005	1.80219649669537135E-006	-1	8.38146821842074058E-006	-1	OK
7.2500000000000000	1.49241886793083999E-005	1.17729199632652671E-005	3.01017575341576869E-006	8.76274420984949923E-006	3.15126871604313327E-006	5.49354734792290054E-007	-1	2.60191398125084311E-006	-1	OK
7.5000000000000000	4.42382901806424143E-006	3.53579560905907308E-006	8.72308612806856270E-007	2.66348699625221745E-006	8.88033409005168671E-007	1.48775251449192548E-007	-1	7.39258157555976123E-007	-1	OK
7.7500000000000000	1.18323649667003715E-006	9.59570418350411750E-007	2.27917285793667400E-007	7.31653132556744217E-007	2.23666078319625346E-007	3.67718847905707065E-008	-1	1.86894193529054626E-007	-1	OK
8.0000000000000000	2.77743144698680759E-007	2.29167029204888405E-007	5.22774108328783886E-008	1.76889618372010050E-007	4.85761154937923468E-008	7.72513911958515473E-009	-1	4.08509763742071904E-008	-1	OK
8.2500000000000000	5.51210996886424675E-008	4.64066766233988280E-008	1.01409167779265443E-008	3.62657598454722903E-008	8.71442306524363787E-009	1.32395589719932980E-009	-1	7.39046716804430766E-009	-1	OK
8.5000000000000000	8.75954054615065908E-009	7.55191607789025644E-009	1.57652927660122015E-009	5.97538680128903752E-009	1.20762446826040202E-009	1.77459273663473725E-010	-1	1.03016519459692830E-009	-1	OK
8.7500000000000000	1.02437382643898803E-009	9.08952785339844206E-010	1.80879954062239227E-010	7.28072831277605005E-010	1.15421041099143749E-010	1.61023547545863856E-011	-1	9.93186863445573570E-011	-1	OK
9.0000000000000000	7.71991490862336521E-011	7.07951001056074468E-011	1.33963820321833397E-011	5.73987180734241249E-011	6.40404898062620926E-012	8.69121807458739146E-013	-1	5.53492717316747032E-012	-1	OK
9.2500000000000000	2.94814755172910789E-012	2.80346987495491451E-012	5.00699060726243494E-013	2.30277081422867092E-012	1.44677676774193530E-013	1.84241552869690734E-014	-1	1.26253521487224459E-013	-1	OK
9.5000000000000000	3.42193199162811212E-014	3.36289399542141274E-014	5.46064111145972411E-015	2.81682988427544009E-014	5.90379962066996663E-016	6.79759554000648036E-017	-1	5.22404006666931859E-016	-1	OK
-1	-1	3.77543731822717811E-017	4.61914198909383606E-018	3.31352311931779388E-017	-1	-1	-1	-1	-1	OK
-1	-1	-1	-1	-1	-1	-1	-1	-1	-1	Error
