#pt	totcs	totdirect	directLO	directNLO	totfrag	fragLO	err_fragLO	fragNLO	err_fragNLO	errmess
0.50000000000000000	24821245.486945905	4101803.4979669349	4142059.1893350650	-40255.691368130545	20719441.988978971	5194658.8955602748	-1	15524783.093418695	-1	Error
0.75000000000000000	2286929.7384813759	970868.03516881086	579953.43296098511	390914.60220782610	1316061.7033125649	342831.76174317062	-1	973229.94156939420	-1	Error
1.0000000000000000	392231.24309313821	218684.56644280700	112194.06974524715	106490.49669755985	173546.67665033118	46056.132393045278	-1	127490.54425728590	-1	Error
1.2500000000000000	91536.213880429190	57352.624990239048	27338.550766586195	30014.074223652860	34183.588890190134	9134.0816912569917	-1	25049.507198933141	-1	Error
1.5000000000000000	25740.541806055233	17148.312747403488	7821.2882941050357	9327.0244532984580	8592.2290586517465	2293.6349792046954	-1	6298.5940794470516	-1	Error
1.7500000000000000	8236.1134821369851	5688.9414641747144	2515.9582227371529	3172.9832414375624	2547.1720179622703	674.75072841174597	-1	1872.4212895505243	-1	Error
2.0000000000000000	2887.5897545819225	2043.1778753101744	882.21432363162955	1160.9635516785447	844.41187927174803	221.04326633121661	-1	623.36861294053142	-1	Error
2.2500000000000000	1085.7436399072121	780.29324578081662	330.15808467196251	450.13516110885399	305.45039412639551	79.262167237574829	-1	226.18822688882068	-1	Error
2.5000000000000000	429.96140909530214	312.60855555793620	129.87213268321688	182.73642287471927	117.35285353736593	30.156259874408622	-1	87.196593662957312	-1	Error
2.7500000000000000	177.40036185652411	129.98935123179709	53.074366471170627	76.914984760626496	47.411010624727027	12.069892796185442	-1	35.341117828541584	-1	Error
3.0000000000000000	75.512904835204907	55.646970001498460	22.337151550854067	33.309818450644393	19.865934833706444	4.9844109932339684	-1	14.881523840472475	-1	Error
3.2500000000000000	32.910150336731718	24.360571213517165	9.6130291040864204	14.747542109430741	8.5495791232145493	2.1202532093844351	-1	6.4293259138301142	-1	Error
3.5000000000000000	14.603979207551138	10.842945382596001	4.2050583469460152	6.6378870356499844	3.7610338249551361	0.91904259628001783	-1	2.8419912286751181	-1	Error
3.7500000000000000	6.5563695821418824	4.8826587006702242	1.8600557064087861	3.0226029942614394	1.6737108814716579	0.40371560801738332	-1	1.2699952734542745	-1	Error
4.0000000000000000	2.9638935368778268	2.2150317419419512	0.82837939470604927	1.3866523472359014	0.74886179493587568	0.17872211166281965	-1	0.57013968327305609	-1	OK
4.2500000000000000	1.3457348344400764	1.0085858952011666	0.37002180471499363	0.63856409048617313	0.33714893923890982	7.93555638318017426E-002	-1	0.25779337540710806	-1	OK
4.5000000000000000	0.61059133096494489	0.45924382054045232	0.16514438942958168	0.29409943111087067	0.15134751042449257	3.51109737486997586E-002	-1	0.11623653667579281	-1	OK
4.7500000000000000	0.27622026902602959	0.20834205384343721	7.33685649888971558E-002	0.13497348885454000	6.78782151825923913E-002	1.54667045861948613E-002	-1	5.24115105963975300E-002	-1	OK
5.0000000000000000	0.12388423757880435	9.38202800824673999E-002	3.23233597461850125E-002	6.14969203362823805E-002	3.00639574963369426E-002	6.71757072570338884E-003	-1	2.33463867706335537E-002	-1	OK
5.2500000000000000	5.48829687373935671E-002	4.17747933798944190E-002	1.40658265094504593E-002	2.77089668704439615E-002	1.31081753574991515E-002	2.88809821098594700E-003	-1	1.02200771465132054E-002	-1	OK
5.5000000000000000	2.39402142793093860E-002	1.83159688196423559E-002	6.02044896899582658E-003	1.22955198506465285E-002	5.62424545966702921E-003	1.22138295286115242E-003	-1	4.40286250680587722E-003	-1	OK
5.7500000000000000	1.02336118214394513E-002	7.87412030726245341E-003	2.52365918667962546E-003	5.35046112058282838E-003	2.35949151417699701E-003	5.01918366335128100E-004	-1	1.85757314784186891E-003	-1	OK
6.0000000000000000	4.26301923181418314E-003	3.30375794546290723E-003	1.03107474049389785E-003	2.27268320496900938E-003	9.59261286351276122E-004	2.00503417124446543E-004	-1	7.58757869226829606E-004	-1	OK
6.2500000000000000	1.72221830019803328E-003	1.34509090087627154E-003	4.08236252473798459E-004	9.36854648402473192E-004	3.77127399321761688E-004	7.73552200529877205E-005	-1	2.99772179268773995E-004	-1	OK
6.5000000000000000	6.70881690084488376E-004	5.28084892861015545E-004	1.55620945577199525E-004	3.72463947283815965E-004	1.42796797223472831E-004	2.85894089027246889E-005	-1	1.14207388320748142E-004	-1	OK
6.7500000000000000	2.49586415655193307E-004	1.98440258022513407E-004	5.66804239120602933E-005	1.41759834110453080E-004	5.11461576326798732E-005	9.93670132193961037E-006	-1	4.12094563107402628E-005	-1	OK
7.0000000000000000	8.79601422263918422E-005	7.06677392526484146E-005	1.95316474311013417E-005	5.11360918215470763E-005	1.72924029737434208E-005	3.26885661872731852E-006	-1	1.40235463550161023E-005	-1	OK
7.2500000000000000	2.90117706145306976E-005	2.35815065899509744E-005	6.29343342147353098E-006	1.72880731684774426E-005	5.43026402457972233E-006	1.01097734092602650E-006	-1	4.41928668365369541E-006	-1	OK
7.5000000000000000	8.82221241698262020E-006	7.26478492042392117E-006	1.86772348777260236E-006	5.39706143265131860E-006	1.55742749655869860E-006	2.78248898695652932E-007	-1	1.27917859786304562E-006	-1	OK
7.7500000000000000	2.42525105549335127E-006	2.02573504593580952E-006	5.00401714770757185E-007	1.52533333116505213E-006	3.99516009557541698E-007	7.00033801649485991E-008	-1	3.29512629392593099E-007	-1	OK
8.0000000000000000	5.86583529277725261E-007	4.97894545778736723E-007	1.17823464491502274E-007	3.80071081287234529E-007	8.86889834989885242E-008	1.49964812281288478E-008	-1	7.36925022708596731E-008	-1	OK
8.2500000000000000	1.20198436748621426E-007	1.03907169015856850E-007	2.34772007483834171E-008	8.04299682674734329E-008	1.62912677327645755E-008	2.62776703382480304E-009	-1	1.36635006989397733E-008	-1	OK
8.5000000000000000	1.97612064129427829E-008	1.74455497762959699E-008	3.74916317570710510E-009	1.36963866005888631E-008	2.31565663664681139E-009	3.60714350499940445E-010	-1	1.95494228614687105E-009	-1	OK
8.7500000000000000	2.39440323578504895E-009	2.16660574175495329E-009	4.41223610321302598E-010	1.72538213143365069E-009	2.27797494030095822E-010	3.37237748566589919E-011	-1	1.94073719173436836E-010	-1	OK
9.0000000000000000	1.86666435894108575E-010	1.73712870040924945E-010	3.33772715986430237E-011	1.40335598442281876E-010	1.29535658531836370E-011	1.85840093387194744E-012	-1	1.10951649193116895E-011	-1	OK
9.2500000000000000	7.34950568672115633E-012	7.04980956670836010E-012	1.26611535863344440E-012	5.78369420807491691E-012	2.99696120012796124E-013	3.99735642720806454E-014	-1	2.59722555740715478E-013	-1	OK
9.5000000000000000	8.80059584612885891E-014	8.67905013543208577E-014	1.39948541490932729E-014	7.27956472052275643E-014	1.21545710696772672E-015	1.45468088093391427E-016	-1	1.06998901887433536E-015	-1	OK
