#pt	totcs	totdirect	directLO	directNLO	totfrag	fragLO	err_fragLO	fragNLO	err_fragNLO	errmess
0.50000000000000000	21354900.524206273	-9532129.0740007088	11074120.622223388	-20606249.696224123	30887029.598206982	7885395.4195192931	-1	23001634.178687688	-1	Error
0.75000000000000000	5160377.4018257121	1857429.4638629332	1179852.6541852579	677576.80967767478	3302947.9379627788	890484.24422091618	-1	2412463.6937418627	-1	Error
1.0000000000000000	1061377.1358068623	494576.53609476797	249408.34506769181	245168.19102707616	566800.59971209418	165746.83229044278	-1	401053.76742165140	-1	Error
1.2500000000000000	275476.90055413562	145222.14155020443	70571.292197621544	74650.849352582911	130254.75900393118	41431.608670284360	-1	88823.150333646816	-1	Error
1.5000000000000000	81601.780994927016	47198.154688470771	23091.244060130211	24106.910628340567	34403.626306456252	11726.900621899855	-1	22676.725684556397	-1	Error
1.7500000000000000	24863.243220281794	16027.094856163410	7874.0618547088097	8153.0330014545998	8836.1483641183822	3053.8773273598385	-1	5782.2710367585441	-1	Error
2.0000000000000000	8516.3776681309191	5832.5675965976088	2866.1693255095506	2966.3982710880591	2683.8100715333107	921.90961777905011	-1	1761.9004537542605	-1	Error
2.2500000000000000	3162.4438564516067	2249.4105037381473	1102.7215622019471	1146.6889415362004	913.03335271345952	312.77404988094713	-1	600.25930283251239	-1	Error
2.5000000000000000	1247.4623352628250	909.61607691569498	443.93060511064925	465.68547180504561	337.84625834712995	115.11111607310627	-1	222.73514227402367	-1	Error
2.7500000000000000	515.66892369199184	382.22135624310499	185.37762404045472	196.84373220265039	133.44756744888682	44.894942688780340	-1	88.552624760106482	-1	Error
3.0000000000000000	220.60513937795184	165.59412041009327	79.680812605984258	85.913307804109039	55.011018967858568	18.285514459822906	-1	36.725504508035662	-1	Error
3.2500000000000000	97.055381122521538	73.508872622935996	35.038298280329848	38.470574342606149	23.546508499585535	7.6938691730009783	-1	15.852639326584557	-1	Error
3.5000000000000000	43.569739978856319	33.252263967486918	15.677390725019729	17.574873242467184	10.317476011369401	3.3182448717219475	-1	6.9992311396474527	-1	Error
3.7500000000000000	19.850583038312500	15.250932626784333	7.1017678233085855	8.1491648034757489	4.5996504115281649	1.4650975229654468	-1	3.1345528885627179	-1	Error
4.0000000000000000	9.1355071846541342	7.0648978047595277	3.2447477903322275	3.8201500144272997	2.0706093798946057	0.65069888570003265	-1	1.4199104941945730	-1	OK
4.2500000000000000	4.2325752999967117	3.2923798646841327	1.4893241755221129	1.8030556891620204	0.94019543531257899	0.29087759650660017	-1	0.64931783880597882	-1	OK
4.5000000000000000	1.9658454536822412	1.5374951427203147	0.68405667205237475	0.85343847066793976	0.42835031096192638	0.12997320708910826	-1	0.29837710387281813	-1	OK
4.7500000000000000	0.91141272420259312	0.71689659661533800	0.31327264908980224	0.40362394752553565	0.19451612758725514	5.79968757773753202E-002	-1	0.13651925180987984	-1	OK
5.0000000000000000	0.42032961953698988	0.33263462005651778	0.14255743709748336	0.19007718295903442	8.76949994804720745E-002	2.56661039861218847E-002	-1	6.20288954943501863E-002	-1	OK
5.2500000000000000	0.19199048277546715	0.15301391222131092	6.42169267499646951E-002	8.87969854713462070E-002	3.89765705541562299E-002	1.12190795048124192E-002	-1	2.77574910493438090E-002	-1	OK
5.5000000000000000	8.66080792905278007E-002	6.95046897695794641E-002	2.85191298997869679E-002	4.09855598697924997E-002	1.71033895209483297E-002	4.81487103681872263E-003	-1	1.22885184841296062E-002	-1	OK
5.7500000000000000	3.83662088229365580E-002	3.10403447099057150E-002	1.24312955406837532E-002	1.86090491692219584E-002	7.32586411303084561E-003	2.02154222303379573E-003	-1	5.30432188999704988E-003	-1	OK
6.0000000000000000	1.66303191149807551E-002	1.35647285021339454E-002	5.29258939272822526E-003	8.27213910940572186E-003	3.06559061284680974E-003	8.18420888822031099E-004	-1	2.24716972402477875E-003	-1	OK
6.2500000000000000	7.00722249672003708E-003	5.77097841816546966E-003	2.18964494945839356E-003	3.58133346870707654E-003	1.23624407855456764E-003	3.24743458319807349E-004	-1	9.11500620234760237E-004	-1	OK
6.5000000000000000	2.85777165026535876E-003	2.37606041605417607E-003	8.74853544601589608E-004	1.50120687145258690E-003	4.81711234211182522E-004	1.23583526172616354E-004	-1	3.58127708038566168E-004	-1	OK
6.7500000000000000	1.11836468386527100E-003	9.40012766503341320E-004	3.35065885667764393E-004	6.04946880835576981E-004	1.78351917361929734E-004	4.43459680924852687E-005	-1	1.34005949269444465E-004	-1	OK
7.0000000000000000	4.16581697861655197E-004	3.53977531044288949E-004	1.21858861869274609E-004	2.32118669175014381E-004	6.26041668173662617E-005	1.52040843515791278E-005	-1	4.74000824657871357E-005	-1	OK
7.2500000000000000	1.45906420943452846E-004	1.25509449415519577E-004	4.16065544916868066E-005	8.39028949238327363E-005	2.03969715279332730E-005	4.81207140199512731E-006	-1	1.55849001259381466E-005	-1	OK
7.5000000000000000	4.74211121987541518E-005	4.13056735621894478E-005	1.31410918837755516E-005	2.81645816784138877E-005	6.11543863656470152E-006	1.37253079644706494E-006	-1	4.74290784011763636E-006	-1	OK
7.7500000000000000	1.40179849845758935E-005	1.23781952307893383E-005	3.76466720543252517E-006	8.61352802535681189E-006	1.63978975378655453E-006	3.60301866194209788E-007	-1	1.27948788759234474E-006	-1	OK
8.0000000000000000	3.67661410589156095E-006	3.29239049429650860E-006	9.52778983632711697E-007	2.33961151066379690E-006	3.84223611595052403E-007	8.08854546081144982E-008	-1	3.03338156986937905E-007	-1	OK
8.2500000000000000	8.25045595317985858E-007	7.50063254139038903E-007	2.05358987585208722E-007	5.44704266553830127E-007	7.49823411789469686E-008	1.49319000937820276E-008	-1	6.00504410851649376E-008	-1	OK
8.5000000000000000	1.50136262083953392E-007	1.38726819273674784E-007	3.56784800875145022E-008	1.03048339186160262E-007	1.14094428102786095E-008	2.17209272425067004E-009	-1	9.23735008602793944E-009	-1	OK
8.7500000000000000	2.03448522596432728E-008	1.91348713649257166E-008	4.58304244262142970E-009	1.45518289223042869E-008	1.20998089471755499E-009	2.16583583267088113E-010	-1	9.93397311450466904E-010	-1	OK
9.0000000000000000	1.78411053578361814E-009	1.70956864407661889E-009	3.77106611510360504E-010	1.33246203256625807E-009	7.45418917069993424E-011	1.23083957323432065E-011	-1	6.22334959746561326E-011	-1	OK
9.2500000000000000	7.84133372865570238E-011	7.66031563099500284E-011	1.53063146778004259E-011	6.12968416321495992E-011	1.81018097660698900E-012	2.77381883160700227E-013	-1	1.53279909344628878E-012	-1	OK
9.5000000000000000	1.01885802094966876E-012	1.01156697905351172E-012	1.75674198323154622E-013	8.35892780730357178E-013	7.29104189615711133E-015	9.94523103750645949E-016	-1	6.29651879240646538E-015	-1	OK
-1	-1	1.18271630998667386E-015	1.47808726314866393E-016	1.03490758367180745E-015	-1	-1	-1	-1	-1	OK
-1	-1	-1	-1	-1	-1	-1	-1	-1	-1	Error
