#pt	totcs	totdirect	directLO	directNLO	totfrag	fragLO	err_fragLO	fragNLO	err_fragNLO	errmess
0.50000000000000000	23942745.111655820	-20272782.913382996	1436250.3944837069	-21709033.307866696	44215528.025038816	26185924.963843726	-1	18029603.061195090	-1	Error
0.75000000000000000	18424440.226013966	-959409.22674316727	344853.29559684498	-1304262.5223400116	19383849.452757135	5793962.8069717996	-1	13589886.645785335	-1	Error
1.0000000000000000	10894898.038104622	-227491.24300808040	425882.65674965794	-653373.89975773939	11122389.281112703	4131264.1938334163	-1	6991125.0872792862	-1	Error
1.2500000000000000	5374115.7316366658	-9727.5356838307343	315768.78231138788	-325496.31799521868	5383843.2673204970	2248696.7899913727	-1	3135146.4773291242	-1	Error
1.5000000000000000	2732976.9376686574	44015.698321839329	213141.45080414342	-169125.75248230426	2688961.2393468181	1216798.8089157091	-1	1472162.4304311089	-1	Error
1.7500000000000000	1470397.5481833145	49850.706397527247	142326.63543322924	-92475.929035701964	1420546.8417857874	687145.27588041418	-1	733401.56590537319	-1	Error
2.0000000000000000	847790.91339875851	43244.033184632135	96344.042751485162	-53100.009566853034	804546.88021412631	407233.17412336904	-1	397313.70609075727	-1	Error
2.2500000000000000	515596.55825966474	34692.509393327928	66440.510243513083	-31748.000850185115	480904.04886633682	251556.48687183397	-1	229347.56199450284	-1	Error
2.5000000000000000	325060.34277037380	27053.992467472650	46638.430588718380	-19584.438121245756	298006.35030290112	160906.56617536835	-1	137099.78412753277	-1	Error
2.7500000000000000	212856.83220650186	20957.740496680068	33408.928233601735	-12451.187736921676	191899.09170982181	106546.08564931773	-1	85353.006060504078	-1	Error
3.0000000000000000	144341.56454020651	16278.161124312785	24424.061608424046	-8145.9004841112655	128063.40341589374	72822.609084392185	-1	55240.794331501558	-1	Error
3.2500000000000000	100760.27947745949	12726.031423140099	18188.290929104540	-5462.2595059644336	88034.248054319396	51122.622319504102	-1	36911.625734815294	-1	Error
3.5000000000000000	72120.067278105591	10027.739742044330	13767.969432822081	-3740.2296907777436	62092.327536061268	36713.001728398536	-1	25379.325807662732	-1	Error
3.7500000000000000	52806.356222614457	7967.7735956793658	10575.989543633832	-2608.2159479544707	44838.582626935087	26845.948881940076	-1	17992.633744995012	-1	Error
4.0000000000000000	39484.909569376323	6384.1958903382620	8232.2488990893889	-1848.0530087511324	33100.713679038061	19999.615668218139	-1	13101.098010819922	-1	OK
4.2500000000000000	30017.063837981405	5158.0562303151291	6485.8525998919686	-1327.7963695768346	24859.007607666277	15123.651578998537	-1	9735.3560286677402	-1	OK
4.5000000000000000	23149.352281265314	4200.7901752029356	5166.4703528187520	-965.68017761581700	18948.562106062378	11600.646699771118	-1	7347.9154062912603	-1	OK
4.7500000000000000	18035.021595492759	3447.0948344466560	4156.9282542148439	-709.83341976818758	14587.926761046103	9021.5966553901435	-1	5566.3301056559594	-1	OK
5.0000000000000000	14237.267742144311	2848.8070342011115	3375.4403038432656	-526.63326964215526	11388.460707943199	7094.7778741421052	-1	4293.6828338010937	-1	OK
5.2500000000000000	11363.945064631007	2370.1505835540065	2764.0169257596308	-393.86634220562246	8993.7944810770005	5640.2485362570369	-1	3353.5459448199636	-1	OK
5.5000000000000000	9162.7967673590083	1984.3674904843792	2280.9653771436792	-296.59788665930000	7178.4292768746291	4529.8305293785888	-1	2648.5987474960402	-1	OK
5.7500000000000000	7450.7414647171263	1671.3234314947354	1895.9418621711181	-224.61843067638281	5779.4180332223914	3670.3872160532228	-1	2109.0308171691686	-1	OK
6.0000000000000000	6116.3527333704533	1415.5785387688306	1586.4624808916865	-170.88394212285553	4700.7741946016231	2998.4530186211118	-1	1702.3211759805113	-1	OK
6.2500000000000000	5059.2651839556638	1205.2970416629373	1335.7512995800735	-130.45425791713649	3853.9681422927260	2468.6931757897578	-1	1385.2749665029683	-1	OK
6.5000000000000000	4215.0915652544736	1031.3449505901667	1131.1664217640016	-99.821471173835732	3183.7466146643064	2046.1920932140445	-1	1137.5545214502620	-1	OK
6.7500000000000000	3535.3245919081378	886.61920963226657	963.08661068912158	-76.467401056855152	2648.7053822758712	1707.2399318906419	-1	941.46545038522936	-1	OK
7.0000000000000000	2982.2199255719652	765.55734388778615	824.12192571095864	-58.564581823171935	2216.6625816841793	1433.1537024565762	-1	783.50887922760307	-1	OK
7.2500000000000000	2529.5870295831451	663.77246120993823	708.54675455000290	-44.774293340065114	1865.8145683732068	1209.7159396759521	-1	656.09862869725475	-1	OK
7.5000000000000000	2158.5093413647037	577.78074050396333	611.88886822655422	-34.108127722590950	1580.7286008607402	1026.3053999207000	-1	554.42320094004026	-1	OK
7.7500000000000000	1850.5137494833962	504.80300169241968	530.63126493325638	-25.828263240836975	1345.7107477909765	874.94042219513858	-1	470.77032559583790	-1	OK
8.0000000000000000	1593.7360135319107	442.60586147637355	461.98678831130019	-19.380926834926409	1151.1301520555371	749.34309910195998	-1	401.78705295357713	-1	OK
8.2500000000000000	1378.4124815482837	389.37652477086590	403.72649969666350	-14.349974925797676	989.03595677741782	644.52848917224321	-1	344.50746760517461	-1	OK
8.5000000000000000	1197.1266799113096	343.64206820585025	354.06110007404902	-10.419031868198767	853.48461170545943	556.68433558447600	-1	296.80027612098343	-1	OK
8.7500000000000000	1043.4492073361998	304.19963774722936	311.54565386891937	-7.3460161216899280	739.24956958897053	482.67938303127630	-1	256.57018655769423	-1	OK
9.0000000000000000	912.85203436748384	270.06209743220700	275.00665221717099	-4.9445547849639873	642.78993693527684	420.00860691800187	-1	222.78133001727497	-1	OK
9.2500000000000000	801.33767513670102	240.41540130499175	243.48592869414369	-3.0705273891520162	560.92227383170928	366.73118094499591	-1	194.19109288671336	-1	OK
9.5000000000000000	705.59236386982616	214.58501381968796	216.19708210681085	-1.6120682871230576	491.00735005013826	321.28583978132707	-1	169.72151026881119	-1	OK
9.7500000000000000	622.75119964380440	192.01002223077955	192.49167755946530	-0.48165532868567396	430.74117741302484	282.36684399532373	-1	148.37433341770111	-1	OK
10.000000000000000	551.69865050960243	172.22167949906549	171.83245537247814	0.38922412658747690	379.47697101053689	248.88766612888679	-1	130.58930488165009	-1	OK
10.250000000000000	489.92535888300529	154.82689173557551	153.77238017726984	1.0545115583056757	335.09846714742980	220.04792365618979	-1	115.05054349124001	-1	OK
10.500000000000000	436.43414816097811	139.49466379625508	137.93788568840634	1.5567781078488157	296.93948436472306	195.08292032346151	-1	101.85656404126155	-1	OK
10.750000000000000	389.77475145320318	125.94531188835160	124.01558439323355	1.9297274951180747	263.82943956485161	173.40314742247773	-1	90.426292142373882	-1	OK
11.000000000000000	348.88920947308571	113.94170200330626	111.74154592431390	2.2001560789923511	234.94750746977945	154.51792299440433	-1	80.429584475375123	-1	OK
11.250000000000000	312.82950708528972	103.28235926659582	100.89280950873255	2.3895497578633158	209.54714781869390	137.75507114304062	-1	71.792076675653277	-1	OK
11.500000000000000	281.35070110911795	93.795065426369774	91.280118615437758	2.5149468109319817	187.55563568274820	123.32231801503249	-1	64.233317667715710	-1	OK
11.750000000000000	253.65596261435303	85.332251619689501	82.742376891771158	2.5898747279183270	168.32371099466351	110.64505532512304	-1	57.678655669540476	-1	OK
12.000000000000000	229.10728936292500	77.767161101896363	75.142017827237339	2.6251432746590098	151.34012826102864	99.475268804079533	-1	51.864859456949105	-1	OK
12.250000000000000	207.32318741479804	70.990692021608126	68.361266834021492	2.6294251875866226	136.33249539318993	89.619784773063017	-1	46.712710620126913	-1	OK
12.500000000000000	187.97700091854858	64.908675805867688	62.298954362989356	2.6097214428783038	123.06832511268091	80.895957736448366	-1	42.172367376232543	-1	OK
12.750000000000000	170.74048352206671	59.439504391621824	56.867928782323411	2.5715756092984456	111.30097913044490	73.160147995114372	-1	38.140831135330529	-1	OK
13.000000000000000	155.35249550938386	54.512411411327733	51.992917656859177	2.5194937544685425	100.84008409805614	66.283696139167844	-1	34.556387958888294	-1	OK
13.250000000000000	141.59712176783242	50.065779969013597	47.608730166124218	2.4570498028893639	91.531341798818829	60.154651749963470	-1	31.376690048855359	-1	OK
13.500000000000000	129.26578912497797	46.045889666046747	43.658764589091561	2.3871250769551899	83.219899458931238	54.681984647386948	-1	28.537914811544290	-1	OK
13.750000000000000	118.19335277756738	42.405766900743309	40.093755091575659	2.3120118091676334	75.787585876824068	49.789888030236554	-1	25.997697846587513	-1	OK
14.000000000000000	108.23554752546480	39.104265346018735	36.870720151834355	2.2335451941843760	69.131282179446060	45.406848994064013	-1	23.724433185382047	-1	OK
14.250000000000000	99.258029204811095	36.105244970888222	33.952071654686051	2.1531733162021602	63.152784233922880	41.471388422902422	-1	21.681395811020458	-1	OK
14.500000000000000	91.129436394255265	33.376917504562286	31.304867793444018	2.0720497111182636	57.752518889692972	37.932149203123764	-1	19.820369686569208	-1	OK
14.750000000000000	83.806207932894978	30.891226019201191	28.900169961331024	1.9910560578701777	52.914981913693794	34.743662525371654	-1	18.171319388322139	-1	OK
15.000000000000000	77.172334741434682	28.623429113565628	26.712519415460836	1.9109096981047937	48.548905627869054	31.866325586665692	-1	16.682580041203362	-1	OK
15.250000000000000	71.153738525697563	26.551584676034754	24.719452902275670	1.8321317737590788	44.602153849662805	29.265577413552574	-1	15.336576436110231	-1	OK
15.500000000000000	65.684968055366596	24.656254404336892	22.901128971223336	1.7551254331135380	41.028713651029705	26.911495444086881	-1	14.117218206942823	-1	OK
15.750000000000000	60.708986679158571	22.920186505974794	21.239984639976406	1.6802018659983933	37.788800173183773	24.777034012128230	-1	13.011766161055544	-1	OK
16.000000000000000	56.175316263648774	21.328006523588947	19.720438473482059	1.6075680501068828	34.847309740059828	22.838959778233136	-1	12.008349961826692	-1	OK
16.250000000000000	52.038686603486752	19.866028863859807	18.328652080597344	1.5373767832624636	32.172657739626942	21.090959470707929	-1	11.081698268919013	-1	OK
16.500000000000000	48.258688167776242	18.522026963950776	17.052305760941760	1.4697212030090179	29.736661203825467	19.485695453152914	-1	10.250965750672552	-1	OK
16.750000000000000	44.798620833210151	17.285061951663256	15.880409498181875	1.4046524534813742	27.513558881546899	18.022558355723611	-1	9.4910005258232886	-1	OK
17.000000000000000	41.629402691555079	16.145349903362405	14.803158380676493	1.3421915226859151	25.484052788192674	16.686431001198180	-1	8.7976217869944939	-1	OK
17.250000000000000	38.722835067086848	15.094103929280047	13.811782415951317	1.2823215133287329	23.628731137806799	15.465347141457011	-1	8.1633839963497881	-1	OK
17.500000000000000	36.053755308208451	14.123432395774675	12.898428109314015	1.2250042864606618	21.930322912433780	14.348144558718674	-1	7.5821783537151060	-1	OK
17.750000000000000	33.600091515052995	13.226250352577232	12.056053314214767	1.1701970383624687	20.373841162475767	13.324827979415796	-1	7.0490131830599712	-1	OK
18.000000000000000	31.342015363764940	12.396158418598986	11.278327459882391	1.1178309587165918	18.945856945165954	12.386417651541629	-1	6.5594392936243242	-1	OK
18.250000000000000	29.261771183301306	11.627392872289153	10.559558562878122	1.0678343094110285	17.634378311012153	11.524875111276218	-1	6.1095031997359346	-1	OK
18.500000000000000	27.343560072860257	10.914755212717546	9.8946201760238761	1.0201350366936690	16.428804860142712	10.732978794155397	-1	5.6958260659873154	-1	OK
18.750000000000000	25.572773180928934	10.253528779969011	9.2788842430098892	0.97464453695912578	15.319244400959921	10.004363761883363	-1	5.3148806390765575	-1	OK
19.000000000000000	23.936300632567900	9.6394559825026036	8.7081748442875462	0.93128113821505998	14.296844650065294	9.3329889987956278	-1	4.9638556512696663	-1	OK
19.250000000000000	22.422535298476454	9.0686780380501428	8.1787145156316772	0.88996352241846288	13.353857260426311	8.7139141923169401	-1	4.6399430681093712	-1	OK
19.500000000000000	21.021129861583276	8.5376806134765868	7.6870801498296393	0.85060046364695152	12.483449248106691	8.1423486327103571	-1	4.3411006153963339	-1	OK
19.750000000000000	19.714918820953596	8.0432768979424694	7.2301710046722238	0.81310589327024929	11.671641923011126	7.6143285958766773	-1	4.0573133271344490	-1	OK
20.000000000000000	18.510150864935767	7.5825756700508951	6.8051737888254991	0.77740188122539267	10.927575194884872	7.1260849534648703	-1	3.8014902414200016	-1	OK
20.250000000000000	17.391776597930587	7.1529330929731625	6.4095296232213688	0.74340346975179283	10.238843504957424	6.6742454091396635	-1	3.5645980958177610	-1	OK
20.500000000000000	16.352527333194644	6.7519401488924746	6.0409114707202916	0.71102867817218207	9.6005871843021673	6.2557038020549207	-1	3.3448833822472466	-1	OK
20.750000000000000	15.385920181292210	6.3774069589358602	5.6972019953231250	0.68020496361273497	9.0085132223563491	5.8676566315738592	-1	3.1408565907824899	-1	OK
21.000000000000000	14.486248367861174	6.0273247331695661	5.3764686709173617	0.65085606225220327	8.4589236346916081	5.5076037440118508	-1	2.9513198906797573	-1	OK
21.250000000000000	13.648391004805362	5.6998562175045171	5.0769482437744049	0.62290797373010898	7.9485347873008454	5.1732351093711006	-1	2.7752996779297447	-1	OK
21.500000000000000	12.868763375745214	5.3933251940076232	4.7970314235341203	0.59629377047350418	7.4754381817375917	4.8624271603815572	-1	2.6130110213560345	-1	OK
21.750000000000000	12.140272142176929	5.1061957884258380	4.5352460762621618	0.57094971216367651	7.0340763537510904	4.5733613071964028	-1	2.4607150465546876	-1	OK
22.000000000000000	11.460176296790383	4.8370533868290053	4.2902433516675496	0.54681003516145521	6.6231229099613769	4.3044201881450181	-1	2.3187027218163587	-1	OK
22.250000000000000	10.824674056597900	4.5846033036532585	4.0607886726891262	0.52381463096413294	6.2400707529446420	4.0538452580354933	-1	2.1862254949091486	-1	OK
22.500000000000000	10.230344292988097	4.3476589552302993	3.8457503104452111	0.50190864478508423	5.8826853377577963	3.8200950416368809	-1	2.0625902961209155	-1	OK
22.750000000000000	9.6743244622103628	4.1251235852204111	3.6440879615440713	0.48103562367634156	5.5492008769899517	3.6019405331658634	-1	1.9472603438240883	-1	OK
23.000000000000000	9.1536669057739726	3.9159890852274848	3.4548464511017003	0.46114263412578432	5.2376778205464882	3.3982396010313254	-1	1.8394382195151628	-1	OK
23.250000000000000	8.6656623489251459	3.7193291073226273	3.2771480640760666	0.44218104324656099	4.9463332416025176	3.2079691026657748	-1	1.7383641389367428	-1	OK
23.500000000000000	8.2076484049220451	3.5342892784089952	3.1101847776983393	0.42410450071065420	4.6733591265130494	3.0300918779219197	-1	1.6432672485911297	-1	OK
23.750000000000000	7.7784150258172975	3.3600796272910594	2.9532119155400092	0.40686771175105130	4.4183353985262386	2.8636627999846640	-1	1.5546725985415746	-1	OK
24.000000000000000	7.3733042992624380	3.1959702067677962	2.8055430663872651	0.39042714038053050	4.1773340924946423	2.7078356108824986	-1	1.4694984816121437	-1	OK
24.250000000000000	6.9949102966822760	3.0412898839919116	2.6665457756284656	0.37474410836344674	3.9536204126903649	2.5618857551924195	-1	1.3917346574979454	-1	OK
24.500000000000000	6.6392549559721683	2.8954158817939661	2.5356354570589947	0.35978042473496996	3.7438390741782022	2.4250514864890871	-1	1.3187875876891151	-1	OK
24.750000000000000	6.3048147656552374	2.7577706768433283	2.4122717770412367	0.34549889980209131	3.5470440888119095	2.2967071434790367	-1	1.2503369453328728	-1	OK
25.000000000000000	5.9901253273413193	2.6278211156083295	2.2959555523478192	0.33186556326051042	3.3623042117329898	2.1762482766977662	-1	1.1860559350352236	-1	OK
25.250000000000000	5.6938294281335180	2.5050736060950847	2.1862249203581534	0.31884868573693120	3.1887558220384333	2.0631250474903085	-1	1.1256307745481249	-1	OK
25.500000000000000	5.4147368869023724	2.3890692581861597	2.0826518522006561	0.30641740598550488	3.0256676287162128	1.9568293993641430	-1	1.0688382293520697	-1	OK
25.750000000000000	5.1516756262383829	2.2793812322639662	1.9848391894490933	0.29454204281487267	2.8722943939744163	1.8569036863025847	-1	1.0153907076718316	-1	OK
26.000000000000000	4.9012451259870371	2.1756139568470982	1.8924185974210745	0.28319535942602325	2.7256311691399389	1.7588797986838434	-1	0.96675137045609549	-1	OK
26.250000000000000	4.6672201048255921	2.0774005350910882	1.8050489947124246	0.27235154037866344	2.5898195697345039	1.6706255565264143	-1	0.91919401320808958	-1	OK
26.500000000000000	4.4463018125841511	1.9843989728775722	1.7224134633804811	0.26198550949709104	2.4619028397065787	1.5875100351995337	-1	0.87439280450704504	-1	OK
26.750000000000000	4.2376284748074307	1.8962917238500010	1.6442176921944318	0.25207403165556885	2.3413367509574297	1.5091938425517859	-1	0.83214290840564376	-1	OK
27.000000000000000	4.0404138310067932	1.8127824935408912	1.5701878486495466	0.24259464489134427	2.2276313374659025	1.4353488582895295	-1	0.79228247917637296	-1	OK
27.250000000000000	3.8539355059908349	1.7335958249417580	1.5000693280044464	0.23352649693731189	2.1203396810490771	1.3657036627030108	-1	0.75463601834606631	-1	OK
27.500000000000000	3.6775155219567850	1.6584750111147666	1.4336250301331608	0.22484998098160539	2.0190405108420184	1.2999800384119322	-1	0.71906047243008619	-1	OK
27.750000000000000	3.5105455345161527	1.5871797995897656	1.3706339110136536	0.21654588857611179	1.9233657349263873	1.2379244806784206	-1	0.68544125424796665	-1	OK
28.000000000000000	3.3525356194276794	1.5194860555825584	1.3108899295881067	0.20859612599445193	1.8330495638451207	1.1793008680630983	-1	0.65374869578202244	-1	OK
28.250000000000000	3.2027367585131339	1.4551849851981977	1.2542010983780703	0.20098388682012744	1.7475517733149359	1.1239031425014527	-1	0.62364863081348321	-1	OK
28.500000000000000	3.0608407444183037	1.3940812882518769	1.2003881279420525	0.19369316030982470	1.6667594561664270	1.0715203507050708	-1	0.59523910546135617	-1	OK
28.750000000000000	2.9262307065100646	1.3359921141092634	1.1492835556164207	0.18670855849284257	1.5902385924008011	1.0219648567186110	-1	0.56827373568219008	-1	OK
29.000000000000000	2.7985417525420506	1.2807463741242171	1.1007309271617733	0.18001544696244359	1.5177953784178335	0.97506920191729529	-1	0.54272617650053823	-1	OK
29.250000000000000	2.6773645582965129	1.2281843735269757	1.0545840836983780	0.17360028982859713	1.4491801847695371	0.93067093604715379	-1	0.51850924872238335	-1	OK
29.500000000000000	2.5622842059185560	1.1781563823402701	1.0107062296865894	0.16745015265368074	1.3841278235782859	0.88862682154768435	-1	0.49550100203060155	-1	OK
29.750000000000000	2.4529800568379576	1.1305218237458103	0.96896933658077855	0.16155248716503146	1.3224582330921471	0.84878550747416603	-1	0.47367272561798102	-1	OK
30.000000000000000	2.3491312479421769	1.0851493607490721	0.92925359634671600	0.15589576440235609	1.2639818871931050	0.81101907685754038	-1	0.45296281033556463	-1	OK
30.250000000000000	2.2504302349883023	1.0419155325946226	0.89144669473155835	0.15046883786306420	1.2085147023936798	0.77521786141787929	-1	0.43329684097580046	-1	OK
30.500000000000000	2.1565810374148593	1.0007044213369480	0.85544334325521099	0.14526107808173658	1.1558766160779113	0.74123717539626277	-1	0.41463944068164849	-1	OK
30.750000000000000	2.0672997102616830	0.96140752475329172	0.82114489865020335	0.14026262610308876	1.1058921855083914	0.70898372437144164	-1	0.39690846113694978	-1	OK
31.000000000000000	1.9823445156797423	0.92392258703422925	0.78845871036198989	0.13546387667223897	1.0584219286455132	0.67836003986542859	-1	0.38006188878008462	-1	OK
31.250000000000000	1.9014370401431395	0.88815373794400243	0.75729786501493135	0.13085587292907119	1.0132833021991370	0.64926813997921917	-1	0.36401516221991781	-1	OK
31.500000000000000	1.8235877624307335	0.85401070281348057	0.72758068007422372	0.12643002273925663	0.96957705961725305	0.62162514300147986	-1	0.34795191661577318	-1	OK
31.750000000000000	1.7502632991319942	0.82140853183882989	0.69923041646865569	0.12217811537017442	0.92885476729316430	0.59534663420690848	-1	0.33350813308625582	-1	OK
32.000000000000000	1.6803925504999837	0.79026744008569738	0.67217497604345466	0.11809246404224273	0.89012511041428632	0.57035027868365396	-1	0.31977483173063237	-1	OK
32.250000000000000	1.6137832430080004	0.76051214823304814	0.64634651170581969	0.11416563652722851	0.85327109477495222	0.54656926715386700	-1	0.30670182762108522	-1	OK
32.500000000000000	1.5502428203486858	0.73207194386716423	0.62168123041591850	0.11039071345124597	0.81817087648152165	0.52393719024202612	-1	0.29423368623949553	-1	OK
32.750000000000000	1.4896471919407843	0.70488010477176288	0.59811903714820314	0.10676106762355968	0.78476708716902133	0.50238461844109228	-1	0.28238246872792905	-1	OK
33.000000000000000	1.4318182076785955	0.67887361776118960	0.57560333012724318	0.10327028763394669	0.75294458991740598	0.48185765693152455	-1	0.27108693298588143	-1	OK
33.250000000000000	1.3766123825778618	0.65399315005074876	0.55408080048563813	9.99123495651105947E-002	0.72261923252711302	0.46230797900113246	-1	0.26031125352598056	-1	OK
33.500000000000000	1.3238882890162416	0.63018271159294614	0.53350121082447566	9.66815007684705963E-002	0.69370557742329542	0.44367834770064052	-1	0.25002722972265490	-1	OK
33.750000000000000	1.2735281708097470	0.60738948312954422	0.51381719087626454	9.35722922532796902E-002	0.66613868768020290	0.42591880893508877	-1	0.24021987874511413	-1	OK
34.000000000000000	1.2254095555474787	0.58556363788215537	0.49498405804632545	9.05795798358300791E-002	0.63984591766532328	0.40898308926858223	-1	0.23086282839674105	-1	OK
34.250000000000000	1.1794163641506401	0.56465794575330097	0.47695959935616139	8.76983463971395399E-002	0.61475841839733913	0.39282793613752065	-1	0.22193048225981848	-1	OK
34.500000000000000	1.1354444851400143	0.54462783728691466	0.45970399505988829	8.49238422270262999E-002	0.59081664785309962	0.37741205655807814	-1	0.21340459129502148	-1	OK
34.750000000000000	1.0933898518354135	0.52543132135822246	0.44317966500698086	8.22516563512415422E-002	0.56795853047719103	0.36269573311890352	-1	0.20526279735828751	-1	OK
35.000000000000000	1.0531550460483827	0.50702852021079203	0.42735105808987528	7.96774621209164619E-002	0.54612652583759080	0.34864414136106142	-1	0.19748238447652938	-1	OK
35.250000000000000	1.0146503154558195	0.48938172186044715	0.41218457709173234	7.71971447687146706E-002	0.52526859359537237	0.33522274214079884	-1	0.19004585145457353	-1	OK
35.500000000000000	0.97778896196875009	0.47245524517845033	0.39764845759799422	7.48067875804560162E-002	0.50533371679029970	0.32239854275754920	-1	0.18293517403275050	-1	OK
35.750000000000000	0.94249278143430804	0.45621536795014145	0.38371266614972344	7.25027018004179985E-002	0.48627741348416664	0.31014278652976290	-1	0.17613462695440374	-1	OK
36.000000000000000	0.90868493265664907	0.44063017144954586	0.37034878696997281	7.02813844795729531E-002	0.46805476120710321	0.29842650764884598	-1	0.16962825355825722	-1	OK
36.250000000000000	0.87629148764469966	0.42566933302667942	0.35752989776614624	6.81394352605332598E-002	0.45062215461802024	0.28722117276817988	-1	0.16340098184984037	-1	OK
36.500000000000000	0.84524740415464894	0.41130409158937337	0.34523050896794266	6.60735826214307598E-002	0.43394331256527552	0.27650425799252182	-1	0.15743905457275370	-1	OK
36.750000000000000	0.81548831485170137	0.39750723421400824	0.33342648679332015	6.40807474206879085E-002	0.41798108063769307	0.26625041883444078	-1	0.15173066180325229	-1	OK
37.000000000000000	0.78695386583628235	0.38425294597835435	0.32209496270374444	6.21579832746099459E-002	0.40270091985792800	0.25643691521655482	-1	0.14626400464137318	-1	OK
37.250000000000000	0.75958644361942618	0.37151677829405949	0.31121425887778259	6.03025194162768799E-002	0.38806966532536663	0.24704225002031974	-1	0.14102741530504689	-1	OK
37.500000000000000	0.73333069454673994	0.35927549180056240	0.30076381544654979	5.85116763540126580E-002	0.37405520274617760	0.23804610051789535	-1	0.13600910222828225	-1	OK
37.750000000000000	0.70813500951331620	0.34750701210668916	0.29072412518736102	5.67828869193281738E-002	0.36062799740662704	0.22942903678069634	-1	0.13119896062593070	-1	OK
38.000000000000000	0.68394990971075487	0.33619037224300274	0.28107668107779499	5.51136911652077705E-002	0.34775953746775218	0.22117338402422476	-1	0.12658615344352742	-1	OK
38.250000000000000	0.66072905522741654	0.32530566684198492	0.27180391318205377	5.35017536599311228E-002	0.33542338838543156	0.21326282872450139	-1	0.12216055966093017	-1	OK
38.500000000000000	0.63842729790083963	0.31483386064515018	0.26288911928319392	5.19447413619562384E-002	0.32359343725568951	0.20568027493113214	-1	0.11791316232455737	-1	OK
38.750000000000000	0.61700328610854616	0.30475705645932849	0.25431648743549917	5.04405690238293944E-002	0.31224622964921767	0.19841077515747629	-1	0.11383545449174137	-1	OK
39.000000000000000	0.59641907477086176	0.29505825467644131	0.24607098395099541	4.89872707254459180E-002	0.30136082009442050	0.19143869090641261	-1	0.10992212918800789	-1	OK
39.250000000000000	0.57663647205527502	0.28572113870801275	0.23813828561744238	4.75828530905703859E-002	0.29091533334726233	0.18475016223592006	-1	0.10616517111134227	-1	OK
39.500000000000000	0.55762071940868574	0.27673020143316573	0.23050478858525028	4.62254128479154119E-002	0.28089051797552000	0.17833332824040615	-1	0.10255718973511385	-1	OK
39.750000000000000	0.53933895085188843	0.26807074786177987	0.22315756550143515	4.49131823603447222E-002	0.27126820299010851	0.17217597478567767	-1	9.90922282044308378E-002	-1	OK
40.000000000000000	0.52175683690135144	0.25972870941848109	0.21608430021801897	4.36444092004620518E-002	0.26202812748287041	0.16626471003879273	-1	9.57634174440776809E-002	-1	OK
40.250000000000000	0.50484355054119479	0.25169073254696467	0.20927329234575162	4.24174402012130539E-002	0.25315281799423006	0.16058878876672453	-1	9.25640292275055343E-002	-1	OK
40.500000000000000	0.48857195908623358	0.24394415457526589	0.20271341117983085	4.12307433954350461E-002	0.24462780451096769	0.15513709286195557	-1	8.94907116490121224E-002	-1	OK
40.750000000000000	0.47291329326261439	0.23647688235469494	0.19639405054363843	4.00828318110565407E-002	0.23643641090791945	0.14989932439915399	-1	8.65370865087654595E-002	-1	OK
41.000000000000000	0.45784026829275676	0.22927736003797308	0.19030509950134888	3.89722605366242258E-002	0.22856290825478368	0.14486617148939082	-1	8.36967367653928540E-002	-1	OK
41.250000000000000	0.44332621043349468	0.22233452732542344	0.18443692031769823	3.78976070077252022E-002	0.22099168310807124	0.14002855429026262	-1	8.09631288178086217E-002	-1	OK
41.500000000000000	0.42935030008729802	0.21563785667072649	0.17878032385927986	3.68575328114466375E-002	0.21371244341657150	0.13537793967799383	-1	7.83345037385776710E-002	-1	OK
41.750000000000000	0.41581783647346016	0.20917727700970076	0.17332653273994225	3.58507442697584625E-002	0.20664055946375939	0.13090616182953080	-1	7.57343976342285952E-002	-1	OK
42.000000000000000	0.40285058794706463	0.20294326209737906	0.16806722204952562	3.48760400478534405E-002	0.19990732584968560	0.12660544663928275	-1	7.33018792104028483E-002	-1	OK
42.250000000000000	0.39035504443329050	0.19692670221521247	0.16299445055082312	3.39322516643893526E-002	0.19342834221807806	0.12246870108283771	-1	7.09596411352403506E-002	-1	OK
42.500000000000000	0.37831141526521517	0.19111893170439456	0.15810064670810164	3.30182849962929389E-002	0.18719248356082061	0.11848761384349117	-1	6.87048697173294337E-002	-1	OK
42.750000000000000	0.36669960281230390	0.18551164286697916	0.15337857517688810	3.21330676900909856E-002	0.18118795994532474	0.11465556487943107	-1	6.65323950658936736E-002	-1	OK
43.000000000000000	0.35550356680708534	0.18009688350474240	0.14882132889783692	3.12755546069055160E-002	0.17540668330234294	0.11096683618226455	-1	6.44398471200783862E-002	-1	OK
43.250000000000000	0.34470619136149794	0.17486706144660372	0.14442231385230739	3.04447475942964049E-002	0.16983912991489419	0.10741533817125470	-1	6.24237917436394896E-002	-1	OK
43.500000000000000	0.33429166882716810	0.16981491529616180	0.14017523385743236	2.96396814387294497E-002	0.16447675353100630	0.10399530918902339	-1	6.04814443419829095E-002	-1	OK
43.750000000000000	0.32425029653219384	0.16493354409544642	0.13607408465526322	2.88594594401831474E-002	0.15931675243674739	0.10070206762108463	-1	5.86146848156627598E-002	-1	OK
44.000000000000000	0.31455494948336704	0.16021632486762302	0.13211312342501719	2.81032014426058317E-002	0.15433862461574402	9.75294090351910004E-002	-1	5.68092155805530186E-002	-1	OK
44.250000000000000	0.30519746804946651	0.15565692497394515	0.12828686418806273	2.73700607858824579E-002	0.14954054307552136	9.44723350096139253E-002	-1	5.50682080659074397E-002	-1	OK
44.500000000000000	0.29616439113508425	0.15124932250222484	0.12459006689538486	2.66592556068399947E-002	0.14491506863285941	9.15262196748580642E-002	-1	5.33888489580013476E-002	-1	OK
44.750000000000000	0.28744303111512048	0.14698772621188305	0.12101771346731656	2.59700127445664647E-002	0.14045530490323746	8.86862598446335887E-002	-1	5.17690450586038714E-002	-1	OK
45.000000000000000	0.27902097446369090	0.14286656845936330	0.11756499987452777	2.53015685848355237E-002	0.13615440600432760	8.59478358985691221E-002	-1	5.02065701057584773E-002	-1	OK
45.250000000000000	0.27088651072830444	0.13888052369770443	0.11422733415634133	2.46531895413631338E-002	0.13200598703060001	8.33071433130744277E-002	-1	4.86988437175255862E-002	-1	OK
45.500000000000000	0.26302837262430079	0.13502452057448200	0.11100032991372646	2.40241906607554963E-002	0.12800385204981882	8.07601770731242868E-002	-1	4.72436749766945302E-002	-1	OK
45.750000000000000	0.25543567448531351	0.13129370379606076	0.10787978721426252	2.34139165817982761E-002	0.12414197068925277	7.83031895716791021E-002	-1	4.58387811175736681E-002	-1	OK
46.000000000000000	0.24809811307926352	0.12768340068143161	0.10486168338815506	2.28217172932765541E-002	0.12041471239783191	7.59326272404444863E-002	-1	4.44820851573874271E-002	-1	OK
46.250000000000000	0.24100769190557192	0.12418916841612161	0.10194217462342320	2.22469937926984308E-002	0.11681852348945032	7.36445007906907367E-002	-1	4.31740226987595843E-002	-1	OK
46.500000000000000	0.23415150914257765	0.12080674706925845	9.91175762850068365E-002	2.16891707842516018E-002	0.11334476207331919	7.14358527272842131E-002	-1	4.19089093460349726E-002	-1	OK
46.750000000000000	0.22752267513964933	0.11753202971211829	9.63843531729380171E-002	2.11476765391802948E-002	0.10999064542753104	6.93036680973250635E-002	-1	4.06869773302059728E-002	-1	OK
47.000000000000000	0.22111291304373742	0.11436107720941800	9.37391183179647203E-002	2.06219588914533063E-002	0.10675183583431944	6.72450093003376798E-002	-1	3.95068265339817565E-002	-1	OK
47.250000000000000	0.21491340228776079	0.11129010452923271	9.11786255835551895E-002	2.01114789456775522E-002	0.10362329775852806	6.52564249234398736E-002	-1	3.83668728350881894E-002	-1	OK
47.500000000000000	0.20891627977431615	0.10831549704341281	8.86997683000053244E-002	1.96157287434074561E-002	0.10060078273090334	6.33355741438890868E-002	-1	3.72652085870142508E-002	-1	OK
47.750000000000000	0.20311405932274851	0.10543380214300842	8.62995707236458298E-002	1.91342314193625879E-002	9.76802571797400904E-002	6.14800258513875236E-002	-1	3.62002313283525667E-002	-1	OK
48.000000000000000	0.19749951108155051	0.10264169892509672	8.39751774551087821E-002	1.86665214699879324E-002	9.48578121564537802E-002	5.96872577778311542E-002	-1	3.51705543786226260E-002	-1	OK
48.250000000000000	0.19206539949623730	9.99359906696984934E-002	8.17238479732642908E-002	1.82121426964342269E-002	9.21294088265388056E-002	5.79548667461194100E-002	-1	3.41745420804193956E-002	-1	OK
48.500000000000000	0.18680557390191016	9.73136168319800599E-002	7.95429548360129107E-002	1.77706619959671699E-002	8.94919570699300865E-002	5.62803623733878558E-002	-1	3.32115946965422307E-002	-1	OK
48.750000000000000	0.18171351942552658	9.47716463314638158E-002	7.74299781614062738E-002	1.73416681700575767E-002	8.69418730940627604E-002	5.46618242587171774E-002	-1	3.22800488353455831E-002	-1	OK
49.000000000000000	0.17678313737482260	9.23072619007233308E-002	7.53824989594326228E-002	1.69247629412906872E-002	8.44758754740992795E-002	5.30971229019974525E-002	-1	3.13787525721018271E-002	-1	OK
49.250000000000000	0.17200844323266332	8.99177485898902534E-002	7.33981925801884538E-002	1.65195560097018204E-002	8.20906946427730627E-002	5.15841636560160563E-002	-1	3.05065309867570064E-002	-1	OK
49.500000000000000	0.16738378064323822	8.76004860480631697E-002	7.14748251994155870E-002	1.61256608486475238E-002	7.97832945951750666E-002	5.01209796223511111E-002	-1	2.96623149728239555E-002	-1	OK
49.750000000000000	0.16290363052842299	8.53529726475760614E-002	6.96102565194527956E-002	1.57427161281232519E-002	7.75506578808469321E-002	4.87057175159912731E-002	-1	2.88449403648556590E-002	-1	OK
50.000000000000000	0.15850092438303776	8.31728131872363496E-002	6.78024320419540055E-002	1.53703811452823354E-002	7.53281111958014060E-002	4.73365234119973097E-002	-1	2.79915877838040963E-002	-1	OK
50.250000000000000	0.15425591721384407	8.10576926512290158E-002	6.60493752179823479E-002	1.50083174332466575E-002	7.31982245626150441E-002	4.60117004966842658E-002	-1	2.71865240659307783E-002	-1	OK
50.500000000000000	0.15018213882158715	7.90053859825146920E-002	6.43491878344732704E-002	1.46561981480414251E-002	7.11767528390724463E-002	4.47296747129895256E-002	-1	2.64470781260829207E-002	-1	OK
50.750000000000000	0.14617399102730583	7.70137686039861213E-002	6.27000486490052744E-002	1.43137199549808330E-002	6.91602224233196922E-002	4.34888735316398892E-002	-1	2.56713488916798030E-002	-1	OK
51.000000000000000	0.14234798608885740	7.50807913036183050E-002	6.11002046792386705E-002	1.39805866243796276E-002	6.72671947852390983E-002	4.22878116959853126E-002	-1	2.49793830892537858E-002	-1	OK
51.250000000000000	0.13863855679659931	7.32044677289451773E-002	5.95479676043427289E-002	1.36565001246024206E-002	6.54340890676541331E-002	4.11250112129726147E-002	-1	2.43090778546815184E-002	-1	OK
51.500000000000000	0.13504012787664310	7.13828885869065705E-002	5.80417146064990952E-002	1.33411739804074805E-002	6.36572392897365169E-002	3.99992913487324867E-002	-1	2.36579479410040303E-002	-1	OK
51.750000000000000	0.13155181486565662	6.96142213580307756E-002	5.65798869389353698E-002	1.30343344190953989E-002	6.19375935076258363E-002	3.89092042740118507E-002	-1	2.30283892336139856E-002	-1	OK
52.000000000000000	0.12816834970068641	6.78967089019125447E-002	5.51609869688978044E-002	1.27357219330147473E-002	6.02716407987738748E-002	3.78534169538534068E-002	-1	2.24182238449204679E-002	-1	OK
52.250000000000000	0.12488612794484096	6.62286625853293620E-002	5.37835739458638121E-002	1.24450886394655534E-002	5.86574653595115930E-002	3.68306929739521810E-002	-1	2.18267723855594120E-002	-1	OK
52.500000000000000	0.12169958009934478	6.46084457421287894E-002	5.24462594684509814E-002	1.21621862736778011E-002	5.70911343572159877E-002	3.58398575459610985E-002	-1	2.12512768112548892E-002	-1	OK
52.750000000000000	0.11860967894508787	6.30344906450416020E-002	5.11477095459913073E-002	1.18867810990502983E-002	5.55751883000462563E-002	3.48797770368334745E-002	-1	2.06954112632127818E-002	-1	OK
53.000000000000000	0.11561052031793359	6.15052931620419935E-002	4.98866408357623789E-002	1.16186523262796163E-002	5.41052271558915901E-002	3.39493704191871151E-002	-1	2.01558567367044750E-002	-1	OK
53.250000000000000	0.11269996746276087	6.00193941183995508E-002	4.86618154856107363E-002	1.13575786327888163E-002	5.26805733443613186E-002	3.30476006568746275E-002	-1	1.96329726874866911E-002	-1	OK
53.500000000000000	0.10987471699907966	5.85753913033510917E-002	4.74720421583071164E-002	1.11033491450439701E-002	5.12993256957285648E-002	3.21734684773330171E-002	-1	1.91258572183955478E-002	-1	OK
53.750000000000000	0.10713126072263054	5.71719296704145535E-002	4.63161724928923615E-002	1.08557571775222024E-002	4.99593310522159842E-002	3.13260090108399281E-002	-1	1.86333220413760561E-002	-1	OK
54.000000000000000	0.10446806900786629	5.58077030310458466E-002	4.51931011260031171E-002	1.06146019050427348E-002	4.86603659768204480E-002	3.05042975136877691E-002	-1	1.81560684631326789E-002	-1	OK
54.250000000000000	0.10188190198460911	5.44814567843920211E-002	4.41017640473002209E-002	1.03796927370917984E-002	4.74004452002170923E-002	2.97074506414816489E-002	-1	1.76929945587354434E-002	-1	OK
54.500000000000000	9.93690240894056220E-002	5.31919768705937518E-002	4.30411347394288532E-002	1.01508421311648986E-002	4.61770472188118772E-002	2.89345794254867485E-002	-1	1.72424677933251287E-002	-1	OK
54.750000000000000	9.69281612783632063E-002	5.19380936606507471E-002	4.20102250575273561E-002	9.92786860312338225E-003	4.49900676177124523E-002	2.81849020973238239E-002	-1	1.68051655203886284E-002	-1	OK
55.000000000000000	9.45598504589971744E-002	5.07186869874356044E-002	4.10080845077502448E-002	9.71060247968535788E-003	4.38411634715615700E-002	2.74576373388486748E-002	-1	1.63835261327128952E-002	-1	OK
55.250000000000000	9.22571736441460399E-002	4.95326786210330827E-002	4.00337963747982445E-002	9.49888224623485038E-003	4.27244950231129572E-002	2.67520004776733850E-002	-1	1.59724945454395723E-002	-1	OK
55.500000000000000	9.00198533667540407E-002	4.83790178654147779E-002	3.90864746178048658E-002	9.29254324760992942E-003	4.16408355013392628E-002	2.60671606529872778E-002	-1	1.55736748483519850E-002	-1	OK
55.750000000000000	8.78448064120941341E-002	4.72566944759358065E-002	3.81652659619839199E-002	9.09142851395190917E-003	4.05881119361583206E-002	2.54025116772705478E-002	-1	1.51856002588877728E-002	-1	OK
56.000000000000000	8.57316648727748098E-002	4.61647375867263315E-002	3.72693479149546689E-002	8.89538967177164880E-003	3.95669272860484714E-002	2.47574293220126952E-002	-1	1.48094979640357761E-002	-1	OK
56.250000000000000	8.36776714866719062E-002	4.51022022951646298E-002	3.63979254981710021E-002	8.70427679699361558E-003	3.85754691915072834E-002	2.41313038838709623E-002	-1	1.44441653076363211E-002	-1	OK
56.500000000000000	8.16808769750428931E-002	4.40681786595275155E-002	3.55502325192939284E-002	8.51794614023358189E-003	3.76126983155153777E-002	2.35234431956665609E-002	-1	1.40892551198488168E-002	-1	OK
56.750000000000000	7.97395868488500748E-002	4.30617904733858192E-002	3.47255303132448651E-002	8.33626016014095417E-003	3.66777963754642486E-002	2.29332399578571662E-002	-1	1.37445564176070824E-002	-1	OK
57.000000000000000	7.78520023022426788E-002	4.20821927253583472E-002	3.39231064768617113E-002	8.15908624849663415E-003	3.57698095768843247E-002	2.23601674041535546E-002	-1	1.34096421727307701E-002	-1	OK
57.250000000000000	7.60163675365645997E-002	4.11285734945058268E-002	3.31422744608824982E-002	7.98629903362333554E-003	3.48877940420587659E-002	2.18036105181519217E-002	-1	1.30841835239068442E-002	-1	OK
57.500000000000000	7.42310317924556734E-002	4.02001468145800622E-002	3.23823704217906100E-002	7.81777639278944531E-003	3.40308849778756112E-002	2.12629963353583341E-002	-1	1.27678886425172770E-002	-1	OK
57.750000000000000	7.24799924013559138E-002	3.92961478193891225E-002	3.16427523845437056E-002	7.65339543484541696E-003	3.31838445819667843E-002	2.07378358700649502E-002	-1	1.24460087119018341E-002	-1	OK
58.000000000000000	7.07910623610641804E-002	3.84158394800254016E-002	3.09228014677499323E-002	7.49303801227546671E-003	3.23752228810387788E-002	2.02276282711081196E-002	-1	1.21475946099306592E-002	-1	OK
58.250000000000000	6.91478157464755355E-002	3.75585168510694165E-002	3.02219214581351293E-002	7.33659539293428798E-003	3.15892988954061191E-002	1.96965243550685856E-002	-1	1.18927745403375335E-002	-1	OK
58.500000000000000	6.75488979807919027E-002	3.67234932599263403E-002	2.95395347473203160E-002	7.18395851260603732E-003	3.08254047208655624E-002	1.92156591840409383E-002	-1	1.16097455368246241E-002	-1	OK
58.750000000000000	6.59929295847936498E-002	3.59101030264378923E-002	2.88750833846353125E-002	7.03501964180256335E-003	3.00828265583557575E-002	1.87483258151360833E-002	-1	1.13345007432196741E-002	-1	OK
59.000000000000000	6.44634727778848893E-002	3.51177051666349271E-002	2.82280289567434332E-002	6.88967620989148523E-003	2.93457676112499621E-002	1.82940911932202750E-002	-1	1.10516764180296871E-002	-1	OK
59.250000000000000	6.29899178958959471E-002	3.43456830711748873E-002	2.75978516578167000E-002	6.74783141335819590E-003	2.86442348247210633E-002	1.78525374856973382E-002	-1	1.07916973390237252E-002	-1	OK
59.500000000000000	6.15555017179951897E-002	3.35934373633357125E-002	2.69840483528175357E-002	6.60938901051816644E-003	2.79620643546594772E-002	1.74232685981777664E-002	-1	1.05387957564817107E-002	-1	OK
59.750000000000000	6.01590512526664067E-002	3.28603866045097670E-002	2.63861324863187627E-002	6.47425411819100433E-003	2.72986646481566363E-002	1.70058862697648958E-002	-1	1.02927783783917405E-002	-1	OK
60.000000000000000	5.87994129732675452E-002	3.21459706624800251E-002	2.58036342815375838E-002	6.34233638094243869E-003	2.66534423107875236E-002	1.66000184118532575E-002	-1	1.00534238989342661E-002	-1	OK
60.250000000000000	5.74754563965228782E-002	3.14496493749912148E-002	2.52360999896083862E-002	6.21354938538283118E-003	2.60258070215316668E-002	1.62053072830713671E-002	-1	9.82049973846029975E-003	-1	OK
60.500000000000000	5.61861137822471796E-002	3.07708990603751051E-002	2.46830908199279497E-002	6.08780824044715622E-003	2.54152147218720745E-002	1.58214410754310281E-002	-1	9.59377364644104641E-003	-1	OK
60.750000000000000	5.49301969180313251E-002	3.01092158480123738E-002	2.41441827338939909E-002	5.96503311411837860E-003	2.48209810700189513E-002	1.54480902163067479E-002	-1	9.37289085371220340E-003	-1	OK
61.000000000000000	5.37071529438910150E-002	2.94641080333973258E-002	2.36189645644129913E-002	5.84514346898433457E-003	2.42430449104936926E-002	1.50848913790006464E-002	-1	9.15815353149304623E-003	-1	OK
61.250000000000000	5.25156771792093524E-002	2.88350993995114407E-002	2.31070387506566166E-002	5.72806064885483628E-003	2.36805777796979151E-002	1.46501610914701510E-002	-1	9.03041668822776415E-003	-1	OK
61.500000000000000	5.13547685934369683E-002	2.82217311363959500E-002	2.26080210733304969E-002	5.61371006306544702E-003	2.31330374570410183E-002	1.43080631962825451E-002	-1	8.82497426075847316E-003	-1	OK
61.750000000000000	5.02237279617722965E-002	2.76235592804240856E-002	2.21215396917462011E-002	5.50201958867789411E-003	2.26001686813482143E-002	1.39751766635628737E-002	-1	8.62499201778534064E-003	-1	OK
62.000000000000000	4.91215575070074323E-002	2.70401507587570665E-002	2.16472342122499099E-002	5.39291654650715657E-003	2.20814067482503658E-002	1.36512084244951835E-002	-1	8.43019832375518224E-003	-1	OK
62.250000000000000	4.80472211439625652E-002	2.64710875704202257E-002	2.11847563112636250E-002	5.28633125915660158E-003	2.15761335735423360E-002	1.33358878572531862E-002	-1	8.24024571628914973E-003	-1	OK
62.500000000000000	4.70003131218499626E-002	2.59159681716462156E-002	2.07337695586291386E-002	5.18219861301707010E-003	2.10843449502037469E-002	1.30289408451120404E-002	-1	8.05540410509170655E-003	-1	OK
62.750000000000000	4.59798661109417639E-002	2.53744019289868020E-002	2.02939477622689213E-002	5.08045416671788156E-003	2.06054641819549654E-002	1.27301259387387657E-002	-1	7.87533824321619974E-003	-1	OK
63.000000000000000	4.49851347402287632E-002	2.48460099187851266E-002	1.98649752532577897E-002	4.98103466552733947E-003	2.01391248214436332E-002	1.24392239903946319E-002	-1	7.69990083104900129E-003	-1	OK
63.250000000000000	4.40154591957347407E-002	2.43304268994281522E-002	1.94465467180247285E-002	4.88388018140341416E-003	1.96850322963065885E-002	1.21559740877094161E-002	-1	7.52905820859717245E-003	-1	OK
63.500000000000000	4.30731764106467782E-002	2.38272977776680626E-002	1.90383661184058174E-002	4.78893165926224350E-003	1.92458786329787156E-002	1.18801420791843481E-002	-1	7.36573655379436747E-003	-1	OK
63.750000000000000	4.21512458255304950E-002	2.33362790959509500E-002	1.86401469601080519E-002	4.69613213584290333E-003	1.88149667295795416E-002	1.16115164939105779E-002	-1	7.20345023566896364E-003	-1	OK
64.000000000000000	4.12522175688544435E-002	2.28570370073403126E-002	1.82516114589496604E-002	4.60542554839065039E-003	1.83951805615141344E-002	1.13498836416395816E-002	-1	7.04529691987455277E-003	-1	OK
64.250000000000000	4.03745992161848449E-002	2.23892497393635079E-002	1.78724908478688528E-002	4.51675889149464639E-003	1.79853494768213405E-002	1.10950346477673486E-002	-1	6.89031482905399194E-003	-1	OK
64.500000000000000	3.95201291055836054E-002	2.19326028811236834E-002	1.75025241425388160E-002	4.43007873858486736E-003	1.75875262244599220E-002	1.08467700166785235E-002	-1	6.74075620778139852E-003	-1	OK
64.750000000000000	3.86859192489787396E-002	2.14867913360236133E-002	1.71414585485407077E-002	4.34533278748290824E-003	1.71991279129551297E-002	1.06048999546207393E-002	-1	6.59422795833439039E-003	-1	OK
65.000000000000000	3.78721364115295958E-002	2.10515206780412384E-002	1.67890495697446372E-002	4.26247110829660290E-003	1.68206157334883574E-002	1.03692159134208192E-002	-1	6.45139982006753820E-003	-1	OK
65.250000000000000	3.70782155142177494E-002	2.06265072714327605E-002	1.64450606635878176E-002	4.18144660784494464E-003	1.64517082427849889E-002	1.01395498255255120E-002	-1	6.31215841725947698E-003	-1	OK
65.500000000000000	3.62933611732707551E-002	2.02114759047238440E-002	1.61092624372101562E-002	4.10221346751368614E-003	1.60818852685469110E-002	9.91574141255081865E-003	-1	6.16614385599609238E-003	-1	OK
65.750000000000000	3.55377415962784340E-002	1.98061587748815625E-002	1.57814323628443949E-002	4.02472641203716411E-003	1.57315828213968716E-002	9.69761178856629394E-003	-1	6.03397103283057762E-003	-1	OK
66.000000000000000	3.48003884885872278E-002	1.94102967243801640E-002	1.54613547960683606E-002	3.94894192831179904E-003	1.53900917642070621E-002	9.48499726675585721E-003	-1	5.90509449745120485E-003	-1	OK
66.250000000000000	3.40807804829595593E-002	1.90236380246120509E-002	1.51488205473699396E-002	3.87481747724210696E-003	1.50571424583475083E-002	9.27775545666020655E-003	-1	5.77938700168730175E-003	-1	OK
66.500000000000000	3.33784307353551940E-002	1.86459382920661568E-002	1.48436266725841225E-002	3.80231161948203127E-003	1.47324924432890338E-002	9.07572602354797878E-003	-1	5.65676641974105499E-003	-1	OK
66.750000000000000	3.26928894905501033E-002	1.82769600630169650E-002	1.45455762734680270E-002	3.73138378954893839E-003	1.44159294275331418E-002	8.87872473756950997E-003	-1	5.53720468996363180E-003	-1	OK
67.000000000000000	3.20232738032118214E-002	1.79164729569012970E-002	1.42544784228911970E-002	3.66199453401010872E-003	1.41068008463105243E-002	8.68664384719684650E-003	-1	5.42015699911367783E-003	-1	OK
67.250000000000000	3.13699571329909763E-002	1.75642534066759309E-002	1.39701479513039753E-002	3.59410545537195347E-003	1.38057037263150436E-002	8.49934240589433204E-003	-1	5.30636132042071156E-003	-1	OK
67.500000000000000	3.07231047309294084E-002	1.72200843204607344E-002	1.36924052271220741E-002	3.52767909333865683E-003	1.35030204104686739E-002	8.31668705571166761E-003	-1	5.18633335475700633E-003	-1	OK
67.750000000000000	3.01004979580375594E-002	1.68837556640793994E-002	1.34210761977547350E-002	3.46267946632466397E-003	1.32167422939581600E-002	8.13856463825578941E-003	-1	5.07817765570237056E-003	-1	OK
68.000000000000000	2.94925230709299907E-002	1.65550643189558595E-002	1.31559921047624349E-002	3.39907221419342119E-003	1.29374587519741294E-002	7.96483491441304405E-003	-1	4.97262383756108539E-003	-1	OK
68.250000000000000	2.88988261238952819E-002	1.62338121588860400E-002	1.28969889783605227E-002	3.33682318052551342E-003	1.26650139650092419E-002	7.79537969822826412E-003	-1	4.86963426678097781E-003	-1	OK
68.500000000000000	2.83190031861573176E-002	1.59198076523068138E-002	1.26439077807661039E-002	3.27589987154070818E-003	1.23991955338505037E-002	7.63006466201055205E-003	-1	4.76913087183995169E-003	-1	OK
68.750000000000000	2.77526716074855719E-002	1.56128639501204331E-002	1.23965939613146763E-002	3.21626998880575636E-003	1.21398076573651387E-002	7.46878379176307405E-003	-1	4.67102386560206469E-003	-1	OK
69.000000000000000	2.71994684142455312E-002	1.53127989162152728E-002	1.21548974051571401E-002	3.15790151105812666E-003	1.18866694980302584E-002	7.31144801935347879E-003	-1	4.57522147867677961E-003	-1	OK
69.250000000000000	2.66590475009183675E-002	1.50194369522434201E-002	1.19186726704753748E-002	3.10076428176804964E-003	1.16396105486749456E-002	7.15794142173313726E-003	-1	4.48166912694180838E-003	-1	OK
69.500000000000000	2.61242685358295604E-002	1.47326072752416992E-002	1.16877784382954132E-002	3.04482883694628210E-003	1.13916612605878612E-002	7.00814544084227709E-003	-1	4.38351581974558407E-003	-1	OK
69.750000000000000	2.56076747973892141E-002	1.44521431467970318E-002	1.14620773535949044E-002	2.99006579320212516E-003	1.11555316505921841E-002	6.86195222749621907E-003	-1	4.29357942309596501E-003	-1	OK
70.000000000000000	2.51038207730550009E-002	1.41778828895139548E-002	1.12414357244449720E-002	2.93644716506898237E-003	1.09259378835410478E-002	6.71926621265962580E-003	-1	4.20667167088142196E-003	-1	OK
70.250000000000000	2.46114751682251706E-002	1.39096696260916884E-002	1.10257238865262355E-002	2.88394573956545202E-003	1.07018055421334822E-002	6.57999196440635370E-003	-1	4.12181357772712850E-003	-1	OK
70.500000000000000	2.41303258739846253E-002	1.36473511225658033E-002	1.08148162325718139E-002	2.83253488999399240E-003	1.04829747514188221E-002	6.44403664533689004E-003	-1	4.03893810608193203E-003	-1	OK
70.750000000000000	2.36540868235849688E-002	1.33907798565317364E-002	1.06085908240753767E-002	2.78218903245636053E-003	1.02633069670532324E-002	6.31131715276586191E-003	-1	3.95198981428737054E-003	-1	OK
71.000000000000000	2.31945778784722577E-002	1.31398121726985402E-002	1.04069290913310995E-002	2.73288308136743902E-003	1.00547657057737175E-002	6.18174533429315630E-003	-1	3.87302037148056118E-003	-1	OK
71.250000000000000	2.27454140240224319E-002	1.28943086821846839E-002	1.02097159014727015E-002	2.68459278071198071E-003	9.85110534183774797E-003	6.05522963190765345E-003	-1	3.79587570993009452E-003	-1	OK
71.500000000000000	2.23063274979466639E-002	1.26541336775859315E-002	1.00168393270922869E-002	2.63729435049364245E-003	9.65219382036073235E-003	5.93168732653227837E-003	-1	3.72050649382845398E-003	-1	OK
71.750000000000000	2.18767374671308690E-002	1.24191543097939682E-002	9.82819040256087059E-003	2.59096390723309936E-003	9.45758315733689903E-003	5.81102212953040365E-003	-1	3.64656102780649537E-003	-1	OK
72.000000000000000	2.14570425085024510E-002	1.21892421413532862E-002	9.64366342063561685E-003	2.54557872071766930E-003	9.26780036714916315E-003	5.69317542286129543E-003	-1	3.57462494428786772E-003	-1	OK
72.250000000000000	2.10398499254176169E-002	1.19642719831510314E-002	9.46315558715061719E-003	2.50111639600041199E-003	9.07557794226658381E-003	5.57807669126064287E-003	-1	3.49750125100594094E-003	-1	OK
72.500000000000000	2.06387054737379207E-002	1.17441223681434836E-002	9.28656705715536976E-003	2.45755531098811649E-003	8.89458310559443702E-003	5.46565402015738045E-003	-1	3.42892908543705657E-003	-1	OK
72.750000000000000	2.02464021018185641E-002	1.15286756962606519E-002	9.11380100090252929E-003	2.41487469535812526E-003	8.71772640555791220E-003	5.35583394978394675E-003	-1	3.36189245577396545E-003	-1	OK
73.000000000000000	1.98627362511471922E-002	1.13178186782825155E-002	8.94476339378696104E-003	2.37305528449555624E-003	8.54491757286467667E-003	5.24854978708430217E-003	-1	3.29636778578037450E-003	-1	OK
73.250000000000000	1.94874913849870102E-002	1.11114399150845315E-002	8.77936251423026490E-003	2.33207740085426482E-003	8.37605146990248045E-003	5.14373512460433030E-003	-1	3.23231634529815015E-003	-1	OK
73.500000000000000	1.91204426013121959E-002	1.09094308471409940E-002	8.61750912817050435E-003	2.29192171897048703E-003	8.21101175417120362E-003	5.04132289078375057E-003	-1	3.16968886338745304E-003	-1	OK
73.750000000000000	1.87613997867292666E-002	1.07116859338012346E-002	8.45911648941994471E-003	2.25256944438128812E-003	8.04971385292803203E-003	4.94123216501429503E-003	-1	3.10848168791373700E-003	-1	OK
74.000000000000000	1.84099117605508907E-002	1.05181024759100107E-002	8.30410019656542715E-003	2.21400227934458529E-003	7.89180928464087994E-003	4.84342338114807612E-003	-1	3.04838590349280382E-003	-1	OK
74.250000000000000	1.80619068828556731E-002	1.03285806621362525E-002	8.15237816657920014E-003	2.17620249555705407E-003	7.73332622071941887E-003	4.74784397921489999E-003	-1	2.98548224150451888E-003	-1	OK
74.500000000000000	1.77254839479822658E-002	1.01430226583849887E-002	8.00387038707481464E-003	2.13915227131017491E-003	7.58246128959727626E-003	4.65443566646895051E-003	-1	2.92802562312832575E-003	-1	OK
74.750000000000000	1.73966572727752566E-002	9.96133297459255232E-003	7.85849902637160598E-003	2.10283394822094764E-003	7.43532429818270519E-003	4.56313546172548625E-003	-1	2.87218883645721894E-003	-1	OK
75.000000000000000	1.70748828261252719E-002	9.78341926335167533E-003	7.71618854793584136E-003	2.06723071541583441E-003	7.29146356277359659E-003	4.47388562739759084E-003	-1	2.81757793537600575E-003	-1	OK
75.250000000000000	1.67599897549914334E-002	9.60919234240413533E-003	7.57686562085166035E-003	2.03232672155247238E-003	7.15079741258729893E-003	4.38663958020779881E-003	-1	2.76415783237950012E-003	-1	OK
75.500000000000000	1.64518226143162451E-002	9.43856521794586220E-003	7.44045881209462554E-003	1.99810640585123189E-003	7.01325739637038200E-003	4.30134851815160927E-003	-1	2.71190887821877273E-003	-1	OK
75.750000000000000	1.61502128912294034E-002	9.27145296920850286E-003	7.30689860411885741E-003	1.96455436508964458E-003	6.87875992202089965E-003	4.21797026309581134E-003	-1	2.66078965892508831E-003	-1	OK
76.000000000000000	1.58550099871999223E-002	9.10777387472414164E-003	7.17611751063714203E-003	1.93165636408699896E-003	6.74723611247578237E-003	4.13644919198175726E-003	-1	2.61078692049402511E-003	-1	OK
76.250000000000000	1.55660644054245439E-002	8.94744768348784865E-003	7.04804963836868411E-003	1.89939804511916562E-003	6.61861672193669523E-003	4.05673767935226318E-003	-1	2.56187904258443205E-003	-1	OK
76.500000000000000	1.52832131615790751E-002	8.79039613449880686E-003	6.92263083909983121E-003	1.86776529539897890E-003	6.49281702708026827E-003	3.97879134372063157E-003	-1	2.51402568335963670E-003	-1	OK
76.750000000000000	1.50063075615464586E-002	8.63654263320103727E-003	6.79979859388620336E-003	1.83674403931483325E-003	6.36976492834542222E-003	3.90256205822766752E-003	-1	2.46720287011775469E-003	-1	OK
77.000000000000000	1.47358609828258970E-002	8.48581272223503796E-003	6.67949205881500883E-003	1.80632066342003173E-003	6.25004826059085816E-003	3.82800837097593306E-003	-1	2.42203988961492509E-003	-1	OK
77.250000000000000	1.44703897479132142E-002	8.33813396274246839E-003	6.56165201167719075E-003	1.77648195106527873E-003	6.13225578517074578E-003	3.75508997529497854E-003	-1	2.37716580987576724E-003	-1	OK
77.500000000000000	1.42097727151578833E-002	8.19343585259386248E-003	6.44622080066626930E-003	1.74721505192759557E-003	6.01633686256402081E-003	3.68376533868111601E-003	-1	2.33257152388290480E-003	-1	OK
77.750000000000000	1.39558612016479899E-002	8.05164973172397408E-003	6.33314228854708460E-003	1.71850744317689013E-003	5.90421146992401499E-003	3.61399566289318311E-003	-1	2.29021580703083188E-003	-1	OK
78.000000000000000	1.37065892785241707E-002	7.91270856228287398E-003	6.22236181206265934E-003	1.69034675022021268E-003	5.79388071624129756E-003	3.54574035155701649E-003	-1	2.24814036468428107E-003	-1	OK
78.250000000000000	1.34624622769964342E-002	7.77654732444536725E-003	6.11382620568993573E-003	1.66272111875542957E-003	5.68591495255106778E-003	3.47896500145505752E-003	-1	2.20694995109601026E-003	-1	OK
78.500000000000000	1.32233625297170729E-002	7.64310255114603911E-003	6.00748364374964570E-003	1.63561890739639211E-003	5.58025997857103384E-003	3.41363332910008064E-003	-1	2.16662664947095320E-003	-1	OK
78.750000000000000	1.29891704025359780E-002	7.51231227331538090E-003	5.90328363292598728E-003	1.60902864038939123E-003	5.47685812922059628E-003	3.34971003294080210E-003	-1	2.12714809627979418E-003	-1	OK
79.000000000000000	1.27597735700474280E-002	7.38411632134261357E-003	5.80117703314984162E-003	1.58293928819276826E-003	5.37565724870481525E-003	3.28716061160967471E-003	-1	2.08849663709514055E-003	-1	OK
79.250000000000000	1.25350470940671331E-002	7.25845660565942706E-003	5.70111609183526682E-003	1.55734051382415959E-003	5.27659048840770691E-003	3.22595191945397727E-003	-1	2.05063856895372964E-003	-1	OK
79.500000000000000	1.23146089961918385E-002	7.13527613576282575E-003	5.60305416075073965E-003	1.53222197501208589E-003	5.17933286042901366E-003	3.16605153454510438E-003	-1	2.01328132588390928E-003	-1	OK
79.750000000000000	1.20989464505002614E-002	7.01451920814929845E-003	5.50694573534567158E-003	1.50757347280362818E-003	5.08442724235096382E-003	3.10742794408822671E-003	-1	1.97699929826273711E-003	-1	OK
80.000000000000000	1.18876526740494624E-002	6.89613133301145501E-003	5.41274643945100810E-003	1.48338489356044864E-003	4.99152134103800736E-003	3.05005804538448872E-003	-1	1.94146329565351864E-003	-1	OK
80.250000000000000	1.16808934358878375E-002	6.78005925944471285E-003	5.32041301249894152E-003	1.45964624694576981E-003	4.90083417644312548E-003	2.99390686995092310E-003	-1	1.90692730649220238E-003	-1	OK
80.500000000000000	1.14780339001130591E-002	6.66625101697572095E-003	5.22990328905801900E-003	1.43634772791770217E-003	4.81178288313733726E-003	2.93894236595744918E-003	-1	1.87284051717988807E-003	-1	OK
80.750000000000000	1.12792486087263180E-002	6.55465650733732912E-003	5.14117632236812862E-003	1.41348018496920114E-003	4.72459210138898890E-003	2.88513480618047538E-003	-1	1.83945729520851352E-003	-1	OK
81.000000000000000	1.10844452997948990E-002	6.44522677927701973E-003	5.05419214099365414E-003	1.39103463828336559E-003	4.63921852051788017E-003	2.83245779404399899E-003	-1	1.80676072647388119E-003	-1	OK
81.250000000000000	1.08935302330257777E-002	6.33791382582168852E-003	4.96891174544722598E-003	1.36900208037446253E-003	4.55561640720408920E-003	2.78088455481520285E-003	-1	1.77473185238888635E-003	-1	OK
81.500000000000000	1.07061484657849995E-002	6.23267117612042072E-003	4.88529716376278136E-003	1.34737401235764023E-003	4.47347728966457966E-003	2.73038895556590574E-003	-1	1.74308833409867392E-003	-1	OK
81.750000000000000	1.05227528187773617E-002	6.12945321359029648E-003	4.80331132422363166E-003	1.32614188936666243E-003	4.39329960518706607E-003	2.68094556512059237E-003	-1	1.71235404006647371E-003	-1	OK
82.000000000000000	1.03429878756169345E-002	6.02821524579300744E-003	4.72291805832699470E-003	1.30529718746601252E-003	4.31477262982392622E-003	2.63253020616906067E-003	-1	1.68224242365486555E-003	-1	OK
82.250000000000000	1.01667724035618724E-002	5.92891390360218186E-003	4.64408215208387491E-003	1.28483175151830977E-003	4.23785849995968970E-003	2.58511863005047053E-003	-1	1.65273986990921917E-003	-1	OK
82.500000000000000	9.99402645521400845E-003	5.83150735263786302E-003	4.56676938892825596E-003	1.26473796370960858E-003	4.16251910257614457E-003	2.53868677092680597E-003	-1	1.62383233164933860E-003	-1	OK
82.750000000000000	9.82467418242300924E-003	5.73595483780493191E-003	4.49094635075207756E-003	1.24500848705285587E-003	4.08871934461807821E-003	2.49321171024131883E-003	-1	1.59550763437675937E-003	-1	OK
83.000000000000000	9.65864549484313391E-003	5.64221622525764698E-003	4.41658035991776641E-003	1.22563586533987992E-003	4.01642926958548693E-003	2.44867122849627738E-003	-1	1.56775804108920955E-003	-1	OK
83.250000000000000	9.49586641957889978E-003	5.55025227976191707E-003	4.34363951893358864E-003	1.20661276082832929E-003	3.94561413981698271E-003	2.40504362702792041E-003	-1	1.54057051278906230E-003	-1	OK
83.500000000000000	9.33626157912897589E-003	5.46002462948059347E-003	4.27209270208228284E-003	1.18793192739831085E-003	3.87623694964838329E-003	2.36230777929440300E-003	-1	1.51392917035398028E-003	-1	OK
83.750000000000000	9.17975387365640473E-003	5.37149576615696383E-003	4.20190953854042773E-003	1.16958622761653632E-003	3.80825810749944090E-003	2.32045525199540232E-003	-1	1.48780285550403858E-003	-1	OK
84.000000000000000	9.02627751194257089E-003	5.28462888852885768E-003	4.13306037726136888E-003	1.15156851126748771E-003	3.74164862341371321E-003	2.27945479134435873E-003	-1	1.46219383206935448E-003	-1	OK
84.250000000000000	8.87576574012400102E-003	5.19938856967932638E-003	4.06551638698899199E-003	1.13387218269033504E-003	3.67637717044467420E-003	2.23928976453145918E-003	-1	1.43708740591321502E-003	-1	OK
84.500000000000000	8.72815319118863675E-003	5.11574021798998080E-003	3.99924945100381315E-003	1.11649076698616592E-003	3.61241297319865552E-003	2.19993669045182982E-003	-1	1.41247628274682570E-003	-1	OK
84.750000000000000	8.58157433578815923E-003	5.03365016368631166E-003	3.93423212561700916E-003	1.09941803806930184E-003	3.54792417210184714E-003	2.16137694220767517E-003	-1	1.38654722989417197E-003	-1	OK
85.000000000000000	8.43916841382677009E-003	4.95308540724315009E-003	3.87043763133384415E-003	1.08264777590930637E-003	3.48608300658361956E-003	2.12359245015443683E-003	-1	1.36249055642918273E-003	-1	OK
85.250000000000000	8.29961851561013958E-003	4.87401400030342338E-003	3.80783985222037059E-003	1.06617414808305193E-003	3.42560451530671533E-003	2.08656558501737555E-003	-1	1.33903893028933978E-003	-1	OK
85.500000000000000	8.16301775682106573E-003	4.79640430517939975E-003	3.74641319422815318E-003	1.04999111095124679E-003	3.36661345164166554E-003	2.05027912965908112E-003	-1	1.31633432198258443E-003	-1	OK
85.750000000000000	8.02901253795567510E-003	4.72022528692116628E-003	3.68613264598644094E-003	1.03409264093472448E-003	3.30878725103450795E-003	2.01471560080686502E-003	-1	1.29407165022764293E-003	-1	OK
86.000000000000000	7.89754823868599708E-003	4.64544670045247913E-003	3.62697382897044169E-003	1.01847287148203679E-003	3.25210153823351751E-003	1.97985824491057156E-003	-1	1.27224329332294595E-003	-1	OK
86.250000000000000	7.76857059382811670E-003	4.57203913643553558E-003	3.56891298138172506E-003	1.00312615505381095E-003	3.19653145739258113E-003	1.94569232783882093E-003	-1	1.25083912955376020E-003	-1	OK
86.500000000000000	7.64178702860911826E-003	4.49997405644532878E-003	3.51192693469963395E-003	9.88047121745696134E-004	3.14181297216378948E-003	1.91060505749308875E-003	-1	1.23120791467070073E-003	-1	OK
86.750000000000000	7.51762759336963796E-003	4.42922372888273838E-003	3.45599309777261041E-003	9.73230631110127324E-004	3.08840386448689958E-003	1.87780534743527475E-003	-1	1.21059851705162484E-003	-1	OK
87.000000000000000	7.39579897863385308E-003	4.35976086611151743E-003	3.40108936634775112E-003	9.58671499763766094E-004	3.03603811252233608E-003	1.84565184468433053E-003	-1	1.19038626783800556E-003	-1	OK
87.250000000000000	7.27625143374126433E-003	4.29155870789692164E-003	3.34719413386781912E-003	9.44364574029102626E-004	2.98469272584434226E-003	1.81413036725725841E-003	-1	1.17056235858708385E-003	-1	OK
87.500000000000000	7.15893553345446632E-003	4.22459111550275643E-003	3.29428630351749499E-003	9.30304811985260350E-004	2.93434441795170989E-003	1.78322309227909735E-003	-1	1.15112132567261253E-003	-1	OK
87.750000000000000	7.04380824939463031E-003	4.15883267865172976E-003	3.24234531202651291E-003	9.16487366625217932E-004	2.88497557074290055E-003	1.75291375638072415E-003	-1	1.13206181436217640E-003	-1	OK
88.000000000000000	6.93081104770061282E-003	4.09425843622468477E-003	3.19135103608768952E-003	9.02907400136995580E-004	2.83655261147592805E-003	1.72319440309386790E-003	-1	1.11335820838206014E-003	-1	OK
88.250000000000000	6.81990835940607561E-003	4.03084412976175387E-003	3.14128386689315874E-003	8.89560262868594907E-004	2.78906422964432131E-003	1.69405254702798685E-003	-1	1.09501168261633445E-003	-1	OK
88.500000000000000	6.71105351696154370E-003	3.96856623333555029E-003	3.09212466791260925E-003	8.76441565422940070E-004	2.74248728362599340E-003	1.66547550181506544E-003	-1	1.07701178181092796E-003	-1	OK
88.750000000000000	6.60420386942239118E-003	3.90740170207677651E-003	3.04385472396742933E-003	8.63546978109346747E-004	2.69680216734561511E-003	1.63745089471436481E-003	-1	1.05935127263125030E-003	-1	OK
89.000000000000000	6.49931939235120527E-003	3.84732775814981050E-003	2.99645569636827758E-003	8.50872061781534337E-004	2.65199163420139477E-003	1.60996656396685802E-003	-1	1.04202507023453675E-003	-1	OK
89.250000000000000	6.39635819231991649E-003	3.78832209592298809E-003	2.94990967888580490E-003	8.38412417037183075E-004	2.60803609639692841E-003	1.58301077402464639E-003	-1	1.02502532237228202E-003	-1	OK
89.500000000000000	6.29527987923579266E-003	3.73036299282910634E-003	2.90419918674722326E-003	8.26163806081883843E-004	2.56491688640668675E-003	1.55657211290073216E-003	-1	1.00834477350595459E-003	-1	OK
89.750000000000000	6.19604533589336592E-003	3.67342931857224993E-003	2.85930718641780801E-003	8.14122132154440951E-004	2.52261601732111599E-003	1.53063938011759417E-003	-1	9.91976637203521817E-004	-1	OK
90.000000000000000	6.09846134933937807E-003	3.61750058159538953E-003	2.81521703969411698E-003	8.02283541901273193E-004	2.48096076774398855E-003	1.50520164583240628E-003	-1	9.75759121911582263E-004	-1	OK
90.250000000000000	6.00280567481102645E-003	3.56255653431467641E-003	2.77191245219018468E-003	7.90644082124490762E-004	2.44024914049635003E-003	1.48024824023748440E-003	-1	9.60000900258865635E-004	-1	OK
90.500000000000000	5.90888448639473665E-003	3.50857767559204035E-003	2.72937755644814522E-003	7.79200119143896104E-004	2.40030681080269674E-003	1.45576874307284791E-003	-1	9.44538067729848831E-004	-1	OK
90.750000000000000	5.81665993973208995E-003	3.45554479671528886E-003	2.68759680648616387E-003	7.67947990229125529E-004	2.36111514301680109E-003	1.43175298574505362E-003	-1	9.29362157271747475E-004	-1	OK
91.000000000000000	5.72609748410088382E-003	3.40343899640264784E-003	2.64655497905403898E-003	7.56884017348608646E-004	2.32265848769823641E-003	1.40819104893591179E-003	-1	9.14467438762324621E-004	-1	OK
91.250000000000000	5.63716253853668511E-003	3.35224169161505185E-003	2.60623716891578887E-003	7.46004522699262110E-004	2.28492084692163283E-003	1.38507325328997874E-003	-1	8.99847593631654093E-004	-1	OK
91.500000000000000	5.54982168888540697E-003	3.30193469575958999E-003	2.56662881143089258E-003	7.35305884328699036E-004	2.24788699312581655E-003	1.36238686766181668E-003	-1	8.85500125463999869E-004	-1	OK
91.750000000000000	5.46404254934989859E-003	3.25250031222085092E-003	2.52771570341214346E-003	7.24784608808707459E-004	2.21154223712904767E-003	1.34013046335648830E-003	-1	8.71411773772559368E-004	-1	OK
92.000000000000000	5.37979625465404270E-003	3.20392131213118004E-003	2.48948396753377382E-003	7.14437344597405573E-004	2.17587494252286266E-003	1.31829037275469794E-003	-1	8.57584569768164717E-004	-1	OK
92.250000000000000	5.29704863124070245E-003	3.15618091337512311E-003	2.45192006184635856E-003	7.04260851528765641E-004	2.14086771786557890E-003	1.29685759296547880E-003	-1	8.44010124900100101E-004	-1	OK
92.500000000000000	5.21576973363814186E-003	3.10926280628278772E-003	2.41501075698958992E-003	6.94252049293197040E-004	2.10650692735535371E-003	1.27582333849793621E-003	-1	8.30683588857417500E-004	-1	OK
92.750000000000000	5.13593099217334384E-003	3.06315094178384638E-003	2.37874309411642256E-003	6.84407847667423933E-004	2.07278005038949702E-003	1.25517992789586858E-003	-1	8.17600122493628446E-004	-1	OK
93.000000000000000	5.05750457220175732E-003	3.01782952235757351E-003	2.34310437533296213E-003	6.74725147024611170E-004	2.03967504984418381E-003	1.23491907957141035E-003	-1	8.04755970272773465E-004	-1	OK
93.250000000000000	4.98045780732276049E-003	2.97328296741487417E-003	2.30808216661064578E-003	6.65200800804228174E-004	2.00717483990788632E-003	1.21501997553201879E-003	-1	7.92154864375867532E-004	-1	OK
93.500000000000000	4.90476399532757852E-003	2.92949613812722599E-003	2.27366432852154623E-003	6.55831809605678887E-004	1.97526785720035210E-003	1.19548507513539512E-003	-1	7.79782782064956980E-004	-1	OK
93.750000000000000	4.83024962186315472E-003	2.88645429178015396E-003	2.23983900475278929E-003	6.46615287027364565E-004	1.94379533008300119E-003	1.17630967332012833E-003	-1	7.67485656762872861E-004	-1	OK
94.000000000000000	4.75718498651413885E-003	2.84414300803282998E-003	2.20659460729583697E-003	6.37548400736992894E-004	1.91304197848130865E-003	1.15748629591824769E-003	-1	7.55555682563060962E-004	-1	OK
94.250000000000000	4.68539480758543760E-003	2.80254825489630564E-003	2.17391981229628087E-003	6.28628442600024880E-004	1.88284655268913218E-003	1.13900775213812396E-003	-1	7.43838800551008218E-004	-1	OK
94.500000000000000	4.61474591962994507E-003	2.76165621652592341E-003	2.14180353847877531E-003	6.19852678047148106E-004	1.85308970310402187E-003	1.12086602846118055E-003	-1	7.32223674642841320E-004	-1	OK
94.750000000000000	4.54543140293889834E-003	2.72145361473588544E-003	2.11023498255925000E-003	6.11218632176635111E-004	1.82397778820301334E-003	1.10305290906979252E-003	-1	7.20924879133220823E-004	-1	OK
95.000000000000000	4.47718096699771962E-003	2.68192722547941353E-003	2.07920351312856433E-003	6.02723712350849527E-004	1.79525374151830630E-003	1.08556376505444482E-003	-1	7.09689976463861484E-004	-1	OK
95.250000000000000	4.41024671939735814E-003	2.64306403718772998E-003	2.04869871986387538E-003	5.94365317323854929E-004	1.76718268220962837E-003	1.06839100853255999E-003	-1	6.98791673677068379E-004	-1	OK
95.500000000000000	4.34446612787635789E-003	2.60485128407383307E-003	2.01871041090363442E-003	5.86140873170198874E-004	1.73961484380252482E-003	1.05152616036247124E-003	-1	6.88088683440053576E-004	-1	OK
95.750000000000000	4.27981665365884199E-003	2.56727643037028483E-003	1.98922861697643436E-003	5.78047813393850907E-004	1.71254022328855716E-003	1.03496611235738513E-003	-1	6.77574110931172032E-004	-1	OK
96.000000000000000	4.21617060265324327E-003	2.53032736583044208E-003	1.96024362304907194E-003	5.70083742781370140E-004	1.68584323682280119E-003	1.01870438681144404E-003	-1	6.67138850011357153E-004	-1	OK
96.250000000000000	4.15371751424086985E-003	2.49399230104543901E-003	1.93174593713944494E-003	5.62246363905994501E-004	1.65972521319543041E-003	1.00273497203770589E-003	-1	6.56990241157724524E-004	-1	OK
96.500000000000000	4.09232989841314468E-003	2.45825970479315002E-003	1.90372626525322250E-003	5.54533439539927090E-004	1.63407019361999444E-003	9.87054344196059471E-004	-1	6.47015849423934969E-004	-1	OK
96.750000000000000	4.03198759168869620E-003	2.42311815492343057E-003	1.87617548517577857E-003	5.46942669747651784E-004	1.60886943676526542E-003	9.71654390190993629E-004	-1	6.37215046574271787E-004	-1	OK
97.000000000000000	3.97267088316669275E-003	2.38855656121304176E-003	1.84908468893492991E-003	5.39471872278112071E-004	1.58411432195365099E-003	9.56531748085941765E-004	-1	6.27582573867709222E-004	-1	OK
97.250000000000000	3.91436029421160687E-003	2.35456401288521369E-003	1.82244514034853576E-003	5.32118872536678261E-004	1.55979628132639318E-003	9.41680504624664832E-004	-1	6.18115776701728351E-004	-1	OK
97.500000000000000	3.85703630652586274E-003	2.32112985934883158E-003	1.79624831506153856E-003	5.24881544287293775E-004	1.53590644717703116E-003	9.27093571331399761E-004	-1	6.08812875845631397E-004	-1	OK
97.750000000000000	3.80067965936249554E-003	2.28824370908525289E-003	1.77048586125350040E-003	5.17757847831752378E-004	1.51243595027724265E-003	9.12765196609195239E-004	-1	5.99670753668047414E-004	-1	OK
98.000000000000000	3.74527181190013837E-003	2.25589533524347789E-003	1.74514960258360962E-003	5.10745732659868596E-004	1.48937647665666048E-003	8.98689881117279224E-004	-1	5.90686595539381253E-004	-1	OK
98.250000000000000	3.69079478046264965E-003	2.22407486920711507E-003	1.72023156162384684E-003	5.03843307583268013E-004	1.46671991125553458E-003	8.84862794675054317E-004	-1	5.81857116580480264E-004	-1	OK
98.500000000000000	3.63723081109570880E-003	2.19277256471926956E-003	1.69572390469368835E-003	4.97048660025580674E-004	1.44445824637643924E-003	8.71279685041909677E-004	-1	5.73178561334529565E-004	-1	OK
98.750000000000000	3.58456248547887532E-003	2.16197881034956192E-003	1.67161894463143551E-003	4.90359865718125658E-004	1.42258367512931362E-003	8.57935322874103638E-004	-1	5.64648352255209978E-004	-1	OK
99.000000000000000	3.53277273958436510E-003	2.13168419744093774E-003	1.64790915802626430E-003	4.83775039414672896E-004	1.40108854214342736E-003	8.44824773773164453E-004	-1	5.56263768370262907E-004	-1	OK
99.250000000000000	3.48175237849929339E-003	2.10187952128385947E-003	1.62458718411110639E-003	4.77292337172753134E-004	1.37987285721543392E-003	8.31943426622553934E-004	-1	5.47929430592879988E-004	-1	OK
99.500000000000000	3.43166968375629901E-003	2.07255574711557103E-003	1.60164580969880959E-003	4.70909937416761932E-004	1.35911393664072820E-003	8.19286776587986208E-004	-1	5.39827160052741995E-004	-1	OK
99.750000000000000	3.38241657231729692E-003	2.04370396915400229E-003	1.57907796132857091E-003	4.64626007825431485E-004	1.33871260316329485E-003	8.06850403682256041E-004	-1	5.31862199481038809E-004	-1	OK
100.00000000000000	3.33397846218120002E-003	2.01531558140684080E-003	1.55687674751708947E-003	4.58438833889751336E-004	1.31866288077435944E-003	7.94629973515604974E-004	-1	5.24032907258754465E-004	-1	OK
