#pt	totcs	totdirect	directLO	directNLO	totfrag	fragLO	err_fragLO	fragNLO	err_fragNLO	errmess
0.50000000000000000	108344025.83837104	-160945265.63392198	43429873.989086531	-204375139.62300849	269289291.47229302	223443023.21601033	-1	45846268.256282687	-1	Error
0.75000000000000000	34636403.505839363	-29325848.758663274	12387829.955618571	-41713678.714281850	63962252.264502637	46262431.390270725	-1	17699820.874231912	-1	Error
1.0000000000000000	12324425.022194114	-7748421.6660035579	4505753.2854738897	-12254174.951477448	20072846.688197672	13924422.098164776	-1	6148424.5900328960	-1	Error
1.2500000000000000	5174299.5589877311	-2588283.0131601891	1954840.6087508590	-4543123.6219110489	7762582.5721479198	5325224.3512424724	-1	2437358.2209054474	-1	Error
1.5000000000000000	2498080.5199325988	-1010359.1478961178	961009.71186966181	-1971368.8597657802	3508439.6678287163	2392145.0523105264	-1	1116294.6155181900	-1	Error
1.7500000000000000	1342890.6011488414	-439832.92149162514	518292.25447731867	-958125.17596894398	1782723.5226404665	1196129.2063374433	-1	586594.31630302314	-1	Error
2.0000000000000000	774114.89372050203	-207129.60621388664	300054.93677024409	-507184.54298413073	981244.49993438867	650918.40642716992	-1	330326.09350721876	-1	Error
2.2500000000000000	472725.31604745006	-103266.61131568544	183757.73261507088	-287024.34393075632	575991.92736313550	378365.00148364686	-1	197626.92587948864	-1	Error
2.5000000000000000	302506.63419505453	-53604.265092883143	117775.21624742929	-171379.48134031240	356110.89928793767	232387.05768934631	-1	123723.84159859136	-1	Error
2.7500000000000000	200870.29845088429	-28558.513014524331	78374.844269916473	-106933.35728444083	229428.81146540862	148802.72828298027	-1	80626.083182428352	-1	Error
3.0000000000000000	137918.40430663514	-15391.617558019643	53831.801953202339	-69223.419511221990	153310.02186465479	98766.291284767751	-1	54543.730579887037	-1	Error
3.2500000000000000	97337.773951581243	-8247.2451872146921	37986.641249897162	-46233.886437111840	105585.01913879593	67561.544533353983	-1	38023.474605441952	-1	Error
3.5000000000000000	70286.048935867235	-4282.7818469203194	27436.873217517947	-31719.655064438266	74568.830782787554	47436.936121088984	-1	27131.894661698570	-1	Error
3.7500000000000000	51837.622214687843	-2052.5529159105281	20223.122176957258	-22275.675092867794	53890.175130598371	34064.252706102241	-1	19825.922424496130	-1	Error
4.0000000000000000	38894.315794209091	-792.72785772624411	15174.295330680181	-15967.023188406423	39687.043651935332	24949.020591442393	-1	14738.023060492938	-1	OK
4.2500000000000000	29632.979861605341	-86.668900310389290	11567.476057818476	-11654.144958128862	29719.648761915731	18595.430376763627	-1	11124.218385152104	-1	OK
4.5000000000000000	22923.869864807675	299.17192977313243	8943.6154615200230	-8644.4435317468869	22624.697935034543	14077.065811746981	-1	8547.6321232875616	-1	OK
4.7500000000000000	17956.154546108748	498.07824969373178	7003.3779876143353	-6505.2997379206054	17458.076296415016	10806.853604297237	-1	6651.2226921177789	-1	OK
5.0000000000000000	14228.347521408559	587.71208155472686	5547.3786923052367	-4959.6666107505098	13640.635439853831	8395.5349697932215	-1	5245.1004700606100	-1	OK
5.2500000000000000	11392.452947901602	613.96052807660544	4440.1151010793346	-3826.1545730027292	10778.492419824996	6602.9449740619848	-1	4175.5474457630107	-1	OK
5.5000000000000000	9207.8769810164758	604.21569656747488	3587.8022385910272	-2983.5865420235536	8603.6612844490010	5247.2203582533784	-1	3356.4409261956225	-1	OK
5.7500000000000000	7506.1888821426955	574.91061599838122	2924.4412781818987	-2349.5306621835180	6931.2782661443143	4209.8786505042290	-1	2721.3996156400854	-1	OK
6.0000000000000000	6162.8558914856967	535.90067535640810	2402.8812103623059	-1866.9805350058978	5626.9552161292886	3407.4187076359276	-1	2219.5365084933610	-1	OK
6.2500000000000000	5097.1929517091594	493.05664868318809	1988.9660355898179	-1495.9093869066301	4604.1363030259708	2780.1170204601763	-1	1824.0192825657946	-1	OK
6.5000000000000000	4247.6108406227313	449.81515541838371	1657.6371992652662	-1207.8220438468825	3797.7956852043476	2285.2138585738371	-1	1512.5818266305105	-1	OK
6.7500000000000000	3562.2729857154709	408.12963531109040	1390.2964793392669	-982.16684402817623	3154.1433504043803	1891.4320761884242	-1	1262.7112742159561	-1	OK
7.0000000000000000	3002.0687882084576	369.02257147811247	1172.9797861701979	-803.95721469208559	2633.0462167303449	1574.9617927131155	-1	1058.0844240172294	-1	OK
7.2500000000000000	2546.6939211105291	332.96243986885065	995.10092432792294	-662.13848445907240	2213.7314812416785	1319.7719629385301	-1	893.95951830314834	-1	OK
7.5000000000000000	2171.5860136188021	300.08482345946572	848.55946446763414	-548.47464100816842	1871.5011901593361	1111.9766658474425	-1	759.52452431189363	-1	OK
7.7500000000000000	1866.7414748336355	270.33505823959638	727.10311077891117	-456.76805253931474	1596.4064165940390	941.84541906846823	-1	654.56099752557077	-1	OK
8.0000000000000000	1606.9213739674433	243.55039872789007	625.86555195329049	-382.31515322540019	1363.3709752395532	801.72995810962414	-1	561.64101712992908	-1	OK
8.2500000000000000	1389.2838081542154	219.51540533560922	541.03026589899048	-321.51486056338126	1169.7684028186063	685.62911327513280	-1	484.13928954347352	-1	OK
8.5000000000000000	1205.8053999794167	197.99255799523189	469.58227035551818	-271.58971236028634	1007.8128419841848	588.89565591685368	-1	418.91718606733116	-1	OK
8.7500000000000000	1050.4984210959631	178.74193752161847	409.12354537324870	-230.38160785163032	871.75648357434454	507.84625242759176	-1	363.91023114675278	-1	OK
9.0000000000000000	918.49016791545955	161.53293852036740	357.73451168202911	-196.20157316166168	756.95722939509210	439.65786571821621	-1	317.29936367687588	-1	OK
9.2500000000000000	805.74887157423154	146.14988750234397	313.86929988678736	-167.71941238444342	659.59898407188757	382.06681671275589	-1	277.53216735913168	-1	OK
9.5000000000000000	709.10704130815873	132.39428263660670	276.27566067671444	-143.88137804010765	576.71275867155202	333.16782746020777	-1	243.54493121134425	-1	OK
9.7500000000000000	625.95538633206127	120.08702990410973	243.93401297129950	-123.84698306718973	505.86835642795154	291.49417714227172	-1	214.37417928567982	-1	OK
10.000000000000000	554.16837541129098	109.06681817618599	216.00965795510155	-106.94283977891557	445.10155723510496	255.83378826335368	-1	189.26776897175128	-1	OK
10.250000000000000	491.97058840449768	99.189698835210748	191.81603470550044	-92.626335870289694	392.78088956928690	225.21283240491854	-1	167.56805716436835	-1	OK
10.500000000000000	437.90702395536175	90.327801619333627	170.78572475261288	-80.457923133279294	347.57922233602812	198.82897752505164	-1	148.75024481097648	-1	OK
10.750000000000000	390.56485200416364	82.367815793182245	152.44768954135947	-70.079873748177206	308.19703621098142	176.02038997459519	-1	132.17664623638623	-1	OK
11.000000000000000	349.33326154544409	75.209267561093242	136.40930151192325	-61.200033950830012	274.12399398435088	156.24438422813063	-1	117.87960975622025	-1	OK
11.250000000000000	313.17751097581629	68.763392522596803	122.34198451090153	-53.578591988304701	244.41411845321946	139.03684938893471	-1	105.37726906428475	-1	OK
11.500000000000000	281.38902772840299	62.951775273703390	109.96963424085295	-47.017858967149564	218.43725245469960	124.02293803127431	-1	94.414314423425296	-1	OK
11.750000000000000	253.36560311650280	57.705234778611896	99.059461755640058	-41.354226977028155	195.66036833789090	110.88666392266300	-1	84.773704415227897	-1	OK
12.000000000000000	228.60088456688675	52.962526044465150	89.414390390707069	-36.451864346241919	175.63835852242161	99.359986063227609	-1	76.278372459194003	-1	OK
12.250000000000000	206.66018717973907	48.669676030880950	80.867127915728730	-32.197451884847773	157.99051114885813	89.220334112997847	-1	68.770177035860286	-1	OK
12.500000000000000	187.17883559159500	44.778996899633938	73.275134861941638	-28.496137962307706	142.39983869196107	80.278328657979642	-1	62.121510033981423	-1	OK
12.750000000000000	169.84232757195662	41.248207014861208	66.516588797379896	-25.268381782518684	128.59412055709541	72.373300188174653	-1	56.220820368920755	-1	OK
13.000000000000000	154.38311579372896	38.039944186924693	60.487071811226940	-22.447127624302233	116.34317160680426	65.369043187674706	-1	50.974128419129556	-1	OK
13.250000000000000	140.56922109283164	35.121066149418937	55.096823517401333	-19.975757367982396	105.44815494341269	59.151038692056169	-1	46.297116251356520	-1	OK
13.500000000000000	128.19882020668516	32.462162687835580	50.268464420282257	-17.806301732446666	95.736657518849569	53.616980115686154	-1	42.119677403163415	-1	OK
13.750000000000000	117.09981666540804	30.037109105368081	45.935117414010882	-15.898008308642821	87.062707560039954	48.682218958748855	-1	38.380488601291098	-1	OK
14.000000000000000	107.12330730599680	27.822685069649268	42.038829095624159	-14.216144025974881	79.300622236347536	44.273858881452234	-1	35.026763354895301	-1	OK
14.250000000000000	98.137918871787747	25.798187526338808	38.529250421820343	-12.731062895481545	72.339731345448939	40.327810756688457	-1	32.011920588760482	-1	OK
14.500000000000000	90.035021971199370	23.945201619453591	35.362540548047583	-11.417338928593987	66.089820351745772	36.789089781237763	-1	29.300730570508009	-1	OK
14.750000000000000	82.675526945142764	22.247222632624556	32.500420802937029	-10.253198170312467	60.428304312518200	33.610754046918466	-1	26.817550265599735	-1	OK
15.000000000000000	76.053117685742663	20.689593315936442	29.909425759202961	-9.2198324432665206	55.363524369806221	30.750679422208712	-1	24.612844947597509	-1	OK
15.250000000000000	70.049843255130241	19.259120399783296	27.560196084190611	-8.3010756844073210	50.790722855346942	28.172453829311848	-1	22.618269026035094	-1	OK
15.500000000000000	64.600496772682789	17.944007957057885	25.426949941263874	-7.4829419842059854	46.656488815624897	25.844731350984652	-1	20.811757464640245	-1	OK
15.750000000000000	59.646431669750676	16.733708302786958	23.486994577924992	-6.7532862751380405	42.912723366963718	23.739540412229307	-1	19.173182954734411	-1	OK
16.000000000000000	55.136269818646198	15.618703614226003	21.720305129134825	-6.1016015149088236	39.517566204420191	21.832746821664191	-1	17.684819382756000	-1	OK
16.250000000000000	51.024387785697783	14.590468417901175	20.109193233987405	-5.5187248160862339	36.433919367796612	20.108063140828875	-1	16.325856226967737	-1	OK
16.500000000000000	47.270996698289380	13.641314661120102	18.637993513113141	-4.9966788519930398	33.629682037169282	18.537211444006349	-1	15.092470593162933	-1	OK
16.750000000000000	43.839632161087856	12.764306426387744	17.292811291578538	-4.5285048651907909	31.075325734700112	17.108633113544617	-1	13.966692621155495	-1	OK
17.000000000000000	40.696476184079906	11.953211554662859	16.061306579234280	-4.1080950245714201	28.743264629417048	15.807838796814877	-1	12.935425832602171	-1	OK
17.250000000000000	37.818302650536964	11.202375771379922	14.932490329357478	-3.7301145579775610	26.615926879157040	14.621871607143952	-1	11.994055272013089	-1	OK
17.500000000000000	35.178265983139696	10.506692033660173	13.896568598272546	-3.3898765646123725	24.671573949479519	13.539017716062592	-1	11.132556233416928	-1	OK
17.750000000000000	32.752887424057320	9.8615528282211464	12.944793451856233	-3.0832406236350898	22.891334595836170	12.549072544208002	-1	10.342262051628168	-1	OK
18.000000000000000	30.523901122790427	9.2627529410967373	12.069340687760851	-2.8065877466641145	21.261148181693692	11.643258087932635	-1	9.6178900937610567	-1	OK
18.250000000000000	28.471278850637287	8.7064960933270434	11.263210186092358	-2.5567140927653105	19.764782757310243	10.812565035849630	-1	8.9522177214606131	-1	OK
18.500000000000000	26.572065930352274	8.1893425518930343	10.520124563286691	-2.3307820113936555	18.382723378459239	10.050306852970758	-1	8.3324165254884814	-1	OK
18.750000000000000	24.828540647890431	7.7081380164709614	9.8344392967128211	-2.1263012802418610	17.120402631419470	9.3500114897324558	-1	7.7703911416870142	-1	OK
19.000000000000000	23.218773440173287	7.2600359257984621	9.2010842152065635	-1.9410482894081020	15.958737514374823	8.7062612133758073	-1	7.2524763009990156	-1	OK
19.250000000000000	21.731300324661383	6.8424427446028480	8.6154906501065422	-1.7730479055036945	14.888857580058534	8.1139688174211351	-1	6.7748887626373993	-1	OK
19.500000000000000	20.355260241002352	6.4529714702554974	8.0735341880869189	-1.6205627178314213	13.902288770746855	7.5683350140370624	-1	6.3339537567097928	-1	OK
19.750000000000000	19.080881149428581	6.0894573878122973	7.5714946500591536	-1.4820372622468587	12.991423761616284	7.0652111635430819	-1	5.9262125980732021	-1	OK
20.000000000000000	17.900187148353858	5.7499341382968083	7.1060096547769112	-1.3560755164801004	12.150253010057050	6.6008451164333639	-1	5.5494078936236857	-1	OK
20.250000000000000	16.796326449840393	5.4325839941482403	6.6740315847841396	-1.2414475906359019	11.363742455692153	6.1718449665912107	-1	5.1918974891009420	-1	OK
20.500000000000000	15.779970287738859	5.1357468709113361	6.2727995539451937	-1.1370526830338592	10.644223416827522	5.7751403149181435	-1	4.8690831019093785	-1	OK
20.750000000000000	14.835505176708107	4.8579160899329956	5.8998111999737901	-1.0418951100407929	9.9775890867751116	5.4079436286902149	-1	4.5696454580848966	-1	OK
21.000000000000000	13.957123564610225	4.5976950057544625	5.5527897303024343	-0.95509472454797228	9.3594285588557611	5.0678305647950266	-1	4.2915979940607345	-1	OK
21.250000000000000	13.139741186263116	4.3538020493124234	5.2296653288751314	-0.87586327956270904	8.7859391369506934	4.7525359192139121	-1	4.0334032177367813	-1	OK
21.500000000000000	12.378851362944618	4.1250692391754225	4.9285558879183622	-0.80348664874294029	8.2537821237691951	4.4599527533558261	-1	3.7938293704133690	-1	OK
21.750000000000000	11.668743380593256	3.9104218839232150	4.6477452823740197	-0.73732339845080408	7.7583214966700416	4.1882305550718986	-1	3.5700909415981430	-1	OK
22.000000000000000	11.006256334752035	3.7088616220289894	4.3856659423143700	-0.67680432028538129	7.2973947127230456	3.9356895932290237	-1	3.3617051194940220	-1	OK
22.250000000000000	10.387737286267731	3.5194761477021146	4.1408882312740447	-0.62141208357193023	6.8682611385656163	3.7007940214390569	-1	3.1674671171265594	-1	OK
22.500000000000000	9.8099424901332775	3.3414287199042461	3.9121057833864366	-0.57067706348218927	6.4685137702290305	3.4821412259820730	-1	2.9863725442469575	-1	OK
22.750000000000000	9.2660383226163958	3.1739382551878736	3.6981211053901446	-0.52418285020227195	6.0921000674285217	3.2784561592312738	-1	2.8136439081972480	-1	OK
23.000000000000000	8.7609322255222217	3.0162866374682666	3.4978383007199261	-0.48155166325166110	5.7446455880539542	3.0885656077046684	-1	2.6560799803492858	-1	OK
23.250000000000000	8.2880387902776071	2.8678139206820239	3.3102535185349260	-0.44243959785290210	5.4202248695955824	2.9114102941615378	-1	2.5088145754340445	-1	OK
23.500000000000000	7.8449611444839036	2.7279092696802607	3.1344453361698208	-0.40653606648956003	5.1170518748036429	2.7460352401169605	-1	2.3710166346866823	-1	OK
23.750000000000000	7.4295805383322744	2.5960048063655496	2.9695669321486706	-0.37356212578312253	4.8335757319667252	2.5915359422423574	-1	2.2420397897243678	-1	OK
24.000000000000000	7.0398947256790816	2.4715746761972723	2.8148400631160375	-0.34326538691876463	4.5683200494818097	2.4471262266734279	-1	2.1211938228083818	-1	OK
24.250000000000000	6.6741021183340123	2.3541367377801801	2.6695498682615750	-0.31541313048139469	4.3199653805538318	2.3120527942962910	-1	2.0079125862575409	-1	OK
24.500000000000000	6.3305289424552047	2.2432405165818490	2.5330373274384694	-0.28979681085662018	4.0872884258733562	2.1856043455431338	-1	1.9016840803302224	-1	OK
24.750000000000000	6.0076013215575772	2.1384663743743042	2.4046949396393509	-0.26622856526504690	3.8691349471832730	2.0671692428668758	-1	1.8019657043163972	-1	OK
25.000000000000000	5.7025847180366949	2.0394277780737351	2.2839631452325859	-0.24453536715885035	3.6631569399629602	1.9561681837116223	-1	1.7069887562513379	-1	OK
25.250000000000000	5.4168936767748335	1.9457663053071930	2.1703255710069094	-0.22455926569971635	3.4711273714676407	1.8520706542951797	-1	1.6190567171724610	-1	OK
25.500000000000000	5.1479329308407458	1.8571470714879883	2.0633048960264131	-0.20615782453842479	3.2907858593527570	1.7543914487664194	-1	1.5363944105863376	-1	OK
25.750000000000000	4.8945747334173948	1.7732578707662185	1.9624598345692150	-0.18920196380299650	3.1213168626511760	1.6626740767482520	-1	1.4586427859029241	-1	OK
26.000000000000000	4.6557730355484841	1.6938101118625115	1.8673826581930397	-0.17357254633052779	2.9619629236859728	1.5765077733038251	-1	1.3854551503821477	-1	OK
26.250000000000000	4.4285059171235073	1.6185349526064052	1.7776958173699124	-0.15916086476350777	2.8099709645171025	1.4955129105972738	-1	1.3144580539198287	-1	OK
26.500000000000000	4.2161482748447092	1.5471805847883773	1.6930493289522499	-0.14586874416387238	2.6689676900563315	1.4193285413182479	-1	1.2496391487380836	-1	OK
26.750000000000000	4.0156850103401327	1.4795135466213651	1.6131190656399028	-0.13360551901853773	2.5361714637187678	1.3476287528515263	-1	1.1885427108672415	-1	OK
27.000000000000000	3.8263836159995117	1.4153150254677267	1.5376041060472845	-0.12228908057955798	2.4110685905317850	1.2801401809830328	-1	1.1309284095487522	-1	OK
27.250000000000000	3.6475144671013293	1.3543816993450213	1.4662253677035508	-0.11184366835852985	2.2931327677563083	1.2165454444996509	-1	1.0765873232566574	-1	OK
27.500000000000000	3.4784111096771850	1.2965239118583514	1.3987235783997460	-0.10219966654139449	2.1818871978188334	1.1566109234739579	-1	1.0252762743448756	-1	OK
27.750000000000000	3.3184622186098549	1.2415631841903558	1.3348575303002086	-9.32943461098527799E-002	2.0768990344194989	1.1000950672790542	-1	0.97680396714044471	-1	OK
28.000000000000000	3.1671033599065064	1.1893329342048171	1.2744029243920876	-8.50699901872708220E-002	1.9777704257016890	1.0467753568059621	-1	0.93099506889572692	-1	OK
28.250000000000000	3.0232685543552988	1.1396780396443296	1.2171512757832452	-7.74732361389159629E-002	1.8835905147109693	0.99644425231353995	-1	0.88714626239742933	-1	OK
28.500000000000000	2.8875450664141251	1.0924530374260271	1.1629083066468155	-7.04552692207887077E-002	1.7950920289880983	0.94891384021898173	-1	0.84617818876911655	-1	OK
28.750000000000000	2.7589244205290036	1.0475213507940855	1.1114929475217201	-6.39715967276349440E-002	1.7114030697349181	0.90400809411715355	-1	0.80739497561776452	-1	OK
29.000000000000000	2.6369791291132980	1.0047550061275183	1.0627364074468792	-5.79814013193611921E-002	1.6322241229857795	0.86156206018143611	-1	0.77066206280434335	-1	OK
29.250000000000000	2.5213261250507308	0.96403476932345522	1.0164813804393225	-5.24466111158672643E-002	1.5572913557272758	0.82142365732811307	-1	0.73586769839916277	-1	OK
29.500000000000000	2.4116053456922630	0.92524846969859476	0.97258092166479049	-4.73324519661956697E-002	1.4863568759936683	0.78345044558166521	-1	0.70290643041200307	-1	OK
29.750000000000000	2.3074661024717331	0.88829044874894436	0.93089779776565473	-4.26073490167103719E-002	1.4191756537227886	0.74750851827467779	-1	0.67166713544811085	-1	OK
30.000000000000000	2.2085732444294903	0.85306222772762896	0.89130388675262662	-3.82416590249974320E-002	1.3555110167018611	0.71347438048828726	-1	0.64203663621357387	-1	OK
30.250000000000000	2.1146283460015507	0.81947095910930656	0.85367930781335422	-3.42083487040475212E-002	1.2951573868922439	0.68122453571941821	-1	0.61393285117282570	-1	OK
30.500000000000000	2.0253446597059330	0.78742928916410393	0.81791189180648638	-3.04826026423822075E-002	1.2379153705418291	0.65065387775759309	-1	0.58726149278423601	-1	OK
30.750000000000000	1.9404637244076293	0.75685557057627129	0.78389679064260842	-2.70412200663369684E-002	1.1836081538313581	0.62167054710981406	-1	0.56193760672154403	-1	OK
31.000000000000000	1.8597344689066708	0.72767238827116720	0.75153563648600552	-2.38632482148385915E-002	1.1320620806355035	0.59418471426164843	-1	0.53787736637385508	-1	OK
31.250000000000000	1.7829218972808873	0.69980727731999881	0.72073625948886755	-2.09289821688687788E-002	1.0831146199608885	0.56809956394697358	-1	0.51501505601391495	-1	OK
31.500000000000000	1.7098092423461819	0.67319195661089237	0.69141235383645538	-1.82203972255628663E-002	1.0366172857352896	0.54333505698830042	-1	0.49328222874698913	-1	OK
31.750000000000000	1.6401934653092227	0.64776209656266226	0.66348300106541436	-1.57209045027520630E-002	0.99243136874656046	0.51981966713791272	-1	0.47261170160864774	-1	OK
32.000000000000000	1.5739458157473925	0.62345729488119861	0.63687233402721943	-1.34150391460205881E-002	0.95048852086619384	0.49747948650887319	-1	0.45300903435732065	-1	OK
32.250000000000000	1.5104205555926598	0.60022035927138895	0.61150908583994124	-1.12887265685522771E-002	0.91020019632127092	0.47624977980169125	-1	0.43395041651957966	-1	OK
32.500000000000000	1.4502205735061766	0.57799771182132398	0.58732638676124094	-9.32867493991697098E-003	0.87222286168485264	0.45606786908896102	-1	0.41615499259589162	-1	OK
32.750000000000000	1.3928195866745818	0.55673866190287058	0.56426133852300608	-7.52267662013539600E-003	0.83608092477171125	0.43687500855783767	-1	0.39920591621387358	-1	OK
33.000000000000000	1.3380767773892961	0.53639520550604092	0.54225480146700344	-5.85959596096248189E-003	0.80168157188325528	0.41861819548197382	-1	0.38306337640128146	-1	OK
33.250000000000000	1.2858449445199345	0.51692217427311515	0.52125118603333698	-4.32901176022201621E-003	0.76892277024681932	0.40124489250615064	-1	0.36767787774066868	-1	OK
33.500000000000000	1.2359934531516819	0.49827688844515666	0.50119820045476315	-2.92131200960643730E-003	0.73771656470652514	0.38470587550544660	-1	0.35301068920107853	-1	OK
33.750000000000000	1.1883950548701212	0.48041902303920703	0.48204662202802073	-1.62759898881379415E-003	0.70797603183091429	0.36895808732431962	-1	0.33901794450659467	-1	OK
34.000000000000000	1.1429339291533478	0.46331056718370400	0.46375009805628253	-4.39530872578508785E-004	0.67962336196964379	0.35395590830714585	-1	0.32566745366249794	-1	OK
34.250000000000000	1.0995023231487138	0.44691535126216292	0.44626490411971576	6.50447142447215985E-004	0.65258697188655090	0.33966251799087610	-1	0.31292445389567480	-1	OK
34.500000000000000	1.0579937351715132	0.43119928327617441	0.42954987696573654	1.64940631043783295E-003	0.62679445189533867	0.32604075249262349	-1	0.30075369940271518	-1	OK
34.750000000000000	1.0183115704095571	0.41613027727824808	0.41356623595983277	2.56404131841531753E-003	0.60218129313130897	0.31305064312384406	-1	0.28913065000746491	-1	OK
35.000000000000000	0.98036473213983955	0.40167771074148850	0.39827734458493574	3.40036615655271929E-003	0.57868702139835104	0.30065881902031683	-1	0.27802820237803422	-1	OK
35.250000000000000	0.94405870377571111	0.38781262009256257	0.38364864061260628	4.16397947995633157E-003	0.55624608368314854	0.28883348316683310	-1	0.26741260051631544	-1	OK
35.500000000000000	0.90932963685897206	0.37450759868718303	0.36964749820020981	4.86010048697321697E-003	0.53482203817178908	0.27754562977769626	-1	0.25727640839409283	-1	OK
35.750000000000000	0.87609057813226410	0.36173677084838735	0.35624312638776462	5.49364446062276454E-003	0.51435380728387681	0.26676773781122654	-1	0.24758606947265027	-1	OK
36.000000000000000	0.84426590775531452	0.34947565272350878	0.34340644273107984	6.06920999242884299E-003	0.49479025503180568	0.25647356160680468	-1	0.23831669342500100	-1	OK
36.250000000000000	0.81378698003613859	0.33770089918669832	0.33110992778714565	6.59097139955254659E-003	0.47608608084944026	0.24663910518539356	-1	0.22944697566404670	-1	OK
36.500000000000000	0.78459161193515459	0.32639033469412043	0.31932756499513948	7.06276969898097379E-003	0.45820127724103421	0.23724069181353508	-1	0.22096058542749913	-1	OK
36.750000000000000	0.75661753573297175	0.31552297636149551	0.30803476248547440	7.48821387602111640E-003	0.44109455937147624	0.22825621545348318	-1	0.21283834391799306	-1	OK
37.000000000000000	0.72980724403685804	0.30507890990954367	0.29720825513841398	7.87065477112978799E-003	0.42472833412731437	0.21966657863818931	-1	0.20506175548912506	-1	OK
37.250000000000000	0.70410744200012021	0.29503929937390927	0.28682602418342179	8.21327519048749115E-003	0.40906814262621094	0.21145015717982657	-1	0.19761798544638437	-1	OK
37.500000000000000	0.67946423278530088	0.28538623550702780	0.27686722037656875	8.51901513045901296E-003	0.39407799727827314	0.20358869732133844	-1	0.19048929995693470	-1	OK
37.750000000000000	0.65582408822482963	0.27610266650747972	0.26731208559210545	8.79058091537425999E-003	0.37972142171734985	0.19606494322251899	-1	0.18365647849483085	-1	OK
38.000000000000000	0.63314256261985946	0.26717236994914978	0.25814190110392521	9.03046884522460368E-003	0.36597019267070974	0.18886249460361215	-1	0.17710769806709759	-1	OK
38.250000000000000	0.61137580080855325	0.25857992676472052	0.24933892078076117	9.24100598395939492E-003	0.35279587404383267	0.18196580066827778	-1	0.17083007337555489	-1	OK
38.500000000000000	0.59048138241355119	0.25031052256402359	0.24088629624293509	9.42422632108847261E-003	0.34017085984952761	0.17536058227537302	-1	0.16481027757415459	-1	OK
38.750000000000000	0.57041991595727104	0.24235035920023187	0.23276811625001470	9.58224295021723078E-003	0.32806955675703919	0.16903243557668160	-1	0.15903712118035759	-1	OK
39.000000000000000	0.55115236504316900	0.23468634342251729	0.22496927297748709	9.71707044503019972E-003	0.31646602162065168	0.16296914486306774	-1	0.15349687675758394	-1	OK
39.250000000000000	0.53264416174727558	0.22730578862589981	0.21747537859627844	9.83041002962136562E-003	0.30533837312137574	0.15715889082064555	-1	0.14817948230073019	-1	OK
39.500000000000000	0.51485961779306411	0.22019663552461657	0.21027279015869460	9.92384536592191314E-003	0.29466298226844756	0.15158669759840648	-1	0.14307628467004108	-1	OK
39.750000000000000	0.49776678506168642	0.21334748501839518	0.20334856427217762	9.99892074621758740E-003	0.28441930004329125	0.14624286763172448	-1	0.13817643241156677	-1	OK
40.000000000000000	0.48133484818750227	0.20674737646064364	0.19669038212744194	1.00569943332016951E-002	0.27458747172685860	0.14111675729209930	-1	0.13347071443475930	-1	OK
40.250000000000000	0.46553527977734244	0.20038593902436425	0.19028656405176417	1.00993749726001128E-002	0.26514934075297819	0.13619836654820108	-1	0.12895097420477711	-1	OK
40.500000000000000	0.45033995395754656	0.19425336232570126	0.18412601364917827	1.01273486765230368E-002	0.25608659163184533	0.13147813631907593	-1	0.12460845531276940	-1	OK
40.750000000000000	0.43572239580594796	0.18834026213030425	0.17819816967586280	1.01420924544414412E-002	0.24738213367564368	0.12694540207049987	-1	0.12043673160514382	-1	OK
41.000000000000000	0.42165738627017169	0.18263763914794107	0.17249297343476216	1.01446657131789453E-002	0.23901974712223065	0.12259299058066729	-1	0.11642675654156336	-1	OK
41.250000000000000	0.40812137720778680	0.17713684167534219	0.16700084638605800	1.01359952892842720E-002	0.23098453553244461	0.11841293194248584	-1	0.11257160358995877	-1	OK
41.500000000000000	0.39509134373716376	0.17182966172689479	0.16171268465077004	1.01169770761247897E-002	0.22326168201026897	0.11439748270686245	-1	0.10886419930340652	-1	OK
41.750000000000000	0.38251280212332361	0.16670826487308193	0.15661982511715039	1.00884397559316049E-002	0.21580453725024165	0.11053961447112597	-1	0.10526492277911569	-1	OK
42.000000000000000	0.37043254817990101	0.16176524736109865	0.15171403193894856	1.00512154221501070E-002	0.20866730081880239	0.10683269419959499	-1	0.10183460661920740	-1	OK
42.250000000000000	0.35879627986807816	0.15699349741869845	0.14698745286085263	1.00060445578457821E-002	0.20180278244937969	0.10326902394677388	-1	9.85337585026058033E-002	-1	OK
42.500000000000000	0.34758558223104641	0.15238626910159542	0.14243261247577885	9.95365662581654959E-003	0.19519931312945099	9.98425052868261442E-002	-1	9.53568078426248467E-002	-1	OK
42.750000000000000	0.33678282210140664	0.14793706748769669	0.13804237275341094	9.89469473428570070E-003	0.18884575461370998	9.65472852411312504E-002	-1	9.22984693725787259E-002	-1	OK
43.000000000000000	0.32637075934849125	0.14363965498214981	0.13380992700896452	9.82972797318527013E-003	0.18273110436634143	9.33781397793212314E-002	-1	8.93529645870202033E-002	-1	OK
43.250000000000000	0.31633343245441692	0.13948807969170296	0.12972878607899299	9.75929361270998566E-003	0.17684535276271393	9.03290956572029985E-002	-1	8.65162571055109325E-002	-1	OK
43.500000000000000	0.30665538643269219	0.13547665307568527	0.12579276298478967	9.68389009089562838E-003	0.17117873335700695	8.73949999834976871E-002	-1	8.37837333735092643E-002	-1	OK
43.750000000000000	0.29732186713564901	0.13159999546209725	0.12199596796427412	9.60402749782313103E-003	0.16572187167355179	8.45708579031076713E-002	-1	8.11510137704441192E-002	-1	OK
44.000000000000000	0.28831751840385011	0.12785291462602705	0.11833277090984992	9.52014371617710548E-003	0.16046460377782307	8.18520550413966291E-002	-1	7.86125487364264380E-002	-1	OK
44.250000000000000	0.27945452413830330	0.12423044656328754	0.11479780031958560	9.43264624370190527E-003	0.15522407757501575	7.92341538498776560E-002	-1	7.59899237251380893E-002	-1	OK
44.500000000000000	0.27107770154023458	0.12072789005895454	0.11138593314592840	9.34195691302611674E-003	0.15034981148128002	7.67132769098455847E-002	-1	7.36365345714344310E-002	-1	OK
44.750000000000000	0.26299296357236301	0.11734069831638412	0.10809226607435823	9.24843224202586203E-003	0.14565226525597891	7.42846172908179503E-002	-1	7.13676479651609574E-002	-1	OK
45.000000000000000	0.25508862712174274	0.11406448739610363	0.10491210917620250	9.15237821990117113E-003	0.14102413972563910	7.19446346509550194E-002	-1	6.90795050746840777E-002	-1	OK
45.250000000000000	0.24760751760977887	0.11089506535485727	0.10184098626930084	9.05407908555640878E-003	0.13671245225492160	6.96897019848848470E-002	-1	6.70227502700367489E-002	-1	OK
45.500000000000000	0.24033675749410388	0.10782845934405956	9.88746298686905556E-002	8.95382947536903749E-003	0.13250829815004431	6.75163851043091012E-002	-1	6.49919130457352057E-002	-1	OK
45.750000000000000	0.23331404184839663	0.10486086358900129	9.60089573657397222E-002	8.85190622326152352E-003	0.12845317825939534	6.54213070212088937E-002	-1	6.30318712381864460E-002	-1	OK
46.000000000000000	0.22652934933155455	0.10198859862488041	9.32400610337872776E-002	8.74853759109314559E-003	0.12454075070667416	6.34012977337417988E-002	-1	6.11394529729323566E-002	-1	OK
46.250000000000000	0.21997466787350387	9.92081856972177045E-002	9.05642136624609378E-002	8.64397203475677361E-003	0.12076648217628616	6.14536228658308092E-002	-1	5.93128593104553514E-002	-1	OK
46.500000000000000	0.21364073396342326	9.65162873338324401E-002	8.79778454819372113E-002	8.53844185189527732E-003	0.11712444662959080	5.95754407671073294E-002	-1	5.75490058624834738E-002	-1	OK
46.750000000000000	0.20751894127127712	9.39096657039916738E-002	8.54775328942970897E-002	8.43213280969460320E-003	0.11360927556728546	5.77635427969236948E-002	-1	5.58457327703617695E-002	-1	OK
47.000000000000000	0.20160082941550003	9.13852130771453941E-002	8.30599997701844533E-002	8.32521330696093381E-003	0.11021561633835464	5.60152385719601270E-002	-1	5.42003777663945113E-002	-1	OK
47.250000000000000	0.19587916876719272	8.89399406572079776E-002	8.07221100917783624E-002	8.21783056542963602E-003	0.10693922810998474	5.43279895748142935E-002	-1	5.26112385351704473E-002	-1	OK
47.500000000000000	0.19034645045722076	8.65710057281613432E-002	7.84608675023765884E-002	8.11013822578476526E-003	0.10377544472905943	5.26993982822655943E-002	-1	5.10760464467938380E-002	-1	OK
47.750000000000000	0.18499559468191332	8.42757006752458404E-002	7.62734058891109956E-002	8.00229478613479275E-003	0.10071989400666748	5.11271848312956356E-002	-1	4.95927091753718408E-002	-1	OK
48.000000000000000	0.17982052256370609	8.20514128948336141E-002	7.41569766318007084E-002	7.89443626303289354E-003	9.77691096688724781E-002	4.96090883794986712E-002	-1	4.81600212893738069E-002	-1	OK
48.250000000000000	0.17481389908264205	7.98956183756252686E-002	7.21089436503364739E-002	7.78667472528880335E-003	9.49182807070167861E-002	4.81429992613510646E-002	-1	4.67752814456657215E-002	-1	OK
48.500000000000000	0.16996943780123006	7.78059084842542548E-002	7.01267832901652094E-002	7.67912519408906445E-003	9.21635293169758008E-002	4.67258305157045237E-002	-1	4.54376988012712771E-002	-1	OK
48.750000000000000	0.16528072595243842	7.57799775600239423E-002	6.82080777022239099E-002	7.57189985780003412E-003	8.95007483924144948E-002	4.52750961236448313E-002	-1	4.42256522687696635E-002	-1	OK
49.000000000000000	0.16074245515142443	7.38156080317157459E-002	6.63505080646036721E-002	7.46509996711206426E-003	8.69268471197086751E-002	4.39546116314630184E-002	-1	4.29722354882456567E-002	-1	OK
49.250000000000000	0.15634890256206116	7.19106560159077923E-002	6.45518474500841599E-002	7.35880856582359858E-003	8.44382465461533671E-002	4.26784173471338665E-002	-1	4.17598291990195006E-002	-1	OK
49.500000000000000	0.15209488115457803	7.00630442733802816E-002	6.28099575241019420E-002	7.25308674927831794E-003	8.20318368811977644E-002	4.14448604029863943E-002	-1	4.05869764782113701E-002	-1	OK
49.750000000000000	0.14797542123415480	6.82708005228134934E-002	6.11227932999116735E-002	7.14800722290181989E-003	7.97046207113413230E-002	4.02524195203876542E-002	-1	3.94522011909536688E-002	-1	OK
50.000000000000000	0.14398579439332243	6.65320419147580056E-002	5.94883941185160095E-002	7.04364779624199779E-003	7.74537524785644388E-002	3.90995419602244154E-002	-1	3.83542105183400234E-002	-1	OK
50.250000000000000	0.14011428868563730	6.48449362743650642E-002	5.79048741091881675E-002	6.94006216517688377E-003	7.52693524112722362E-002	3.79847394617619030E-002	-1	3.72846129495103332E-002	-1	OK
50.500000000000000	0.13636438700522696	6.32077253912418507E-002	5.63704243636976091E-002	6.83730102754423474E-003	7.31566616139851245E-002	3.69067364279041174E-002	-1	3.62499251860810071E-002	-1	OK
50.750000000000000	0.13273715357930352	6.16187382384036086E-002	5.48833115950837502E-002	6.73542664331983672E-003	7.11184153408999098E-002	3.58639417646322844E-002	-1	3.52544735762676253E-002	-1	OK
51.000000000000000	0.12922201435401243	6.00763579840913400E-002	5.34418684572138328E-002	6.63448952687750206E-003	6.91456563699210935E-002	3.48551111621936902E-002	-1	3.42905452077274034E-002	-1	OK
51.250000000000000	0.12581505874234764	5.85790062626187699E-002	5.20444897054454167E-002	6.53451655717337057E-003	6.72360524797288583E-002	3.38789778271438025E-002	-1	3.33570746525850559E-002	-1	OK
51.500000000000000	0.12251249442233390	5.71251663763662071E-002	5.06896339756862241E-002	6.43553240067996479E-003	6.53873280459676964E-002	3.29343114304189721E-002	-1	3.24530166155487243E-002	-1	OK
51.750000000000000	0.11931066607783009	5.57133862745686353E-002	4.93758227848189110E-002	6.33756348974971479E-003	6.35972798032614500E-002	3.20199825890988762E-002	-1	3.15772972141625738E-002	-1	OK
52.000000000000000	0.11620608548210470	5.43422798028204423E-002	4.81016379884151718E-002	6.24064181440525407E-003	6.18638056792842686E-002	3.11349156445105725E-002	-1	3.07288900347736961E-002	-1	OK
52.250000000000000	0.11318137557355121	5.30105143870322898E-002	4.68657164316331268E-002	6.14479795539916301E-003	6.01708611865189175E-002	3.02780492110903549E-002	-1	2.98928119754285626E-002	-1	OK
52.500000000000000	0.11025848358921439	5.17167918277986749E-002	4.56667449232305150E-002	6.05004690456817720E-003	5.85416917614157220E-002	2.94483707785876681E-002	-1	2.90933209828280540E-002	-1	OK
52.750000000000000	0.10742634646342902	5.04598731855704224E-002	4.45034633376221525E-002	5.95640984794827428E-003	5.69664732778586078E-002	2.86449269943005735E-002	-1	2.83215462835580342E-002	-1	OK
53.000000000000000	0.10467878641973165	4.92385723796512770E-002	4.33746608332348099E-002	5.86391154641648614E-003	5.54402140400803711E-002	2.78666563031314055E-002	-1	2.75735577369489657E-002	-1	OK
53.250000000000000	0.10200346698656555	4.80517318442673785E-002	4.22791698052875919E-002	5.77256203897979527E-003	5.39517351422981739E-002	2.71126958595312127E-002	-1	2.68390392827669612E-002	-1	OK
53.500000000000000	9.93517692098187521E-002	4.68982401576705094E-002	4.12158675065244437E-002	5.68237265114606826E-003	5.24535290521482428E-002	2.62761281901315799E-002	-1	2.61774008620166629E-002	-1	OK
53.750000000000000	9.68415266310081735E-002	4.57770205891741555E-002	4.01836724404170884E-002	5.59334814875709491E-003	5.10645060418340110E-002	2.55711205361570000E-002	-1	2.54933855056770110E-002	-1	OK
54.000000000000000	9.44046698419839514E-002	4.46870363731528136E-002	3.91815449471649077E-002	5.50549142598789898E-003	4.97176334688311378E-002	2.48878555911909542E-002	-1	2.48297778776401835E-002	-1	OK
54.250000000000000	9.20388179138344475E-002	4.36272947980714879E-002	3.82084855819244812E-002	5.41880921614702055E-003	4.84115231157629597E-002	2.42256228810843501E-002	-1	2.41859002346786096E-002	-1	OK
54.500000000000000	8.97208866678582684E-002	4.25968311153325507E-002	3.72635304227748945E-002	5.33330069255764233E-003	4.71240555525257176E-002	2.35836891309473204E-002	-1	2.35403664215783973E-002	-1	OK
54.750000000000000	8.74908784949731400E-002	4.15947162318499319E-002	3.63457526305861547E-002	5.24896360126376939E-003	4.58961622631232011E-002	2.29613487167495169E-002	-1	2.29348135463736842E-002	-1	OK
55.000000000000000	8.53252525939208195E-002	4.06200657900692708E-002	3.54542621524408033E-002	5.16580363762846224E-003	4.47051868038515487E-002	2.23579237225101334E-002	-1	2.23472630813414154E-002	-1	OK
55.250000000000000	8.32218820243204316E-002	3.96720290699148909E-002	3.45882010825127664E-002	5.08382798740213224E-003	4.35498529544055477E-002	2.17727629008354663E-002	-1	2.17770900535700813E-002	-1	OK
55.500000000000000	8.11788309637766908E-002	3.87497699848726174E-002	3.37467401740577308E-002	5.00302981081488830E-003	4.24290609789040735E-002	2.12052389416899981E-002	-1	2.12238220372140754E-002	-1	OK
55.750000000000000	7.91941486028974184E-002	3.78524860390130127E-002	3.29290817237328781E-002	4.92340431528013895E-003	4.13416625638843988E-002	2.06547508893397611E-002	-1	2.06869116745446377E-002	-1	OK
56.000000000000000	7.72657756904812226E-002	3.69794073310083377E-002	3.21344575948574462E-002	4.84494973615089836E-003	4.02863683594728850E-002	2.01207200455215916E-002	-1	2.01656483139512933E-002	-1	OK
56.250000000000000	7.53918933175127259E-002	3.61297801184633227E-002	3.13621255561335119E-002	4.76765456232981343E-003	3.92621131990493963E-002	1.96025891340931152E-002	-1	1.96595240649562811E-002	-1	OK
56.500000000000000	7.35707234867920279E-002	3.53028809403868882E-002	3.06113712624715290E-002	4.69150967791535402E-003	3.82678425464051467E-002	1.90998222651220483E-002	-1	1.91680202812830984E-002	-1	OK
56.750000000000000	7.18005880894675014E-002	3.44980143115986501E-002	2.98815068144660766E-002	4.61650749713258222E-003	3.73025737778688513E-002	1.86119038348045440E-002	-1	1.86906699430643072E-002	-1	OK
57.000000000000000	7.00749160631115031E-002	3.37145097225461654E-002	2.91718693719463483E-002	4.54264035059981450E-003	3.63604063405653447E-002	1.81383373890891958E-002	-1	1.82220689514761489E-002	-1	OK
57.250000000000000	6.84022985218393498E-002	3.29517246550951881E-002	2.84818208575402659E-002	4.46990379755492565E-003	3.54505738667441686E-002	1.76786447895789754E-002	-1	1.77719290771651932E-002	-1	OK
57.500000000000000	6.67759829319406334E-002	3.22090349606305171E-002	2.78107437035455089E-002	4.39829125708499948E-003	3.45669479713101163E-002	1.72323960963552368E-002	-1	1.73345518749548795E-002	-1	OK
57.750000000000000	6.51945294399879915E-002	3.14858288981888085E-002	2.71580401064079741E-002	4.32778879178084396E-003	3.37087005417991761E-002	1.67991208906011456E-002	-1	1.69095796511980305E-002	-1	OK
58.000000000000000	6.36565006559991209E-002	3.07815194200088266E-002	2.65231359093112927E-002	4.25838351069753301E-003	3.28749812359902874E-002	1.63783825812219112E-002	-1	1.64965986547683761E-002	-1	OK
58.250000000000000	6.21568794381649678E-002	3.00955488954181352E-002	2.59054790175775700E-002	4.19006987784055658E-003	3.20613305427468326E-002	1.59697738331098030E-002	-1	1.60915567096370296E-002	-1	OK
58.500000000000000	6.07017883161252228E-002	2.94273713522445399E-002	2.53045345848377720E-002	4.12283676740677566E-003	3.12744169638806829E-002	1.55729247390599228E-002	-1	1.57014922248207602E-002	-1	OK
58.750000000000000	5.92861953912045131E-002	2.87764568178074942E-002	2.47197863684541566E-002	4.05667044935333239E-003	3.05097385733970189E-002	1.51874601425251148E-002	-1	1.53222784308719041E-002	-1	OK
59.000000000000000	5.79089134069011580E-002	2.81422956142570110E-002	2.41507366687198667E-002	3.99155894553713825E-003	2.97666177926441469E-002	1.48129785204529161E-002	-1	1.49536392721912308E-002	-1	OK
59.250000000000000	5.65687667926619980E-002	2.75243993410261394E-002	2.35969055916507506E-002	3.92749374937537751E-003	2.90443674516358552E-002	1.44491206311871141E-002	-1	1.45952468204487412E-002	-1	OK
59.500000000000000	5.52588135803292677E-002	2.69222917826942576E-002	2.30578287586750974E-002	3.86446302401916627E-003	2.83365217976350101E-002	1.40955417725271859E-002	-1	1.42409800251078241E-002	-1	OK
59.750000000000000	5.39896452845460006E-002	2.63355095767279918E-002	2.25330572936614099E-002	3.80245228306658059E-003	2.76541357078180054E-002	1.37519201823579629E-002	-1	1.39022155254600426E-002	-1	OK
60.000000000000000	5.27543266182162740E-002	2.57636068889606079E-002	2.20221582016286409E-002	3.74144868733195489E-003	2.69907197292556626E-002	1.34179520529353821E-002	-1	1.35727676763202805E-002	-1	OK
60.250000000000000	5.15518251637139963E-002	2.52061538531387873E-002	2.15247135914015814E-002	3.68144026173720419E-003	2.63456713105752055E-002	1.30933286262886611E-002	-1	1.32523426842865444E-002	-1	OK
60.500000000000000	5.03811201510197398E-002	2.46627343028286948E-002	2.10403197973343878E-002	3.62241450549429401E-003	2.57183858481910450E-002	1.27777499541547705E-002	-1	1.29406358940362745E-002	-1	OK
60.750000000000000	4.92412309981038049E-002	2.41329496040059016E-002	2.05685871772051769E-002	3.56436242680072124E-003	2.51082813940979033E-002	1.24709146848142310E-002	-1	1.26373667092836723E-002	-1	OK
61.000000000000000	4.81312461411320738E-002	2.36164076622568248E-002	2.01091377864226657E-002	3.50726987583415643E-003	2.45148384788752491E-002	1.21725143460388804E-002	-1	1.23423241328363686E-002	-1	OK
61.250000000000000	4.70503037995998186E-002	2.31127285311333794E-002	1.96616064993994227E-002	3.45112203173395752E-003	2.39375752684664392E-002	1.18823446075623784E-002	-1	1.20552306609040608E-002	-1	OK
61.500000000000000	4.59974796954719586E-002	2.26215467002638393E-002	1.92256407153712262E-002	3.39590598489261869E-003	2.33759329952081193E-002	1.16002097963941037E-002	-1	1.17757231988140157E-002	-1	OK
61.750000000000000	4.49720182786285325E-002	2.21425088721982806E-002	1.88008994886285780E-002	3.34160938356970957E-003	2.28295094064302519E-002	1.13258210775837274E-002	-1	1.15036883288465244E-002	-1	OK
62.000000000000000	4.39634442821148774E-002	2.16752685294369883E-002	1.83870524063135150E-002	3.28821612312347848E-003	2.22881757526778926E-002	1.10588996364204273E-002	-1	1.12292761162574653E-002	-1	OK
62.250000000000000	4.29904596572285719E-002	2.12194919058115473E-002	1.79837805147590457E-002	3.23571139105250510E-003	2.17709677514170245E-002	1.07991974421906833E-002	-1	1.09717703092263412E-002	-1	OK
62.500000000000000	4.20424566009282921E-002	2.07748600319304158E-002	1.75907761766361630E-002	3.18408385529425110E-003	2.12675965689978763E-002	1.05464946735747585E-002	-1	1.07211018954231178E-002	-1	OK
62.750000000000000	4.11187240369279006E-002	2.03410611138927291E-002	1.72077410827608628E-002	3.13332003113186855E-003	2.07776629230351714E-002	1.03005943581910547E-002	-1	1.04770685648441168E-002	-1	OK
63.000000000000000	4.02185812455113229E-002	1.99177930723846916E-002	1.68343869101959323E-002	3.08340616218875799E-003	2.03007881731266278E-002	1.00612889477456873E-002	-1	1.02394992253809405E-002	-1	OK
63.250000000000000	3.93413951439282594E-002	1.95047656047708240E-002	1.64704350519653715E-002	3.03433055280544770E-003	1.98366295391574354E-002	9.82837807467046992E-003	-1	1.00082514644869655E-002	-1	OK
63.500000000000000	3.84863597776064076E-002	1.91016956815001221E-002	1.61156154666346925E-002	2.98608021486543133E-003	1.93846640961062820E-002	9.60166885229277699E-003	-1	9.78299524381350503E-003	-1	OK
63.750000000000000	3.76527993786355264E-002	1.87083099172651104E-002	1.57696670544631851E-002	2.93864286280192885E-003	1.89444894613704160E-002	9.38097444949889149E-003	-1	9.56351501187152446E-003	-1	OK
64.000000000000000	3.68298156218955092E-002	1.83243417192672751E-002	1.54323366985008471E-002	2.89200502076643112E-003	1.85054739026282375E-002	9.16610632769300319E-003	-1	9.33936757493523430E-003	-1	OK
64.250000000000000	3.60402411470813894E-002	1.79495348143259847E-002	1.51033797699522358E-002	2.84615504437375245E-003	1.80907063327554012E-002	8.95690513556871536E-003	-1	9.13380119718668580E-003	-1	OK
64.500000000000000	3.52678246399288214E-002	1.75836374274807132E-002	1.47825586845757341E-002	2.80107874290498127E-003	1.76841872124481082E-002	8.75319511061342127E-003	-1	8.93099210183468696E-003	-1	OK
64.750000000000000	3.45144862755668858E-002	1.72264051656346173E-002	1.44696435029199669E-002	2.75676166271465305E-003	1.72880811099322719E-002	8.55480635536249277E-003	-1	8.73327475456977913E-003	-1	OK
65.000000000000000	3.37798014879424832E-002	1.68776031712390903E-002	1.41644121789434394E-002	2.71319099229565437E-003	1.69021983167033929E-002	8.36158954467111637E-003	-1	8.54060877203227653E-003	-1	OK
65.250000000000000	3.30632415756008657E-002	1.65370057969920908E-002	1.38666500877221571E-002	2.67035570926992287E-003	1.65262357786087749E-002	8.17338942905052566E-003	-1	8.35284634955824924E-003	-1	OK
65.500000000000000	3.23642993361759057E-002	1.62043937110030838E-002	1.35761491646030578E-002	2.62824454640002165E-003	1.61599056251728219E-002	7.99006287381203231E-003	-1	8.16984275136078963E-003	-1	OK
65.750000000000000	3.16826031345312301E-002	1.58795534053337364E-002	1.32927077211604759E-002	2.58684568417325966E-003	1.58030497291974936E-002	7.81146335265608515E-003	-1	7.99158637654140760E-003	-1	OK
66.000000000000000	3.10175649892393338E-002	1.55622787166883794E-002	1.30161304996051809E-002	2.54614821708320409E-003	1.54552862725509527E-002	7.63745254027128721E-003	-1	7.81783373227966545E-003	-1	OK
66.250000000000000	3.03687064108139476E-002	1.52523689022880556E-002	1.27462281239409739E-002	2.50614077834707778E-003	1.51163375085258938E-002	7.46789728526550244E-003	-1	7.64844022326039135E-003	-1	OK
66.500000000000000	2.97355538430728525E-002	1.49496289658684368E-002	1.24828169926471926E-002	2.46681197322124075E-003	1.47859248772044156E-002	7.30266371064013532E-003	-1	7.48326116656428033E-003	-1	OK
66.750000000000000	2.91176937911407849E-002	1.46538689938585515E-002	1.22257190170123719E-002	2.42814997684617437E-003	1.44638247972822351E-002	7.14162668331891869E-003	-1	7.32219811396331646E-003	-1	OK
67.000000000000000	2.85147051433887848E-002	1.43649049816140448E-002	1.19747616442703580E-002	2.39014333734368723E-003	1.41498001617747400E-002	6.98467338111368602E-003	-1	7.16512678066105399E-003	-1	OK
67.250000000000000	2.79261828137408741E-002	1.40825584106672695E-002	1.17297776680863712E-002	2.35278074258089484E-003	1.38436244030736028E-002	6.83168112175123153E-003	-1	7.01194328132237130E-003	-1	OK
67.500000000000000	2.73517323364632220E-002	1.38066553464755333E-002	1.14906049272716707E-002	2.31605041920386178E-003	1.35450769899876887E-002	6.68254012752736003E-003	-1	6.86253686246032866E-003	-1	OK
67.750000000000000	2.67909885712244583E-002	1.35370281138462722E-002	1.12570865215443038E-002	2.27994159230197110E-003	1.32539604573781878E-002	6.53714066505464274E-003	-1	6.71681979232354506E-003	-1	OK
68.000000000000000	2.62378470438106096E-002	1.32735148583481878E-002	1.10290704235437541E-002	2.24444443480443200E-003	1.29643321854624200E-002	6.39538049531985803E-003	-1	6.56895169014256198E-003	-1	OK
68.250000000000000	2.57034969244795131E-002	1.30159573778124774E-002	1.08064089663380374E-002	2.20954841147443827E-003	1.26875395466670357E-002	6.25714723185842939E-003	-1	6.43039231480860632E-003	-1	OK
68.500000000000000	2.51817472598602245E-002	1.27642033011238550E-002	1.05889590869251062E-002	2.17524421419874837E-003	1.24175439587363694E-002	6.12234167094085312E-003	-1	6.29520228779551633E-003	-1	OK
68.750000000000000	2.46722512769529286E-002	1.25181034140683829E-002	1.03765817596794298E-002	2.14152165438895705E-003	1.21541478628845456E-002	5.99084952989854293E-003	-1	6.16329833298600270E-003	-1	OK
69.000000000000000	2.41746856323074855E-002	1.22775116460644412E-002	1.01691419688563836E-002	2.10836967720805669E-003	1.18971739862430460E-002	5.86261844655231248E-003	-1	6.03455553969073355E-003	-1	OK
69.250000000000000	2.36887199617250022E-002	1.20422880067428198E-002	9.96650910572857533E-003	2.07577890101424229E-003	1.16464319549821841E-002	5.73755658810625336E-003	-1	5.90887536687593074E-003	-1	OK
69.500000000000000	2.32140602693149053E-002	1.18122960450577266E-002	9.76855628712836391E-003	2.04373975792936308E-003	1.14017642242571805E-002	5.61556021766144650E-003	-1	5.78620400659573403E-003	-1	OK
69.750000000000000	2.27442473408190557E-002	1.15874021512430529E-002	9.57516022777724941E-003	2.01224192346580307E-003	1.11568451895760010E-002	5.49654618411672159E-003	-1	5.66029900545927944E-003	-1	OK
70.000000000000000	2.22914765444083146E-002	1.13674782010640268E-002	9.38620165818341776E-003	1.98127654288060952E-003	1.09239983433442895E-002	5.38043219613264408E-003	-1	5.54356614721164542E-003	-1	OK
70.250000000000000	2.18491445877018742E-002	1.11523988827891274E-002	9.20156464112195302E-003	1.95083424166717589E-003	1.06967457049127468E-002	5.26713609517217782E-003	-1	5.42960960974056897E-003	-1	OK
70.500000000000000	2.14170269580208558E-002	1.09420423364036141E-002	9.02113663208233690E-003	1.92090570432127588E-003	1.04749846216172417E-002	5.15658057170928930E-003	-1	5.31840404990795244E-003	-1	OK
70.750000000000000	2.09947993320908285E-002	1.07362910450439497E-002	8.84480852655708007E-003	1.89148251848686856E-003	1.02585082870468788E-002	5.04866729127266371E-003	-1	5.20984099577421512E-003	-1	OK
71.000000000000000	2.05821877196431038E-002	1.05350302824134649E-002	8.67247421520513616E-003	1.86255606720832812E-003	1.00471574372296372E-002	4.94333380880325208E-003	-1	5.10382362842638510E-003	-1	OK
71.250000000000000	2.01789597707371961E-002	1.03381486716635981E-002	8.50403072301534300E-003	1.83411794864825231E-003	9.84081109907359794E-003	4.84052439508567394E-003	-1	5.00028670398792400E-003	-1	OK
71.500000000000000	1.97848602199683643E-002	1.01455376064639863E-002	8.33937798688046995E-003	1.80615961958351351E-003	9.63932261350437629E-003	4.74016093156708843E-003	-1	4.89916168193728786E-003	-1	OK
71.750000000000000	1.93996714778615943E-002	9.95709031855595422E-003	8.17841857983584927E-003	1.77867173872010560E-003	9.44258115930564010E-003	4.64217761750385007E-003	-1	4.80040354180179003E-003	-1	OK
72.000000000000000	1.90231601993025370E-002	9.77270396660721505E-003	8.02105810347708212E-003	1.75164586313013271E-003	9.25045623269532200E-003	4.54651988693694810E-003	-1	4.70393634575837390E-003	-1	OK
72.250000000000000	1.86550945915434987E-002	9.59227803172894682E-003	7.86720479131372032E-003	1.72507324041522715E-003	9.06281655981455193E-003	4.45312579478847510E-003	-1	4.60969076502607683E-003	-1	OK
72.500000000000000	1.82952637415766048E-002	9.41571502499461560E-003	7.71676958554756882E-003	1.69894543944704634E-003	8.87954871658198745E-003	4.36193493321688879E-003	-1	4.51761378336509867E-003	-1	OK
72.750000000000000	1.79434613708120624E-002	9.24292120139389405E-003	7.56966627991180387E-003	1.67325492148208822E-003	8.70054016941816839E-003	4.27288815384145593E-003	-1	4.42765201557671247E-003	-1	OK
73.000000000000000	1.75994908077737114E-002	9.07380695797705208E-003	7.42581126940472600E-003	1.64799568857232587E-003	8.52568384979665757E-003	4.18592858306682161E-003	-1	4.33975526672983596E-003	-1	OK
73.250000000000000	1.72631455892355984E-002	8.90828308588735573E-003	7.28512288002561466E-003	1.62316020586174021E-003	8.35486250334824092E-003	4.10100095938178630E-003	-1	4.25386154396645462E-003	-1	OK
73.500000000000000	1.69342416221194420E-002	8.74626242346069303E-003	7.14752169041751092E-003	1.59874073304318363E-003	8.18797919865875065E-003	4.01805574325694598E-003	-1	4.16992345540180467E-003	-1	OK
73.750000000000000	1.66125896849529456E-002	8.58766062420692443E-003	7.01293059842778097E-003	1.57473002577914519E-003	8.02492906074602289E-003	3.93704195404460510E-003	-1	4.08788710670141778E-003	-1	OK
74.000000000000000	1.62966003721168595E-002	8.43239545380721281E-003	6.88127458644567126E-003	1.55112086736154176E-003	7.86420491830964498E-003	3.85790349956961591E-003	-1	4.00630141874002907E-003	-1	OK
74.250000000000000	1.59889292414172220E-002	8.28038695165751910E-003	6.75248072240827550E-003	1.52790622924924165E-003	7.70854228975970199E-003	3.78059140740960543E-003	-1	3.92795088235009700E-003	-1	OK
74.500000000000000	1.56879755953080562E-002	8.13155640335721033E-003	6.62647791246071850E-003	1.50507849089648988E-003	7.55641919195084669E-003	3.70505158650393874E-003	-1	3.85136760544690796E-003	-1	OK
74.750000000000000	1.53935746331421673E-002	7.98582687384764497E-003	6.50319704401393275E-003	1.48262982983371526E-003	7.40774775929452147E-003	3.63123400228512663E-003	-1	3.77651375700939484E-003	-1	OK
75.000000000000000	1.51055669264379203E-002	7.84312430895851322E-003	6.38257113640956514E-003	1.46055317254895046E-003	7.26244261747940704E-003	3.55911071941710519E-003	-1	3.70333189806230185E-003	-1	OK
75.250000000000000	1.48237931715406619E-002	7.70337752033172819E-003	6.26453524908305269E-003	1.43884227124867659E-003	7.12041565120893286E-003	3.48863169970926217E-003	-1	3.63178395149967069E-003	-1	OK
75.500000000000000	1.45481015005448355E-002	7.56651677801932140E-003	6.14902611354906092E-003	1.41749066447026048E-003	6.98158472252551499E-003	3.41975454692797698E-003	-1	3.56183017559753802E-003	-1	OK
75.750000000000000	1.42783733671993009E-002	7.43247399403220137E-003	6.03598221386958400E-003	1.39649178016261759E-003	6.84589937316709956E-003	3.35243818950680750E-003	-1	3.49346118366029206E-003	-1	OK
76.000000000000000	1.40144538030754114E-002	7.30118440263182247E-003	5.92534395575186525E-003	1.37584044687995809E-003	6.71326940044358975E-003	3.28664391563468754E-003	-1	3.42662548480890221E-003	-1	OK
76.250000000000000	1.37561743566222555E-002	7.17258381059094393E-003	5.81705308214024684E-003	1.35553072845069752E-003	6.58359054603131072E-003	3.22233144075004339E-003	-1	3.36125910528126733E-003	-1	OK
76.500000000000000	1.35033678203147749E-002	7.04660939562622764E-003	5.71105287952746159E-003	1.33555651609876432E-003	6.45675842468854729E-003	3.15946304325753205E-003	-1	3.29729538143101525E-003	-1	OK
76.750000000000000	1.32559420380414794E-002	6.92319955061662835E-003	5.60728810806807466E-003	1.31591144254855391E-003	6.33274248742485019E-003	3.09800205433482818E-003	-1	3.23474043309002202E-003	-1	OK
77.000000000000000	1.30124069009545200E-002	6.80229458262754470E-003	5.50570505644420050E-003	1.29658952618334311E-003	6.21011231832697529E-003	3.03791286717585698E-003	-1	3.17219945115111831E-003	-1	OK
77.250000000000000	1.27753657120870875E-002	6.68383636803576708E-003	5.40625146513016262E-003	1.27758490290560663E-003	6.09152934405131959E-003	2.97916454629238315E-003	-1	3.11236479775893644E-003	-1	OK
77.500000000000000	1.25433141095322234E-002	6.56776839888533869E-003	5.30887649518572285E-003	1.25889190369961692E-003	5.97554571064688473E-003	2.92172132121836219E-003	-1	3.05382438942852254E-003	-1	OK
77.750000000000000	1.23161335934984587E-002	6.45403558991690385E-003	5.21353066056218922E-003	1.24050492935471528E-003	5.86209800358155567E-003	2.86555088903992341E-003	-1	2.99654711454163227E-003	-1	OK
78.000000000000000	1.20937095215366136E-002	6.34258415418102392E-003	5.12016580296083441E-003	1.22241835122018907E-003	5.75112536735558882E-003	2.81061959144580280E-003	-1	2.94050577590978602E-003	-1	OK
78.250000000000000	1.18759098390580423E-002	6.23336211150736508E-003	5.02873514126717016E-003	1.20462697024019535E-003	5.64254772755067718E-003	2.75460892542721747E-003	-1	2.88793880212345972E-003	-1	OK
78.500000000000000	1.16626403958670702E-002	6.12631854963602372E-003	4.93919307179747392E-003	1.18712547783855196E-003	5.53632184623104647E-003	2.70210565098472251E-003	-1	2.83421619524632396E-003	-1	OK
78.750000000000000	1.14537942170880348E-002	6.02140359024679918E-003	4.85149518076571310E-003	1.16990840948108543E-003	5.43239062684123478E-003	2.65075030492045076E-003	-1	2.78164032192078402E-003	-1	OK
79.000000000000000	1.12492665806380836E-002	5.91856908302568381E-003	4.76559830414252650E-003	1.15297077888315731E-003	5.33069749761239976E-003	2.60051452443997404E-003	-1	2.73018297317242573E-003	-1	OK
79.250000000000000	1.10489542936615809E-002	5.81776892770420780E-003	4.68146056709492671E-003	1.13630836060928022E-003	5.23118536595737309E-003	2.55137088296992533E-003	-1	2.67981448298744776E-003	-1	OK
79.500000000000000	1.08527623941811063E-002	5.71895758024966623E-003	4.59904101977330095E-003	1.11991656047636659E-003	5.13380481393143923E-003	2.50329333456496099E-003	-1	2.63051147936647824E-003	-1	OK
79.750000000000000	1.06605945834834480E-002	5.62209030269414465E-003	4.51829971007690259E-003	1.10379059261724185E-003	5.03850428078930421E-003	2.45625447073681428E-003	-1	2.58224981005248993E-003	-1	OK
80.000000000000000	1.04723537074871940E-002	5.52712332572993879E-003	4.43919770828575273E-003	1.08792561744418519E-003	4.94523038175725613E-003	2.41022900039408175E-003	-1	2.53500138136317438E-003	-1	OK
80.250000000000000	1.02879495477365898E-002	5.43401380332002824E-003	4.36169707255150505E-003	1.07231673076852146E-003	4.85393574441656244E-003	2.36519249584598223E-003	-1	2.48874324857058021E-003	-1	OK
80.500000000000000	1.01072897262069472E-002	5.34271991167886880E-003	4.28576083893914602E-003	1.05695907273972516E-003	4.76456981452807755E-003	2.32111171939899637E-003	-1	2.44345809512908118E-003	-1	OK
80.750000000000000	9.93029119993417940E-003	5.25320164366700759E-003	4.21135317785499910E-003	1.04184846581200979E-003	4.67708955626717181E-003	2.27797094969293869E-003	-1	2.39911860657423311E-003	-1	OK
81.000000000000000	9.75687688471784699E-003	5.16541978343065464E-003	4.13843910661699458E-003	1.02698067681366049E-003	4.59145710128719235E-003	2.23574892901200846E-003	-1	2.35570817227518390E-003	-1	OK
81.250000000000000	9.58701853186373285E-003	5.07935630179915179E-003	4.06699820762623787E-003	1.01235809417291457E-003	4.50766223006458105E-003	2.19444004145600549E-003	-1	2.31322218860857557E-003	-1	OK
81.500000000000000	9.42051502062541193E-003	4.99493276484782017E-003	3.99696966331913785E-003	9.97963101528681878E-004	4.42558225577759177E-003	2.15399408133691702E-003	-1	2.27158817444067474E-003	-1	OK
81.750000000000000	9.25734097786957283E-003	4.91213342959075962E-003	3.92833501007143395E-003	9.83798419519325666E-004	4.34520754827881321E-003	2.11440252467363010E-003	-1	2.23080502360518311E-003	-1	OK
82.000000000000000	9.09742798328953134E-003	4.83092227745542634E-003	3.86106263690966667E-003	9.69859640545759120E-004	4.26650570583410414E-003	2.07564514451276513E-003	-1	2.19086056132133901E-003	-1	OK
82.250000000000000	8.94070720609217023E-003	4.75126447177559412E-003	3.79512180458942095E-003	9.56142667186173165E-004	4.18944273431657611E-003	2.03770213566936177E-003	-1	2.15174059864721434E-003	-1	OK
82.500000000000000	8.78710330791441716E-003	4.67312679160454547E-003	3.73048272052307764E-003	9.42644071081467612E-004	4.11397651630987168E-003	2.00055413193056834E-003	-1	2.11342238437930334E-003	-1	OK
82.750000000000000	8.63654784220559135E-003	4.59647688663160012E-003	3.66711628087870549E-003	9.29360605752895712E-004	4.04007095557399210E-003	1.96418230252643974E-003	-1	2.07588865304755236E-003	-1	OK
83.000000000000000	8.48897138126775662E-003	4.52128254982760765E-003	3.60499398505672751E-003	9.16288564770879822E-004	3.96768883144014897E-003	1.92856861757966739E-003	-1	2.03912021386048158E-003	-1	OK
83.250000000000000	8.34430616133262013E-003	4.44751223130448493E-003	3.54408802064253535E-003	9.03424210661948500E-004	3.89679393002813563E-003	1.89369519039592205E-003	-1	2.00309873963221358E-003	-1	OK
83.500000000000000	8.20248493180922127E-003	4.37513507655429811E-003	3.48437126335031811E-003	8.90763813203980319E-004	3.82734985525492359E-003	1.85954443082732442E-003	-1	1.96780542442759939E-003	-1	OK
83.750000000000000	8.06344604029008913E-003	4.30412087830417314E-003	3.42581725834302997E-003	8.78303619961141977E-004	3.75932516198591599E-003	1.82609945904164289E-003	-1	1.93322570294427311E-003	-1	OK
84.000000000000000	7.92712733567653254E-003	4.23443993688961233E-003	3.36840019008782365E-003	8.66039746801787274E-004	3.69268739878691977E-003	1.79334382688427132E-003	-1	1.89934357190264845E-003	-1	OK
84.250000000000000	7.79346878924432138E-003	4.16606394765055201E-003	3.31209500101255607E-003	8.53968946637995185E-004	3.62740484159376937E-003	1.76126150463711364E-003	-1	1.86614333695665573E-003	-1	OK
84.500000000000000	7.66241134064987641E-003	4.09896519043981798E-003	3.25687725999458406E-003	8.42087930445234358E-004	3.56344615021005843E-003	1.72983648281449997E-003	-1	1.83360966739555846E-003	-1	OK
84.750000000000000	7.53390639496110803E-003	4.03311681668564077E-003	3.20272314066868870E-003	8.30393676016953262E-004	3.50078957827546725E-003	1.69905391478123282E-003	-1	1.80173566349423444E-003	-1	OK
85.000000000000000	7.40789369237985877E-003	3.96849245541728082E-003	3.14960940909926341E-003	8.18883046318017956E-004	3.43940123696257795E-003	1.66889905045571833E-003	-1	1.77050218650685962E-003	-1	OK
85.250000000000000	7.28431385805774698E-003	3.90506671745496307E-003	3.09751342570180549E-003	8.07553291753157357E-004	3.37924714060278391E-003	1.63935749657057581E-003	-1	1.73988964403220809E-003	-1	OK
85.500000000000000	7.16311022469253572E-003	3.84281412542508520E-003	3.04641296708821644E-003	7.96401158336868865E-004	3.32029609926745009E-003	1.61041527616103157E-003	-1	1.70988082310641852E-003	-1	OK
85.750000000000000	7.04423545889041811E-003	3.78170961340882836E-003	2.99628631550527937E-003	7.85423297903549097E-004	3.26252584548158931E-003	1.58205849300109948E-003	-1	1.68046735248048983E-003	-1	OK
86.000000000000000	6.92763078719665741E-003	3.72172883354701493E-003	2.94711233033908854E-003	7.74616503207926389E-004	3.20590195364964248E-003	1.55427382897931109E-003	-1	1.65162812467033139E-003	-1	OK
86.250000000000000	6.81325202801780910E-003	3.66284816826021806E-003	2.89887041922169382E-003	7.63977749038524125E-004	3.15040385975759061E-003	1.52705061861215506E-003	-1	1.62335324114543556E-003	-1	OK
86.500000000000000	6.70105244429473890E-003	3.60504469968856486E-003	2.85154051324892823E-003	7.53504186439636083E-004	3.09600774460617361E-003	1.50037477935376909E-003	-1	1.59563296525240452E-003	-1	OK
86.750000000000000	6.59098478296152833E-003	3.54829624248095832E-003	2.80510306629076387E-003	7.43193176190194661E-004	3.04268854048057001E-003	1.47423282627672956E-003	-1	1.56845571420384045E-003	-1	OK
87.000000000000000	6.48300359834359796E-003	3.49258089935787584E-003	2.75953895273964257E-003	7.33041946618234134E-004	2.99042269898572213E-003	1.44861261454612617E-003	-1	1.54181008443959595E-003	-1	OK
87.250000000000000	6.37706324636358110E-003	3.43787715435861464E-003	2.71482947784365330E-003	7.23047676514960254E-004	2.93918609200496646E-003	1.42350240332642032E-003	-1	1.51568368867854614E-003	-1	OK
87.500000000000000	6.27311975004546992E-003	3.38416401945036173E-003	2.67095640073412247E-003	7.13207618716240124E-004	2.88895573059510819E-003	1.39889078045483538E-003	-1	1.49006495014027281E-003	-1	OK
87.750000000000000	6.17112908801831228E-003	3.33142112830125698E-003	2.62790196001612669E-003	7.03519168285130295E-004	2.83970795971705573E-003	1.37476318525568122E-003	-1	1.46494477446137451E-003	-1	OK
88.000000000000000	6.07104863002900976E-003	3.27962836798787512E-003	2.58564876545590381E-003	6.93979602531971315E-004	2.79142026204113464E-003	1.35110065536631291E-003	-1	1.44031960667482173E-003	-1	OK
88.250000000000000	5.97284010710657197E-003	3.22876628049400920E-003	2.54417989798997593E-003	6.84586382504035113E-004	2.74407382661256277E-003	1.32790267699349116E-003	-1	1.41617114961907161E-003	-1	OK
88.500000000000000	5.87646394047199212E-003	3.17881614900352664E-003	2.50347886888013923E-003	6.75337280123387298E-004	2.69764779146846592E-003	1.30516069585512404E-003	-1	1.39248709561334187E-003	-1	OK
88.750000000000000	5.78188138163642298E-003	3.12975961008009297E-003	2.46352955377782861E-003	6.66230056302264794E-004	2.65212177155633002E-003	1.28286461362915713E-003	-1	1.36925715792717288E-003	-1	OK
89.000000000000000	5.68905427553203537E-003	3.08157833741525260E-003	2.42431613184557150E-003	6.57262205569681107E-004	2.60747593811678276E-003	1.26100457528782782E-003	-1	1.34647136282895494E-003	-1	OK
89.250000000000000	5.59794531354849707E-003	3.03425433169734853E-003	2.38582316154495495E-003	6.48431170152393680E-004	2.56369098185114854E-003	1.23957106471279921E-003	-1	1.32411991713834933E-003	-1	OK
89.500000000000000	5.50851638472065613E-003	2.98777012556680419E-003	2.34803557710472127E-003	6.39734548462084001E-004	2.52074625915385151E-003	1.21855456885395521E-003	-1	1.30219169029989631E-003	-1	OK
89.750000000000000	5.42073483340301063E-003	2.94210875780902877E-003	2.31093871846773779E-003	6.31170039341290333E-004	2.47862607559398186E-003	1.19794593442658424E-003	-1	1.28068014116739762E-003	-1	OK
90.000000000000000	5.33456424840277402E-003	2.89725382063948586E-003	2.27451827176217798E-003	6.22735548877307340E-004	2.43731042776328816E-003	1.17773622772121881E-003	-1	1.25957420004206935E-003	-1	OK
90.250000000000000	5.24997182918298527E-003	2.85318902716182043E-003	2.23876021840457807E-003	6.14428808757241929E-004	2.39678280202116440E-003	1.15791672612844529E-003	-1	1.23886607589271912E-003	-1	OK
90.500000000000000	5.16693372291317492E-003	2.80989885445168423E-003	2.20365093149888858E-003	6.06247922952795216E-004	2.35703486846149069E-003	1.13847892172758256E-003	-1	1.21855594673390814E-003	-1	OK
90.750000000000000	5.08540981482120090E-003	2.76736793096875235E-003	2.16917704954769103E-003	5.98190881421061210E-004	2.31804188385244898E-003	1.11941451254223261E-003	-1	1.19862737131021637E-003	-1	OK
91.000000000000000	5.00536921812084860E-003	2.72558103236292390E-003	2.13532548292554979E-003	5.90255549437373886E-004	2.27978818575792514E-003	1.10071540507949593E-003	-1	1.17907278067842921E-003	-1	OK
91.250000000000000	4.92678306280476715E-003	2.68452314788132293E-003	2.10208341735597208E-003	5.82439730525350524E-004	2.24225991492344465E-003	1.08237371099426929E-003	-1	1.15988620392917536E-003	-1	OK
91.500000000000000	4.84961849543244766E-003	2.64417960283584849E-003	2.06943834093113212E-003	5.74741261904716263E-004	2.20543889259659917E-003	1.06438365789250948E-003	-1	1.14105523470408969E-003	-1	OK
91.750000000000000	4.77384653557967609E-003	2.60453615554154033E-003	2.03737806817753031E-003	5.67158087364010455E-004	2.16931038003813532E-003	1.04673756909933217E-003	-1	1.12257281093880315E-003	-1	OK
92.000000000000000	4.69943934398024850E-003	2.56557900512851319E-003	2.00589070290967467E-003	5.59688302218839281E-004	2.13386033885173488E-003	1.02942642250712082E-003	-1	1.10443391634461405E-003	-1	OK
92.250000000000000	4.62636930525294528E-003	2.52729474468579244E-003	1.97496465005920184E-003	5.52330094626589732E-004	2.09907456056715284E-003	1.01244323502676066E-003	-1	1.08663132554039218E-003	-1	OK
92.500000000000000	4.55461120760700805E-003	2.48967041339311426E-003	1.94458859181058071E-003	5.45081821582534204E-004	2.06494079421389379E-003	9.95780990862569007E-004	-1	1.06915980335132478E-003	-1	OK
92.750000000000000	4.48414111679619476E-003	2.45269319200316959E-003	1.91475143607014323E-003	5.37941755933025708E-004	2.03144792479302474E-003	9.79432453681650106E-004	-1	1.05201547111137463E-003	-1	OK
93.000000000000000	4.41492773571715812E-003	2.41635036360377193E-003	1.88544230431020679E-003	5.30908059293565249E-004	1.99857737211338576E-003	9.63390958094462440E-004	-1	1.03518641401892332E-003	-1	OK
93.250000000000000	4.34694456982244806E-003	2.38062933492605129E-003	1.85665054336412306E-003	5.23978791561927905E-004	1.96631523489639720E-003	9.47649947773806763E-004	-1	1.01866528712259044E-003	-1	OK
93.500000000000000	4.28016702105681480E-003	2.34551790002747841E-003	1.82836576068157956E-003	5.17152139345899726E-004	1.93464912102933660E-003	9.32202700745368880E-004	-1	1.00244642028396772E-003	-1	OK
93.750000000000000	4.21457139222210751E-003	2.31100421242288112E-003	1.80057781522489327E-003	5.10426397197987305E-004	1.90356717979922639E-003	9.17043020170943998E-004	-1	9.86524159628282288E-004	-1	OK
94.000000000000000	4.15013365574205297E-003	2.27707666390143237E-003	1.77327679952873712E-003	5.03799864372695577E-004	1.87305699184062038E-003	9.02165381522186259E-004	-1	9.70891610318434122E-004	-1	OK
94.250000000000000	4.08683042516653876E-003	2.24372402015545142E-003	1.74645304361620594E-003	4.97270976539245044E-004	1.84310640501108756E-003	8.87563883146330872E-004	-1	9.55542521864756684E-004	-1	OK
94.500000000000000	4.02463916084652706E-003	2.21093520618135348E-003	1.72009709000177174E-003	4.90838116179581315E-004	1.81370395466517315E-003	8.73232647678154643E-004	-1	9.40471306987018503E-004	-1	OK
94.750000000000000	3.96353806039051720E-003	2.17869968258715008E-003	1.69419973097471887E-003	4.84499951612431322E-004	1.78483837780336690E-003	8.59166036575383964E-004	-1	9.25672341227982932E-004	-1	OK
95.000000000000000	3.90350450250415062E-003	2.14700683327049592E-003	1.66875189003058786E-003	4.78254943239907789E-004	1.75649766923365470E-003	8.45358534298931100E-004	-1	9.11139134934723597E-004	-1	OK
95.250000000000000	3.84451736294529273E-003	2.11584617271658951E-003	1.64374467923872336E-003	4.72101493477866316E-004	1.72867119022870322E-003	8.31804759845399607E-004	-1	8.96866430383303609E-004	-1	OK
95.500000000000000	3.78655670775255747E-003	2.08520738585824417E-003	1.61916939773128405E-003	4.66037988126960935E-004	1.70134932189431329E-003	8.18499455789366303E-004	-1	8.82849866104946988E-004	-1	OK
95.750000000000000	3.72960222311435928E-003	2.05508033549008573E-003	1.59501754087946210E-003	4.60062794610623679E-004	1.67452188762427356E-003	8.05437487356034320E-004	-1	8.69084400268239237E-004	-1	OK
96.000000000000000	3.67349776534419119E-003	2.02545533647736399E-003	1.57128084089817486E-003	4.54174495579189237E-004	1.64804242886682699E-003	7.92613834454666670E-004	-1	8.55428594412160318E-004	-1	OK
96.250000000000000	3.61849813354342496E-003	1.99632298639310308E-003	1.54795122631702403E-003	4.48371760076078988E-004	1.62217514715032188E-003	7.80023588534899115E-004	-1	8.42151558615422766E-004	-1	OK
96.500000000000000	3.56444584639517038E-003	1.96767409055326669E-003	1.52502079361030158E-003	4.42653296942964729E-004	1.59677175584190369E-003	7.67661960159609367E-004	-1	8.29109795682294324E-004	-1	OK
96.750000000000000	3.51132321329001521E-003	1.93949946036104780E-003	1.50248177679563537E-003	4.37017683565412167E-004	1.57182375292896741E-003	7.55524272408837063E-004	-1	8.16299480520130344E-004	-1	OK
97.000000000000000	3.45911215874864994E-003	1.91179018792809151E-003	1.48032659772206468E-003	4.31463590206026669E-004	1.54732197082055843E-003	7.43605956074487639E-004	-1	8.03716014746070793E-004	-1	OK
97.250000000000000	3.40779423848152577E-003	1.88453749730053055E-003	1.45854782317033998E-003	4.25989674130190516E-004	1.52325674118099544E-003	7.31902761319061924E-004	-1	7.91353979861933519E-004	-1	OK
97.500000000000000	3.35735178383376760E-003	1.85773281641245106E-003	1.43713820952111240E-003	4.20594606891338608E-004	1.49961896742131632E-003	7.20410211058416833E-004	-1	7.79208756362899488E-004	-1	OK
97.750000000000000	3.30776876370858768E-003	1.83136781505038328E-003	1.41609066301500233E-003	4.15277152035380733E-004	1.47640094865820418E-003	7.09123905227414275E-004	-1	7.67277043430789909E-004	-1	OK
98.000000000000000	3.25902850408262175E-003	1.80543428075470168E-003	1.39539824164915528E-003	4.10036039105546020E-004	1.45359422332791985E-003	6.98039669989192505E-004	-1	7.55554553338727347E-004	-1	OK
98.250000000000000	3.21111496316948963E-003	1.77992436786822807E-003	1.37505418481115478E-003	4.04870183057073560E-004	1.43119059530126178E-003	6.87153424307688728E-004	-1	7.44037170993573052E-004	-1	OK
98.500000000000000	3.16401246969819517E-003	1.75483028200141633E-003	1.35505184718114568E-003	3.99778434820269952E-004	1.40918218769677862E-003	6.76461192437465973E-004	-1	7.32720995259312645E-004	-1	OK
98.750000000000000	3.11770545115545947E-003	1.73014428882798397E-003	1.33538470252006253E-003	3.94759586307920948E-004	1.38756116232747551E-003	6.65958953310471602E-004	-1	7.21602209017003907E-004	-1	OK
99.000000000000000	3.07217847555825083E-003	1.70585881684390088E-003	1.31604636801176383E-003	3.89812448832136673E-004	1.36631965871435016E-003	6.55642909469571059E-004	-1	7.10676749244779104E-004	-1	OK
99.250000000000000	3.02741670466094223E-003	1.68196648868770707E-003	1.29703060576099043E-003	3.84935882926716372E-004	1.34545021597323538E-003	6.45509223145429708E-004	-1	6.99940992827805669E-004	-1	OK
99.500000000000000	2.98340716331327652E-003	1.65846003813595322E-003	1.27833130260562281E-003	3.80128735530329762E-004	1.32494712517732330E-003	6.35552707696354700E-004	-1	6.89394417480968598E-004	-1	OK
99.750000000000000	2.94013453355793271E-003	1.63533226947017466E-003	1.25994246041959113E-003	3.75389809050583967E-004	1.30480226408775804E-003	6.25771626410823179E-004	-1	6.79030637676934865E-004	-1	OK
100.00000000000000	2.89758567322872130E-003	1.61257629931122436E-003	1.24185825086348296E-003	3.70718048447742478E-004	1.28500937391749716E-003	6.16162502796280482E-004	-1	6.68846871121216678E-004	-1	OK
