#pt	totcs	totdirect	directLO	directNLO	totfrag	fragLO	err_fragLO	fragNLO	err_fragNLO	errmess
0.50000000000000000	321743076.24934375	-106813947.83985774	30369643.927835871	-137183591.76769361	428557024.08920151	221336576.07089165	-1	207220448.01830986	-1	Error
0.75000000000000000	87935923.351178676	-19034700.948681287	11581748.588153953	-30616449.536835238	106970624.29985996	56170769.474785507	-1	50799854.825074449	-1	Error
1.0000000000000000	28751707.330280606	-4655933.1608410589	4735568.0013770880	-9391501.1622181479	33407640.491121665	17825508.175540362	-1	15582132.315581303	-1	Error
1.2500000000000000	11196896.871790070	-1352065.0463723084	2172916.1074258443	-3524981.1537981522	12548961.918162378	6866040.6584343733	-1	5682921.2597280042	-1	Error
1.5000000000000000	4973404.5397096816	-424037.02494873945	1099763.1352852143	-1523800.1602339540	5397441.5646584211	3068295.2110488885	-1	2329146.3536095326	-1	Error
1.7500000000000000	2512011.4872398470	-130461.32864958327	605085.24814496189	-735546.57679454482	2642472.8158894302	1526537.4460697023	-1	1115935.3698197280	-1	Error
2.0000000000000000	1389256.4022711837	-30586.887656433624	355216.16161575750	-385803.04927219101	1419843.2899276172	822724.06679725146	-1	597119.22313036572	-1	Error
2.2500000000000000	818607.60753050377	3690.3248946663225	219710.66641427175	-216020.34151960543	814917.28263583744	474277.26176636951	-1	340640.02086946793	-1	Error
2.5000000000000000	507119.70355874556	14341.721166539763	141842.69397726463	-127500.97281072488	492777.98239220580	288948.90086452814	-1	203829.08152767766	-1	Error
2.7500000000000000	327220.98570457980	16299.949988664244	94894.020593546549	-78594.070604882290	310921.03571591555	183927.33705091089	-1	126993.69866500466	-1	Error
3.0000000000000000	219464.76970155578	15192.285846292638	65434.802770754555	-50242.516924461932	204272.48385526316	121485.01609286253	-1	82787.467762400629	-1	Error
3.2500000000000000	151882.65820337695	13179.071642102004	46306.630223852597	-33127.558581750585	138703.58656127495	82792.121555265054	-1	55911.465006009894	-1	Error
3.5000000000000000	107783.59594374965	11081.862851837286	33514.231513064864	-22432.368661227571	96701.733091912363	57910.258494790032	-1	38791.474597122331	-1	Error
3.7500000000000000	78272.665038998413	9190.4278312843308	24736.750270316523	-15546.322439032194	69082.237207714090	41411.043686649216	-1	27671.193521064873	-1	Error
4.0000000000000000	57872.138445723242	7582.0692655826788	18577.525985022057	-10995.456719439379	50290.069180140563	30186.592219578641	-1	20103.476960561922	-1	OK
4.2500000000000000	43574.285449096220	6251.2091054102966	14168.979077033420	-7917.7699716231264	37323.076343685927	22408.522598652067	-1	14914.553745033860	-1	OK
4.5000000000000000	33317.095623426474	5163.3862205560617	10956.905329421967	-5793.5191088659021	28153.709402870416	16895.434876588366	-1	11258.274526282050	-1	OK
4.7500000000000000	25820.425006475936	4278.5915507674654	8578.9992182467067	-4300.4076674792414	21541.833455708471	12920.729811741112	-1	8621.1036439673589	-1	OK
5.0000000000000000	20258.551035763143	3559.5649531793861	6793.1626457799466	-3233.5976926005569	16698.986082583757	10008.132818747885	-1	6690.8532638358720	-1	OK
5.2500000000000000	16073.219273777246	2974.3680315088368	5434.4016273109210	-2460.0335958020810	13098.851242268409	7855.7840148658315	-1	5243.0672274025774	-1	OK
5.5000000000000000	12871.510085396825	2496.7175861944115	4388.2520527252427	-1891.5344665308335	10374.792499202415	6222.3261658698057	-1	4152.4663333326089	-1	OK
5.7500000000000000	10405.782961062330	2105.4522923559807	3574.0248176914388	-1468.5725253354560	8300.3306687063487	4975.7111704778727	-1	3324.6194982284760	-1	OK
6.0000000000000000	8488.2197409823784	1783.6253271733617	2933.9622185994699	-1150.3368914261068	6704.5944138090172	4014.9104754376449	-1	2689.6839383713723	-1	OK
6.2500000000000000	6970.7465724408030	1517.7369435972660	2426.1615130720315	-908.42456947476546	5453.0096288435370	3267.0673365470243	-1	2185.9422922965127	-1	OK
6.5000000000000000	5771.1244495120372	1297.0706126369646	2019.8533646284538	-722.78275199148845	4474.0538368750722	2677.8558392126006	-1	1796.1979976624716	-1	OK
6.7500000000000000	4809.7017550541987	1113.1075004214076	1692.1808466758669	-579.07334625445878	3696.5942546327906	2210.4843900456744	-1	1486.1098645871161	-1	OK
7.0000000000000000	4033.1207184454388	959.06324572629978	1425.9824586045734	-466.91921287827432	3074.0574727191392	1832.8916125788264	-1	1241.1658601403128	-1	OK
7.2500000000000000	3398.9918363778679	829.51489387063270	1208.2434877956227	-378.72859392498958	2569.4769425072350	1532.0395550704850	-1	1037.4373874367500	-1	OK
7.5000000000000000	2882.0837506399421	720.10721672616114	1029.0018318295538	-308.89461510339254	2161.9765339137807	1287.8068440805976	-1	874.16968983318316	-1	OK
7.7500000000000000	2456.5768213706037	627.33339565163192	880.56669342622001	-253.23329777458849	1829.2434257189718	1088.1983660353369	-1	741.04505968363492	-1	OK
8.0000000000000000	2107.1000107123605	548.35487757434828	756.95164942777092	-208.59677185342267	1558.7451331380121	924.16325010924913	-1	634.58188302876295	-1	OK
8.2500000000000000	1811.4311566142239	480.86646946535575	653.46178824632045	-172.59531878096456	1330.5646871488682	788.54260854524762	-1	542.02207860362057	-1	OK
8.5000000000000000	1564.7277005810647	422.98795155625760	566.38837495828864	-143.40042340203138	1141.7397490248072	675.70553962051326	-1	466.03420940429396	-1	OK
8.7500000000000000	1356.7970432405100	373.17706620636989	492.78212385904749	-119.60505765267774	983.61997703413999	581.44384163548455	-1	402.17613539865545	-1	OK
9.0000000000000000	1180.9601950564606	330.16455206610414	430.28301944671284	-100.11846738060862	850.79564299035655	502.34094340465657	-1	348.45469958569998	-1	OK
9.2500000000000000	1031.5211589288151	292.90221799835979	376.99124520926784	-84.089027210908100	738.61894093045532	435.64353035202959	-1	302.97541057842574	-1	OK
9.5000000000000000	904.02905802985538	260.52028734715833	331.36849770805821	-70.848210360899884	643.50877068269699	379.13938561503380	-1	264.36938506766319	-1	OK
9.7500000000000000	794.83321244420654	232.29566276948350	292.16289729021378	-59.867234520730278	562.53754967472310	331.07025131926292	-1	231.46729835546017	-1	OK
10.000000000000000	700.94493249982509	207.62382907598828	258.35013066480684	-50.726301588818700	493.32110342383680	290.03274391990499	-1	203.28835950393182	-1	OK
10.250000000000000	619.91958213741509	185.99797630698725	229.08812823865557	-43.090151931668345	433.92160583042784	254.85963746515552	-1	179.06196836527232	-1	OK
10.500000000000000	549.76243401794682	166.99172589143362	203.68141804536756	-36.689692153933983	382.77070812651323	224.60247724230322	-1	158.16823088421000	-1	OK
10.750000000000000	488.82249718770328	150.24499778269853	181.55305768857639	-31.308059905877936	338.57749940500474	198.48543688690140	-1	140.09206251810335	-1	OK
11.000000000000000	435.73326471332246	135.45291622066301	162.22241330015623	-26.769497079493163	300.28034849265941	175.86918989107554	-1	124.41115860158388	-1	OK
11.250000000000000	389.16740060832478	122.35643427963956	145.28751273479875	-22.931078455159223	266.81096632868520	156.22590670473534	-1	110.58505962394986	-1	OK
11.500000000000000	348.53387676089051	110.73475536025569	130.41082148964168	-19.676066129385973	237.79912140063479	139.11593054304535	-1	98.683190857589437	-1	OK
11.750000000000000	312.83581502295965	100.39918439786121	117.30795484978432	-16.908770451923115	212.43663062509847	124.17381928690628	-1	88.262811338192193	-1	OK
12.000000000000000	281.39983851057866	91.187817113701385	105.73834344111346	-14.550526327412033	190.21202139687730	111.08816715405646	-1	79.123854242820840	-1	OK
12.250000000000000	253.63905822554298	82.961592314823577	95.497917015658203	-12.536324700834662	170.67746591071941	99.596706396371815	-1	71.080759514347591	-1	OK
12.500000000000000	229.06660181040553	75.600689539919628	86.412941327405022	-10.812251787485392	153.46591227048589	89.481690096542692	-1	63.984222173943195	-1	OK
12.750000000000000	207.26392423932271	69.001477345583439	78.335053591572390	-9.3335762459889207	138.26244689373925	80.553857721460119	-1	57.708589172279133	-1	OK
13.000000000000000	187.87599583047603	63.074238847956181	71.137142377923539	-8.0629035299673859	124.80175698251985	72.655009411659634	-1	52.146747570860214	-1	OK
13.250000000000000	170.60044757276975	57.741033063123226	64.710022637378330	-6.9689895742550920	112.85941450964653	65.650526807616387	-1	47.208887702030140	-1	OK
13.500000000000000	155.16849367945366	52.934040161178864	58.959707538559961	-6.0256673773810974	102.23445351827480	59.427212741956346	-1	42.807240776318459	-1	OK
13.750000000000000	141.35931076354723	48.594101514511308	53.805038603740911	-5.2109370892296019	92.765209249035934	53.885719268464527	-1	38.879489980571407	-1	OK
14.000000000000000	128.94223155327157	44.669514086801875	49.175744422233983	-4.5062303354320870	84.272717466469686	48.940589497763462	-1	35.332127968706224	-1	OK
14.250000000000000	117.83112406561554	41.114949666925433	45.010827467662281	-3.8958778007368466	76.716174398690114	44.520124743887351	-1	32.196049654802763	-1	OK
14.500000000000000	107.83468151848558	37.890661366054971	41.257221071822158	-3.3665597057671857	69.944020152430610	40.561262113709041	-1	29.382758038721569	-1	OK
14.750000000000000	98.825732496090069	34.961611317329464	37.868631841477658	-2.9070205241481979	63.864121178760598	37.009409823312197	-1	26.854711355448401	-1	OK
15.000000000000000	90.693559061605370	32.297013498578593	34.804621533307575	-2.5076080347289689	58.396545563026777	33.817367520702881	-1	24.579178042323896	-1	OK
15.250000000000000	83.340268771765523	29.869605408874154	32.029747529137452	-2.1601421202633082	53.470663362891372	30.943703740468511	-1	22.526959622422861	-1	OK
15.500000000000000	76.638528223547453	27.655294009365821	29.512911960467733	-1.8576179511019082	48.983234214181628	28.353305265649674	-1	20.629928948531955	-1	OK
15.750000000000000	70.602834862451999	25.632755553590037	27.226765733469847	-1.5940101798798103	44.970079308861969	26.013597794219358	-1	18.956481514642611	-1	OK
16.000000000000000	65.120771233221518	23.783019665144003	25.147198602722959	-1.3641789375789573	41.337751568077522	23.897378188339907	-1	17.440373379737615	-1	OK
16.250000000000000	60.134252702506132	22.089245009463216	23.252930810871614	-1.1636858014083995	38.045007693042912	21.983917499486534	-1	16.061090193556378	-1	OK
16.500000000000000	55.592579901221683	20.536420082056718	21.525134424691302	-0.98871434263457736	35.056159819164968	20.244470200790339	-1	14.811689618374629	-1	OK
16.750000000000000	51.450451536915580	19.111146208877202	19.947124747672440	-0.83597853879523421	32.339305328038378	18.664490736794772	-1	13.674814591243607	-1	OK
17.000000000000000	47.667625726083251	17.801475871203564	18.504096043002765	-0.70262017179919967	29.866149854879687	17.227115756503178	-1	12.639034098376509	-1	OK
17.250000000000000	44.208702366696542	16.596693615573159	17.182876439322694	-0.58618282374953468	27.612008751123380	15.917764167840092	-1	11.694244583283288	-1	OK
17.500000000000000	41.042168921182039	15.487205085570537	15.971737558649901	-0.48453247307936370	25.554963835611503	14.723366794207465	-1	10.831597041404038	-1	OK
17.750000000000000	38.139661386434206	14.464415839354562	14.860219780959271	-0.39580394160470778	23.675245547079644	13.632278259144689	-1	10.042967287934955	-1	OK
18.000000000000000	35.476288750886361	13.520573990256304	13.838971946165955	-0.31839795590965020	21.955714760630059	12.634737680320306	-1	9.3209770803097527	-1	OK
18.250000000000000	33.029381277735283	12.648722832258017	12.899631730236223	-0.25090889797820531	20.380658445477270	11.721653084779907	-1	8.6590053606973623	-1	OK
18.500000000000000	30.779175340911738	11.842602121829390	12.034706515289344	-0.19210439345995375	18.936573219082348	10.884903018276656	-1	8.0516702008056917	-1	OK
18.750000000000000	28.707639663425915	11.096534785132715	11.237465841784417	-0.14093105665170105	17.611104878293201	10.117037813094303	-1	7.4940670651988981	-1	OK
19.000000000000000	26.798527865292876	10.405419395662287	10.501869243268391	-9.64498476061044913E-002	16.393108469630590	9.4115658086302183	-1	6.9815426610003719	-1	OK
19.250000000000000	25.037226589417056	9.7646393166975844	9.8224780589599607	-5.78387422623747524E-002	15.272587272719472	8.7629905649327391	-1	6.5095967077867325	-1	OK
19.500000000000000	23.410829806649648	9.1699915586544272	9.1943876167646472	-2.43960581102159978E-002	14.240838247995221	8.1661280250305541	-1	6.0747102229646668	-1	OK
19.750000000000000	21.907120189600775	8.6176811818549854	8.6131778446188019	4.50333723618523071E-003	13.289439007745788	7.6163722420093798	-1	5.6730667657364080	-1	OK
20.000000000000000	20.515770596276482	8.1042743630641745	8.0748567719908078	2.94175910733693799E-002	12.411496233212306	7.1094897511858557	-1	5.3020064820264503	-1	OK
20.250000000000000	19.227404437173689	7.6266320506330239	7.5758100765066594	5.08219741263649868E-002	11.600772386540664	6.6416576996124306	-1	4.9591146869282330	-1	OK
20.500000000000000	18.024631492016631	7.1819021766324118	7.1127663785130251	6.91357981193843896E-002	10.842729315384219	6.2094531210791954	-1	4.6332761943050231	-1	OK
20.750000000000000	16.917478920922431	6.7675025654479173	6.6827626129926081	8.47399524553100469E-002	10.149976355474514	5.8097919359048165	-1	4.3401844195696979	-1	OK
21.000000000000000	15.889436396139454	6.3810604331749303	6.2831021863409626	9.79582468339692813E-002	9.5083759629645233	5.4398972431439514	-1	4.0684787198205719	-1	OK
21.250000000000000	14.934199640952453	6.0204140705466838	5.9113390501615264	0.10907502038515947	8.9137855704057696	5.0972832860811375	-1	3.8165022843246321	-1	OK
21.500000000000000	14.046513238068691	5.6835994813548814	5.5652516558183969	0.11834782553648442	8.3629137567138105	4.7796337723892988	-1	3.5832799843245118	-1	OK
21.750000000000000	13.219722256418338	5.3688202443571722	5.2428162257600199	0.12600401859714994	7.8509020120611659	4.4848805990592275	-1	3.3660214130019384	-1	OK
22.000000000000000	12.449727291750323	5.0744230022736740	4.9421861164677248	0.13223688580594853	7.3753042894766487	4.2111578650506072	-1	3.1641464244260415	-1	OK
22.250000000000000	11.731947956781269	4.7989005860926035	4.6616784044056212	0.13722218168698461	6.9330473706886657	3.9567698907228621	-1	2.9762774799658036	-1	OK
22.500000000000000	11.062511788349383	4.5408743590964313	4.3997563135739153	0.14111804552251639	6.5216374292529524	3.7201677649281364	-1	2.8014696643248160	-1	OK
22.750000000000000	10.437547609865423	4.2990704665887272	4.1550127626130644	0.14405770397566470	6.1384771432766962	3.4999391363587717	-1	2.6385380069179245	-1	OK
23.000000000000000	9.8537567528808125	4.0723215498857606	3.9261609970045854	0.14616055288117663	5.7814352029950511	3.2947985233750718	-1	2.4866366796199793	-1	OK
23.250000000000000	9.3079543872179258	3.8595572212714271	3.7120231088267817	0.14753411244464376	5.4483971659464991	3.1035934899817987	-1	2.3448036759647004	-1	OK
23.500000000000000	8.7974713155500979	3.6597926212674015	3.5115189979040120	0.14827362336339112	5.1376786942826955	2.9252427909750431	-1	2.2124359033076524	-1	OK
23.750000000000000	8.3196211990533158	3.4721179460689928	3.3236569180502720	0.14846102801872038	4.8475032529843229	2.7587529114550837	-1	2.0887503415292392	-1	OK
24.000000000000000	7.8720279761549765	3.2956947207903622	3.1475262103203936	0.14816851046996957	4.5763332553646139	2.6032283360932156	-1	1.9731049192713983	-1	OK
24.250000000000000	7.4526140434215407	3.1297538461469547	2.9822908012277463	0.14746304491920745	4.3228601972745864	2.4578635160719076	-1	1.8649966812026788	-1	OK
24.500000000000000	7.0591463192340109	2.9735829689940170	2.8271808896139894	0.14640207938002944	4.0855633502399940	2.3218785946381968	-1	1.7636847556017972	-1	OK
24.750000000000000	6.6899366845052928	2.8265222229348308	2.6814874606229360	0.14503476231189366	3.8634144615704615	2.1946004957926482	-1	1.6688139657778134	-1	OK
25.000000000000000	6.3432455273838375	2.6879647087831118	2.5445578981229087	0.14340681066020311	3.6552808186007262	2.0753973473990448	-1	1.5798834712016814	-1	OK
25.250000000000000	6.0175095547300170	2.5573490293115286	2.4157903366726177	0.14155869263891019	3.4601605254184884	1.9636879427940652	-1	1.4964725826244232	-1	OK
25.500000000000000	5.7112542609560144	2.4341542708479906	2.2946290429446257	0.13952522790336580	3.2770999901080233	1.8589374484324004	-1	1.4181625416756229	-1	OK
25.750000000000000	5.4231214760338986	2.3178971873417447	2.1805606838349880	0.13733650350675608	3.1052242886921535	1.7606537477856288	-1	1.3445705409065247	-1	OK
26.000000000000000	5.1519526746588298	2.2081317380428533	2.0731112762278521	0.13502046181500107	2.9438209366159769	1.6683841333238274	-1	1.2754368032921495	-1	OK
26.250000000000000	4.8965847424686455	2.1044438285033529	1.9718422523203853	0.13260157618296767	2.7921409139652922	1.5817119072264683	-1	1.2104290067388239	-1	OK
26.500000000000000	4.6559598217002804	2.0064479292973307	1.8763474679388552	0.13010046135847583	2.6495118924029493	1.5002516561386183	-1	1.1492602362643309	-1	OK
26.750000000000000	4.4291444290691642	1.9137875129025856	1.7862511080911725	0.12753640481141332	2.5153569161665787	1.4236489733176017	-1	1.0917079428489771	-1	OK
27.000000000000000	4.2151781022788937	1.8261300296446386	1.7012045080710065	0.12492552157363210	2.3890480726342553	1.3515682134523912	-1	1.0374798591818641	-1	OK
27.250000000000000	4.0132336337995689	1.7431668510992870	1.6208844992878177	0.12228235181146883	2.2700667827002823	1.2837113917522911	-1	0.98635539094799118	-1	OK
27.500000000000000	3.8225834185803622	1.6646111693513015	1.5449911277323667	0.11962004161893491	2.1579722492290609	1.2197933588017689	-1	0.93817889042729208	-1	OK
27.750000000000000	3.6425127995743027	1.5901945802871849	1.4732455722343201	0.11694900805286471	2.0523182192871179	1.1595489998328670	-1	0.89276921945425092	-1	OK
28.000000000000000	3.4723078672287331	1.5196673555240459	1.4053887758675323	0.11427857965651365	1.9526405117046872	1.1027481335420435	-1	0.84989237816264374	-1	OK
28.250000000000000	3.3101299047842074	1.4527973063130077	1.3411800746606160	0.11161723165239222	1.8573325984711997	1.0491844301475721	-1	0.80814816832362757	-1	OK
28.500000000000000	3.1579477143137336	1.3893675241004018	1.2803954026586291	0.10897212144177323	1.7685801902133320	0.99861559696421276	-1	0.76996459324911926	-1	OK
28.750000000000000	3.0139135342519396	1.3291753166187563	1.2228261185422018	0.10634919807655403	1.6847382176331833	0.95086144777556869	-1	0.73387676985761463	-1	OK
29.000000000000000	2.8775284197630531	1.2720313410795683	1.1682778701649505	0.10375347091461802	1.6054970786834848	0.90574533117989664	-1	0.69975174750358815	-1	OK
29.250000000000000	2.7483374451810443	1.2177593830954097	1.1165696504847995	0.10118973261061023	1.5305780620856348	0.86310678228288840	-1	0.66747127980274645	-1	OK
29.500000000000000	2.6258997751076238	1.1661943359536195	1.0675325077648989	9.86618281887201298E-002	1.4597054391540045	0.82278861559157435	-1	0.63691682356243018	-1	OK
29.750000000000000	2.5098154389068057	1.1171813704776257	1.0210087899893829	9.61725804882426483E-002	1.3926340684291800	0.78464814004806482	-1	0.60798592838111520	-1	OK
30.000000000000000	2.3997145006944098	1.0705763496277818	0.97685142990873330	9.37249197190485744E-002	1.3291381510666282	0.74855340866653319	-1	0.58058474240009506	-1	OK
30.250000000000000	2.2952428554125568	1.0262440117723741	0.93492293193126497	9.13210798411094454E-002	1.2689988436401827	0.71437900705285629	-1	0.55461983658732639	-1	OK
30.500000000000000	2.1960638576784328	0.98405735282018536	0.89509471224370973	8.89626405764757378E-002	1.2120065048582476	0.68200757741663964	-1	0.52999892744160793	-1	OK
30.750000000000000	2.1018832665895033	0.94389781407610052	0.85724666041662179	8.66511536594785220E-002	1.1579854525134028	0.65133329840258869	-1	0.50665215411081410	-1	OK
31.000000000000000	2.0124089879127718	0.90565378289685849	0.82126629609296764	8.43874868038908266E-002	1.1067552050159131	0.62225885502610356	-1	0.48449634998980950	-1	OK
31.250000000000000	1.9273762101935472	0.86922097998234971	0.78704838859424542	8.21725913881045517E-002	1.0581552302111974	0.59467677328227164	-1	0.46347845692892575	-1	OK
31.500000000000000	1.8465294663712704	0.83450125655582907	0.75449428085366954	8.00069757021595190E-002	1.0120282098154414	0.56850910616016603	-1	0.44351910365527536	-1	OK
31.750000000000000	1.7694984918992187	0.80140233722927534	0.72351152370360183	7.78908135256732026E-002	0.96809615466994325	0.54367334438718229	-1	0.42442281028276096	-1	OK
32.000000000000000	1.6963420939148695	0.76983777203649029	0.69401350744489099	7.58242645915991054E-002	0.92650432187837917	0.52009249415528469	-1	0.40641182772309448	-1	OK
32.250000000000000	1.6267137911443021	0.73972610051480925	0.66591895475994489	7.38071457548641757E-002	0.88698769062949301	0.49769439827848116	-1	0.38929329235101184	-1	OK
32.500000000000000	1.5604170083459239	0.71099109473793876	0.63915165416246644	7.18394405754723547E-002	0.84942591360798514	0.47641288969097412	-1	0.37301302391701102	-1	OK
32.750000000000000	1.4972683331591945	0.68356082144155139	0.61363996150831157	6.99208599332397929E-002	0.81370751171764311	0.45618452144529298	-1	0.35752299027235013	-1	OK
33.000000000000000	1.4370974128274834	0.65736737336279005	0.58931655591408483	6.80508174487053780E-002	0.77973003946469344	0.43694765098094424	-1	0.34278238848374920	-1	OK
33.250000000000000	1.3797445689531656	0.63234698059613881	0.56611821415842656	6.62287664377121110E-002	0.74739758835702674	0.41864847376464187	-1	0.32874911459238487	-1	OK
33.500000000000000	1.3250337040474365	0.60843959108259971	0.54398550770977983	6.44540833728200480E-002	0.71659411296483677	0.40123737529335879	-1	0.31535673767147798	-1	OK
33.750000000000000	1.2729127847690680	0.58558859965445775	0.52286253261929527	6.27260670351624805E-002	0.68732418511461024	0.38466395622916150	-1	0.30266022888544875	-1	OK
34.000000000000000	1.2231455887919296	0.56374068739767447	0.50269666964746851	6.10440177502061879E-002	0.65940490139425501	0.36888249298981313	-1	0.29052240840444188	-1	OK
34.250000000000000	1.1756451623940070	0.54284533981636518	0.48343832905532108	5.94070107610440989E-002	0.63279982257764178	0.35385010161686931	-1	0.27894972096077247	-1	OK
34.500000000000000	1.1302970996646402	0.52285507471430881	0.46504086477044704	5.78142099438617788E-002	0.60744202495033151	0.33952663163844460	-1	0.26791539331188691	-1	OK
34.750000000000000	1.0869867569582916	0.50372519346113487	0.44746034892327402	5.62648445378606671E-002	0.58326156349715685	0.32587387659159806	-1	0.25738768690555880	-1	OK
35.000000000000000	1.0451969157875192	0.48541321144693966	0.43065529660592305	5.47579148410166569E-002	0.55978370434057945	0.31285440798257702	-1	0.24692929635800243	-1	OK
35.250000000000000	1.0051489525085033	0.46787897348455126	0.41458653580035398	5.32924376841973010E-002	0.53726997902395213	0.30043592196447100	-1	0.23683405705948113	-1	OK
35.500000000000000	0.96739148458559643	0.45108461655654619	0.39921718841360676	5.18674281429393619E-002	0.51630686802905024	0.28858754537594561	-1	0.22771932265310463	-1	OK
35.750000000000000	0.93087987226106639	0.43499447767639116	0.38451249352322214	5.04819841531689989E-002	0.49588539458467523	0.27727988430238126	-1	0.21860551028229397	-1	OK
36.000000000000000	0.89635773266798324	0.41957491795610191	0.37043964575287613	4.91352722032257910E-002	0.47678281471188128	0.26648479208912107	-1	0.21029802262276021	-1	OK
36.250000000000000	0.86332671102893122	0.40479394715257405	0.35696761943709099	4.78263277154829455E-002	0.45853276387635716	0.25617577732891633	-1	0.20235698654744083	-1	OK
36.500000000000000	0.83171258945348514	0.39062124169794843	0.34406709610340580	4.65541455945427049E-002	0.44109134775553671	0.24632787755423569	-1	0.19476347020130103	-1	OK
36.750000000000000	0.80144646362255856	0.37702814154207542	0.33171037986966362	4.53177616724117216E-002	0.42441832208048313	0.23691761533886280	-1	0.18750070674162034	-1	OK
37.000000000000000	0.77244328594064959	0.36398751286346576	0.31987128877335125	4.41162240901143074E-002	0.40845577307718384	0.22792307508629442	-1	0.18053269799088942	-1	OK
37.250000000000000	0.74468034713302389	0.35147372828800305	0.30852506293406068	4.29486653539422891E-002	0.39320661884502084	0.21932343276701061	-1	0.17388318607801023	-1	OK
37.500000000000000	0.71785503547814078	0.33946252250620657	0.29764827979805836	4.18142427081482429E-002	0.37839251297193427	0.21109949124900323	-1	0.16729302172293103	-1	OK
37.750000000000000	0.69236874854505837	0.32793080714362732	0.28721874719202894	4.07120599515982604E-002	0.36443794140143104	0.20285895126336287	-1	0.16157899013806817	-1	OK
38.000000000000000	0.66793458947429141	0.31685665862051648	0.27721545019256766	3.96412084279488403E-002	0.35107793085377487	0.19534484925203999	-1	0.15573308160173488	-1	OK
38.250000000000000	0.64450418303775414	0.30621928287505440	0.26761847972038960	3.86008031546648187E-002	0.33828490016269974	0.18815589649593009	-1	0.15012900366676965	-1	OK
38.500000000000000	0.62200438852060969	0.29599879249072797	0.25840894961681982	3.75898428739081733E-002	0.32600559602988172	0.18127368897970139	-1	0.14473190705018033	-1	OK
38.750000000000000	0.60043974579957948	0.28617662486211154	0.24956903741056299	3.66075874515486149E-002	0.31426312093746794	0.17468286923016396	-1	0.13958025170730398	-1	OK
39.000000000000000	0.57974076196083724	0.27673521800298423	0.24108183502080649	3.56533829821776629E-002	0.30300554395785295	0.16836928246206270	-1	0.13463626149579025	-1	OK
39.250000000000000	0.55989551155792827	0.26765762375603175	0.23293124270632992	3.47263810497019029E-002	0.29223788780189647	0.16231995254377599	-1	0.12991793525812048	-1	OK
39.500000000000000	0.54079785615800757	0.25892774675943220	0.22510200334913960	3.38257434102925067E-002	0.28187010939857532	0.15652212764514670	-1	0.12534798175342862	-1	OK
39.750000000000000	0.52247994899229433	0.25053039401200772	0.21757965298677553	3.29507410252321553E-002	0.27194955498028661	0.15096379043385874	-1	0.12098576454642787	-1	OK
40.000000000000000	0.50488475606448491	0.24245100385734614	0.21035043426265373	3.21005695946923741E-002	0.26243375220713883	0.14563374609802099	-1	0.11680000610911784	-1	OK
40.250000000000000	0.48797936621636495	0.23467582752363686	0.20340131519183005	3.12745123318067531E-002	0.25330353869272809	0.14052133605308034	-1	0.11278220263964775	-1	OK
40.500000000000000	0.47173289594386258	0.22719184793758113	0.19671991828121851	3.04719296563625217E-002	0.24454104800628149	0.13561632051870362	-1	0.10892472748757787	-1	OK
40.750000000000000	0.45611621886956227	0.21998664795865597	0.19029447090344634	2.96921770552095454E-002	0.23612957091090631	0.13090929078193903	-1	0.10522028012896728	-1	OK
41.000000000000000	0.44110243376199365	0.21304836065526817	0.18411376700730339	2.89345936479647250E-002	0.22805407310672549	0.12639117923317225	-1	0.10166289387355323	-1	OK
41.250000000000000	0.42666421677566624	0.20636559309389677	0.17816713800575243	2.81984550881443120E-002	0.22029862368176950	0.12205329755230326	-1	9.82453261294662372E-002	-1	OK
41.500000000000000	0.41277604880752494	0.19992754418221248	0.17244444977565151	2.74830944065609963E-002	0.21284850462531246	0.11788935071359603	-1	9.49591539117164291E-002	-1	OK
41.750000000000000	0.39936970592924326	0.19372393286056674	0.16693606883840048	2.67878640221662599E-002	0.20564577306867649	0.11388869837711382	-1	9.17570746915626623E-002	-1	OK
42.000000000000000	0.38651316291811966	0.18774506701265664	0.16163284531665598	2.61122216960005919E-002	0.19876809590546304	0.11004533860326619	-1	8.87227573021968502E-002	-1	OK
42.250000000000000	0.37413844724055606	0.18198163324706851	0.15652605431945990	2.54555789276085902E-002	0.19215681399348755	0.10635155802700307	-1	8.58052559664844866E-002	-1	OK
42.500000000000000	0.36222408123785788	0.17642480727741794	0.15160739602841258	2.48174112490053729E-002	0.18579927396043991	0.10280112255097311	-1	8.29981514094667999E-002	-1	OK
42.750000000000000	0.35075219371234523	0.17106612398489335	0.14686894942610443	2.41971745587889163E-002	0.17968606972745191	9.93877230867378642E-002	-1	8.02983466407140439E-002	-1	OK
43.000000000000000	0.33970253684034124	0.16589746296803826	0.14230316431826523	2.35942986497730545E-002	0.17380507387230296	9.61053797935479265E-002	-1	7.76996940787550300E-002	-1	OK
43.250000000000000	0.32905757163164218	0.16091109378276539	0.13790284854985541	2.30082452329099484E-002	0.16814647784887676	9.29483784189593654E-002	-1	7.51980994299173977E-002	-1	OK
43.500000000000000	0.31880056524998346	0.15609964372125221	0.13366115020327896	2.24384935179732063E-002	0.16270092152873125	8.99112865763871255E-002	-1	7.27896349523441261E-002	-1	OK
43.750000000000000	0.30891507672914331	0.15145614650255973	0.12957155098540565	2.18845955171540589E-002	0.15745893022658355	8.69889215283148054E-002	-1	7.04700086982687490E-002	-1	OK
44.000000000000000	0.29938633962948091	0.14697388946278600	0.12562782043535667	2.13460690274293111E-002	0.15241245016669488	8.41763134752369080E-002	-1	6.82361366914579770E-002	-1	OK
44.250000000000000	0.29019966802828723	0.14264645800619719	0.12182401720700953	2.08224407991877136E-002	0.14755321002209001	8.14687474599009309E-002	-1	6.60844625621890835E-002	-1	OK
44.500000000000000	0.28134126288832062	0.13846779183279112	0.11815448032030144	2.03133115124896693E-002	0.14287347105552947	7.88618571054581496E-002	-1	6.40116139500713222E-002	-1	OK
44.750000000000000	0.27279806048700772	0.13443204022231700	0.11461379238586904	1.98182478364479914E-002	0.13836602026469072	7.63513963532613804E-002	-1	6.20146239114293396E-002	-1	OK
45.000000000000000	0.26455752961653944	0.13053356978514485	0.11119677383854008	1.93367959466048019E-002	0.13402395983139462	7.39329770514120937E-002	-1	6.00909827799825241E-002	-1	OK
45.250000000000000	0.25653669285481778	0.12676700385434317	0.10789848518547848	1.88685186688646971E-002	0.12976968900047461	7.16028843048326924E-002	-1	5.81668046956419216E-002	-1	OK
45.500000000000000	0.24886545451953523	0.12312726063177397	0.10471422285468257	1.84130377770914296E-002	0.12573819388776125	6.93577227797458756E-002	-1	5.63804711080153759E-002	-1	OK
45.750000000000000	0.24146111680167159	0.11960947863377676	0.10163948783097748	1.79699908027992523E-002	0.12185163816789484	6.71939029348682243E-002	-1	5.46577352330266109E-002	-1	OK
46.000000000000000	0.23431290370489233	0.11620895787006183	9.86699738534927567E-002	1.75389840165690626E-002	0.11810394583483050	6.51081160978587842E-002	-1	5.29958297369717141E-002	-1	OK
46.250000000000000	0.22741089642108420	0.11292125832063714	9.58015776685843534E-002	1.71196806520527191E-002	0.11448963810044706	6.30972843609210604E-002	-1	5.13923537395259977E-002	-1	OK
46.500000000000000	0.22074569489714574	0.10974213125027185	9.30303713067575644E-002	1.67117599435142559E-002	0.11100356364687389	6.11582240553970521E-002	-1	4.98453395914768352E-002	-1	OK
46.750000000000000	0.21430769365369434	0.10666746073296396	9.03525879107497099E-002	1.63148728222142353E-002	0.10764023292073040	5.92880296828408523E-002	-1	4.83522032378895447E-002	-1	OK
47.000000000000000	0.20808791044470062	0.10369330195488169	8.77646251240809111E-002	1.59286768308007816E-002	0.10439460848981894	5.74839245038213445E-002	-1	4.69106839859975908E-002	-1	OK
47.250000000000000	0.20207801258544159	0.10081587052941832	8.52630372792424207E-002	1.55528332501759098E-002	0.10126214205602327	5.57432569193463470E-002	-1	4.55188851366769218E-002	-1	OK
47.500000000000000	0.19627050205883478	9.80315696957321236E-002	8.28445347118000747E-002	1.51870349839320403E-002	9.82389323631026740E-002	5.40635338355532832E-002	-1	4.41753985275493907E-002	-1	OK
47.750000000000000	0.19065660449913352	9.53369801894426577E-002	8.05059731932539491E-002	1.48310069961886844E-002	9.53196243096908480E-002	5.24423136172653959E-002	-1	4.28773106924254521E-002	-1	OK
48.000000000000000	0.18518441612728859	9.27288064145581348E-002	7.82443375260401530E-002	1.44844688885180008E-002	9.24556097127304383E-002	5.08772506923797427E-002	-1	4.15783590203506956E-002	-1	OK
48.250000000000000	0.17993763951376940	9.02038682343067194E-002	7.60567369449318548E-002	1.41471312893748820E-002	8.97337712794626791E-002	4.93663569561946583E-002	-1	4.03674143232680208E-002	-1	OK
48.500000000000000	0.17486331764630114	8.77591366031097858E-002	7.39404062026757236E-002	1.38187304004340587E-002	8.71041810431913699E-002	4.79074315679830845E-002	-1	3.91967494752082854E-002	-1	OK
48.750000000000000	0.16995597358214523	8.53917133018315677E-002	7.18926970163758644E-002	1.34990162854557207E-002	8.45642602803136634E-002	4.64984421907834178E-002	-1	3.80658180895302456E-002	-1	OK
49.000000000000000	0.16520875679871633	8.30988147103062375E-002	6.99110707186231806E-002	1.31877439916830257E-002	8.21099420884100761E-002	4.51373658288326748E-002	-1	3.69725762595774013E-002	-1	OK
49.250000000000000	0.16061577536543395	8.08777545624280170E-002	6.79930900300020347E-002	1.28846645324259962E-002	7.97380208030059323E-002	4.38222916116538797E-002	-1	3.59157291913520527E-002	-1	OK
49.500000000000000	0.15617133014202711	7.87259347049111546E-002	6.61364156327886726E-002	1.25895190721224490E-002	7.74453954371159409E-002	4.25514880651315028E-002	-1	3.48939073719844381E-002	-1	OK
49.750000000000000	0.15186992001023614	7.66408924537300140E-002	6.43388127562001949E-002	1.23020796975298191E-002	7.52290275565061228E-002	4.13232524988277755E-002	-1	3.39057750576783473E-002	-1	OK
50.000000000000000	0.14770624859483109	7.46202807489152187E-002	6.25981400031985213E-002	1.20221407457167077E-002	7.30859678459158668E-002	4.01359909222418834E-002	-1	3.29499769236739834E-002	-1	OK
50.250000000000000	0.14367533740643620	7.26618181413456188E-002	6.09123374568371345E-002	1.17494806845084496E-002	7.10135192650905855E-002	3.89881799282136982E-002	-1	3.20253393368768874E-002	-1	OK
50.500000000000000	0.13977229945914454	7.07633174419357858E-002	5.92794303084139551E-002	1.14838871335218411E-002	6.90089820172087587E-002	3.78783768713760183E-002	-1	3.11306051458327404E-002	-1	OK
50.750000000000000	0.13599257701251932	6.89226964460344232E-002	5.76975267918100332E-002	1.12251696542243883E-002	6.70698805664849129E-002	3.68052477631505837E-002	-1	3.02646328033343293E-002	-1	OK
51.000000000000000	0.13233172399141413	6.71379463446297731E-002	5.61648081307933311E-002	1.09731382138364419E-002	6.51937776467843705E-002	3.57673104351406701E-002	-1	2.94264672116437004E-002	-1	OK
51.250000000000000	0.12879107886050306	6.54071117014796144E-002	5.46795238096578692E-002	1.07275878918217434E-002	6.33839671590234605E-002	3.47631734109207433E-002	-1	2.86207937481027172E-002	-1	OK
51.500000000000000	0.12535508839427578	6.37283157851588622E-002	5.32399939526314106E-002	1.04883218325274464E-002	6.16267726091169060E-002	3.37916066963469958E-002	-1	2.78351659127699103E-002	-1	OK
51.750000000000000	0.12202565049021877	6.20997620545788720E-002	5.18446080799117373E-002	1.02551539746671208E-002	5.99258884356399027E-002	3.28514142609671253E-002	-1	2.70744741746727774E-002	-1	OK
52.000000000000000	0.11879899836186386	6.05197405007560085E-002	5.04918233188246315E-002	1.00279171819313995E-002	5.82792578611078457E-002	3.19414478199948129E-002	-1	2.63378100411130328E-002	-1	OK
52.250000000000000	0.11567153652210918	5.89866085785180488E-002	4.91801568964707683E-002	9.80645168204728572E-003	5.66849279435911318E-002	3.10606035620861545E-002	-1	2.56243243815049773E-002	-1	OK
52.500000000000000	0.11263710477983938	5.74987685237412782E-002	4.79081805002263481E-002	9.59058802351492497E-003	5.51383362560980972E-002	3.02078236026901426E-002	-1	2.49305126534079546E-002	-1	OK
52.750000000000000	0.10969132407806989	5.60546933569391337E-002	4.66745239434906770E-002	9.38016941344845673E-003	5.36366307211307639E-002	2.93820926997451944E-002	-1	2.42545380213855695E-002	-1	OK
53.000000000000000	0.10684139455390471	5.46529243755583261E-002	4.54778716858478815E-002	9.17505268971043238E-003	5.21884701783463800E-002	2.85824369527914041E-002	-1	2.36060332255549760E-002	-1	OK
53.250000000000000	0.10407752497708085	5.32920418017052699E-002	4.43169555207968066E-002	8.97508628090846854E-003	5.07854831753755814E-002	2.78074309177070503E-002	-1	2.29780522576685312E-002	-1	OK
53.500000000000000	0.10140296003301302	5.19706822060551771E-002	4.31905561964124052E-002	8.78012600964275455E-003	4.94322778269578392E-002	2.70566751106204526E-002	-1	2.23756027163373866E-002	-1	OK
53.750000000000000	9.88023749526843742E-002	5.06875267691397208E-002	4.20974997615273655E-002	8.59002700761237088E-003	4.81148481835446465E-002	2.63293300595278876E-002	-1	2.17855181240167589E-002	-1	OK
54.000000000000000	9.62792513745582557E-002	4.94413075331433111E-002	4.10366585814245788E-002	8.40464895171875136E-003	4.68379438414149515E-002	2.56245645696668613E-002	-1	2.12133792717480903E-002	-1	OK
54.250000000000000	9.38310378342076257E-002	4.82308129083927201E-002	4.00069494811229054E-002	8.22386342726980947E-003	4.56002249258149125E-002	2.49416071327539512E-002	-1	2.06586177930609613E-002	-1	OK
54.500000000000000	9.14551813947759584E-002	4.70548671507437233E-002	3.90073278508610982E-002	8.04753929988262159E-003	4.44003142440322351E-002	2.42796841690329779E-002	-1	2.01206300749992573E-002	-1	OK
54.750000000000000	8.91492162176268921E-002	4.59123382031806776E-002	3.80367897099188890E-002	7.87554849326178863E-003	4.32368780144462075E-002	2.36380267029727836E-002	-1	1.95988513114734239E-002	-1	OK
55.000000000000000	8.69055949464086208E-002	4.48021495490566191E-002	3.70943718406385181E-002	7.70777770841808707E-003	4.21034453973520018E-002	2.30159232995084499E-002	-1	1.90875220978435518E-002	-1	OK
55.250000000000000	8.47328388773657820E-002	4.37232663597925050E-002	3.61791459723256464E-002	7.54412038746686813E-003	4.10095725175732770E-002	2.24127292061333631E-002	-1	1.85968433114399138E-002	-1	OK
55.500000000000000	8.26230262712391028E-002	4.26746743054941119E-002	3.52902149160739323E-002	7.38445938942018827E-003	3.99483519657449840E-002	2.18277905364351356E-002	-1	1.81205614293098484E-002	-1	OK
55.750000000000000	8.05742992315719442E-002	4.16553992822307068E-002	3.44267158589724870E-002	7.22868342325821978E-003	3.89188999493412444E-002	2.12604857197343476E-002	-1	1.76584142296068967E-002	-1	OK
56.000000000000000	7.85846340515703456E-002	4.06645080997768554E-002	3.35878184389981349E-002	7.07668966077871359E-003	3.79201259517934902E-002	2.07102293217699546E-002	-1	1.72098966300235356E-002	-1	OK
56.250000000000000	7.66521457704016640E-002	3.97010885647547107E-002	3.27727204350080348E-002	6.92836812974667333E-003	3.69510572056469602E-002	2.01764341102355221E-002	-1	1.67746230954114381E-002	-1	OK
56.500000000000000	7.47748890122189036E-002	3.87642662974511665E-002	3.19806504773337830E-002	6.78361582011738351E-003	3.60106227147677441E-002	1.96585261996164544E-002	-1	1.63520965151512897E-002	-1	OK
56.750000000000000	7.29510584062015577E-002	3.78532023707515153E-002	3.12108662608838044E-002	6.64233610986771344E-003	3.50978560354500493E-002	1.91558989134529532E-002	-1	1.59419571219970961E-002	-1	OK
57.000000000000000	7.11789356358496772E-002	3.69670891482802716E-002	3.04626527804304249E-002	6.50443636784983365E-003	3.42118464875693987E-002	1.86681112469746918E-002	-1	1.55437352405947068E-002	-1	OK
57.250000000000000	6.94395221999851153E-002	3.61051522560834198E-002	2.97353220161400179E-002	6.36983023994339582E-003	3.33343699439016886E-002	1.81946658593780605E-002	-1	1.51397040845236280E-002	-1	OK
57.500000000000000	6.77661636559196978E-002	3.52666415606902317E-002	2.90282090040717665E-002	6.23843255661844266E-003	3.24995220952294592E-002	1.77350680360173034E-002	-1	1.47644540592121558E-002	-1	OK
57.750000000000000	6.61396532859168662E-002	3.44508248090570901E-002	2.83406709280698103E-002	6.11015388098728063E-003	3.16888284768597761E-002	1.72888514969526154E-002	-1	1.43999769799071607E-002	-1	OK
58.000000000000000	6.45584394293615554E-002	3.36569954895702614E-002	2.76720887659476882E-002	5.98490672362257323E-003	3.09014439397912941E-002	1.68555965991669249E-002	-1	1.40458473406243692E-002	-1	OK
58.250000000000000	6.30211942983601864E-002	3.28844839885427259E-002	2.70218680602089638E-002	5.86261592833376127E-003	3.01367103098174605E-002	1.64348479282033985E-002	-1	1.37018623816140619E-002	-1	OK
58.500000000000000	6.15265991205610763E-002	3.21326368028352072E-002	2.63894330321831280E-002	5.74320377065207222E-003	2.93939623177258726E-002	1.60262211843269810E-002	-1	1.33677411333988916E-002	-1	OK
58.750000000000000	6.00731255841914433E-002	3.14008195878737253E-002	2.57742280468168453E-002	5.62659154105689049E-003	2.86723059963177179E-002	1.56293229668595379E-002	-1	1.30429830294581800E-002	-1	OK
59.000000000000000	5.86595608481326608E-002	3.06884221767289023E-002	2.51757176107365553E-002	5.51270456599235650E-003	2.79711386714037585E-002	1.52437801042492067E-002	-1	1.27273585671545519E-002	-1	OK
59.250000000000000	5.72846531969904843E-002	2.99948611657436318E-002	2.45933858527392774E-002	5.40147531300436221E-003	2.72897920312468525E-002	1.48692186516650952E-002	-1	1.24205733795817574E-002	-1	OK
59.500000000000000	5.59471986492331708E-002	2.93195684713658533E-002	2.40267336096086012E-002	5.29283486175726511E-003	2.66276301778673209E-002	1.45053240127630666E-002	-1	1.21223061651042543E-002	-1	OK
59.750000000000000	5.46305301801365550E-002	2.86619916684219614E-002	2.34752784449171852E-002	5.18671322350478230E-003	2.59685385117145902E-002	1.41517090237907508E-002	-1	1.18168294879238394E-002	-1	OK
60.000000000000000	5.33650448257264945E-002	2.80216000182005667E-002	2.29385552272754374E-002	5.08304479092513192E-003	2.53434448075259278E-002	1.38080470987059899E-002	-1	1.15353977088199378E-002	-1	OK
60.250000000000000	5.21336702635977478E-002	2.73978812980334441E-002	2.24161151215864426E-002	4.98176617644701357E-003	2.47357889655643037E-002	1.34740198910845137E-002	-1	1.12617690744797900E-002	-1	OK
60.500000000000000	5.09353146049330019E-002	2.67903402895629979E-002	2.19075248913427126E-002	4.88281539822028442E-003	2.41449743153700006E-002	1.31493174927303329E-002	-1	1.09956568226396677E-002	-1	OK
60.750000000000000	4.97689778801057303E-002	2.61985039242388501E-002	2.14123666953798530E-002	4.78613722885899012E-003	2.35704739558668837E-002	1.28336488154602007E-002	-1	1.07368251404066830E-002	-1	OK
61.000000000000000	4.86336934684870603E-002	2.56219070089312301E-002	2.09302350548319464E-002	4.69167195409927844E-003	2.30117864595558302E-002	1.25267275383368817E-002	-1	1.04850589212189486E-002	-1	OK
61.250000000000000	4.75267775951707661E-002	2.50600993115163637E-002	2.04607384147895213E-002	4.59936089672683453E-003	2.24666782836543989E-002	1.22282603073135144E-002	-1	1.02384179763408845E-002	-1	OK
61.500000000000000	4.64508120810946945E-002	2.45126473906879284E-002	2.00034986948388026E-002	4.50914869584912326E-003	2.19381646904067661E-002	1.19380109341618128E-002	-1	1.00001537562449533E-002	-1	OK
61.750000000000000	4.54031667454285193E-002	2.39791328678438595E-002	1.95581504009013016E-002	4.42098246694255879E-003	2.14240338775846563E-002	1.16557171970454038E-002	-1	9.76831668053925253E-003	-1	OK
62.000000000000000	4.43829641055105001E-002	2.34591445167176976E-002	1.91243384849370604E-002	4.33480603178063289E-003	2.09238195887928059E-002	1.13811271122756484E-002	-1	9.54269247651715752E-003	-1	OK
62.250000000000000	4.33893850933893543E-002	2.29522882696756442E-002	1.87017213633514992E-002	4.25056690632413196E-003	2.04370968237137067E-002	1.11140023568523632E-002	-1	9.32309446686134351E-003	-1	OK
62.500000000000000	4.24216439554775879E-002	2.24581882645618555E-002	1.82899700136768817E-002	4.16821825088497817E-003	1.99634556909157324E-002	1.08541130389836222E-002	-1	9.10934265193211017E-003	-1	OK
62.750000000000000	4.14789758081029886E-002	2.19764765918757030E-002	1.78887652354149211E-002	4.08771135646078098E-003	1.95024992162272856E-002	1.06012369536845948E-002	-1	8.90126226254269078E-003	-1	OK
63.000000000000000	4.05606491223531526E-002	2.15067976565930588E-002	1.74977988334287758E-002	4.00899882316429080E-003	1.90538514657600938E-002	1.03188754009883796E-002	-1	8.73497606477171423E-003	-1	OK
63.250000000000000	3.96659676276655757E-002	2.10488098933548085E-002	1.71167730838800783E-002	3.93203680947472843E-003	1.86171577343107672E-002	1.00801719782846189E-002	-1	8.53698575602614834E-003	-1	OK
63.500000000000000	3.87942673694106066E-002	2.06021809491276874E-002	1.67453995203252111E-002	3.85678142880247410E-003	1.81920864202829158E-002	9.84783847702744124E-003	-1	8.34424794325547454E-003	-1	OK
63.750000000000000	3.79448576934916931E-002	2.01665898162740193E-002	1.63833993218764629E-002	3.78319049439756116E-003	1.77782678772176773E-002	9.62168219682489265E-003	-1	8.15658568039278470E-003	-1	OK
64.000000000000000	3.71170635835378210E-002	1.97417237665949118E-002	1.60305021983458557E-002	3.71122156824905567E-003	1.73753398169429057E-002	9.40151594906745922E-003	-1	7.97382386787544653E-003	-1	OK
64.250000000000000	3.63006484273970254E-002	1.93272828380484894E-002	1.56864471236108534E-002	3.64083571443763344E-003	1.69733655893485394E-002	9.18716145712212412E-003	-1	7.78620413222641528E-003	-1	OK
64.500000000000000	3.55143976861665225E-002	1.89229720916585520E-002	1.53509804768177174E-002	3.57199161484083498E-003	1.65914255945079706E-002	8.97844681371492460E-003	-1	7.61297878079304595E-003	-1	OK
64.750000000000000	3.47478998947117271E-002	1.85285054319290696E-002	1.50238569168896288E-002	3.50464851503943728E-003	1.62193944627826575E-002	8.77520091271772121E-003	-1	7.44419355006493630E-003	-1	OK
65.000000000000000	3.40006031231004646E-002	1.81436086390224585E-002	1.47048397854183336E-002	3.43876885360413099E-003	1.58569944840780096E-002	8.57726712376507584E-003	-1	7.27972736031293373E-003	-1	OK
65.250000000000000	3.32719724455157601E-002	1.77680184690001200E-002	1.43937004177359176E-002	3.37431805126420627E-003	1.55039539765156435E-002	8.38449036323179325E-003	-1	7.11946361328385027E-003	-1	OK
65.500000000000000	3.25622028889147250E-002	1.74014787600260193E-002	1.40902171277744997E-002	3.31126163225151961E-003	1.51607241288887074E-002	8.19672143774009127E-003	-1	6.96400269114861616E-003	-1	OK
65.750000000000000	3.18683836726347813E-002	1.70437405322881423E-002	1.37941751311625033E-002	3.24956540112563991E-003	1.48246431403466425E-002	8.01380223442613518E-003	-1	6.81084090592050731E-003	-1	OK
66.000000000000000	3.11926127017476199E-002	1.66945639161203696E-002	1.35053666417965738E-002	3.18919727432379974E-003	1.44980487856272520E-002	7.83559074770984881E-003	-1	6.66245803791740317E-003	-1	OK
66.250000000000000	3.05242480758861970E-002	1.63537151981416329E-002	1.32235900768500839E-002	3.13012512129154548E-003	1.41705328777445624E-002	7.66194972283015547E-003	-1	6.50858315491440690E-003	-1	OK
66.500000000000000	2.98826612261563762E-002	1.60209678082063010E-002	1.29486501042817889E-002	3.07231770392451782E-003	1.38616934179500734E-002	7.49274600902507647E-003	-1	6.36894740892499697E-003	-1	OK
66.750000000000000	2.92556904102629772E-002	1.56961012475916352E-002	1.26803572591026800E-002	3.01574398848895907E-003	1.35595891626713403E-002	7.32785101694286532E-003	-1	6.23173814572847498E-003	-1	OK
67.000000000000000	2.86439852179455612E-002	1.53789017693969875E-002	1.24185280210098725E-002	2.96037374838711929E-003	1.32650834485485720E-002	7.16714085790187954E-003	-1	6.09794259064669244E-003	-1	OK
67.250000000000000	2.80471264680051194E-002	1.50691625086225751E-002	1.21629846926418241E-002	2.90617781598075109E-003	1.29779639593825425E-002	7.01049538178048597E-003	-1	5.96746857760205654E-003	-1	OK
67.500000000000000	2.74647015163231450E-002	1.47666818459413901E-002	1.19135549053297866E-002	2.85312694061160129E-003	1.26980196703817532E-002	6.85779781558622584E-003	-1	5.84022185479552737E-003	-1	OK
67.750000000000000	2.68963173842320866E-002	1.44712658796326138E-002	1.16700720600060679E-002	2.80119381962654459E-003	1.24250515045994745E-002	6.70893481711043894E-003	-1	5.71611668748903557E-003	-1	OK
68.000000000000000	2.63415891916870537E-002	1.41827275129353877E-002	1.14323747533765785E-002	2.75035275955880839E-003	1.21588616787516642E-002	6.56379773733665930E-003	-1	5.59506394141500493E-003	-1	OK
68.250000000000000	2.58001413578454186E-002	1.39008837222048057E-002	1.12003062062155847E-002	2.70057751598922532E-003	1.18992576356406147E-002	6.42227386705134136E-003	-1	5.47698376858927333E-003	-1	OK
68.500000000000000	2.52716158709150734E-002	1.36255587292369550E-002	1.09737146740766390E-002	2.65184405516031858E-003	1.16460571416781185E-002	6.28426757820180551E-003	-1	5.36178956347631297E-003	-1	OK
68.750000000000000	2.47566921492884465E-002	1.33565804210700381E-002	1.07524526529680520E-002	2.60412776810198601E-003	1.14001117282184084E-002	6.14968004227783860E-003	-1	5.25043168594056982E-003	-1	OK
69.000000000000000	2.42514715316212090E-002	1.30937802479403932E-002	1.05363768614308486E-002	2.55740338650954635E-003	1.11576912836808175E-002	6.01841607525790620E-003	-1	5.13927520842291131E-003	-1	OK
69.250000000000000	2.37596496280878602E-002	1.28369969811733074E-002	1.03253488550955740E-002	2.51164812607773333E-003	1.09226526469145529E-002	5.89038703735366050E-003	-1	5.03226560956089239E-003	-1	OK
69.500000000000000	2.32794083081490702E-002	1.25860736069690511E-002	1.01192341464467952E-002	2.46683946052225333E-003	1.06933347011800191E-002	5.76549406780337177E-003	-1	4.92784063337664731E-003	-1	OK
69.750000000000000	2.28104064177093412E-002	1.23408563234838307E-002	9.91790204183258355E-003	2.42295428165123982E-003	1.04695500942255104E-002	5.64367875077350419E-003	-1	4.82587134345200622E-003	-1	OK
70.000000000000000	2.23523652931456110E-002	1.21011982714169693E-002	9.72122628458955973E-003	2.37997198682740651E-003	1.02511670217286417E-002	5.52483229285855373E-003	-1	4.72633472887008799E-003	-1	OK
70.250000000000000	2.19049954689379892E-002	1.18669552765289267E-002	9.52908402763314941E-003	2.33787124889577686E-003	1.00380401924090642E-002	5.40887204765066933E-003	-1	4.62916814475839485E-003	-1	OK
70.500000000000000	2.14680154003508428E-002	1.16379873525004479E-002	9.34135612696173137E-003	2.29663122553871524E-003	9.83002804785039486E-003	5.29571683408972850E-003	-1	4.53431121376066636E-003	-1	OK
70.750000000000000	2.10411389838709648E-002	1.14141602609842616E-002	9.15792724259095053E-003	2.25623301839330756E-003	9.62697872288670493E-003	5.18529193578442810E-003	-1	4.44168678710227683E-003	-1	OK
71.000000000000000	2.06241150120585089E-002	1.11953427071014300E-002	8.97868510053890546E-003	2.21665760656252105E-003	9.42877230495707888E-003	5.07752351849892567E-003	-1	4.35124878645815321E-003	-1	OK
71.250000000000000	2.02166866018096830E-002	1.09814071009674379E-002	8.80352074073193804E-003	2.17788636023549852E-003	9.23527950084224517E-003	4.97233406915743078E-003	-1	4.26294543168481439E-003	-1	OK
71.500000000000000	1.98186008666070904E-002	1.07722291451903471E-002	8.63232831672431332E-003	2.13990082846603072E-003	9.04637172141674328E-003	4.86965735729183186E-003	-1	4.17671436412491142E-003	-1	OK
71.750000000000000	1.94296137361419374E-002	1.05676866122102579E-002	8.46500474351178506E-003	2.10268186869846984E-003	8.86192712393168124E-003	4.76942440149300245E-003	-1	4.09250272243867879E-003	-1	OK
72.000000000000000	1.90494890835097852E-002	1.03676619396705656E-002	8.30145020855989346E-003	2.06621173111067209E-003	8.68182714383922138E-003	4.67156925933763338E-003	-1	4.01025788450158800E-003	-1	OK
72.250000000000000	1.86779918494092423E-002	1.01720402243506113E-002	8.14156769169403945E-003	2.03047253265657267E-003	8.50595162505862930E-003	4.57602799673659764E-003	-1	3.92992362832203165E-003	-1	OK
72.500000000000000	1.83148755308548544E-002	9.98071011748049956E-003	7.98526309525049091E-003	1.99544702223000692E-003	8.33416541337435313E-003	4.48274153719755569E-003	-1	3.85142387617679743E-003	-1	OK
72.750000000000000	1.79599373913797017E-002	9.79356486795387310E-003	7.83244548100675217E-003	1.96111938694712180E-003	8.16637252342582685E-003	4.39164679865584797E-003	-1	3.77472572476997888E-003	-1	OK
73.000000000000000	1.76113753184417160E-002	9.61050299867338004E-003	7.68302675068302000E-003	1.92747624799036003E-003	8.00087231976833423E-003	4.30268624456287170E-003	-1	3.69818607520546253E-003	-1	OK
73.250000000000000	1.72708657486005251E-002	9.43142288208455998E-003	7.53692066092282592E-003	1.89450222116173102E-003	7.83944286651596690E-003	4.21580260753501648E-003	-1	3.62364025898095042E-003	-1	OK
73.500000000000000	1.69393176228185699E-002	9.25622518872572242E-003	7.39404335824075682E-003	1.86218183048496820E-003	7.68309243409284921E-003	4.13094078811077157E-003	-1	3.55215164598207764E-003	-1	OK
73.750000000000000	1.66151545270877415E-002	9.08481432250086290E-003	7.25431356709449558E-003	1.83050075540636906E-003	7.53034020458687777E-003	4.04804748134251699E-003	-1	3.48229272324436078E-003	-1	OK
74.000000000000000	1.62981870165130743E-002	8.91709700490172369E-003	7.11765216040491800E-003	1.79944484449680656E-003	7.38109001161135064E-003	3.96707094326605864E-003	-1	3.41401906834529201E-003	-1	OK
74.250000000000000	1.59882261021799879E-002	8.75298239352729525E-003	6.98398218941598085E-003	1.76900020411131309E-003	7.23524370865269266E-003	3.88796097913956997E-003	-1	3.34728272951312269E-003	-1	OK
74.500000000000000	1.56850922519621884E-002	8.59238105833436475E-003	6.85322863741324572E-003	1.73915242092112076E-003	7.09271119362782365E-003	3.81066887425836028E-003	-1	3.28204231936946337E-003	-1	OK
74.750000000000000	1.53886364800761843E-002	8.43520564044293250E-003	6.72531860596222667E-003	1.70988703448070887E-003	6.95343083963325271E-003	3.73514729300699136E-003	-1	3.21828354662626135E-003	-1	OK
75.000000000000000	1.50986830260603864E-002	8.28137218069197913E-003	6.60018150624715628E-003	1.68119067444482437E-003	6.81731084536840726E-003	3.66135024845263765E-003	-1	3.15596059691576961E-003	-1	OK
75.250000000000000	1.48150676423880849E-002	8.13080015557714197E-003	6.47774896668969202E-003	1.65305118888744995E-003	6.68426748681094206E-003	3.58923311888262537E-003	-1	3.09503436792831670E-003	-1	OK
75.500000000000000	1.45376308125663226E-002	7.98341057839048462E-003	6.35795434877657693E-003	1.62545622961390596E-003	6.55422023417583793E-003	3.51875060682263702E-003	-1	3.03546962735320091E-003	-1	OK
75.750000000000000	1.42662212373304183E-002	7.83912641492720379E-003	6.24073290823683874E-003	1.59839350669036396E-003	6.42709482240321449E-003	3.44985427372247440E-003	-1	2.97724054868074009E-003	-1	OK
76.000000000000000	1.40006871214482086E-002	7.69787495352974339E-003	6.12602205705845438E-003	1.57185289647128858E-003	6.30281216791846524E-003	3.38251262130970188E-003	-1	2.92029954660876336E-003	-1	OK
76.250000000000000	1.37408876774219695E-002	7.55958389285290265E-003	6.01376050628409618E-003	1.54582338656880668E-003	6.18130378456906767E-003	3.31668810603269557E-003	-1	2.86461567853637210E-003	-1	OK
76.500000000000000	1.34866818038899897E-002	7.42418220135478146E-003	5.90388854372739334E-003	1.52029365762738834E-003	6.06249960253520907E-003	3.25233923482709433E-003	-1	2.81016036770811474E-003	-1	OK
76.750000000000000	1.32379292126292604E-002	7.29160031341907332E-003	5.79634804696999278E-003	1.49525226644908185E-003	5.94632889921018620E-003	3.18942855799180577E-003	-1	2.75690034121838044E-003	-1	OK
77.000000000000000	1.29944951961417435E-002	7.16177104301971013E-003	5.69108254480238211E-003	1.47068849821732693E-003	5.83272415312203335E-003	3.12792010258951736E-003	-1	2.70480405053251599E-003	-1	OK
77.250000000000000	1.27562516347155559E-002	7.03462897015358184E-003	5.58803709046993245E-003	1.44659187968364743E-003	5.72162266456197402E-003	3.06777770425109217E-003	-1	2.65384496031088185E-003	-1	OK
77.500000000000000	1.25230554856845394E-002	6.91011056095493931E-003	5.48715825644410272E-003	1.42295230451083485E-003	5.61294492472960097E-003	3.00897279673433644E-003	-1	2.60397212799526453E-003	-1	OK
77.750000000000000	1.22948019310486802E-002	6.78815386073667280E-003	5.38839403361170057E-003	1.39975982712497245E-003	5.50664807031200736E-003	2.95146638784549251E-003	-1	2.55518168246651484E-003	-1	OK
78.000000000000000	1.20713712357558671E-002	6.66869833324021215E-003	5.29169381146005896E-003	1.37700452178015362E-003	5.40267290251565408E-003	2.89522773428304474E-003	-1	2.50744516823260934E-003	-1	OK
78.250000000000000	1.18526477620035896E-002	6.55168561442618855E-003	5.19700847686949130E-003	1.35467713755669573E-003	5.30096214757740016E-003	2.84022353925979590E-003	-1	2.46073860831760426E-003	-1	OK
78.500000000000000	1.16385195315730425E-002	6.43705854501837229E-003	5.10429014071517653E-003	1.33276840430319554E-003	5.20146098655466932E-003	2.78642381722996870E-003	-1	2.41503716932470061E-003	-1	OK
78.750000000000000	1.14288719758118933E-002	6.32476109552900564E-003	5.01349217022551124E-003	1.31126892530349505E-003	5.10411088028288849E-003	2.73379783892026577E-003	-1	2.37031304136262272E-003	-1	OK
79.000000000000000	1.12235951259026592E-002	6.21473937116743050E-003	4.92456930236455544E-003	1.29017006880287810E-003	5.00885575473522960E-003	2.68231661298922678E-003	-1	2.32653914174600282E-003	-1	OK
79.250000000000000	1.10225857211683417E-002	6.10694201096849409E-003	4.83747768935707638E-003	1.26946432161141793E-003	4.91564371019984851E-003	2.63195194774498318E-003	-1	2.28369176245486532E-003	-1	OK
79.500000000000000	1.08257620277039598E-002	6.00131807314191121E-003	4.75217437713280986E-003	1.24914369600910178E-003	4.82444395456204864E-003	2.58267642975315700E-003	-1	2.24176752480889164E-003	-1	OK
79.750000000000000	1.06330151364906565E-002	5.89781742862422170E-003	4.66861744077263184E-003	1.22919998785159072E-003	4.73519770786643476E-003	2.53446336761174555E-003	-1	2.20073434025468920E-003	-1	OK
80.000000000000000	1.04442456222812400E-002	5.79639115736388377E-003	4.58676606430461712E-003	1.20962509305926492E-003	4.64785446491735622E-003	2.48728710710232042E-003	-1	2.16056735781503580E-003	-1	OK
80.250000000000000	1.02593631708416330E-002	5.69699136975433153E-003	4.50658045735435192E-003	1.19041091239997831E-003	4.56237180108730062E-003	2.44112209434376891E-003	-1	2.12124970674353172E-003	-1	OK
80.500000000000000	1.00782746250260465E-002	5.59957131118934623E-003	4.42802186136718057E-003	1.17154944982216479E-003	4.47870331383670110E-003	2.39594469079305395E-003	-1	2.08275862304364715E-003	-1	OK
80.750000000000000	9.90089012230585194E-003	5.50408640463108563E-003	4.35105276622664051E-003	1.15303363840444577E-003	4.39680371767476631E-003	2.34972194452260892E-003	-1	2.04708177315215739E-003	-1	OK
81.000000000000000	9.72712282145177590E-003	5.41049291682331630E-003	4.27563652946479165E-003	1.13485638735852509E-003	4.31662990462846046E-003	2.30648459473531842E-003	-1	2.01014530989314204E-003	-1	OK
81.250000000000000	9.55689012081281306E-003	5.31874785799646942E-003	4.20173742424582650E-003	1.11701043375064335E-003	4.23814226281634364E-003	2.26416249695702253E-003	-1	1.97397976585932111E-003	-1	OK
81.500000000000000	9.39011561420933713E-003	5.22881004474917352E-003	4.12932073159020478E-003	1.09948931315896831E-003	4.16130556946016274E-003	2.22273382997981465E-003	-1	1.93857173948034809E-003	-1	OK
81.750000000000000	9.22671532961346838E-003	5.14063871227392680E-003	4.05835251614429428E-003	1.08228619612963186E-003	4.08607661733954158E-003	2.18217761843157894E-003	-1	1.90389899890796264E-003	-1	OK
82.000000000000000	9.06660860826974911E-003	5.05419367562387825E-003	3.98879967020620597E-003	1.06539400541767466E-003	4.01241493264587086E-003	2.14247328673575731E-003	-1	1.86994164591011355E-003	-1	OK
82.250000000000000	8.90972002241080183E-003	4.96943613538399984E-003	3.92063003182809618E-003	1.04880610355590387E-003	3.94028388702680286E-003	2.10360068428958047E-003	-1	1.83668320273722239E-003	-1	OK
82.500000000000000	8.75597732092058510E-003	4.88632937316417146E-003	3.85381251514786607E-003	1.03251685801630539E-003	3.86964794775641321E-003	2.06553499509859592E-003	-1	1.80411295265781729E-003	-1	OK
82.750000000000000	8.60530932884721704E-003	4.80483770192167460E-003	3.78831673567031407E-003	1.01652096625136205E-003	3.80047162692554287E-003	2.02826148988796825E-003	-1	1.77221013703757462E-003	-1	OK
83.000000000000000	8.45463084357859357E-003	4.72492537496729467E-003	3.72411287244651468E-003	1.00081250252077956E-003	3.72970546861129803E-003	1.99176230866108042E-003	-1	1.73794315995021761E-003	-1	OK
83.250000000000000	8.30990981086053397E-003	4.64655734489294488E-003	3.66117182517025977E-003	9.85385519722685758E-004	3.66335246596758953E-003	1.95601921798372550E-003	-1	1.70733324798386403E-003	-1	OK
83.500000000000000	8.16805921972607422E-003	4.56969934447411241E-003	3.59946522046257185E-003	9.70234124011540235E-004	3.59835987525196181E-003	1.92101682033434494E-003	-1	1.67734305491761687E-003	-1	OK
83.750000000000000	8.02901401761048003E-003	4.49431784866032805E-003	3.53896539044921618E-003	9.55352458211112306E-004	3.53469616895015241E-003	1.88673579407171621E-003	-1	1.64796037487843620E-003	-1	OK
84.000000000000000	7.89270931954183866E-003	4.42037990516696341E-003	3.47964534590721516E-003	9.40734559259746948E-004	3.47232941437487525E-003	1.85315902214629223E-003	-1	1.61917039222858302E-003	-1	OK
84.250000000000000	7.75908543005192353E-003	4.34785426345499562E-003	3.42147892829750477E-003	9.26375335157491068E-004	3.41123116659692791E-003	1.82026837121500415E-003	-1	1.59096279538192375E-003	-1	OK
84.500000000000000	7.62808498371210161E-003	4.27671020789720593E-003	3.36444062412889506E-003	9.12269583768309899E-004	3.35137477581489611E-003	1.78804719190176322E-003	-1	1.56332758391313290E-003	-1	OK
84.750000000000000	7.49964706258295088E-003	4.20691810311361533E-003	3.30850557259725888E-003	8.98412530516357749E-004	3.29272895946933599E-003	1.75648414903385470E-003	-1	1.53624481043548129E-003	-1	OK
85.000000000000000	7.37371452817478512E-003	4.13844886426462111E-003	3.25364954301812608E-003	8.84799321246494816E-004	3.23526566391016358E-003	1.72556251699309497E-003	-1	1.50970314691706861E-003	-1	OK
85.250000000000000	7.25023256769384821E-003	4.07127461543649923E-003	3.19984894222132173E-003	8.71425673215176638E-004	3.17895795225734898E-003	1.69526752296306443E-003	-1	1.48369042929428455E-003	-1	OK
85.500000000000000	7.12913719750663671E-003	4.00536722727287513E-003	3.14708055816228681E-003	8.58286669110588322E-004	3.12376997023376159E-003	1.66559040693720832E-003	-1	1.45817956329655327E-003	-1	OK
85.750000000000000	7.01038286081952927E-003	3.94069897338466136E-003	3.09532169806793576E-003	8.45377275316726360E-004	3.06968388743486748E-003	1.63651131413241821E-003	-1	1.43317257330244927E-003	-1	OK
86.000000000000000	6.89391827882731428E-003	3.87724300169956133E-003	3.04455030001191855E-003	8.32692701687641913E-004	3.01667527712775338E-003	1.60801656534252332E-003	-1	1.40865871178523006E-003	-1	OK
86.250000000000000	6.77969510508346068E-003	3.81497328071071741E-003	2.99474487762940809E-003	8.20228403081309536E-004	2.96472182437274327E-003	1.58009266167860379E-003	-1	1.38462916269413948E-003	-1	OK
86.500000000000000	6.66766415263979687E-003	3.75386456181971140E-003	2.94588449285633621E-003	8.07980068963373992E-004	2.91379959082008503E-003	1.55272668363824772E-003	-1	1.36107290718183731E-003	-1	OK
86.750000000000000	6.55777743130541487E-003	3.69389243140335688E-003	2.89794877032895255E-003	7.95943661074404981E-004	2.86388499990205799E-003	1.52590613718258739E-003	-1	1.33797886271947060E-003	-1	OK
87.000000000000000	6.44998885370016376E-003	3.63503279001162281E-003	2.85091776961999763E-003	7.84115020391625939E-004	2.81495606368854095E-003	1.49961878109736288E-003	-1	1.31533728259117808E-003	-1	OK
87.250000000000000	6.34425255771185140E-003	3.57726193744759523E-003	2.80477199396153912E-003	7.72489943486055677E-004	2.76699062026425618E-003	1.47385264551563562E-003	-1	1.29313797474862055E-003	-1	OK
87.500000000000000	6.24052378176524411E-003	3.52055678225199776E-003	2.75949242954721388E-003	7.61064352704782904E-004	2.71996699951324679E-003	1.44859375445682858E-003	-1	1.27137324505641820E-003	-1	OK
87.750000000000000	6.13876195047407050E-003	3.46489497061603638E-003	2.71506057657954891E-003	7.49834394036487362E-004	2.67386697985803369E-003	1.42383090872411772E-003	-1	1.25003607113391597E-003	-1	OK
88.000000000000000	6.03892159275706657E-003	3.41025435339613629E-003	2.67145830374138429E-003	7.38796049654752104E-004	2.62866723936093028E-003	1.39955419711882507E-003	-1	1.22911304224210521E-003	-1	OK
88.250000000000000	5.94095835996476165E-003	3.35661356880503870E-003	2.62866799923778529E-003	7.27945569567253628E-004	2.58434479115972294E-003	1.37575379008879686E-003	-1	1.20859100107092608E-003	-1	OK
88.500000000000000	5.84483482385009072E-003	3.30395218542536059E-003	2.58667252400170827E-003	7.17279661423652856E-004	2.54088263842472970E-003	1.35241860281714904E-003	-1	1.18846403560758066E-003	-1	OK
88.750000000000000	5.75051432270018512E-003	3.25225018372147503E-003	2.54545511608802750E-003	7.06795067633448509E-004	2.49826413897871009E-003	1.32953304537595705E-003	-1	1.16873109360275305E-003	-1	OK
89.000000000000000	5.65795513702297293E-003	3.20148748470540107E-003	2.50499929516283986E-003	6.96488189542561215E-004	2.45646765231757186E-003	1.30709313045727742E-003	-1	1.14937452186029444E-003	-1	OK
89.250000000000000	5.56711976446329533E-003	3.15164433541415597E-003	2.46528897579686903E-003	6.86355359617286725E-004	2.41547542904913936E-003	1.28508889074229783E-003	-1	1.13038653830684153E-003	-1	OK
89.500000000000000	5.47797121592362348E-003	3.10270160981243690E-003	2.42630847294500679E-003	6.76393136867430435E-004	2.37526960611118658E-003	1.26351074272567699E-003	-1	1.11175886338550959E-003	-1	OK
89.750000000000000	5.39047652204958407E-003	3.05464073652968746E-003	2.38804253693223993E-003	6.66598199597447962E-004	2.33583578551989704E-003	1.24234935872050600E-003	-1	1.09348642679939104E-003	-1	OK
90.000000000000000	5.30459996871006541E-003	3.00744379562474734E-003	2.35047628042098396E-003	6.56967515203763712E-004	2.29715617308531763E-003	1.22159561262490308E-003	-1	1.07556056046041455E-003	-1	OK
90.250000000000000	5.22031083471950243E-003	2.96109296474579738E-003	2.31359511964603732E-003	6.47497845099760162E-004	2.25921786997370505E-003	1.20124058309205458E-003	-1	1.05797728688165047E-003	-1	OK
90.500000000000000	5.13757388442176617E-003	2.91557134741538427E-003	2.27738489902953260E-003	6.38186448385851673E-004	2.22200253700638234E-003	1.18127565874732630E-003	-1	1.04072687825905604E-003	-1	OK
90.750000000000000	5.05635557799751466E-003	2.87086215186313238E-003	2.24183172357666051E-003	6.29030428286471432E-004	2.18549342613438228E-003	1.16169238672802805E-003	-1	1.02380103940635423E-003	-1	OK
91.000000000000000	4.97662338503035775E-003	2.82694872757051656E-003	2.20692197099001987E-003	6.20026756580496687E-004	2.14967465745984077E-003	1.14248251611813543E-003	-1	1.00719214134170534E-003	-1	OK
91.250000000000000	4.89834703808303840E-003	2.78381465341916764E-003	2.17264230492244474E-003	6.11172348496722903E-004	2.11453238466387076E-003	1.12363799245571074E-003	-1	9.90894392208160023E-004	-1	OK
91.500000000000000	4.82149992381534533E-003	2.74144389334089484E-003	2.13897971061923885E-003	6.02464182721655769E-004	2.08005603047445092E-003	1.10515092004577877E-003	-1	9.74905110428672152E-004	-1	OK
91.750000000000000	4.74605107696408901E-003	2.69982090762172292E-003	2.10592152651973901E-003	5.93899381101984768E-004	2.04623016934236653E-003	1.08701341020614136E-003	-1	9.59216759136225167E-004	-1	OK
92.000000000000000	4.67197465591146291E-003	2.65893067738370370E-003	2.07345540107396233E-003	5.85475276309741378E-004	2.01304397852775964E-003	1.06921822455219805E-003	-1	9.43825753975561588E-004	-1	OK
92.250000000000000	4.59923628281568540E-003	2.61875865170078156E-003	2.04156930797590131E-003	5.77189343724880568E-004	1.98047763111490341E-003	1.05175790674473545E-003	-1	9.28719724370167957E-004	-1	OK
92.500000000000000	4.52780885454396806E-003	2.57929080874002171E-003	2.01025151615894177E-003	5.69039292581079723E-004	1.94851804580394635E-003	1.03462541328307655E-003	-1	9.13892632520869799E-004	-1	OK
92.750000000000000	4.45766571725053976E-003	2.54051325904373036E-003	1.97949051800189483E-003	5.61022741041834663E-004	1.91715245820680961E-003	1.01781382920305540E-003	-1	8.99338629003754208E-004	-1	OK
93.000000000000000	4.38878011415225287E-003	2.50241215683441381E-003	1.94927500872380758E-003	5.53137148110606990E-004	1.88636795731783906E-003	1.00131634475392694E-003	-1	8.85051612563912118E-004	-1	OK
93.250000000000000	4.32112627139972887E-003	2.46497378065170959E-003	1.91959391460316472E-003	5.45379866048545836E-004	1.85615249074801928E-003	9.85126314824021033E-004	-1	8.71026175923998247E-004	-1	OK
93.500000000000000	4.25467937612810168E-003	2.42818484441583013E-003	1.89043643801107609E-003	5.37748406404753819E-004	1.82649453171227199E-003	9.69237434167118887E-004	-1	8.57257097545153102E-004	-1	OK
93.750000000000000	4.18941578569161435E-003	2.39203247496849562E-003	1.86179204857942859E-003	5.30240426389066489E-004	1.79738331072311916E-003	9.53644301689254002E-004	-1	8.43739009033865161E-004	-1	OK
94.000000000000000	4.12531004102567600E-003	2.35650404287137240E-003	1.83365045860489043E-003	5.22853584266481757E-004	1.76880599815430316E-003	9.38339602084562819E-004	-1	8.30466396069740346E-004	-1	OK
94.250000000000000	4.06233891264514216E-003	2.32158735913488151E-003	1.80600163848979511E-003	5.15585720645087378E-004	1.74075155351026065E-003	9.23317298966840863E-004	-1	8.17434254543419783E-004	-1	OK
94.500000000000000	4.00047198588915093E-003	2.28727042291633443E-003	1.77883578585606847E-003	5.08434637060265859E-004	1.71320156297281628E-003	9.08571501614084090E-004	-1	8.04630061358732195E-004	-1	OK
94.750000000000000	3.93969252499770835E-003	2.25354187110007442E-003	1.75214336870112872E-003	5.01398502398945158E-004	1.68615065389763350E-003	8.94096588137930216E-004	-1	7.92054065759703282E-004	-1	OK
95.000000000000000	3.87998178367869161E-003	2.22039020352514035E-003	1.72591497005493899E-003	4.94475233470201476E-004	1.65959158015355104E-003	8.79886994192883264E-004	-1	7.79704585960667778E-004	-1	OK
95.250000000000000	3.82131806062483348E-003	2.18780404276393194E-003	1.70014136457074562E-003	4.87662678193186486E-004	1.63351401786090153E-003	8.65936997581818460E-004	-1	7.67577020279083073E-004	-1	OK
95.500000000000000	3.76368022277178207E-003	2.15577218663693185E-003	1.67481351811335261E-003	4.80958668523579294E-004	1.60790803613485001E-003	8.52241697459800310E-004	-1	7.55666338675049700E-004	-1	OK
95.750000000000000	3.70704517549179987E-003	2.12428362947760874E-003	1.64992260675070595E-003	4.74361022726902792E-004	1.58276154601419113E-003	8.38796001925547446E-004	-1	7.43965544088643683E-004	-1	OK
96.000000000000000	3.65124650154618775E-003	2.09332793309851542E-003	1.62546007471666906E-003	4.67867858381846300E-004	1.55791856844767211E-003	8.25594147657006871E-004	-1	7.32324420790665242E-004	-1	OK
96.250000000000000	3.59656299747230113E-003	2.06289497627668624E-003	1.60141757276808486E-003	4.61477403508601003E-004	1.53366802119561511E-003	8.12631378564807614E-004	-1	7.21036642630807495E-004	-1	OK
96.500000000000000	3.54282679013987519E-003	2.03297486489294231E-003	1.57778692238240360E-003	4.55187942510539413E-004	1.50985192524693309E-003	7.99902669265851627E-004	-1	7.09949255981081467E-004	-1	OK
96.750000000000000	3.49001955787213956E-003	2.00355766936062551E-003	1.55456007414990797E-003	4.48997595210717435E-004	1.48646188851151405E-003	7.87403112732885306E-004	-1	6.99058775778628743E-004	-1	OK
97.000000000000000	3.43812268179254305E-003	1.97463376208566839E-003	1.53172917360718864E-003	4.42904588478479746E-004	1.46348891970687466E-003	7.75128044473177239E-004	-1	6.88360875233697423E-004	-1	OK
97.250000000000000	3.38711822040389712E-003	1.94619365420617332E-003	1.50928651410374946E-003	4.36907140102423691E-004	1.44092456619772380E-003	7.63072969268956385E-004	-1	6.77851596928767414E-004	-1	OK
97.500000000000000	3.33698847379419131E-003	1.91822808043120045E-003	1.48722459311226860E-003	4.31003487318931309E-004	1.41876039336299065E-003	7.51233548192323805E-004	-1	6.67526845170666842E-004	-1	OK
97.750000000000000	3.28771596143130184E-003	1.89072806771763049E-003	1.46553606648083487E-003	4.25192001236795894E-004	1.39698789371367157E-003	7.39605217487169391E-004	-1	6.57382676226502178E-004	-1	OK
98.000000000000000	3.23928493639700100E-003	1.86368475957792335E-003	1.44421374832596409E-003	4.19471011251959579E-004	1.37560017681907787E-003	7.28183713102739487E-004	-1	6.47416463716338382E-004	-1	OK
98.250000000000000	3.19167837244327271E-003	1.83708974456873856E-003	1.42325065337187010E-003	4.13839091196869006E-004	1.35458862787453415E-003	7.16965841220675113E-004	-1	6.37622786653859039E-004	-1	OK
98.500000000000000	3.14488080974042626E-003	1.81093463947968724E-003	1.40263990634892691E-003	4.08294733130760707E-004	1.33394617026073902E-003	7.05946987510444124E-004	-1	6.27999182750294893E-004	-1	OK
98.750000000000000	3.09887642567747198E-003	1.78521110734662343E-003	1.38237474719496672E-003	4.02836360151656060E-004	1.31366531833084876E-003	6.95122725469712681E-004	-1	6.18542592861136080E-004	-1	OK
99.000000000000000	3.05365066166038814E-003	1.75991098649195925E-003	1.36244856688177616E-003	3.97462419610183253E-004	1.29373967516842889E-003	6.84489170767273191E-004	-1	6.09250504401155700E-004	-1	OK
99.250000000000000	3.00918803895530327E-003	1.73502635071060831E-003	1.34285491365265124E-003	3.92171437057956744E-004	1.27416168824469496E-003	6.74042522918759423E-004	-1	6.00119165325935537E-004	-1	OK
99.500000000000000	2.96547329993448409E-003	1.71054938805343011E-003	1.32358746177916242E-003	3.86961926274268018E-004	1.25492391188105398E-003	6.63777605094308912E-004	-1	5.91146306786745064E-004	-1	OK
99.750000000000000	2.92249259611289435E-003	1.68647233747905192E-003	1.30463999872302270E-003	3.81832338756029060E-004	1.23602025863384242E-003	6.53692262676021222E-004	-1	5.82327995957821203E-004	-1	OK
100.00000000000000	2.88023241718824829E-003	1.66278782241731436E-003	1.28600650607277323E-003	3.76781316344541731E-004	1.21744459477093393E-003	6.43782975897094008E-004	-1	5.73661618873839920E-004	-1	OK
