#pt	totcs	totdirect	directLO	directNLO	totfrag	fragLO	err_fragLO	fragNLO	err_fragNLO	errmess
0.50000000000000000	399295479.76374090	-305266231.46188128	107010348.28429881	-412276579.74618012	704561711.22562218	439759032.20073909	-1	264802679.02488309	-1	Error
0.75000000000000000	83972826.555489525	-46772747.318382382	26118395.774991550	-72891143.093373954	130745573.87387191	80409509.298583373	-1	50336064.575288534	-1	Error
1.0000000000000000	26103659.115123995	-11021385.102429569	8739400.8358577583	-19760785.938287329	37125044.217553563	22716180.348443385	-1	14408863.869110178	-1	Error
1.2500000000000000	10122438.251643430	-3339437.6651759604	3587074.1592024276	-6926511.8243783880	13461875.916819392	8296269.0564153306	-1	5165606.8604040612	-1	Error
1.5000000000000000	4681060.9411036354	-1185310.4319842150	1692582.8149527193	-2877893.2469369336	5866371.3730878504	3577841.5174260219	-1	2288529.8556618285	-1	Error
1.7500000000000000	2407733.4268649882	-465925.78178481688	883745.48845363024	-1349671.2702384472	2873659.2086498048	1742323.1112000144	-1	1131336.0974497905	-1	Error
2.0000000000000000	1342389.6057532460	-194865.23654534505	498167.29893403914	-693032.53547938401	1537254.8422985910	928753.24418102379	-1	608501.59811756725	-1	Error
2.2500000000000000	796174.09807542746	-83619.095679265680	298245.17299189564	-381864.26867116132	879793.19375469314	529923.20930432132	-1	349869.98445037182	-1	Error
2.5000000000000000	497741.94574385131	-35204.416150015604	187422.75021742500	-222627.16636744057	532946.36189386691	319272.81409031519	-1	213673.54780355172	-1	Error
2.7500000000000000	324096.13685835165	-13362.575889893953	122569.92398042622	-135932.49987032026	337458.71274824557	201173.99412559191	-1	136284.71862265366	-1	Error
3.0000000000000000	218534.23478307686	-3378.2287969316094	82883.199745988444	-86261.428542920039	221912.46358000848	131608.65974200188	-1	90303.803838006599	-1	Error
3.2500000000000000	151500.26276762382	1105.8703647289221	57664.059874142113	-56558.189509413169	150394.39240289491	88860.215682604758	-1	61534.176720290154	-1	Error
3.5000000000000000	107825.06011897512	2975.2990805921654	41112.700978161236	-38137.401897569071	104849.76103838295	61650.411828239099	-1	43199.349210143846	-1	Error
3.7500000000000000	78386.465995926221	3593.2088849721767	29943.015693142381	-26349.806808170208	74793.257110954044	43755.758965386631	-1	31037.498145567413	-1	Error
4.0000000000000000	58097.091623646615	3621.5467671217411	22219.646060191793	-18598.099293070063	54475.544856524873	31734.468564069306	-1	22741.076292455567	-1	OK
4.2500000000000000	43785.089972297908	3387.2195011842450	16763.766983313271	-13376.547482129028	40397.870471113667	23491.404759422032	-1	16906.465711691635	-1	OK
4.5000000000000000	33467.036119913646	3052.3805085922577	12835.905279126531	-9783.5247705342699	30414.655611321388	17632.838398491713	-1	12781.817212829676	-1	OK
4.7500000000000000	25927.628901347140	2695.8770278604552	9959.6457539240346	-7263.7687260635757	23231.751873486683	13428.204214752226	-1	9803.5476587344565	-1	OK
5.0000000000000000	20340.431613025830	2354.6787059198050	7821.0041101574789	-5466.3254042376739	17985.752907106023	10360.753813889494	-1	7624.9990932165292	-1	OK
5.2500000000000000	16114.794452505130	2044.3940327563650	6208.6885968418055	-4164.2945640854377	14070.400419748765	8091.0992907770369	-1	5979.3011289717278	-1	OK
5.5000000000000000	12908.225666224840	1769.9108643719919	4977.8104386844425	-3207.8995743124515	11138.314801852848	6385.8108708765112	-1	4752.5039309763370	-1	OK
5.7500000000000000	10435.023396751996	1530.8887284434541	4027.2966891612987	-2496.4079607178455	8904.1346683085430	5089.0372725584803	-1	3815.0973957500628	-1	OK
6.0000000000000000	8507.0888862239481	1324.6163363468695	3285.5358692448649	-1960.9195328979952	7182.4725498770777	4093.0288755777815	-1	3089.4436742992962	-1	OK
6.2500000000000000	6983.9775895161674	1147.4945486661909	2701.0610467948941	-1553.5664981287043	5836.4830408499765	3319.3506763133059	-1	2517.1323645366706	-1	OK
6.5000000000000000	5780.2294171270569	995.77463749676599	2236.3950813534093	-1240.6204438566426	4784.4547796302913	2712.4555606454023	-1	2071.9992189848890	-1	OK
6.7500000000000000	4834.7198226404289	865.91984884330577	1863.9152585753354	-997.99540973202943	3968.7999737971231	2232.5556186087078	-1	1736.2443551884153	-1	OK
7.0000000000000000	4052.3483282511011	754.73952648076556	1563.0331270206227	-808.29360053985681	3297.6088017703355	1849.8525884651199	-1	1447.7562133052156	-1	OK
7.2500000000000000	3415.8921528713281	659.44322563936225	1318.2437375923685	-658.80051195300643	2756.4489272319661	1542.2220591837088	-1	1214.2268680482573	-1	OK
7.5000000000000000	2894.7504227540621	577.62616389416917	1117.7568629894699	-540.13069909530032	2317.1242588598930	1293.1666206209688	-1	1023.9576382389241	-1	OK
7.7500000000000000	2464.0719996127800	507.24414980000438	952.52712868733568	-445.28297888733141	1956.8278498127759	1090.2273368902752	-1	866.60051292250068	-1	OK
8.0000000000000000	2108.5243999010027	446.56533865912411	815.55512893359719	-368.98979027447285	1661.9590612418785	923.82827407675563	-1	738.13078716512291	-1	OK
8.2500000000000000	1812.2491025443737	394.13066918131437	701.38219945356002	-307.25153027224547	1418.1184333630595	786.63120820681968	-1	631.48722515623979	-1	OK
8.5000000000000000	1564.1534755482526	348.71072346057849	605.71944172861811	-257.00871826803944	1215.4427520876741	672.86859023459397	-1	542.57416185308011	-1	OK
8.7500000000000000	1355.3546247357722	309.26997389289022	525.17351831795213	-215.90354442506188	1046.0846508428820	578.01829373963744	-1	468.06635710324451	-1	OK
9.0000000000000000	1178.8279773326158	274.93672622668919	457.04196398862587	-182.10523776193665	903.89125110592670	498.54514417001019	-1	405.34610693591651	-1	OK
9.2500000000000000	1028.9437324880821	244.97618558941736	399.15921461885199	-154.18302902943475	783.96754689866475	431.64120123493166	-1	352.32634566373309	-1	OK
9.5000000000000000	901.15807457028200	218.76708040778539	349.77939827495237	-131.01231786716701	682.39099416249655	375.06257322855998	-1	307.32842093393657	-1	OK
9.7500000000000000	791.79956637642840	195.78510243107706	307.48770757132695	-111.70260514024993	596.01446394535139	327.00603846180871	-1	269.00842548354268	-1	OK
10.000000000000000	697.78910534457441	175.58536486084137	271.13114249374092	-95.545777632899672	522.20374048373299	286.03940952398654	-1	236.16433095974645	-1	OK
10.250000000000000	616.69825670942714	157.79012261347839	239.76550824317673	-81.975385629698394	458.90813409594881	250.98582721406905	-1	207.92230688187976	-1	OK
10.500000000000000	546.52428392734407	142.07793143584342	212.61379714152599	-70.535865705682525	404.44635249150065	220.88135430162339	-1	183.56499818987726	-1	OK
10.750000000000000	485.38662375895660	128.17443121229908	189.03359849843633	-60.859167286137236	357.21219254665755	194.93717435318979	-1	162.27501819346776	-1	OK
11.000000000000000	432.39718522984953	115.84513810187644	168.49181625546581	-52.646678153589313	316.55204712797308	172.50504943346061	-1	144.04699769451247	-1	OK
11.250000000000000	386.12774817037450	104.88912310913008	150.54410243727625	-45.654979328146197	281.23862506124442	153.04938030363147	-1	128.18924475761295	-1	OK
11.500000000000000	345.60922988282289	95.133755360147859	134.81852880983718	-39.684773449689295	250.47547452267500	136.12893421627911	-1	114.34654030639589	-1	OK
11.750000000000000	310.02709722968967	86.430459171858260	121.00271070521248	-34.572251533354212	223.59663805783143	121.36614612681576	-1	102.23049193101566	-1	OK
12.000000000000000	278.70189660117984	78.650816708316327	108.83316870220528	-30.182351993888943	200.05107989286353	108.44916794068752	-1	91.601911952176010	-1	OK
12.250000000000000	251.05491094667443	71.683938796928459	98.087058678775250	-26.403119881846855	179.37097214974597	97.116522804170543	-1	82.254449345575424	-1	OK
12.500000000000000	226.59166182860946	65.433740601892325	88.575190413843075	-23.141449811950761	161.15792122671715	87.149186446882297	-1	74.008734779834853	-1	OK
12.750000000000000	204.89921626787708	59.816644809518507	80.136439286703407	-20.319794477184896	145.08257145835859	78.363208720888153	-1	66.719362737470433	-1	OK
13.000000000000000	185.61965390982400	54.759988447293807	72.633170284643612	-17.873181837349797	130.85966546253019	70.599517531929393	-1	60.260147930600795	-1	OK
13.250000000000000	168.44663344706308	50.200360316460042	65.947471077960785	-15.747110761500762	118.24627313060303	63.723733200518502	-1	54.522539930084527	-1	OK
13.500000000000000	153.06711341946885	46.082324654394327	59.978026227206868	-13.895701572812548	106.98478876507454	57.617874780695018	-1	49.366913984379522	-1	OK
13.750000000000000	139.36646056269490	42.357327421828302	54.637559945964874	-12.280232524136572	97.009133140866609	52.186625438200508	-1	44.822507702666101	-1	OK
14.000000000000000	127.09098608554982	38.982782526572848	49.850681839135106	-10.867899312562246	88.108203558976967	47.346432396015416	-1	40.761771162961551	-1	OK
14.250000000000000	116.07243707728492	35.921206681439116	45.552099040833156	-9.6308923593940516	80.151230395845801	43.025475701295299	-1	37.125754694550501	-1	OK
14.500000000000000	106.16560054083499	33.139645237564366	41.685134902964059	-8.5454896653996837	73.025955303270621	39.159782426088235	-1	33.866172877182386	-1	OK
14.750000000000000	97.189618193768410	30.608926491896888	38.200451718946773	-7.5915252270498907	66.580691701871530	35.695388595692791	-1	30.885303106178739	-1	OK
15.000000000000000	89.143401660282763	28.303383423321680	35.055046063115256	-6.7516626397935662	60.840018236961086	32.585042402480916	-1	28.254975834480170	-1	OK
15.250000000000000	81.872484066736732	26.200189930598899	32.211301024528282	-6.0111110939293839	55.672294136137836	29.787894769057154	-1	25.884399367080682	-1	OK
15.500000000000000	75.289877463095110	24.279128769432766	29.636278480731015	-5.3571497112982494	51.010748693662343	27.268150194750653	-1	23.742598498911690	-1	OK
15.750000000000000	69.323805711725441	22.522275583464211	27.301067953518036	-4.7787923700538206	46.801530128261234	24.994078063411088	-1	21.807452064850146	-1	OK
16.000000000000000	63.907111718213727	20.913628279325966	25.180229857097984	-4.2666015777720316	42.993483438887758	22.938506693682818	-1	20.054976745204939	-1	OK
16.250000000000000	58.981074058414407	19.438960714943086	23.251354080848241	-3.8123933659051605	39.542113343471321	21.082183208243940	-1	18.459930135227381	-1	OK
16.500000000000000	54.498193760070976	18.085560267618458	21.494648169261339	-3.4090879016428812	36.412633492452521	19.395890020587828	-1	17.016743471864693	-1	OK
16.750000000000000	50.412074646483831	16.842054524617236	19.892603662373176	-3.0505491377559375	33.570020121866591	17.865517579439075	-1	15.704502542427516	-1	OK
17.000000000000000	46.681959711420660	15.698294497782804	18.429711740354126	-2.7314172425713248	30.983665213637860	16.474575282692452	-1	14.509089930945407	-1	OK
17.250000000000000	43.273059517875531	14.645150409755953	17.092197514178313	-2.4470471044223565	28.627909108119578	15.208783411105721	-1	13.419125697013857	-1	OK
17.500000000000000	40.154134326238392	13.674437030976286	15.867815783988162	-2.1933787530118680	26.479697295262103	14.055517308819915	-1	12.424179986442187	-1	OK
17.750000000000000	37.297232627522149	12.778809986781333	14.745655830696817	-1.9668458439154861	24.518422640740820	13.003373860311033	-1	11.515048780429787	-1	OK
18.000000000000000	34.676776003785172	11.951626380860255	13.715984522773493	-1.7643581419132308	22.725149622924917	12.042266660980509	-1	10.682882961944408	-1	OK
18.250000000000000	32.270614073882015	11.186926695737290	12.770115647911886	-1.5831889521745992	21.083687378144724	11.163255782608777	-1	9.9204315955359466	-1	OK
18.500000000000000	30.058873267737297	10.479342670637614	11.900278245958720	-1.4209355753211035	19.579530597099684	10.358400927523913	-1	9.2211296695757703	-1	OK
18.750000000000000	28.012326896927387	9.8239881357666228	11.099501041147604	-1.2755129053809853	18.188338761160765	9.6206041181979103	-1	8.5677346429628543	-1	OK
19.000000000000000	26.138270986312079	9.2164767592395282	10.361537766170111	-1.1450610069305818	16.921794227072549	8.9435590496578143	-1	7.9782351774147351	-1	OK
19.250000000000000	24.410361028956125	8.6528339139956216	9.6807720030418913	-1.0279380890462690	15.757527114960503	8.3215965832920045	-1	7.4359305316684985	-1	OK
19.500000000000000	22.804401414370801	8.1294272053644878	9.0521450258595930	-0.92271782049510687	14.674974209006315	7.7496264873951981	-1	6.9253477216111170	-1	OK
19.750000000000000	21.331542415748704	7.6429792676377533	8.4711050298947157	-0.82812576225696144	13.688563148110950	7.2231008293145758	-1	6.4654623187963738	-1	OK
20.000000000000000	19.969411351140636	7.1905259827056360	7.9335468024822982	-0.74302081977665868	12.778885368435001	6.7379332937518486	-1	6.0409520746831520	-1	OK
20.250000000000000	18.708538262643167	6.7693464798501637	7.4357575666691753	-0.66641108681901040	11.939191782793005	6.2904439329460891	-1	5.6487478498469157	-1	OK
20.500000000000000	17.540379431452205	6.3769678068889872	6.9743814161694493	-0.59741360928046161	11.163411624563219	5.8773268607654474	-1	5.2860847637977715	-1	OK
20.750000000000000	16.457183340431136	6.0111547843423647	6.5463835527976570	-0.53522876845529432	10.446028556088770	5.4955781450782464	-1	4.9504504110105234	-1	OK
21.000000000000000	15.449933637107993	5.6698479602389948	6.1490080493828749	-0.47916008914387992	9.7800856768689979	5.1424891931557051	-1	4.6375964837132928	-1	OK
21.250000000000000	14.516404011550140	5.3511670120334331	5.7797551242671164	-0.42858811223368226	9.1652369995167060	4.8155836390190601	-1	4.3496533604976459	-1	OK
21.500000000000000	13.649051218474717	5.0534048971278436	5.4363565912053415	-0.38295169407749868	8.5956463213468730	4.5126833861974234	-1	4.0829629351494496	-1	OK
21.750000000000000	12.841631378105667	4.7749983412314929	5.1167484672608659	-0.34175012602937266	8.0666330368741743	4.2318079641052524	-1	3.8348250727689219	-1	OK
22.000000000000000	12.089891588626539	4.5145037923440814	4.8190492541907179	-0.30454546184663522	7.5753877962824587	3.9711497980794155	-1	3.6042379982030432	-1	OK
22.250000000000000	11.389417786071860	4.2706071375409067	4.5415466423815962	-0.27093950484068979	7.1188106485309524	3.7290137998776536	-1	3.3897968486532988	-1	OK
22.500000000000000	10.736222828928792	4.0421067498223842	4.2826788540405909	-0.24057210421820746	6.6941160791064069	3.5039021154361820	-1	3.1902139636702249	-1	OK
22.750000000000000	10.126611029246648	3.8278877973162477	4.0410170665061527	-0.21312926918990555	6.2987232319304001	3.2945311541607327	-1	3.0041920777696673	-1	OK
23.000000000000000	9.5572969282235825	3.6269292073529846	3.8152562798798111	-0.18832707252682671	5.9303677208705983	3.0996236367588503	-1	2.8307440841117479	-1	OK
23.250000000000000	9.0228242857498682	3.4382953470837609	3.6042033416708907	-0.16590799458712918	5.5845289386661072	2.9180491231142831	-1	2.6664798155518241	-1	OK
23.500000000000000	8.5254804301142748	3.2611243244670360	3.4067652195414619	-0.14564089507442662	5.2643561056472397	2.7487608948336915	-1	2.5155952108135482	-1	OK
23.750000000000000	8.0600679499210095	3.0946183580889612	3.2219392399025590	-0.12732088181359699	4.9654495918320487	2.5908240295858982	-1	2.3746255622461505	-1	OK
24.000000000000000	7.6242358312696297	2.9380419000920601	3.0488057059178510	-0.11076380582579121	4.6861939311775691	2.4433814507539759	-1	2.2428124804235932	-1	OK
24.250000000000000	7.2111354290768928	2.7907215190168397	2.8865212880160596	-9.57997689992211854E-002	4.4204139100600530	2.3056463275965586	-1	2.1147675824634944	-1	OK
24.500000000000000	6.8285373428470137	2.6520317596195753	2.7343100969039269	-8.22783372843520211E-002	4.1765055832274385	2.1768632940255652	-1	1.9996422892018733	-1	OK
24.750000000000000	6.4695752773455428	2.5213922556916359	2.5914581724206704	-7.00659167290349910E-002	3.9481830216539073	2.0563980251548086	-1	1.8917849964990987	-1	OK
25.000000000000000	6.1325792622776127	2.3982701827522748	2.4573091315563222	-5.90389488040466912E-002	3.7343090795253380	1.9436412566910966	-1	1.7906678228342414	-1	OK
25.250000000000000	5.8160045125559039	2.2821724165660919	2.3312581921318887	-4.90857755657968658E-002	3.5338320959898120	1.8380353850619409	-1	1.6957967109278711	-1	OK
25.500000000000000	5.5184639039530943	2.1726405588351070	2.2127473822604466	-4.01068234253395689E-002	3.3458233451179868	1.7390643519766658	-1	1.6067589931413211	-1	OK
25.750000000000000	5.2385874904400680	2.0692488654444525	2.1012617572078356	-3.20128917633833304E-002	3.1693386249956159	1.6462440326125123	-1	1.5230945923831036	-1	OK
26.000000000000000	4.9752160954996141	1.9716049676587732	1.9963263877394588	-2.47214200806858374E-002	3.0036111278408408	1.5591485324882111	-1	1.4444625953526298	-1	OK
26.250000000000000	4.7272533470571751	1.8793443181656688	1.8975021846718962	-1.81578665062276344E-002	2.8479090288915065	1.4773871792144493	-1	1.3705218496770573	-1	OK
26.500000000000000	4.4936799602730986	1.7921268028226898	1.8043828230979493	-1.22560202752596947E-002	2.7015531574504092	1.4005842888893407	-1	1.3009688685610685	-1	OK
26.750000000000000	4.2735505126586553	1.7096383816655321	1.7165927343667209	-6.95435270118799440E-003	2.5639121309931232	1.3283988333193200	-1	1.2355132976738032	-1	OK
27.000000000000000	4.0660019752138012	1.6315856046281756	1.6337837245942253	-2.19811996605016836E-003	2.4344163705856254	1.2605351655190875	-1	1.1738812050665379	-1	OK
27.250000000000000	3.8701915348097113	1.5576963175056491	1.5556333749859044	2.06294251974415126E-003	2.3124952173040625	1.1966623907328284	-1	1.1158328265712341	-1	OK
27.500000000000000	3.6853603164178539	1.4877175128501232	1.4818426567232206	5.87485612690339006E-003	2.1976428035677307	1.1365323964940752	-1	1.0611104070736554	-1	OK
27.750000000000000	3.5108083156631826	1.4214119315255196	1.4121338119574303	9.27811956808956284E-003	2.0893963841376633	1.0798964427289657	-1	1.0094999414086976	-1	OK
28.000000000000000	3.3458862024957137	1.3585588954662227	1.3462489923631071	1.23099031031149112E-002	1.9873273070294910	1.0265242405985948	-1	0.96080306643089619	-1	OK
28.250000000000000	3.1899852316920296	1.2989533320119611	1.2839488858760795	1.50044461358818555E-002	1.8910318996800686	0.97620372358184693	-1	0.91482817609822165	-1	OK
28.500000000000000	3.0425383928256036	1.2424034444180614	1.2250108305704659	1.73926138475946623E-002	1.8001349484075422	0.92873545358147680	-1	0.87139949482606538	-1	OK
28.750000000000000	2.9030204336693917	1.1887298142952472	1.1692276429464907	1.95021713487566473E-002	1.7142906193741445	0.88393589397555250	-1	0.83035472539859201	-1	OK
29.000000000000000	2.7709549164080975	1.1377648444809805	1.1164064973308838	2.13583471500964246E-002	1.6331900719271173	0.84163506779257802	-1	0.79155500413453928	-1	OK
29.250000000000000	2.6458880811508534	1.0893527497663480	1.0663679708232983	2.29847789430499098E-002	1.5565353313845056	0.80167476756367917	-1	0.75486056382082645	-1	OK
29.500000000000000	2.5275168569993367	1.0433473563978661	1.0189446873592327	2.44026690386334871E-002	1.4841695006014706	0.76390691795986498	-1	0.72026258264160559	-1	OK
29.750000000000000	2.4152183465716917	0.99961138106801950	0.97398057448090214	2.56308065871175862E-002	1.4156069655036723	0.72819593384327175	-1	0.68741103166040052	-1	OK
30.000000000000000	2.3087123702429992	0.95801721326520106	0.93133017109099359	2.66870421742074065E-002	1.3506951569777983	0.69441524781649655	-1	0.65627990916130174	-1	OK
30.250000000000000	2.2076645866350422	0.91844501557653502	0.89085757642577945	2.75874391507554620E-002	1.2892195710585070	0.66244650972127617	-1	0.62677306133723087	-1	OK
30.500000000000000	2.1117617938097029	0.88078217903442702	0.85243577862141506	2.83464004130122328E-002	1.2309796147752758	0.63217969006977781	-1	0.59879992470549803	-1	OK
30.750000000000000	2.0207105227308584	0.84492366753063575	0.81594623528075627	2.89774322498791218E-002	1.1757868552002226	0.60351190339381833	-1	0.57227495180640431	-1	OK
31.000000000000000	1.9342264224982864	0.81077026553446829	0.78127792536373697	2.94923401707309664E-002	1.1234561569638180	0.57635076154995613	-1	0.54710539541386183	-1	OK
31.250000000000000	1.8520483932210849	0.77822939335576924	0.74832699955987803	2.99023937958911024E-002	1.0738189998653156	0.55059979037689744	-1	0.52321920948841816	-1	OK
31.500000000000000	1.7739297941239811	0.74721398231320868	0.71699630224174127	3.02176800714674364E-002	1.0267158118107724	0.52617926835885021	-1	0.50053654345192222	-1	OK
31.750000000000000	1.6996448137880309	0.71764215104029860	0.68719486116053274	3.04472898797658771E-002	0.98200266274773218	0.50301073066728053	-1	0.47899193208045165	-1	OK
32.000000000000000	1.6289771667616986	0.68943720576999357	0.65883751164087268	3.05996941291207074E-002	0.93953996099170511	0.48102154220590432	-1	0.45851841878580080	-1	OK
32.250000000000000	1.5617278433315447	0.66252676154710755	0.63184437404664262	3.06823875004651955E-002	0.89920108178443714	0.46014364921528317	-1	0.43905743256915397	-1	OK
32.500000000000000	1.4977122865360677	0.63684320401932393	0.60614061157805110	3.07025924412728766E-002	0.86086908251674366	0.44031242214254690	-1	0.42055666037419676	-1	OK
32.750000000000000	1.4367497844555288	0.61232267341124436	0.58165590588808314	3.06667675231610780E-002	0.82442711104428457	0.42146656670780624	-1	0.40296054433647832	-1	OK
33.000000000000000	1.3786752491188854	0.58890480544681001	0.55832421956939349	3.05805858774167577E-002	0.78977044367207538	0.40355295471089625	-1	0.38621748896117913	-1	OK
33.250000000000000	1.3233367261084952	0.56653295510052826	0.53608357921198213	3.04493758885459910E-002	0.75680377100796692	0.38651950266215201	-1	0.37028426834581490	-1	OK
33.500000000000000	1.2705822306447114	0.54515374504366909	0.51487576430970650	3.02779807339626818E-002	0.72542848560104234	0.37031762789093925	-1	0.35511085771010309	-1	OK
33.750000000000000	1.2202792785592256	0.52471682337945658	0.49464603942019281	3.00707839592636098E-002	0.69556245517976911	0.35425019313338585	-1	0.34131226204638326	-1	OK
34.000000000000000	1.1722945899332013	0.50517480856896713	0.47534292032146214	2.98318882475051908E-002	0.66711978136423411	0.33960254115353611	-1	0.32751724021069800	-1	OK
34.250000000000000	1.1264055492413083	0.48648273833089473	0.45691790725858961	2.95648310723050020E-002	0.63992281091041359	0.32565508749023625	-1	0.31426772342017734	-1	OK
34.500000000000000	1.0819822968443560	0.46859838731568904	0.43932541371911138	2.92729735965775763E-002	0.61338390952866695	0.31236974298464337	-1	0.30101416654402358	-1	OK
34.750000000000000	1.0402816818194374	0.45148202366776241	0.42252253670577417	2.89594869619884676E-002	0.58879965815167490	0.29971095450504082	-1	0.28908870364663408	-1	OK
35.000000000000000	1.0000292656764522	0.43509581259408803	0.40646879153017429	2.86270210639138593E-002	0.56493345308236420	0.28764581560557906	-1	0.27728763747678514	-1	OK
35.250000000000000	0.96199029203763964	0.41940406728025237	0.39112603920465333	2.82780280755990134E-002	0.54258622475738727	0.27614267581215551	-1	0.26644354894523176	-1	OK
35.500000000000000	0.92563546078261516	0.40437306975749759	0.37645831792196077	2.79147518355367004E-002	0.52126239102511751	0.26517258889024070	-1	0.25608980213487681	-1	OK
35.750000000000000	0.89087996350132681	0.38997107290542543	0.36243174131914624	2.75393315862792407E-002	0.50090889059590138	0.25471038540566660	-1	0.24619850519023478	-1	OK
36.000000000000000	0.85763605417560163	0.37616814272433657	0.34901434900679668	2.71537937175398598E-002	0.48146791145126505	0.24472619436300386	-1	0.23674171708826119	-1	OK
36.250000000000000	0.82584238646438579	0.36293575389492416	0.33617592412340908	2.67598297715151007E-002	0.46290663256946163	0.23519443353465103	-1	0.22771219903481060	-1	OK
36.500000000000000	0.79541789509253080	0.35024685690178575	0.32388792865381916	2.63589282479667272E-002	0.44517103819074499	0.22609192545803625	-1	0.21907911273270875	-1	OK
36.750000000000000	0.76629731217545183	0.33807589231073587	0.31212342102313695	2.59524712875989945E-002	0.42822141986471596	0.21739735098634241	-1	0.21082406887837354	-1	OK
37.000000000000000	0.73841760662367939	0.32639865729871920	0.30085694660785234	2.55417106908669041E-002	0.41201894932496014	0.20908919804747378	-1	0.20292975127748636	-1	OK
37.250000000000000	0.71171903110774948	0.31519231518666635	0.29006444745084670	2.51278677358197575E-002	0.39652671592108318	0.20114859533096305	-1	0.19537812059012014	-1	OK
37.500000000000000	0.68611593550908556	0.30443525690910200	0.27972317979594419	2.47120771131577079E-002	0.38168067859998356	0.19355668637180184	-1	0.18812399222818171	-1	OK
37.750000000000000	0.66161207508437492	0.29410688957447728	0.26981160142617638	2.42952881483007761E-002	0.36750518550989764	0.18629580418781144	-1	0.18120938132208619	-1	OK
38.000000000000000	0.63810255567540786	0.28418764174119215	0.26030932250155658	2.38783192396355634E-002	0.35391491393421570	0.17934977654807710	-1	0.17456513738613860	-1	OK
38.250000000000000	0.61558940404015083	0.27465894793139112	0.25119703585494652	2.34619120764445951E-002	0.34093045610875977	0.17270310981404752	-1	0.16822734629471225	-1	OK
38.500000000000000	0.59400140538030888	0.26550300852106740	0.24245643232374103	2.30465761973263836E-002	0.32849839685924148	0.16634131241145925	-1	0.16215708444778223	-1	OK
38.750000000000000	0.57329464019948650	0.25670330033230032	0.23407025542334781	2.26330449089523940E-002	0.31659133986718618	0.16025079836049255	-1	0.15634054150669363	-1	OK
39.000000000000000	0.55342860263312010	0.24824420303476408	0.22602214035827481	2.22220626764893202E-002	0.30518439959835603	0.15441895566948266	-1	0.15076544392887337	-1	OK
39.250000000000000	0.53436460678454734	0.24011056606332074	0.21829650318944407	2.18140628738766641E-002	0.29425404072122663	0.14883280913478569	-1	0.14542123158644094	-1	OK
39.500000000000000	0.51606461794902148	0.23228800415699763	0.21087858552199629	2.14094186350014051E-002	0.28377661379202385	0.14348017339581673	-1	0.14029644039620712	-1	OK
39.750000000000000	0.49849398295206415	0.22476295615618050	0.20375440432612049	2.10085518300600141E-002	0.27373102679588368	0.13834996593122950	-1	0.13538106086465418	-1	OK
40.000000000000000	0.48161922386716549	0.21752239847282370	0.19691066343651958	2.06117350363040214E-002	0.26409682539434182	0.13343175606384550	-1	0.13066506933049632	-1	OK
40.250000000000000	0.46540766706786457	0.21055405478720757	0.19033477779331923	2.02192769938883826E-002	0.25485361228065700	0.12871687799656431	-1	0.12613673428409269	-1	OK
40.500000000000000	0.44983079642138674	0.20384632040444783	0.18401480115358532	1.98315192508625865E-002	0.24598447601693890	0.12419329709992646	-1	0.12179117891701244	-1	OK
40.750000000000000	0.43486023206257396	0.19738812361631886	0.17793937584988212	1.94487477664366248E-002	0.23747210844625510	0.11985345688683589	-1	0.11761865155941921	-1	OK
41.000000000000000	0.42046939086167745	0.19116886185352949	0.17209769236045327	1.90711694930762350E-002	0.22930052900814793	0.11568967981695866	-1	0.11361084919118927	-1	OK
41.250000000000000	0.40663238796762463	0.18517832996955857	0.16647946221668541	1.86988677528731814E-002	0.22145405799806606	0.11169285337350328	-1	0.10976120462456278	-1	OK
41.500000000000000	0.39332483363890092	0.17940686368450234	0.16107491871339291	1.83319449711094387E-002	0.21391796995439855	0.10785544850556553	-1	0.10606252144883302	-1	OK
41.750000000000000	0.38049217936154134	0.17384526424808550	0.15587478259031839	1.79704816577671393E-002	0.20664691511345584	0.10417028148872547	-1	0.10247663362473038	-1	OK
42.000000000000000	0.36817520627451361	0.16848488606320750	0.15087024735183807	1.76146387113694340E-002	0.19969032021130609	0.10063088862874249	-1	9.90594315825635979E-002	-1	OK
42.250000000000000	0.35632232918914603	0.16331740643565926	0.14605291800386011	1.72644884317992610E-002	0.19300492275348677	9.72302254904990060E-002	-1	9.57746972629877624E-002	-1	OK
42.500000000000000	0.34491486001707561	0.15833495432091604	0.14141481308296150	1.69201412379545550E-002	0.18657990569615959	9.39617393881732876E-002	-1	9.26181663079863049E-002	-1	OK
42.750000000000000	0.33393254641773928	0.15352996093426280	0.13694831582966660	1.65816451045962404E-002	0.18040258548347646	9.08201382398930446E-002	-1	8.95824472435834129E-002	-1	OK
43.000000000000000	0.32335701051845989	0.14889515147898802	0.13264616833042431	1.62489831485636976E-002	0.17446185903947187	8.77992262287453640E-002	-1	8.66626328107265032E-002	-1	OK
43.250000000000000	0.31323474329288314	0.14442360414437147	0.12850146036391344	1.59221437804580486E-002	0.16881113914851167	8.48932089970199227E-002	-1	8.39179301514917514E-002	-1	OK
43.500000000000000	0.30342330226216163	0.14010872132857222	0.12450761234088845	1.56011089876837896E-002	0.16331458093358941	8.20983286704041054E-002	-1	8.12162522631853095E-002	-1	OK
43.750000000000000	0.29396932730765013	0.13594428692584265	0.12065836979965655	1.52859171261861011E-002	0.15802504038180751	7.94097617585054344E-002	-1	7.86152786233020734E-002	-1	OK
44.000000000000000	0.28485804761363154	0.13192429248127932	0.11694775492246362	1.49765375588156793E-002	0.15293375513235222	7.68230166821569499E-002	-1	7.61107384501952672E-002	-1	OK
44.250000000000000	0.27607495849261665	0.12804299937639763	0.11337007034140531	1.46729290349923106E-002	0.14803195911621905	7.43336409794121827E-002	-1	7.36983181368068702E-002	-1	OK
44.500000000000000	0.26760679154025591	0.12429499906049016	0.10991989035086125	1.43751087096289330E-002	0.14331179247976572	7.19373886967701465E-002	-1	7.13744037829955741E-002	-1	OK
44.750000000000000	0.25944071564540239	0.12067505428653405	0.10659202302876716	1.40830312577669252E-002	0.13876566135886836	6.96302859024184179E-002	-1	6.91353754564499462E-002	-1	OK
45.000000000000000	0.25156504643997751	0.11717811380241022	0.10338150552369810	1.37966082787121178E-002	0.13438693263756729	6.74086503435647050E-002	-1	6.69782822940025863E-002	-1	OK
45.250000000000000	0.24396747314465214	0.11379935854127601	0.10028360775799122	1.35157507832847617E-002	0.13016811460337613	6.52689083987196550E-002	-1	6.48992062046564733E-002	-1	OK
45.500000000000000	0.23663669903343182	0.11053424508272429	9.72938289700618769E-002	1.32404161126624034E-002	0.12610245395070754	6.32076342324361662E-002	-1	6.28948197182713775E-002	-1	OK
45.750000000000000	0.22956176312538271	0.10737842611932236	9.44078653701504178E-002	1.29705607491719076E-002	0.12218333700606035	6.12218412604966233E-002	-1	6.09614957455637263E-002	-1	OK
46.000000000000000	0.22273262060451540	0.10432768983352711	9.16215985902345958E-002	1.27060912432925173E-002	0.11840493077098829	5.93082033453046636E-002	-1	5.90967274256836289E-002	-1	OK
46.250000000000000	0.21613965552487174	0.10137807125517229	8.89311075563467418E-002	1.24469636988255236E-002	0.11476158426969944	5.74636625637741857E-002	-1	5.72979217059252574E-002	-1	OK
46.500000000000000	0.20977229350968096	9.85257753588233975E-002	8.63326393796496755E-002	1.21931359791736943E-002	0.11124651815085755	5.56852384722948054E-002	-1	5.55612796785627458E-002	-1	OK
46.750000000000000	0.20357439286995765	9.57671122440330869E-002	8.38225948842599988E-002	1.19445173597730880E-002	0.10780728062592458	5.39703115573398270E-002	-1	5.38369690685847543E-002	-1	OK
47.000000000000000	0.19763638354370422	9.30985437796320453E-002	8.13975334791164351E-002	1.17010103005156258E-002	0.10453783976407216	5.23163869541215798E-002	-1	5.22214528099505804E-002	-1	OK
47.250000000000000	0.19189957551963061	9.05166750057068703E-002	7.90541657452022012E-002	1.14625092605047108E-002	0.10138290051392372	5.07210011715906323E-002	-1	5.06618993423330888E-002	-1	OK
47.500000000000000	0.18635573166416461	8.80182875339928783E-002	7.67893535596144983E-002	1.12289339743783436E-002	9.83374441301717306E-002	4.91819620938907659E-002	-1	4.91554820362809647E-002	-1	OK
47.750000000000000	0.18099825259183011	8.56003271834672452E-002	7.46000991033941990E-002	1.10002280800730254E-002	9.53979254083628520E-002	4.76970022821999323E-002	-1	4.77009231261629196E-002	-1	OK
48.000000000000000	0.17581777549598215	8.32598439547692359E-002	7.24835277040090792E-002	1.07763162507601516E-002	9.25579315412129178E-002	4.62638365591870257E-002	-1	4.62940949820258921E-002	-1	OK
48.250000000000000	0.17081157610047815	8.09939858991796102E-002	7.04368838942141390E-002	1.05571020049654712E-002	8.98175902012985361E-002	4.48804091876442018E-002	-1	4.49371810136543343E-002	-1	OK
48.500000000000000	0.16597116572427628	7.88000434841408248E-002	6.84575336186266925E-002	1.03425098655141393E-002	8.71711222401354707E-002	4.35447509724088203E-002	-1	4.36263712677266505E-002	-1	OK
48.750000000000000	0.16129039580337709	7.66754244351185443E-002	6.65429550003765746E-002	1.01324694347419662E-002	8.46149713682585458E-002	4.22549956222008569E-002	-1	4.23599757460576890E-002	-1	OK
49.000000000000000	0.15676314226896793	7.46176375973129635E-002	6.46907313077474538E-002	9.92690628956550622E-003	8.21455046716549758E-002	4.10093967835136533E-002	-1	4.11361078881413225E-002	-1	OK
49.250000000000000	0.15238228983375146	7.26242755343125129E-002	6.28985426997706598E-002	9.72573283454187219E-003	7.97580142994389341E-002	3.98061566222308177E-002	-1	3.99518576772081163E-002	-1	OK
49.500000000000000	0.14814511746454082	7.06930045003724417E-002	6.11641628518772365E-002	9.52884164849519474E-003	7.74521129641683737E-002	3.86436860014935518E-002	-1	3.88084269626748218E-002	-1	OK
49.750000000000000	0.14404488545719246	6.88216197134585983E-002	5.94854667138231263E-002	9.33615299963548410E-003	7.52232657437338498E-002	3.75204231798372048E-002	-1	3.77028425638966450E-002	-1	OK
50.000000000000000	0.14007657749095562	6.70080229109536463E-002	5.78604188327793006E-002	9.14760407817435603E-003	7.30685545800019709E-002	3.64348635519589903E-002	-1	3.66336910280429806E-002	-1	OK
50.250000000000000	0.13623540897264608	6.52501667462656032E-002	5.62870610484925774E-002	8.96310569777303626E-003	7.09852422263804600E-002	3.53855608919370831E-002	-1	3.55996813344433768E-002	-1	OK
50.500000000000000	0.13251659969231264	6.35460913405438560E-002	5.47635172642253892E-002	8.78257407631843380E-003	6.89705083517687806E-002	3.43711628896881879E-002	-1	3.45993454620805926E-002	-1	OK
50.750000000000000	0.12891623926356513	6.18939366817836331E-002	5.32879914734061891E-002	8.60594520837746485E-003	6.70223025817814899E-002	3.33903775858112734E-002	-1	3.36319249959702166E-002	-1	OK
51.000000000000000	0.12542975567778103	6.02919043528754306E-002	5.18587568583610270E-002	8.43314749451440360E-003	6.51378513249056129E-002	3.24419352342835490E-002	-1	3.26959160906220639E-002	-1	OK
51.250000000000000	0.12205282454650647	5.87382367472072953E-002	5.04741512493254094E-002	8.26408549788189110E-003	6.33145877992991740E-002	3.15245807306135731E-002	-1	3.17900070686856009E-002	-1	OK
51.500000000000000	0.11878132766851238	5.72312469318541420E-002	4.91325800785390870E-002	8.09866685331505839E-003	6.15500807366582345E-002	3.06371797955416018E-002	-1	3.09129009411166326E-002	-1	OK
51.750000000000000	0.11561167651803614	5.57693228719083472E-002	4.78325156862964285E-002	7.93680718561191184E-003	5.98423536461277911E-002	2.97786221213224359E-002	-1	3.00637315248053552E-002	-1	OK
52.000000000000000	0.11254034107547015	5.43509348438440329E-002	4.65724956250665595E-002	7.77843921877746907E-003	5.81894062316261132E-002	2.89478441811745410E-002	-1	2.92415620504515722E-002	-1	OK
52.250000000000000	0.10956390269990142	5.29746126051105215E-002	4.53511146891312639E-002	7.62349791597925503E-003	5.65892900947908978E-002	2.81438266312741096E-002	-1	2.84454634635167881E-002	-1	OK
52.500000000000000	0.10667576669197129	5.16389217878534743E-002	4.41670192826316560E-002	7.47190250522182433E-003	5.50368449041178168E-002	2.73655911971852281E-002	-1	2.76712537069325887E-002	-1	OK
52.750000000000000	0.10387931476959253	5.03424954814151032E-002	4.30189118108716476E-002	7.32358367054345826E-003	5.35368192881774257E-002	2.66121985169945133E-002	-1	2.69246207711829125E-002	-1	OK
53.000000000000000	0.10116797189017651	4.90840294146343836E-002	4.19055469097187536E-002	7.17848250491563093E-003	5.20839424755421346E-002	2.58827552143295891E-002	-1	2.62011872612125454E-002	-1	OK
53.250000000000000	9.85388358378624651E-002	4.78622497537504674E-002	4.08257238730718869E-002	7.03652588067858655E-003	5.06765860841120047E-002	2.51764001253951195E-002	-1	2.55001859587168853E-002	-1	OK
53.500000000000000	9.59891202119814990E-002	4.66759337830609244E-002	3.97782886934481411E-002	6.89764508961279461E-003	4.93131864289205746E-002	2.44922997878321107E-002	-1	2.48208866410884639E-002	-1	OK
53.750000000000000	9.35160859905754815E-002	4.55238967761163876E-002	3.87621303562247221E-002	6.76176641989166289E-003	4.79921892144590939E-002	2.38296593661941232E-002	-1	2.41625298482649707E-002	-1	OK
54.000000000000000	9.11169173541118427E-002	4.44050010511863949E-002	3.77761823391980014E-002	6.62881871198839345E-003	4.67119163029254547E-002	2.31877157749347147E-002	-1	2.35242005279907400E-002	-1	OK
54.250000000000000	8.87894304526623962E-002	4.33181614169950296E-002	3.68194206708197039E-002	6.49874074617533964E-003	4.54712690356673666E-002	2.25657359079054765E-002	-1	2.29055331277618901E-002	-1	OK
54.500000000000000	8.65308518111915781E-002	4.22623221335898525E-002	3.58908577909742912E-002	6.37146434261555168E-003	4.42685296776017326E-002	2.19630054797119306E-002	-1	2.23055241978898020E-002	-1	OK
54.750000000000000	8.43390381101966624E-002	4.12364668889074332E-002	3.49895450222720839E-002	6.24692186663534411E-003	4.31025712212892292E-002	2.13788481536849456E-002	-1	2.17237230676042836E-002	-1	OK
55.000000000000000	8.22117717422729544E-002	4.02396333566091835E-002	3.41145729967174821E-002	6.12506035989170052E-003	4.19721383856637778E-002	2.08126249037592012E-002	-1	2.11595134819045766E-002	-1	OK
55.250000000000000	8.01468347030417638E-002	3.92708966443793689E-002	3.32650654167355245E-002	6.00583122764385569E-003	4.08759380586624019E-002	2.02636753060446775E-002	-1	2.06122627526177243E-002	-1	OK
55.500000000000000	7.80960147573784846E-002	3.83293454624699798E-002	3.24401750347489970E-002	5.88917042772098970E-003	3.97666692949085049E-002	1.97314327485579866E-002	-1	2.00352365463505183E-002	-1	OK
55.750000000000000	7.61507661474148528E-002	3.74141059623841477E-002	3.16390875003316127E-002	5.77501846205253234E-003	3.87366601850307052E-002	1.92153259350389717E-002	-1	1.95213342499917335E-002	-1	OK
56.000000000000000	7.42617522393036189E-002	3.65243413565445665E-002	3.08610192926141724E-002	5.66332206393038978E-003	3.77374108827590454E-002	1.87148022032977875E-002	-1	1.90226086794612580E-002	-1	OK
56.250000000000000	7.24271464721046032E-002	3.56592310140584207E-002	3.01052134346568301E-002	5.55401757940158537E-003	3.67679154580461895E-002	1.82293354452628259E-002	-1	1.85385800127833636E-002	-1	OK
56.500000000000000	7.06295106624663105E-002	3.48179902905288510E-002	2.93709425541990483E-002	5.44704773632980355E-003	3.58115203719374664E-002	1.77584312563406066E-002	-1	1.80530891155968598E-002	-1	OK
56.750000000000000	6.88987382972648665E-002	3.39998670708948070E-002	2.86575069773748574E-002	5.34236009351995826E-003	3.48988712263700596E-002	1.73015988201377612E-002	-1	1.75972724062322984E-002	-1	OK
57.000000000000000	6.72172089506183762E-002	3.32041370495901461E-002	2.79642329412954013E-002	5.23990410829475867E-003	3.40130719010282301E-002	1.68583307787296549E-002	-1	1.71547411222985752E-002	-1	OK
57.250000000000000	6.55833326494180413E-002	3.24301073046992655E-002	2.72904725153221492E-002	5.13963478937713106E-003	3.31532253447187689E-002	1.64281710154446509E-002	-1	1.67250543292741180E-002	-1	OK
57.500000000000000	6.39955637542810318E-002	3.16771051462313713E-002	2.66355988783594198E-002	5.04150626787195494E-003	3.23184586080496605E-002	1.60106748598127305E-002	-1	1.63077837482369301E-002	-1	OK
57.750000000000000	6.24524154630560283E-002	3.09444709437032492E-002	2.59990054706567726E-002	4.94546547304648004E-003	3.15079445193527791E-002	1.56054222369809703E-002	-1	1.59025222823718088E-002	-1	OK
58.000000000000000	6.09524407245586528E-002	3.02315703398183255E-002	2.53801096252818312E-002	4.85146071453649869E-003	3.07208703847403272E-002	1.52120072914200856E-002	-1	1.55088630933202416E-002	-1	OK
58.250000000000000	5.94942341075921713E-002	2.95378041295241006E-002	2.47783522016246927E-002	4.75945192789940536E-003	2.99564299780680707E-002	1.48300204409887726E-002	-1	1.51264095370792981E-002	-1	OK
58.500000000000000	5.80763371997927297E-002	2.88625859010700064E-002	2.41931915491385360E-002	4.66939435193147213E-003	2.92137512987227267E-002	1.44590968356374909E-002	-1	1.47546544630852358E-002	-1	OK
58.750000000000000	5.66976366568106641E-002	2.82053461827038998E-002	2.36241051354906216E-002	4.58124104721327387E-003	2.84922904741067642E-002	1.40988785788379607E-002	-1	1.43934118952688036E-002	-1	OK
59.000000000000000	5.53411024843529775E-002	2.75655378081624165E-002	2.30705895840833883E-002	4.49494822407903432E-003	2.77755646761905610E-002	1.37490149145176772E-002	-1	1.40265497616728838E-002	-1	OK
59.250000000000000	5.40376009416283498E-002	2.69426385990739967E-002	2.25321601821220630E-002	4.41047841695193371E-003	2.70949623425543566E-002	1.33726287510208420E-002	-1	1.37223335915335146E-002	-1	OK
59.500000000000000	5.27697414194816250E-002	2.63361392024389906E-002	2.20083479099780002E-002	4.32779129246099650E-003	2.64336022170426309E-002	1.30434136920306986E-002	-1	1.33901885250119323E-002	-1	OK
59.750000000000000	5.15364130170372498E-002	2.57455437349400108E-002	2.14986995205045245E-002	4.24684421443547941E-003	2.57908692820972389E-002	1.27235442274105000E-002	-1	1.30673250546867389E-002	-1	OK
60.000000000000000	5.03365836753785628E-002	2.51703758099137836E-002	2.10027781114108213E-002	4.16759769850297019E-003	2.51662078654647792E-002	1.24127261989620489E-002	-1	1.27534816665027303E-002	-1	OK
60.250000000000000	4.91693349575555230E-002	2.46101756051819096E-002	2.05201622384953569E-002	4.09001336668654483E-003	2.45591593523736135E-002	1.21106681202715807E-002	-1	1.24484912321020328E-002	-1	OK
60.500000000000000	4.80335031053875650E-002	2.40644993230738208E-002	2.00504453485085138E-002	4.01405397456530613E-003	2.39690037823137442E-002	1.18170884951206770E-002	-1	1.21519152871930672E-002	-1	OK
60.750000000000000	4.69281508714788145E-002	2.35329241500744149E-002	1.95932355127395146E-002	3.93968863733490816E-003	2.33952267214043996E-002	1.15316991846768687E-002	-1	1.18635275367275309E-002	-1	OK
61.000000000000000	4.58523382987840594E-002	2.30150324026510630E-002	1.91481522461012278E-002	3.86688015654983088E-003	2.28373058961329929E-002	1.12542567289553412E-002	-1	1.15830491671776517E-002	-1	OK
61.250000000000000	4.48051499308072393E-002	2.25104195506776218E-002	1.87148282087906473E-002	3.79559134188697193E-003	2.22947303801296175E-002	1.09845075272325936E-002	-1	1.13102228528970238E-002	-1	OK
61.500000000000000	4.37857316477899827E-002	2.20186965978949566E-002	1.82929088315372003E-002	3.72578776635775454E-003	2.17670350498950262E-002	1.07222121370305901E-002	-1	1.10448229128644361E-002	-1	OK
61.750000000000000	4.27932440154203883E-002	2.15394884839963455E-002	1.78820516012771040E-002	3.65743688271923930E-003	2.12537555314240428E-002	1.04671402094087870E-002	-1	1.07866153220152559E-002	-1	OK
62.000000000000000	4.18268635273069955E-002	2.10724265406513137E-002	1.74819245475399850E-002	3.59050199311132610E-003	2.07544369866556853E-002	1.02190662953420396E-002	-1	1.05353706913136457E-002	-1	OK
62.250000000000000	4.08858052320199283E-002	2.06171569093509290E-002	1.70922076359792327E-002	3.52494927337169408E-003	2.02686483226689994E-002	9.97777292088698753E-003	-1	1.02908754017820118E-002	-1	OK
62.500000000000000	3.99693149713072626E-002	2.01733426681999263E-002	1.67125925957434529E-002	3.46075007245646776E-003	1.97959723031073363E-002	9.74304723342098514E-003	-1	1.00529250696863512E-002	-1	OK
62.750000000000000	3.90766681354159651E-002	1.97406531403732412E-002	1.63427803247148326E-002	3.39787281565840683E-003	1.93360149950427239E-002	9.51468160736953714E-003	-1	9.82133338767318675E-003	-1	OK
63.000000000000000	3.82071480154366760E-002	1.93187691086870381E-002	1.59824821996932404E-002	3.33628690899380074E-003	1.88883789067496380E-002	9.29248846176189240E-003	-1	9.59589044498774559E-003	-1	OK
63.250000000000000	3.73570756964592826E-002	1.89073845509365041E-002	1.56314195194263358E-002	3.27596503151017255E-003	1.84496911455227751E-002	9.07627863831727937E-003	-1	9.37341250720549572E-003	-1	OK
63.500000000000000	3.65318635585131848E-002	1.85062011181626601E-002	1.52893222360411737E-002	3.21687888212148681E-003	1.80256624403505247E-002	8.86586938923412601E-003	-1	9.15979305111639872E-003	-1	OK
63.750000000000000	3.57199597088613749E-002	1.81149308784759218E-002	1.49559294270009135E-002	3.15900145147500087E-003	1.76050288303854531E-002	8.66108398424611167E-003	-1	8.94394484613934143E-003	-1	OK
64.000000000000000	3.49366072861181168E-002	1.77332928447162183E-002	1.46309881356255153E-002	3.10230470909070256E-003	1.72033144414018985E-002	8.46175215465289586E-003	-1	8.74156228674900261E-003	-1	OK
64.250000000000000	3.41731839323914030E-002	1.73610178776697661E-002	1.43142541743916940E-002	3.04676370327806954E-003	1.68121660547216369E-002	8.26770968827971950E-003	-1	8.54445636644191736E-003	-1	OK
64.500000000000000	3.34291082605981810E-002	1.69978405103298480E-002	1.40054902371033706E-002	2.99235027322648089E-003	1.64312677502683330E-002	8.07879748136986278E-003	-1	8.35247026889847019E-003	-1	OK
64.750000000000000	3.27038278864793669E-002	1.66435032040506900E-002	1.37044668367011860E-002	2.93903636734949882E-003	1.60603246824286804E-002	7.89486105631139780E-003	-1	8.16546362611728256E-003	-1	OK
65.000000000000000	3.19968144301849000E-002	1.62977598501940074E-002	1.34109627823702886E-002	2.88679706782371537E-003	1.56990545799908926E-002	7.71575252710185195E-003	-1	7.98330205288904152E-003	-1	OK
65.250000000000000	3.13075371197678101E-002	1.59603743779005713E-002	1.31247644034917961E-002	2.83560997440877524E-003	1.53471627418672405E-002	7.54132835538548051E-003	-1	7.80583438648176000E-003	-1	OK
65.500000000000000	3.06354518228164757E-002	1.56311169528573109E-002	1.28456645977438454E-002	2.78545235511346587E-003	1.50043348699591648E-002	7.37144969131954628E-003	-1	7.63288517863961857E-003	-1	OK
65.750000000000000	2.99719240593457545E-002	1.53097642200975947E-002	1.25734627670551699E-002	2.73630145304242910E-003	1.46621598392481615E-002	7.20598219257196238E-003	-1	7.45617764667619917E-003	-1	OK
66.000000000000000	2.93295973723325942E-002	1.49961012317108983E-002	1.23079649174462121E-002	2.68813631426468658E-003	1.43334961406216960E-002	7.04479613463384387E-003	-1	7.28870000598785209E-003	-1	OK
66.250000000000000	2.87066771418027673E-002	1.46899182878374134E-002	1.20489828444621840E-002	2.64093544337522853E-003	1.40167588539653540E-002	6.88776596513274424E-003	-1	7.12899288883260974E-003	-1	OK
66.500000000000000	2.80991100270841648E-002	1.43910119521446934E-002	1.17963341946390951E-002	2.59467775750559784E-003	1.37080980749394697E-002	6.73477026198298582E-003	-1	6.97332781295648390E-003	-1	OK
66.750000000000000	2.75064766019974261E-002	1.40991839153970996E-002	1.15498420821085988E-002	2.54934183328849474E-003	1.34072926866003264E-002	6.58569352975930944E-003	-1	6.82159915684101698E-003	-1	OK
67.000000000000000	2.69283383574515089E-002	1.38142422393173724E-002	1.13093352570764888E-002	2.50490698224087663E-003	1.31140961181341349E-002	6.44042317007403713E-003	-1	6.67367294806009773E-003	-1	OK
67.250000000000000	2.63642847684584583E-002	1.35360011974376363E-002	1.10746479447425047E-002	2.46135325269513034E-003	1.28282835710208203E-002	6.29884744304910239E-003	-1	6.52943612797171787E-003	-1	OK
67.500000000000000	2.58139375880293842E-002	1.32642793466155925E-002	1.08456193349599685E-002	2.41866001165561657E-003	1.25496582414137917E-002	6.16085871693931777E-003	-1	6.38879952447447396E-003	-1	OK
67.750000000000000	2.52769205271822436E-002	1.29989026112904953E-002	1.06220941079289959E-002	2.37680850336150504E-003	1.22780179158917483E-002	6.02635416939364173E-003	-1	6.25166374649810657E-003	-1	OK
68.000000000000000	2.47528668471918359E-002	1.27397031384046990E-002	1.04039218230380821E-002	2.33578131536662332E-003	1.20131637087871387E-002	5.89523825960650005E-003	-1	6.11792544918063862E-003	-1	OK
68.250000000000000	2.42414156666034622E-002	1.24865166606227297E-002	1.01909563788959885E-002	2.29556028172673860E-003	1.17548990059807325E-002	5.76740969848490298E-003	-1	5.98748930749582950E-003	-1	OK
68.500000000000000	2.37422152531115774E-002	1.22391857688927963E-002	9.98305642381758576E-003	2.25612934507521748E-003	1.15030294842187793E-002	5.64278509094611348E-003	-1	5.86024439327266587E-003	-1	OK
68.750000000000000	2.32549303978309765E-002	1.19975559311487415E-002	9.78008452865522515E-003	2.21747140249351762E-003	1.12573744666822333E-002	5.52126544263270569E-003	-1	5.73610902404952765E-003	-1	OK
69.000000000000000	2.27792258291606015E-002	1.17614754573785452E-002	9.58190719480244042E-003	2.17956826257610561E-003	1.10177503717820563E-002	5.40276177322666223E-003	-1	5.61498859855539406E-003	-1	OK
69.250000000000000	2.23148295020721421E-002	1.15307997515620118E-002	9.38839552254359770E-003	2.14240422901841544E-003	1.07840297505101303E-002	5.28718936733933980E-003	-1	5.49684038317079047E-003	-1	OK
69.500000000000000	2.18614186115799261E-002	1.13053877089988354E-002	9.19942427222648906E-003	2.10596343677234765E-003	1.05560309025810924E-002	5.17446596869232910E-003	-1	5.38156493388876334E-003	-1	OK
69.750000000000000	2.14187213246453366E-002	1.10851010070942939E-002	9.01487176626309186E-003	2.07022924083120593E-003	1.03336203175510427E-002	5.06451208183366242E-003	-1	5.26910823571738029E-003	-1	OK
70.000000000000000	2.09864227661528888E-002	1.08698080357483538E-002	8.83462053860008083E-003	2.03518749714827083E-003	1.01166147304045349E-002	4.95725074112001850E-003	-1	5.15936398928451643E-003	-1	OK
70.250000000000000	2.05642321003913844E-002	1.06593791306393987E-002	8.65855626627635988E-003	2.00082286436304270E-003	9.90485296975198749E-003	4.85260719697622536E-003	-1	5.05224577277576213E-003	-1	OK
70.500000000000000	2.01518472480470764E-002	1.04536885500122606E-002	8.48656812503136015E-003	1.96712042498090305E-003	9.69815869803481410E-003	4.75050713587787162E-003	-1	4.94765156215694248E-003	-1	OK
70.750000000000000	1.97490561662153306E-002	1.02526159596891386E-002	8.31854887287829421E-003	1.93406708681084782E-003	9.49644020652619207E-003	4.65087738023305542E-003	-1	4.84556282629313665E-003	-1	OK
71.000000000000000	1.93555977978409066E-002	1.00560435171388584E-002	8.15439410765494976E-003	1.90164940948390994E-003	9.29955428070204822E-003	4.55365529710281044E-003	-1	4.74589898359923778E-003	-1	OK
71.250000000000000	1.89712192321130971E-002	9.86385673721337265E-003	7.99400254254128799E-003	1.86985419467208336E-003	9.10736249489972616E-003	4.45877297239562990E-003	-1	4.64858952250409626E-003	-1	OK
71.500000000000000	1.85956403022623819E-002	9.67594394904788824E-003	7.83727578869341038E-003	1.83866816035448046E-003	8.91969635321449364E-003	4.36615913541360361E-003	-1	4.55353721780089003E-003	-1	OK
71.750000000000000	1.82287210040549888E-002	9.49219511634839808E-003	7.68411801205330040E-003	1.80807710429509746E-003	8.73652588770659246E-003	4.27576187530991428E-003	-1	4.46076401239667818E-003	-1	OK
72.000000000000000	1.78702181737865617E-002	9.31250465966525567E-003	7.53443647655308371E-003	1.77806818311217088E-003	8.55771351412130607E-003	4.18752100604452906E-003	-1	4.37019250807677700E-003	-1	OK
72.250000000000000	1.75199244322785178E-002	9.13676919521439965E-003	7.38814103526062946E-003	1.74862815995377235E-003	8.38315523706411637E-003	4.10137784920275653E-003	-1	4.28177738786135985E-003	-1	OK
72.500000000000000	1.71776118418720293E-002	8.96488849671800078E-003	7.24514427556356873E-003	1.71974422115443292E-003	8.21272334515402852E-003	4.01727426542397483E-003	-1	4.19544907973005369E-003	-1	OK
72.750000000000000	1.68430830366086692E-002	8.79676694495927156E-003	7.10536180936917599E-003	1.69140513559009492E-003	8.04631609164939768E-003	3.93516266752404458E-003	-1	4.11115342412535310E-003	-1	OK
73.000000000000000	1.65161103230858398E-002	8.63231401077547110E-003	6.96871191835341918E-003	1.66360209242205192E-003	7.88379631231036875E-003	3.85498805978747722E-003	-1	4.02880825252289153E-003	-1	OK
73.250000000000000	1.61965001813235768E-002	8.47143838062857507E-003	6.83511454188660481E-003	1.63632383874196983E-003	7.72506180069500170E-003	3.77669537728002021E-003	-1	3.94836642341498192E-003	-1	OK
73.500000000000000	1.58840650569029088E-002	8.31405071746450439E-003	6.70449185081044719E-003	1.60955886665405633E-003	7.57001433943840611E-003	3.70023461756404390E-003	-1	3.86977972187436221E-003	-1	OK
73.750000000000000	1.55786212947425264E-002	8.16006522391048150E-003	6.57676844254264249E-003	1.58329678136783685E-003	7.41855607083204485E-003	3.62555867647204643E-003	-1	3.79299739435999842E-003	-1	OK
74.000000000000000	1.52799937602919513E-002	8.00939805519812996E-003	6.45187089926358565E-003	1.55752715593454410E-003	7.27059570509382136E-003	3.55262108842423555E-003	-1	3.71797461666958581E-003	-1	OK
74.250000000000000	1.49880070575081036E-002	7.86196760280981170E-003	6.32972784603742789E-003	1.53223975677238295E-003	7.12603945469829098E-003	3.48137648379465842E-003	-1	3.64466297090363257E-003	-1	OK
74.500000000000000	1.47024869820711144E-002	7.71769332222003480E-003	6.21026968640857671E-003	1.50742363581145614E-003	6.98479365985107958E-003	3.41177267652748202E-003	-1	3.57302098332359756E-003	-1	OK
74.750000000000000	1.44232729588420136E-002	7.57649647696178805E-003	6.09342880327471120E-003	1.48306767368707707E-003	6.84677648188022469E-003	3.34377186048427123E-003	-1	3.50300462139595346E-003	-1	OK
75.000000000000000	1.41502054962637062E-002	7.43830162988655050E-003	5.97913976978898393E-003	1.45916186009756440E-003	6.71190386637715488E-003	3.27733351873366096E-003	-1	3.43457034764349392E-003	-1	OK
75.250000000000000	1.38831339561058635E-002	7.30303662559774434E-003	5.86733924774706078E-003	1.43569737785068227E-003	6.58009733050811917E-003	3.21241568964558211E-003	-1	3.36768164086253706E-003	-1	OK
75.500000000000000	1.36219042568609880E-002	7.17063044957017871E-003	5.75796548359142936E-003	1.41266496597874979E-003	6.45127380729080928E-003	3.14897895798560640E-003	-1	3.30229484930520288E-003	-1	OK
75.750000000000000	1.33663708659534607E-002	7.04101386443875023E-003	5.65095850365017558E-003	1.39005536078857270E-003	6.32535700151471043E-003	3.08698040364011831E-003	-1	3.23837659787459212E-003	-1	OK
76.000000000000000	1.31163966417378215E-002	6.91412192838925313E-003	5.54626038203206995E-003	1.36786154635718362E-003	6.20227471334856926E-003	3.02637670872108432E-003	-1	3.17589800462748494E-003	-1	OK
76.250000000000000	1.28718453744431464E-002	6.78988973539651312E-003	5.44381436033643685E-003	1.34607537506007497E-003	6.08195563904663332E-003	2.96714311779785285E-003	-1	3.11481252124878047E-003	-1	OK
76.500000000000000	1.26325822152161694E-002	6.66825342218521633E-003	5.34356514283895745E-003	1.32468827934625606E-003	5.96432879303095305E-003	2.90924453299483583E-003	-1	3.05508426003611722E-003	-1	OK
76.750000000000000	1.23984795698202886E-002	6.54915036383777772E-003	5.24545891327354939E-003	1.30369145056422986E-003	5.84932920598251003E-003	2.85264667107795918E-003	-1	2.99668253490455085E-003	-1	OK
77.000000000000000	1.21694024877299287E-002	6.43252017185048063E-003	5.14944339875627374E-003	1.28307677309420797E-003	5.73688231587944891E-003	2.79731655893735581E-003	-1	2.93956575694209309E-003	-1	OK
77.250000000000000	1.19452403933638998E-002	6.31830399980658382E-003	5.05546773980527185E-003	1.26283626000131262E-003	5.62693639355731686E-003	2.74089753779190167E-003	-1	2.88603885576541519E-003	-1	OK
77.500000000000000	1.17258639480607996E-002	6.20644476156198034E-003	4.96348250146490602E-003	1.24296226009707627E-003	5.51941918649881836E-003	2.68805279712286491E-003	-1	2.83136638937595345E-003	-1	OK
77.750000000000000	1.15111557247342677E-002	6.09688673665452138E-003	4.87343956159799665E-003	1.22344717505652387E-003	5.41426898807974722E-003	2.63638117323206382E-003	-1	2.77788781484768340E-003	-1	OK
78.000000000000000	1.13010059834596950E-002	5.98957551116242968E-003	4.78529211048073656E-003	1.20428340068169291E-003	5.31143047229726533E-003	2.58585145816043332E-003	-1	2.72557901413683201E-003	-1	OK
78.250000000000000	1.10953075702737436E-002	5.88445876297470725E-003	4.69899475150031831E-003	1.18546401147438785E-003	5.21084880729903634E-003	2.53643563846004316E-003	-1	2.67441316883899318E-003	-1	OK
78.500000000000000	1.08939483142843109E-002	5.78148512594031487E-003	4.61450320777128178E-003	1.16698191816903525E-003	5.11246318834399690E-003	2.48810697544404663E-003	-1	2.62435621289995027E-003	-1	OK
78.750000000000000	1.06968252806707541E-002	5.68060414443893533E-003	4.53177436547159106E-003	1.14882977896734600E-003	5.01622113623181876E-003	2.44083844238761165E-003	-1	2.57538269384420711E-003	-1	OK
79.000000000000000	1.05038350694733329E-002	5.58176745213407460E-003	4.45076640344980144E-003	1.13100104868427381E-003	4.92206761733925829E-003	2.39460364944331849E-003	-1	2.52746396789593980E-003	-1	OK
79.250000000000000	1.03148789695539974E-002	5.48492914518805899E-003	4.37143883450663573E-003	1.11349031068142305E-003	4.82994982436593841E-003	2.34937699537315740E-003	-1	2.48057282899278100E-003	-1	OK
79.500000000000000	1.01298775894680029E-002	5.39004353281167213E-003	4.29375197797688107E-003	1.09629155483479106E-003	4.73983405665633073E-003	2.30513360337999398E-003	-1	2.43470045327633675E-003	-1	OK
79.750000000000000	9.94873744201774449E-003	5.29706553483098343E-003	4.21766709627825059E-003	1.07939843855273435E-003	4.65167190718676193E-003	2.26184926059507180E-003	-1	2.38982264659169013E-003	-1	OK
80.000000000000000	9.77135115134170062E-003	5.20595113541336054E-003	4.14314648510024936E-003	1.06280465031310966E-003	4.56540001592834008E-003	2.21950176431611607E-003	-1	2.34589825161222402E-003	-1	OK
80.250000000000000	9.59762591629943936E-003	5.11665720371267188E-003	4.07015338824217969E-003	1.04650381547049219E-003	4.48096871258676747E-003	2.17806888004852929E-003	-1	2.30289983253823818E-003	-1	OK
80.500000000000000	9.42747780375382399E-003	5.02914163987253256E-003	3.99865201193907137E-003	1.03048962793346184E-003	4.39833616388129144E-003	2.13752606512426216E-003	-1	2.26081009875702928E-003	-1	OK
80.750000000000000	9.26082144071290608E-003	4.94336448769893376E-003	3.92860774476369145E-003	1.01475674293523993E-003	4.31745695301397319E-003	2.09785169163581413E-003	-1	2.21960526137815906E-003	-1	OK
81.000000000000000	9.09757420601696801E-003	4.85928645682748815E-003	3.85998676755814523E-003	9.99299689269341623E-004	4.23828774918947899E-003	2.05902487686215928E-003	-1	2.17926287232731971E-003	-1	OK
81.250000000000000	8.93771539216332497E-003	4.77688829914681319E-003	3.79276888950743317E-003	9.84119409639380022E-004	4.16082709301651178E-003	2.02104057484591738E-003	-1	2.13978651817059440E-003	-1	OK
81.500000000000000	8.78106153164552247E-003	4.69609400691741157E-003	3.72689631761299748E-003	9.69197689304414529E-004	4.08496752472811003E-003	1.98384992806254845E-003	-1	2.10111759666556158E-003	-1	OK
81.750000000000000	8.62758840218627934E-003	4.61688669894021967E-003	3.66235075293773688E-003	9.54535946002482683E-004	4.01070170324605881E-003	1.94744692016328783E-003	-1	2.06325478308277098E-003	-1	OK
82.000000000000000	8.47722144472271184E-003	4.53923018422409692E-003	3.59910165356260286E-003	9.40128530661494600E-004	3.93799126049861493E-003	1.91181264244271809E-003	-1	2.02617861805589683E-003	-1	OK
82.250000000000000	8.32988490379612395E-003	4.46308957363315655E-003	3.53711936220401724E-003	9.25970211429140173E-004	3.86679533016296741E-003	1.87692869438809253E-003	-1	1.98986663577487488E-003	-1	OK
82.500000000000000	8.18551105043473053E-003	4.38843204466534201E-003	3.47637524356213951E-003	9.12056801103203912E-004	3.79707900576938808E-003	1.84277720515424459E-003	-1	1.95430180061514349E-003	-1	OK
82.750000000000000	8.04403824890539271E-003	4.31522571545504309E-003	3.41684130618386808E-003	8.98384409271175228E-004	3.72881253345034918E-003	1.80934255545557305E-003	-1	1.91946997799477613E-003	-1	OK
83.000000000000000	7.90539938375965298E-003	4.24343844967108551E-003	3.35849005641489663E-003	8.84948393256187256E-004	3.66196093408856834E-003	1.77660629141444099E-003	-1	1.88535464267412735E-003	-1	OK
83.250000000000000	7.76952877699689862E-003	4.17303869986008873E-003	3.30129466661937447E-003	8.71744033240713602E-004	3.59649007713680946E-003	1.74455160596485490E-003	-1	1.85193847117195456E-003	-1	OK
83.500000000000000	7.63636420467395625E-003	4.10399562590224934E-003	3.24522898561684352E-003	8.58766640285407550E-004	3.53236857877170735E-003	1.71316243377090316E-003	-1	1.81920614500080419E-003	-1	OK
83.750000000000000	7.50584252163924697E-003	4.03627902958595026E-003	3.19026751524076639E-003	8.46011514345184311E-004	3.46956349205329671E-003	1.68242312799366878E-003	-1	1.78714036405962793E-003	-1	OK
84.000000000000000	7.37790229931258208E-003	3.96985920354901538E-003	3.13638538733013649E-003	8.33473816218878341E-004	3.40804309576356714E-003	1.65231850173471547E-003	-1	1.75572459402885167E-003	-1	OK
84.250000000000000	7.25248678620708798E-003	3.90470812569165826E-003	3.08355851738872011E-003	8.21149608302937394E-004	3.34777866051542972E-003	1.62283350789635601E-003	-1	1.72494515261907371E-003	-1	OK
84.500000000000000	7.12953749958256632E-003	3.84079821253405099E-003	3.03176341800138116E-003	8.09034794532669400E-004	3.28873928704851489E-003	1.59395271983175132E-003	-1	1.69478656721676357E-003	-1	OK
84.750000000000000	7.00900045466224843E-003	3.77810294038544679E-003	2.98097721220281489E-003	7.97125728182631796E-004	3.23089751427680207E-003	1.56566337646005271E-003	-1	1.66523413781674936E-003	-1	OK
85.000000000000000	6.89082390966378085E-003	3.71659623582994885E-003	2.93117760522477446E-003	7.85418630605174382E-004	3.17422767383383200E-003	1.53795035048446931E-003	-1	1.63627732334936269E-003	-1	OK
85.250000000000000	6.77495611823417630E-003	3.65625318671866694E-003	2.88234289637970091E-003	7.73910290338966460E-004	3.11870293151550893E-003	1.51080112664497899E-003	-1	1.60790180487052994E-003	-1	OK
85.500000000000000	6.66135409141099290E-003	3.59704846299902783E-003	2.83445171680898325E-003	7.62596746190044258E-004	3.06430562841196463E-003	1.48420259298590929E-003	-1	1.58010303542605534E-003	-1	OK
85.750000000000000	6.54996233964613012E-003	3.53895705827924571E-003	2.78748317446042256E-003	7.51473883818823147E-004	3.01100528136688441E-003	1.45814249512472372E-003	-1	1.55286278624216069E-003	-1	OK
86.000000000000000	6.44071345461026071E-003	3.48195480374713720E-003	2.74141697007303361E-003	7.40537833674105540E-004	2.95875865086312351E-003	1.43260889396438595E-003	-1	1.52614975689873756E-003	-1	OK
86.250000000000000	6.33357381028439373E-003	3.42601830658862761E-003	2.69623333856871400E-003	7.29784968019914584E-004	2.90755550369576612E-003	1.40758973047579606E-003	-1	1.49996577321997006E-003	-1	OK
86.500000000000000	6.22849689690428612E-003	3.37112485651602052E-003	2.65191301870647093E-003	7.19211837809548065E-004	2.85737204038826560E-003	1.38307324797811142E-003	-1	1.47429879241015417E-003	-1	OK
86.750000000000000	6.12543806785668075E-003	3.31725252786884773E-003	2.60843727500100105E-003	7.08815252867846571E-004	2.80818553998783303E-003	1.35904797689211879E-003	-1	1.44913756309571424E-003	-1	OK
87.000000000000000	6.02435277415775371E-003	3.26437964961280667E-003	2.56578777307533762E-003	6.98591876537469378E-004	2.75997312454494704E-003	1.33550280974304423E-003	-1	1.42447031480190281E-003	-1	OK
87.250000000000000	5.92519850588121497E-003	3.21248490675745454E-003	2.52394658909249961E-003	6.88538317664956663E-004	2.71271359912376000E-003	1.31242681955115459E-003	-1	1.40028677957260541E-003	-1	OK
87.500000000000000	5.82793182909774592E-003	3.16154755459619385E-003	2.48289624804322621E-003	6.78651306552967531E-004	2.66638427450155207E-003	1.28980946855103027E-003	-1	1.37657480595052180E-003	-1	OK
87.750000000000000	5.73251364655685131E-003	3.11154752282781586E-003	2.44261975308013952E-003	6.68927769747676014E-004	2.62096612372903588E-003	1.26764044715206819E-003	-1	1.35332567657696769E-003	-1	OK
88.000000000000000	5.63890283996223811E-003	3.06246486667133104E-003	2.40310044096687632E-003	6.59364425704455151E-004	2.57643797329090750E-003	1.24590970183549653E-003	-1	1.33052827145541098E-003	-1	OK
88.250000000000000	5.54705968835646906E-003	3.01428040426397498E-003	2.36432213682107994E-003	6.49958267442894938E-004	2.53277928409249365E-003	1.22460742078505801E-003	-1	1.30817186330743564E-003	-1	OK
88.500000000000000	5.45694397861780107E-003	2.96697586595593950E-003	2.32626910788320297E-003	6.40706758072736530E-004	2.48996811266186157E-003	1.20372404492063902E-003	-1	1.28624406774122254E-003	-1	OK
88.750000000000000	5.36852302028201223E-003	2.92053333936998991E-003	2.28892596817452778E-003	6.31607371195462455E-004	2.44798968091202275E-003	1.18325025689181582E-003	-1	1.26473942402020693E-003	-1	OK
89.000000000000000	5.28176037237606220E-003	2.87493475962959013E-003	2.25227757956319346E-003	6.22657180066395807E-004	2.40682561274647207E-003	1.16317708421553520E-003	-1	1.24364852853093687E-003	-1	OK
89.250000000000000	5.19662424384240845E-003	2.83016232579057832E-003	2.21630916824557510E-003	6.13853157545004419E-004	2.36646191805182969E-003	1.14349582959498972E-003	-1	1.22296608845683997E-003	-1	OK
89.500000000000000	5.11307685551571321E-003	2.78619883581962026E-003	2.18100633361841033E-003	6.05192502201209711E-004	2.32687801969609295E-003	1.12419751578757255E-003	-1	1.20268050390852040E-003	-1	OK
89.750000000000000	5.03108270812275930E-003	2.74302760436714388E-003	2.14635508073015386E-003	5.96672523636990453E-004	2.28805510375561499E-003	1.10527370152605571E-003	-1	1.18278140222955928E-003	-1	OK
90.000000000000000	4.95060971111078822E-003	2.70063254045401022E-003	2.11234174782491419E-003	5.88290792629096249E-004	2.24997717065677756E-003	1.08671623733884925E-003	-1	1.16326093331792831E-003	-1	OK
90.250000000000000	4.87162474707128479E-003	2.65899760551551552E-003	2.07895295069342222E-003	5.80044654822094163E-004	2.21262714155576971E-003	1.06851781587422512E-003	-1	1.14410932568154459E-003	-1	OK
90.500000000000000	4.79410034949215389E-003	2.61810767133505758E-003	2.04617570773389396E-003	5.71931963601162428E-004	2.17599267815709631E-003	1.05066994836529922E-003	-1	1.12532272979179709E-003	-1	OK
90.750000000000000	4.71800672984386271E-003	2.57794768153160343E-003	2.01399727497326856E-003	5.63950406558334869E-004	2.14005904831225929E-003	1.03316483752242841E-003	-1	1.10689421078983088E-003	-1	OK
91.000000000000000	4.64331041077898840E-003	2.53850264729293604E-003	1.98240515336777466E-003	5.56097493925161268E-004	2.10480776348605280E-003	1.01599501676937322E-003	-1	1.08881274671667957E-003	-1	OK
91.250000000000000	4.56998187311680442E-003	2.49975775927135067E-003	1.95138710573260275E-003	5.48370653538748031E-004	2.07022411384545375E-003	9.99153249755179666E-004	-1	1.07107086409027408E-003	-1	OK
91.500000000000000	4.49799443503337126E-003	2.46169856703703843E-003	1.92093119383090019E-003	5.40767373206137701E-004	2.03629586799633283E-003	9.82632877601280052E-004	-1	1.05366299039505278E-003	-1	OK
91.750000000000000	4.42731927813631680E-003	2.42431109157651738E-003	1.89102581034378660E-003	5.33285281232731968E-004	2.00300818655979943E-003	9.66426516287510295E-004	-1	1.03658167027228902E-003	-1	OK
92.000000000000000	4.35792908637076988E-003	2.38758185621283257E-003	1.86165963564239190E-003	5.25922220570440558E-004	1.97034723015793731E-003	9.50527415741375952E-004	-1	1.01981981441656147E-003	-1	OK
92.250000000000000	4.28979691500267716E-003	2.35149781746412084E-003	1.83282165202072007E-003	5.18676165443400657E-004	1.93829909753855611E-003	9.34928984890635753E-004	-1	1.00337011264792046E-003	-1	OK
92.500000000000000	4.22289717413180075E-003	2.31604645182732511E-003	1.80450111806652273E-003	5.11545333760802493E-004	1.90685072230447586E-003	9.19625384665135118E-004	-1	9.87225337639340743E-004	-1	OK
92.750000000000000	4.15720427061375998E-003	2.28121532240331288E-003	1.77668749441851795E-003	5.04527827984795367E-004	1.87598894821044710E-003	9.04609679435580509E-004	-1	9.71379268774866592E-004	-1	OK
93.000000000000000	4.09269439847462051E-003	2.24699196717936030E-003	1.74937042089680470E-003	4.97621546282555932E-004	1.84570243129526064E-003	8.89876045331730722E-004	-1	9.55826385963529914E-004	-1	OK
93.250000000000000	4.02934224855329946E-003	2.21336401045561402E-003	1.72253974805516592E-003	4.90824262400447564E-004	1.81597823809768566E-003	8.75418251629451853E-004	-1	9.40559986468233805E-004	-1	OK
93.500000000000000	3.96712414038539497E-003	2.18031948079750251E-003	1.69618558204435977E-003	4.84133898753143015E-004	1.78680465958789224E-003	8.61230691119555945E-004	-1	9.25573968468336298E-004	-1	OK
93.750000000000000	3.90601682619786447E-003	2.14784679685784373E-003	1.67029827668349683E-003	4.77548520174346741E-004	1.75817002934002074E-003	8.47307449173054488E-004	-1	9.10862580166966248E-004	-1	OK
94.000000000000000	3.84599807974279374E-003	2.11593458650538579E-003	1.64486840960054496E-003	4.71066176904841056E-004	1.73006349323740773E-003	8.33642921534785762E-004	-1	8.96420571702621970E-004	-1	OK
94.250000000000000	3.78704562169997639E-003	2.08457190537442421E-003	1.61988679981434178E-003	4.64685105560082323E-004	1.70247371632555196E-003	8.20231610672287519E-004	-1	8.82242105653264445E-004	-1	OK
94.500000000000000	3.72913769543812374E-003	2.05374798261332174E-003	1.59534447792879100E-003	4.58403504684530626E-004	1.67538971282480201E-003	8.07068219648778961E-004	-1	8.68321493176023047E-004	-1	OK
94.750000000000000	3.67225350745422089E-003	2.02345267481592039E-003	1.57123272706024024E-003	4.52219947755679724E-004	1.64880083263830050E-003	7.94147578852719268E-004	-1	8.54653253785581232E-004	-1	OK
95.000000000000000	3.61637363276094952E-003	1.99367564851345071E-003	1.54754292779036196E-003	4.46132720723088486E-004	1.62269798424749903E-003	7.81464622844847039E-004	-1	8.41233361402651987E-004	-1	OK
95.250000000000000	3.56147682345981861E-003	1.96440666110602336E-003	1.52426663575441724E-003	4.40140025351606066E-004	1.59707016235379503E-003	7.69014408502571877E-004	-1	8.28055753851223157E-004	-1	OK
95.500000000000000	3.50754268002140919E-003	1.93563561139142816E-003	1.50139558087860302E-003	4.34240030512825410E-004	1.57190706862998103E-003	7.56792105301838701E-004	-1	8.15114963328142329E-004	-1	OK
95.750000000000000	3.45455245886984973E-003	1.90735257227523432E-003	1.47892168769027258E-003	4.28430884584961693E-004	1.54719988659461540E-003	7.44790761354192097E-004	-1	8.02409125240423305E-004	-1	OK
96.000000000000000	3.40237376130840281E-003	1.87954818363830984E-003	1.45683713403877172E-003	4.22711049599538220E-004	1.52282557767009319E-003	7.33007355223352398E-004	-1	7.89818222446740789E-004	-1	OK
96.250000000000000	3.35121768659452438E-003	1.85221338606169532E-003	1.43513428980653144E-003	4.17079096255163503E-004	1.49900430053282905E-003	7.21438099476410535E-004	-1	7.77566201056418519E-004	-1	OK
96.500000000000000	3.30095085998753472E-003	1.82533932800600001E-003	1.41380568131845800E-003	4.11533646687542226E-004	1.47561153198153472E-003	7.10078623624660430E-004	-1	7.65532908356874285E-004	-1	OK
96.750000000000000	3.25155546457370085E-003	1.79891708062076888E-003	1.39284394808001722E-003	4.06073132540751770E-004	1.45263838395293197E-003	6.98924603722533085E-004	-1	7.53713780230398883E-004	-1	OK
97.000000000000000	3.20301312670584135E-003	1.77293798722134811E-003	1.37224190873854422E-003	4.00696078482804213E-004	1.43007513948449324E-003	6.87971830335983242E-004	-1	7.42103309148509993E-004	-1	OK
97.250000000000000	3.15530719577307439E-003	1.74739351203875891E-003	1.35199251655720044E-003	3.95400995481557825E-004	1.40791368373431570E-003	6.77215558888523135E-004	-1	7.30698124845792561E-004	-1	OK
97.500000000000000	3.10842228555908377E-003	1.72227531238510053E-003	1.33208891379169004E-003	3.90186398593410605E-004	1.38614697317398323E-003	6.66652295401039675E-004	-1	7.19494677772943556E-004	-1	OK
97.750000000000000	3.06234180005223160E-003	1.69757532665218468E-003	1.31252438924047950E-003	3.85050937411705126E-004	1.36476647340004714E-003	6.56278047843002611E-004	-1	7.08488425557044529E-004	-1	OK
98.000000000000000	3.01705107727222484E-003	1.67328559276313810E-003	1.29329237705485059E-003	3.79993215708287677E-004	1.34376548450908652E-003	6.46089191324383393E-004	-1	6.97676293184703125E-004	-1	OK
98.250000000000000	2.97253479280050904E-003	1.64939858871312735E-003	1.27438650045992585E-003	3.75012088253202252E-004	1.32313620408738147E-003	6.36081988430538519E-004	-1	6.87054215656842954E-004	-1	OK
98.500000000000000	2.92877853969983597E-003	1.62590680405277042E-003	1.25580048179735468E-003	3.70106322255415532E-004	1.30287173564706555E-003	6.26252774114584494E-004	-1	6.76618961532481056E-004	-1	OK
98.750000000000000	2.88576688849894684E-003	1.60280273966067815E-003	1.23752814476099106E-003	3.65274594899687359E-004	1.28296414883826869E-003	6.16597962694540817E-004	-1	6.66366186143727869E-004	-1	OK
99.000000000000000	2.84348612833009579E-003	1.58007905023979352E-003	1.21956345220454020E-003	3.60515598035253209E-004	1.26340707809030248E-003	6.07114050952520159E-004	-1	6.56293027137782323E-004	-1	OK
99.250000000000000	2.80192539633182611E-003	1.55772862210229500E-003	1.20190051378916778E-003	3.55828108313127384E-004	1.24419677422953133E-003	5.97797612961026726E-004	-1	6.46399161268504602E-004	-1	OK
99.500000000000000	2.76106680709097170E-003	1.53574442705868932E-003	1.18453355335188231E-003	3.51210873706806902E-004	1.22532238003228216E-003	5.88645307294315481E-004	-1	6.36677072737966681E-004	-1	OK
99.750000000000000	2.72089669513443221E-003	1.51411946688250702E-003	1.16745689648371635E-003	3.46662570398791265E-004	1.20677722825192498E-003	5.79653877359602682E-004	-1	6.27123350892322298E-004	-1	OK
100.00000000000000	2.68140194567001357E-003	1.49284712927278893E-003	1.15066505280111845E-003	3.42182076471669882E-004	1.18855481639722487E-003	5.70820058453034066E-004	-1	6.17734757944190800E-004	-1	OK
