#pt	totcs	totdirect	directLO	directNLO	totfrag	fragLO	err_fragLO	fragNLO	err_fragNLO	errmess
0.50000000000000000	128146957.12491836	-85591280.358342305	11073207.517863967	-96664487.876206279	213738237.48326066	108558069.70583802	-1	105180167.77742264	-1	Error
0.75000000000000000	58187795.690250561	-2689068.5407989509	2039131.6914246418	-4728200.2322235899	60876864.231049515	20620708.090841059	-1	40256156.140208453	-1	Error
1.0000000000000000	26235434.981054839	-112437.61382404715	1483637.1896811067	-1596074.8035051541	26347872.594878886	10298056.235264610	-1	16049816.359614275	-1	Error
1.2500000000000000	11363276.249975715	239128.47180268820	891074.42290107743	-651945.95109838853	11124147.778173028	4788207.4549369030	-1	6335940.3232361246	-1	Error
1.5000000000000000	5341920.1910801847	234147.80366923986	532572.32414675469	-298424.52047751419	5107772.3874109453	2361212.6027149805	-1	2746559.7846959648	-1	Error
1.7500000000000000	2741064.3954255157	179118.53361105174	327605.74911519047	-148487.21550413870	2561945.8618144640	1249363.4531560845	-1	1312582.4086583795	-1	Error
2.0000000000000000	1516729.9736175989	129802.77622202202	208725.93033730506	-78923.154115283018	1386927.1973955769	704947.20594929927	-1	681979.99144627759	-1	Error
2.2500000000000000	891341.58750795457	93187.779985103465	137295.06734386645	-44107.287358763009	798153.80752285116	419136.72466828872	-1	379017.08285456244	-1	Error
2.5000000000000000	548531.45868829440	67197.141456672747	92767.473919235883	-25570.332462563136	481334.31723162165	259973.49391697999	-1	221360.82331464166	-1	Error
2.7500000000000000	351485.56071766431	49040.930552876205	64358.495248639585	-15317.564695763409	302444.63016478810	167634.94910207912	-1	134809.68106270899	-1	Error
3.0000000000000000	234130.80602328468	36315.871438450020	45768.634451012796	-9452.7630125627802	197814.93458483467	111639.03210878589	-1	86175.902476048781	-1	Error
3.2500000000000000	161165.74610394577	27288.396539450652	33265.711283004122	-5977.3147435534393	133877.34956449512	76682.232925633027	-1	57195.116638862091	-1	Error
3.5000000000000000	114009.85908431408	20788.786662944127	24642.336756334254	-3853.5500933901130	93221.072421369958	53941.354302641688	-1	39279.718118728269	-1	Error
3.7500000000000000	82450.951560024521	16041.275868319863	18564.424466738292	-2523.1485984184378	66409.675691704659	38790.435901624020	-1	27619.239790080639	-1	Error
4.0000000000000000	60682.279011204533	12525.540012137772	14197.382377551025	-1671.8423654132669	48156.738999066758	28449.963607846366	-1	19706.775391220392	-1	OK
4.2500000000000000	45499.442367235853	9888.9001138194399	11005.805804736210	-1116.9056909167755	35610.542253416410	21242.816890531736	-1	14367.725362884674	-1	OK
4.5000000000000000	34655.957465142776	7887.2594146927750	8636.7602778491364	-749.50086315636497	26768.698050450002	16116.575106761320	-1	10652.122943688682	-1	OK
4.7500000000000000	26752.641995555328	6350.1382688989925	6853.2418549135473	-503.10358601455346	20402.503726656334	12392.329137816483	-1	8010.1745888398509	-1	OK
5.0000000000000000	20936.431026920094	5157.1057504557502	5493.2059748647489	-336.10022440899979	15779.325276464342	9647.7514968399319	-1	6131.5737796244102	-1	OK
5.2500000000000000	16575.266251503886	4221.9438775024146	4443.9036990259465	-221.95982152353105	12353.322374001471	7596.3584945536195	-1	4756.9638794478515	-1	OK
5.5000000000000000	13262.591318440971	3482.1825055191985	3625.6431148508168	-143.46060933162093	9780.4088129217726	6043.8556681621558	-1	3736.5531447596168	-1	OK
5.7500000000000000	10702.148101742248	2892.0528489736707	2981.2914144014335	-89.238565427762936	7810.0952527685777	4853.3304380615373	-1	2956.7648147070404	-1	OK
6.0000000000000000	8722.9118555333444	2417.5044878363292	2469.2450560870025	-51.740568250673682	6305.4073676970156	3930.1147405797547	-1	2375.2926271172610	-1	OK
6.2500000000000000	7166.6306784295157	2033.0335538792665	2058.8916323594540	-25.858078480189661	5133.5971245502496	3207.4576116436533	-1	1926.1395129065963	-1	OK
6.5000000000000000	5930.9255897512958	1719.3565977648773	1727.4531379735167	-8.0965402086388600	4211.5689919864190	2638.1805910233625	-1	1573.3884009630565	-1	OK
6.7500000000000000	4941.5694572681950	1461.7575437358710	1457.7998681332006	3.9576756026702724	3479.8119135323245	2184.3035174971051	-1	1295.5083960352194	-1	OK
7.0000000000000000	4142.4574547966058	1248.9104553627305	1236.9222978909904	11.988157471739706	2893.5469994338750	1820.2591767793544	-1	1073.2878226545206	-1	OK
7.2500000000000000	3490.5217626806875	1072.0259902322782	1054.8482229735926	17.177767258685606	2418.4957724484093	1525.6033368816275	-1	892.89243556678184	-1	OK
7.5000000000000000	2958.0924822534298	924.22854602815937	903.86739081630458	20.361155211854943	2033.8639362252702	1285.6618604360071	-1	748.20207578926306	-1	OK
7.7500000000000000	2520.9698093232182	800.10587242620954	777.97187699774634	22.133995428463113	1720.8639368970084	1087.2602496632901	-1	633.60368723371835	-1	OK
8.0000000000000000	2158.6761774748243	695.36465148958985	672.44327041564179	22.921381073948073	1463.3115259852345	925.51650863718851	-1	537.79501734804603	-1	OK
8.2500000000000000	1854.9056082017446	606.57345374586112	583.54782898857775	23.025624757283037	1248.3321544558835	791.44637234789911	-1	456.88578210798437	-1	OK
8.5000000000000000	1601.9992708185077	530.97665325885339	508.31320394655120	22.663449312302021	1071.0226175596542	679.74638365417513	-1	391.27623390547910	-1	OK
8.7500000000000000	1389.1296276244782	466.34851886594993	444.35820773209394	21.990311133855720	922.78110875852826	586.18647363879745	-1	336.59463511973081	-1	OK
9.0000000000000000	1209.1234825500098	410.88176596734053	389.76383001699861	21.117935950341767	798.24171658266926	507.43572402530265	-1	290.80599255736661	-1	OK
9.2500000000000000	1055.4828931938118	363.10105312313397	342.97480609187966	20.126247031254195	692.38184007067775	440.85656373663090	-1	251.52527633404685	-1	OK
9.5000000000000000	925.12805949535891	321.79550421861080	302.72373499216155	19.071769226449142	603.33255527674817	384.36762371339211	-1	218.96493156335606	-1	OK
9.7500000000000000	813.58236426469557	285.96759154479224	267.97282548888467	17.994766055907498	527.61477271990327	336.26886768313096	-1	191.34590503677231	-1	OK
10.000000000000000	717.58988969566883	254.79106502071267	237.86796389428937	16.923101126423287	462.79882467495617	295.11538446297209	-1	167.68344021198408	-1	OK
10.250000000000000	634.74179249711585	227.57886568253176	211.70304754156842	15.875818140963394	407.16292681458407	259.76737792830630	-1	147.39554888627777	-1	OK
10.500000000000000	562.93850274808335	203.75732769803187	188.89176204350744	14.865565654524392	359.18117505005148	229.29823314759616	-1	129.88294190245531	-1	OK
10.750000000000000	500.69235139715755	182.84545975633898	168.94520781058375	13.900251945755302	317.84689164081857	202.96653203430913	-1	114.88035960650944	-1	OK
11.000000000000000	446.48156499142783	164.43857436470830	151.45407461053350	12.984499754174822	282.04299062671953	180.13068546255218	-1	101.91230516416735	-1	OK
11.250000000000000	399.08511014765367	148.19491587845960	136.07430189314007	12.120613985319526	250.89019426919407	160.25988132655311	-1	90.630312942640955	-1	OK
11.500000000000000	357.56224619323041	133.82481416420572	122.51571145908656	11.309102705119185	223.73743202902472	142.91998204381656	-1	80.817449985208157	-1	OK
11.750000000000000	321.06920758553218	121.08202312260575	110.53278901125121	10.549234111354556	199.98718446292642	127.74705004964461	-1	72.240134413281808	-1	OK
12.000000000000000	288.90413238465862	109.75642311316318	99.916979997526894	9.8394431156363318	179.14770927149542	114.43537077400876	-1	64.712338497486655	-1	OK
12.250000000000000	260.49565576311170	99.668311567066183	90.490639129476179	9.1776724375899779	160.82734419604549	102.50961757793029	-1	58.317726618115202	-1	OK
12.500000000000000	235.33794473877418	90.663533682651376	82.101935729521884	8.5615979531295157	144.67441105612281	92.204752338543628	-1	52.469658717579179	-1	OK
12.750000000000000	213.00906414444427	82.609366938519983	74.620717941067923	7.9886489974520591	130.39969720592430	83.095984395221365	-1	47.303712810702933	-1	OK
13.000000000000000	193.08316161365730	75.391348294961702	67.935103401481697	7.4562448934800036	117.69181331869558	75.026539667948882	-1	42.665273650746698	-1	OK
13.250000000000000	175.38869150080012	68.910430493069086	61.948652594587578	6.9617778984815031	106.47826100773104	67.863843966845522	-1	38.614417040885513	-1	OK
13.500000000000000	159.58682263823565	63.080712877155392	56.578008163445460	6.5027047137099290	96.506109761080253	61.494044306240909	-1	35.012065454839345	-1	OK
13.750000000000000	145.44203981638094	57.827517630666215	51.750947929468992	6.0765697011972053	87.614522185714733	55.816471975723140	-1	31.798050209991594	-1	OK
14.000000000000000	132.75826754740098	53.085774059815961	47.404734071217639	5.6810399885983385	79.672493487585015	50.746682754788857	-1	28.925810732796158	-1	OK
14.250000000000000	121.36224696073363	48.798624608659694	43.484737595962358	5.3138870126973314	72.563622352073935	46.210130458803704	-1	26.353491893270231	-1	OK
14.500000000000000	111.10068241453646	44.916329494815528	39.943286280123012	4.9730432146925168	66.184352919720936	42.141813480439538	-1	24.042539439281398	-1	OK
14.750000000000000	101.85032343678505	41.395195695985556	36.738670247811591	4.6565254481739666	60.455127740799490	38.487405921690439	-1	21.967721819109052	-1	OK
15.000000000000000	93.496820587596233	38.196886930151543	33.834347237329915	4.3625396928216125	55.299933657444690	35.199956041257920	-1	20.099977616186770	-1	OK
15.250000000000000	85.941048400660890	35.287575308546636	31.198201853561176	4.0893734549854619	50.653473092114261	32.237958864740861	-1	18.415514227373400	-1	OK
15.500000000000000	79.095770587980923	32.637428037686185	28.801977420644548	3.8354506170416252	46.458342550294745	29.564460180063524	-1	16.893882370231221	-1	OK
15.750000000000000	72.885326907597062	30.220087105258287	26.620757267257563	3.5993298380007186	42.665239802338768	27.147704945556068	-1	15.517534856782699	-1	OK
16.000000000000000	67.241895311128900	28.012174302344963	24.632519556268299	3.3796547460766644	39.229721008783940	24.959305001644307	-1	14.270416007139634	-1	OK
16.250000000000000	62.090246441377573	25.992966232501946	22.817777900184652	3.1751883323172958	36.097280208875624	22.986452657568609	-1	13.110827551307015	-1	OK
16.500000000000000	57.414946022228065	24.144032053174062	21.159247777311524	2.9847842758625376	33.270913969054007	21.183942960712400	-1	12.086971008341607	-1	OK
16.750000000000000	53.150117629049006	22.448940253972939	19.641558543723399	2.8073817102495435	30.701177375076071	19.545426376817154	-1	11.155750998258917	-1	OK
17.000000000000000	49.255056032355718	20.893065752927903	18.251051477053650	2.6420142758742577	28.361990279427815	18.053366974761936	-1	10.308623304665879	-1	OK
17.250000000000000	45.692821891265929	19.463332600611576	16.975554646444344	2.4877779541672327	26.229489290654353	16.693492747709122	-1	9.5359965429452309	-1	OK
17.500000000000000	42.430997395159359	18.148048564058808	15.804205507601473	2.3438430564573403	24.282948831100551	15.452710222696265	-1	8.8302386084042865	-1	OK
17.750000000000000	39.440763034221334	16.936750185275486	14.727294878774474	2.2094553065010052	22.504012848945852	14.318719866230435	-1	8.1852929827154171	-1	OK
18.000000000000000	36.677340117821615	15.820029248685444	13.736124869478726	2.0839043792067211	20.857310869136175	13.281164356348334	-1	7.5761465127878402	-1	OK
18.250000000000000	34.156748416387686	14.789445788770719	12.822900335095726	1.9665454536749958	19.367302627616965	12.330938674742658	-1	7.0363639528743072	-1	OK
18.500000000000000	31.838135277644309	13.837413256757475	11.980622436127845	1.8567908206296304	18.000722020886833	11.459667016506584	-1	6.5410550043802491	-1	OK
18.750000000000000	29.703056849034084	12.957074666051069	11.202992635783037	1.7540820302680311	16.745982182983013	10.659737906537147	-1	6.0862442764458660	-1	OK
19.000000000000000	27.735222507658747	12.142264562787885	10.484345797839818	1.6579187649480664	15.592957944870861	9.9244836006786628	-1	5.6684743441921981	-1	OK
19.250000000000000	25.919321692199418	11.387411232855996	9.8195718450272835	1.5678393878287173	14.531910459343424	9.2479430698872633	-1	5.2839673894561603	-1	OK
19.500000000000000	24.242544992805215	10.687459712783738	9.2040544584863522	1.4834052542973910	13.555085280021476	8.6248240620230483	-1	4.9302612179984280	-1	OK
19.750000000000000	22.692092791985900	10.037843890821067	8.6336248817353543	1.4042190090857141	12.654248901164831	8.0502820541467983	-1	4.6039668470180324	-1	OK
20.000000000000000	21.257407874551113	9.4344316841304980	8.1045111086594712	1.3299205754710248	11.822976190420617	7.5199065850815767	-1	4.3030696053390400	-1	OK
20.250000000000000	19.928629494739802	8.8734597479615154	7.6132926737631674	1.2601670741983486	11.055169746778288	7.0299198039202482	-1	4.0252499428580402	-1	OK
20.500000000000000	18.696722080411774	8.3515105995842447	7.1568680197335190	1.1946425798507245	10.345211480827532	6.5771228916625590	-1	3.7680885891649725	-1	OK
20.750000000000000	17.553633327333607	7.8654869530427085	6.7324228702032842	1.1330640828394276	9.6881463742908966	6.1579973643562624	-1	3.5301490099346342	-1	OK
21.000000000000000	16.492080937307129	7.4125569302364642	6.3373956757348706	1.0751612545015916	9.0795240070706669	5.7698065749014349	-1	3.3097174321692320	-1	OK
21.250000000000000	15.505446376251530	6.9901395915794149	5.9694559432616563	1.0206836483177582	8.5153067846721147	5.4099941319304294	-1	3.1053126527416852	-1	OK
21.500000000000000	14.588630140800966	6.5958869174018737	5.6264823174718250	0.96940459993004680	7.9927432233990912	5.0761486864019529	-1	2.9165945369971382	-1	OK
21.750000000000000	13.734503419165197	6.2276539290337825	5.3065394614818553	0.92111446755192716	7.5068494901314144	4.7661632175417497	-1	2.7406862725896648	-1	OK
22.000000000000000	12.938666697891726	5.8834725820181966	5.0078590883407985	0.87561349367739838	7.0551941158735305	4.4782177544557724	-1	2.5769763614177581	-1	OK
22.250000000000000	12.196372885174654	5.5615470827662872	4.7288268637295712	0.83272021903671589	6.6348258024083675	4.2104394818568878	-1	2.4243863205514797	-1	OK
22.500000000000000	11.504054125466151	5.2602347186995893	4.4679664223156230	0.79226829638396556	6.2438194067665629	3.9612047685234257	-1	2.2826146382431372	-1	OK
22.750000000000000	10.857501977231593	4.9780232729757721	4.2239244629143968	0.75409881006137525	5.8794787042558205	3.7290645515668190	-1	2.1504141526890015	-1	OK
23.000000000000000	10.253094530573016	4.7135266365835875	3.9954614504694730	0.71806518611411452	5.5395678939894291	3.5126931579618224	-1	2.0268747360276067	-1	OK
23.250000000000000	9.6882134751562390	4.4654734513796210	3.7814409507982627	0.68403250058135801	5.2227400237766179	3.3108576725683503	-1	1.9118823512082677	-1	OK
23.500000000000000	9.1549498482172673	4.2326953056580088	3.5808195688307105	0.65187573682729782	4.9222545425592594	3.1224472837947359	-1	1.7998072587645235	-1	OK
23.750000000000000	8.6601582348473887	4.0141149637088649	3.3926380639502756	0.62147689975858900	4.6460432711385238	2.9464690168090750	-1	1.6995742543294488	-1	OK
24.000000000000000	8.1965373048576993	3.8087402030400797	3.2160144007522735	0.59272580228780580	4.3877971018176192	2.7819786733501064	-1	1.6058184284675128	-1	OK
24.250000000000000	7.7618808694834236	3.6156596973928816	3.0501375521218446	0.56552214527103695	4.1462211720905415	2.6281470485457219	-1	1.5180741235448196	-1	OK
24.500000000000000	7.3540930710973482	3.4340314367189317	2.8942599849934756	0.53977145172545626	3.9200616343784165	2.4841814868345193	-1	1.4358801475438971	-1	OK
24.750000000000000	6.9712880933738379	3.2630768123589386	2.7476923616103437	0.51538445074859429	3.7082112810148993	2.3493528847078204	-1	1.3588583963070788	-1	OK
25.000000000000000	6.6117170693283462	3.1020787175329572	2.6097992354179405	0.49227948211501632	3.5096383517953886	2.2230020111596223	-1	1.2866363406357664	-1	OK
25.250000000000000	6.2737599130687691	2.9503742947413398	2.4799938885060944	0.47038040623524502	3.3233856183274288	2.1045183722987884	-1	1.2188672460286405	-1	OK
25.500000000000000	5.9559530939212575	2.8073495378834314	2.3577339823716810	0.44961555551175014	3.1486035560378265	1.9933540691746661	-1	1.1552494868631604	-1	OK
25.750000000000000	5.6569273727609906	2.6724349757971519	2.2425174778695118	0.42991749792763978	2.9844923969638386	1.8889533240405083	-1	1.0955390729233303	-1	OK
26.000000000000000	5.3754316769654729	2.5451039053898796	2.1338797691258486	0.41122413626403048	2.8303277715755928	1.7908497188520547	-1	1.0394780527235381	-1	OK
26.250000000000000	5.1102821424037312	2.4248689074073519	2.0313914981954340	0.39347740921191826	2.6854132349963793	1.6986474806082235	-1	0.98676575438815584	-1	OK
26.500000000000000	4.8603918293559447	2.3112771293083556	1.9346546742079376	0.37662245510041864	2.5491147000475891	1.6119437459594481	-1	0.93717095408814099	-1	OK
26.750000000000000	4.6248495280187747	2.2039092452922056	1.8433005143324481	0.36060873095975721	2.4209402827265691	1.5303663426807526	-1	0.89057394004581658	-1	OK
27.000000000000000	4.4025103769966236	2.1023748488594283	1.7569865577580039	0.34538829110142472	2.3001355281371958	1.4535882788650414	-1	0.84654724927215441	-1	OK
27.250000000000000	4.1926204443007720	2.0063114815722103	1.6753949978842799	0.33091648368792970	2.1863089627285612	1.3812720795759956	-1	0.80503688315256561	-1	OK
27.500000000000000	3.9944746604073105	1.9153824530098229	1.5982305586591872	0.31715189435063545	2.0790922073974878	1.3131232524184793	-1	0.76596895497900852	-1	OK
27.750000000000000	3.8071573416216573	1.8292733143163158	1.5252184980578927	0.30405481625842312	1.9778840273053417	1.2488696231555421	-1	0.72901440414979968	-1	OK
28.000000000000000	3.6300970135718815	1.7476914565371058	1.4561032673340746	0.29158818920303164	1.8824055570347760	1.1882577110924397	-1	0.69414784594233625	-1	OK
28.250000000000000	3.4626356691498161	1.6703647533402590	1.3906471788133974	0.27971757452686175	1.7922709158095571	1.1310526927402664	-1	0.66121822306929068	-1	OK
28.500000000000000	3.3041679551990972	1.5970392774212343	1.3286287427229302	0.26841053469830367	1.7071286777778629	1.0770377720502760	-1	0.63009090572758697	-1	OK
28.750000000000000	3.1541560914827143	1.5274780026271877	1.2698415178911333	0.25763648473605422	1.6266780888555268	1.0260043212026124	-1	0.60067376765291436	-1	OK
29.000000000000000	3.0120855876564585	1.4614595483376256	1.2140929884252516	0.24736655991237413	1.5506260393188331	0.97777868045446004	-1	0.57284735886437310	-1	OK
29.250000000000000	2.8774715848174708	1.3987776851704692	1.1612036542789239	0.23757403089154505	1.4786938996470014	0.93217891743820624	-1	0.54651498220879513	-1	OK
29.500000000000000	2.7499113199035099	1.3392394639654697	1.1110058386091628	0.22823362535630645	1.4106718559380400	0.88904197643130545	-1	0.52162987950673456	-1	OK
29.750000000000000	2.6288678005537869	1.2826642228351326	1.0633429352723942	0.21932128756273794	1.3462035777186543	0.84821667816353175	-1	0.49798689955512254	-1	OK
30.000000000000000	2.5140707333866521	1.2288835570592738	1.0180686859277759	0.21081487113149794	1.2851871763273786	0.80957369937121237	-1	0.47561347695616618	-1	OK
30.250000000000000	2.4051137096801476	1.1777395522879486	0.97504622819392295	0.20269332409402557	1.2273741573921992	0.77295641231250400	-1	0.45441774507969523	-1	OK
30.500000000000000	2.3016598180906351	1.1290840789525833	0.93414746530855675	0.19493661364402623	1.1725757391380518	0.73825702065443133	-1	0.43431871848362047	-1	OK
30.750000000000000	2.2033870576335803	1.0827787755891209	0.89525261655240462	0.18752615903671641	1.1206082820444594	0.70536148306651625	-1	0.41524679897794314	-1	OK
31.000000000000000	2.1100086385105383	1.0386936970726295	0.85824943119313768	0.18044426587949158	1.0713149414379086	0.67416593328699315	-1	0.39714900815091547	-1	OK
31.250000000000000	2.0212391633841831	0.99670719938544361	0.82303277133797847	0.17367442804746519	1.0245319639987394	0.64456575778664915	-1	0.37996620621209021	-1	OK
31.500000000000000	1.9368231809310510	0.95670494563667596	0.78950399777369529	0.16720094786298062	0.98011823529437492	0.61647318792051453	-1	0.36364504737386039	-1	OK
31.750000000000000	1.8565124969516464	0.91857949898964097	0.75757059576807340	0.16100890322156775	0.93793299796200558	0.58980035006627518	-1	0.34813264789573040	-1	OK
32.000000000000000	1.7800565219452835	0.88223018976519452	0.72714581357977970	0.15508437618541490	0.89782633218008900	0.56446391741020907	-1	0.33336241476987993	-1	OK
32.250000000000000	1.7072715339764586	0.84756230583781766	0.69814818157593328	0.14941412426188427	0.85970922813864081	0.54038785238895404	-1	0.31932137574968678	-1	OK
32.500000000000000	1.6379541491011991	0.81448708069919351	0.67050122636937615	0.14398585432981717	0.82346706840200568	0.51750100714896696	-1	0.30596606125303871	-1	OK
32.750000000000000	1.5719349665111886	0.78292083236603438	0.64413301074002594	0.13878782162600831	0.78901413414515420	0.49573734387766077	-1	0.29327679026749343	-1	OK
33.000000000000000	1.5089967193332334	0.75278466850961723	0.61897588739856113	0.13380878111105624	0.75621205082361620	0.47503310005579680	-1	0.28117895076781940	-1	OK
33.250000000000000	1.4489964378216293	0.72400445900393762	0.59496626802052810	0.12903819098340963	0.72499197881769162	0.45532946698051535	-1	0.26966251183717627	-1	OK
33.500000000000000	1.3917868012044583	0.69651044374832249	0.57204433577217217	0.12446610797615025	0.69527635745613581	0.43657178236531580	-1	0.25870457509082001	-1	OK
33.750000000000000	1.3372095704832230	0.67023691906960881	0.55015377822450939	0.12008314084509976	0.66697265141361428	0.41870869935398769	-1	0.24826395205962659	-1	OK
34.000000000000000	1.2851268148297847	0.64512195047302301	0.52924154588592276	0.11588040458710029	0.64000486435676174	0.40169181465426290	-1	0.23831304970249884	-1	OK
34.250000000000000	1.2354093823495429	0.62110695590079645	0.50925761364693678	0.11184934225385958	0.61430242644874633	0.38547563194526796	-1	0.22882679450347837	-1	OK
34.500000000000000	1.1879351616357989	0.59813682629599652	0.49015488146959424	0.10798194482640239	0.58979833533980230	0.37001727437387510	-1	0.21978106096592720	-1	OK
34.750000000000000	1.1425899492781024	0.57615966842708388	0.47188895867238773	0.10427070975469607	0.56643028085101865	0.35527747712093199	-1	0.21115280373008666	-1	OK
35.000000000000000	1.0992619866018851	0.55512630207160663	0.45441792169474982	0.10070838037685660	0.54413568453027850	0.34121694465183183	-1	0.20291873987844666	-1	OK
35.250000000000000	1.0578488146756857	0.53499033992870071	0.43770222067213538	9.72881192565654418E-002	0.52285847474698499	0.32780043597753772	-1	0.19505803876944727	-1	OK
35.500000000000000	1.0182531287532837	0.51570791256038939	0.42170450819232802	9.40034043680613024E-002	0.50254521619289416	0.31499453061445748	-1	0.18755068557843668	-1	OK
35.750000000000000	0.98038412232247529	0.49723765729151531	0.40638954082631079	9.08481164652044232E-002	0.48314646503095998	0.30276777475756766	-1	0.18037869027339232	-1	OK
36.000000000000000	0.94415387395299322	0.47954054533278007	0.39172403256916416	8.78165127636158505E-002	0.46461332862021315	0.29109041526006607	-1	0.17352291336014708	-1	OK
36.250000000000000	0.90948358727588174	0.46257953762551612	0.37767648972533108	8.49030479001849359E-002	0.44690404965036568	0.27993235245386083	-1	0.16697169719650484	-1	OK
36.500000000000000	0.87629675063041212	0.44631954495536857	0.36421713101356235	8.21024139418063542E-002	0.42997720567504355	0.26926868869928394	-1	0.16070851697575961	-1	OK
36.750000000000000	0.84452088504323131	0.43072740124019349	0.35131780183117384	7.94095994090196350E-002	0.41379348380303788	0.25907523351320139	-1	0.15471825028983649	-1	OK
37.000000000000000	0.81408705047228791	0.41577171412289715	0.33895186808692268	7.68198460359743457E-002	0.39831533634939070	0.24932754017896203	-1	0.14898779617042868	-1	OK
37.250000000000000	0.78438069920581110	0.40142280978354006	0.32709412414520161	7.43286856383386513E-002	0.38295788942227099	0.24000390025213758	-1	0.14295398917013341	-1	OK
37.500000000000000	0.75646149989828837	0.38765257614594795	0.31572070678931496	7.19318693566329131E-002	0.36880892375234037	0.23108372171075836	-1	0.13772520204158201	-1	OK
37.750000000000000	0.72937902221231465	0.37443430896095997	0.30480899718986038	6.96253117710997071E-002	0.35494471325135474	0.22254565837636353	-1	0.13239905487499121	-1	OK
38.000000000000000	0.70373558501379740	0.36174267617445144	0.29433756389807303	6.74051122763783955E-002	0.34199290883934602	0.21437264266546793	-1	0.12762026617387809	-1	OK
38.250000000000000	0.67914403408585144	0.34955365714136832	0.28428609056348214	6.52675665778862935E-002	0.32959037694448307	0.20654848806621542	-1	0.12304188887826764	-1	OK
38.500000000000000	0.65555425973221193	0.33784433466285702	0.27463529612281223	6.32090385400447541E-002	0.31770992506935486	0.19905467622343417	-1	0.11865524884592069	-1	OK
38.750000000000000	0.63291894606935584	0.32659320913244982	0.26536695969574842	6.12262494367014354E-002	0.30632573693690601	0.19187377431841510	-1	0.11445196261849092	-1	OK
39.000000000000000	0.61119411778557520	0.31577992372521668	0.25646378646080731	5.93161372644093951E-002	0.29541419406035851	0.18499245323879604	-1	0.11042174082156248	-1	OK
39.250000000000000	0.59033810532257269	0.30538493184803062	0.24790930909892278	5.74756227491078700E-002	0.28495317347454213	0.17839627249350359	-1	0.10655690098103854	-1	OK
39.500000000000000	0.57031101859688005	0.29538967061448540	0.23968790976055246	5.57017608539329204E-002	0.27492134798239470	0.17207213971818816	-1	0.10284920826420654	-1	OK
39.750000000000000	0.55107549364844111	0.28577659569161840	0.23178477207875195	5.39918236128663978E-002	0.26529889795682271	0.16600679111744648	-1	9.92921068393762263E-002	-1	OK
40.000000000000000	0.53259480736129583	0.27652892690595687	0.22418579815012601	5.23431287558309352E-002	0.25606588045533896	0.16018885228012320	-1	9.58770281752157616E-002	-1	OK
40.250000000000000	0.51483617965434592	0.26763079604367651	0.21687762081531442	5.07531752283620005E-002	0.24720538361066946	0.15460709187364102	-1	9.25982917370284375E-002	-1	OK
40.500000000000000	0.49776740009657305	0.25906715912092482	0.20984753577712739	4.92196233437973904E-002	0.23870024097564824	0.14925034736564347	-1	8.94498936100047715E-002	-1	OK
40.750000000000000	0.48135731146260674	0.25082367010176360	0.20308345316007367	4.77402169416898739E-002	0.23053364136084312	0.14410735836648203	-1	8.64262829943610866E-002	-1	OK
41.000000000000000	0.46557728329108039	0.24288664540865729	0.19657386235790816	4.63127830507492413E-002	0.22269063788242308	0.13917022090445816	-1	8.35204169779649175E-002	-1	OK
41.250000000000000	0.45040000218045417	0.23524298319824494	0.19030780120240787	4.49351819958370771E-002	0.21515701898220921	0.13443006889615441	-1	8.07269500860547939E-002	-1	OK
41.500000000000000	0.43579599443728734	0.22788023393953549	0.18427483586791008	4.36053980716253689E-002	0.20791576049775184	0.12987729335229464	-1	7.80384671454572021E-002	-1	OK
41.750000000000000	0.42213860880436771	0.22078652621995076	0.17846502462826322	4.23215015916875506E-002	0.20135208258441692	0.12550317460569294	-1	7.58489079787239839E-002	-1	OK
42.000000000000000	0.40860422164052895	0.21395067431392617	0.17286894677448172	4.10817275394444389E-002	0.19465354732660278	0.12130016083380811	-1	7.33533864927946727E-002	-1	OK
42.250000000000000	0.39530885212485734	0.20736195340948124	0.16747761726222177	3.98843361472594263E-002	0.18794689871537609	0.11725958920827503	-1	7.06873095071010593E-002	-1	OK
42.500000000000000	0.38277276681272421	0.20101018440020083	0.16228248283781391	3.87277015623869528E-002	0.18176258241252335	0.11337482778917157	-1	6.83877546233517819E-002	-1	OK
42.750000000000000	0.37054254490683020	0.19488562518335101	0.15727537943965028	3.76102457437008098E-002	0.17565691972347919	0.10964023997348790	-1	6.60166797499912861E-002	-1	OK
43.000000000000000	0.35891820844104455	0.18897894937063886	0.15244852200470788	3.65304273659309495E-002	0.16993925907040569	0.10604658641679095	-1	6.38926726536147432E-002	-1	OK
43.250000000000000	0.34771858502915576	0.18328127424439788	0.14779448996781269	3.54867842765851510E-002	0.16443731078475785	0.10258894136011056	-1	6.18483694246472898E-002	-1	OK
43.500000000000000	0.33692579843762765	0.17778412393787502	0.14330620890721213	3.44779150306628937E-002	0.15914167449975264	9.92618795856139158E-002	-1	5.98797949141387231E-002	-1	OK
43.750000000000000	0.32651576644019331	0.17247946788341273	0.13897694282129347	3.35025250621192386E-002	0.15403629855678058	9.60595699968088274E-002	-1	5.79767285599717547E-002	-1	OK
44.000000000000000	0.31648667971929045	0.16735959209007295	0.13480025221347788	3.25593398765950601E-002	0.14912708762921753	9.28056422242861806E-002	-1	5.63214454049313501E-002	-1	OK
44.250000000000000	0.30681255628545467	0.16241712299080183	0.13076999241248746	3.16471305783143989E-002	0.14439543329465288	8.98427063740726978E-002	-1	5.45527269205801774E-002	-1	OK
44.500000000000000	0.29749310008415986	0.15764507731422639	0.12688030495023003	3.07647723639964121E-002	0.13984802276993349	8.69896260131320515E-002	-1	5.28583967568014429E-002	-1	OK
44.750000000000000	0.28849650877048943	0.15303673399838891	0.12312558273781125	2.99111512605776363E-002	0.13545977477210053	8.42415036500421960E-002	-1	5.12182711220583314E-002	-1	OK
45.000000000000000	0.27981663776173049	0.14858563309040851	0.11950046312181217	2.90851699685963326E-002	0.13123100467132198	8.15937959819802716E-002	-1	4.96372086893417108E-002	-1	OK
45.250000000000000	0.27143681153773114	0.14428560704225957	0.11599982841891955	2.82857786233400195E-002	0.12715120449547160	7.90423366754223200E-002	-1	4.81088678200492781E-002	-1	OK
45.500000000000000	0.26335267450698990	0.14013081175613135	0.11261880098798341	2.75120107681479896E-002	0.12322186275085854	7.65831533877470855E-002	-1	4.66387093631114580E-002	-1	OK
45.750000000000000	0.25555041488896024	0.13611565784364715	0.10935271357601363	2.67629442676334921E-002	0.11943475704531312	7.42124609623945469E-002	-1	4.52222960829185699E-002	-1	OK
46.000000000000000	0.24801543882131816	0.13223475451196293	0.10619709746334802	2.60376570486148678E-002	0.11578068430935523	7.19266364178251377E-002	-1	4.38540478915300930E-002	-1	OK
46.250000000000000	0.24073896649390669	0.12848299195111254	0.10314769059408888	2.53353013570236686E-002	0.11225597454279417	6.97222388988940622E-002	-1	4.25337356439001030E-002	-1	OK
46.500000000000000	0.23371089700789904	0.12485548157577457	0.10020041190852569	2.46550696672488585E-002	0.10885541543212447	6.75959225639966160E-002	-1	4.12594928681278561E-002	-1	OK
46.750000000000000	0.22691961532597066	0.12134750509489868	9.73513477580718600E-002	2.39961573368268170E-002	0.10557211023107196	6.55445272311271226E-002	-1	4.00275829999448413E-002	-1	OK
47.000000000000000	0.22035970507722807	0.11795454263821967	9.45967534955623190E-002	2.33577891426573377E-002	0.10240516243900842	6.35650451048482001E-002	-1	3.88401173341602207E-002	-1	OK
47.250000000000000	0.21402041598966148	0.11467225945528108	9.19330453158516969E-002	2.27392141394294062E-002	9.93481565343803941E-002	6.16546654026164445E-002	-1	3.76934911317639496E-002	-1	OK
47.500000000000000	0.20789326355220883	0.11149652572867712	8.93567986545894394E-002	2.21397270740876506E-002	9.63967378235317252E-002	5.98106755494570499E-002	-1	3.65860622740746752E-002	-1	OK
47.750000000000000	0.20197017152541519	0.10842340856539595	8.68647382720945244E-002	2.15586702933014233E-002	9.35467629600192224E-002	5.80304351744133987E-002	-1	3.55163277856058238E-002	-1	OK
48.000000000000000	0.19624346485289640	0.10544912546969265	8.44537230327454813E-002	2.09954024369471970E-002	9.07943393832037482E-002	5.63109679438941538E-002	-1	3.44833714393095944E-002	-1	OK
48.250000000000000	0.19070564134534881	0.10257003367802234	8.21207405792748618E-002	2.04492930987475036E-002	8.81356076673264766E-002	5.46505042219885134E-002	-1	3.34851034453379631E-002	-1	OK
48.500000000000000	0.18534955013347909	9.97826551998771405E-002	7.98629070811715802E-002	1.99197481187055984E-002	8.55668949336019502E-002	5.30466246235186054E-002	-1	3.25202703100833448E-002	-1	OK
48.750000000000000	0.18016867473047557	9.70836621356757357E-002	7.76774596278042573E-002	1.94062025078714818E-002	8.30850125947998341E-002	5.14971357626331991E-002	-1	3.15878768321666351E-002	-1	OK
49.000000000000000	0.17515631420973976	9.44698599198258437E-002	7.55617486058688392E-002	1.89081113139570184E-002	8.06864542899139309E-002	5.00000240293833262E-002	-1	3.06864302605306047E-002	-1	OK
49.250000000000000	0.17030621955473346	9.19381703323678967E-002	7.35132296287070580E-002	1.84249407036608491E-002	7.83680492223655517E-002	4.85531668302685154E-002	-1	2.98148823920970363E-002	-1	OK
49.500000000000000	0.16561236215419814	8.94856230817482612E-002	7.15294601052344908E-002	1.79561629765137599E-002	7.61267390724498783E-002	4.71547089255214477E-002	-1	2.89720301469284305E-002	-1	OK
49.750000000000000	0.16106685867335163	8.71093936380350209E-002	6.96081043417416806E-002	1.75012892962933403E-002	7.39574650353166246E-002	4.58028121813466374E-002	-1	2.81546528539699872E-002	-1	OK
50.000000000000000	0.15666866357403136	8.48067861152964342E-002	6.77469231370442099E-002	1.70598629782522000E-002	7.18618774587349157E-002	4.44957169355853360E-002	-1	2.73661605231495797E-002	-1	OK
50.250000000000000	0.15241013271991238	8.25751901694950219E-002	6.59437625822721224E-002	1.66314275872229168E-002	6.98349425504173615E-002	4.32318151313201976E-002	-1	2.66031274190971639E-002	-1	OK
50.500000000000000	0.14828623615944139	8.04121001172240363E-002	6.41965562814535290E-002	1.62155438357705177E-002	6.78741360422173562E-002	4.20094220139912503E-002	-1	2.58647140282261059E-002	-1	OK
50.750000000000000	0.14429216514732485	7.83151236891136693E-002	6.25033232240094910E-002	1.58118004651041678E-002	6.59770414582111914E-002	4.08269811940209990E-002	-1	2.51500602641901924E-002	-1	OK
51.000000000000000	0.14042324241207543	7.62819577102547552E-002	6.08621588317559831E-002	1.54197988784987323E-002	6.41412847018206639E-002	3.96831508756062823E-002	-1	2.44581338262143816E-002	-1	OK
51.250000000000000	0.13664180859400005	7.43103691390121779E-002	5.92712300855712804E-002	1.50391390534409131E-002	6.23314394549878831E-002	3.85764613735600087E-002	-1	2.37549780814278744E-002	-1	OK
51.500000000000000	0.13301062447908704	7.23982149195843694E-002	5.77287772078212205E-002	1.46694377117631610E-002	6.06124095595026724E-002	3.75054553475569971E-002	-1	2.31069542119456753E-002	-1	OK
51.750000000000000	0.12949165259273482	7.05434403522335191E-002	5.62331117977667230E-002	1.43103285544667874E-002	5.89482122405012923E-002	3.64688194636525534E-002	-1	2.24793927768487389E-002	-1	OK
52.000000000000000	0.12608097237106963	6.87440838681544486E-002	5.47826149360166187E-002	1.39614689321378126E-002	5.73368885029151981E-002	3.54653017595799175E-002	-1	2.18715867433352806E-002	-1	OK
52.250000000000000	0.12277477820880292	6.69982623340558969E-002	5.33757303626172033E-002	1.36225319714386849E-002	5.57765158747470235E-002	3.44937011671449800E-002	-1	2.12828147076020435E-002	-1	OK
52.500000000000000	0.11956717932911562	6.53041494864132210E-002	5.20109589100510861E-002	1.32931905763621228E-002	5.42630298427023913E-002	3.35528652765408678E-002	-1	2.07101645661615236E-002	-1	OK
52.750000000000000	0.11645924610761463	6.36599955064372780E-002	5.06868612714626646E-002	1.29731342349745926E-002	5.27992506011773499E-002	3.26416885859127509E-002	-1	2.01575620152645990E-002	-1	OK
53.000000000000000	0.11344527973523227	6.20641267825113863E-002	4.94020548865782352E-002	1.26620718959331597E-002	5.13811529527208807E-002	3.17591260252933494E-002	-1	1.96220269274275314E-002	-1	OK
53.250000000000000	0.11052208076108280	6.05149199387884362E-002	4.81552070491082021E-002	1.23597128896802532E-002	5.00071608222943734E-002	3.09041299563459840E-002	-1	1.91030308659483894E-002	-1	OK
53.500000000000000	0.10768651509978408	5.90108154224599987E-002	4.69450360159205660E-002	1.20657794065394310E-002	4.86756996773240885E-002	3.00757266325895056E-002	-1	1.85999730447345829E-002	-1	OK
53.750000000000000	0.10493553086512460	5.75503072901896937E-002	4.57703074600154525E-002	1.17799998301742551E-002	4.73852235749349024E-002	2.92730960451283856E-002	-1	1.81121275298065168E-002	-1	OK
54.000000000000000	0.10226625236363868	5.61319462087254487E-002	4.46298349043012035E-002	1.15021113044242451E-002	4.61343061549132280E-002	2.84952405098411916E-002	-1	1.76390656450720364E-002	-1	OK
54.250000000000000	9.96759129398330224E-002	5.47543447782588427E-002	4.35224779816776250E-002	1.12318667965812212E-002	4.49215681615741866E-002	2.77412728158409616E-002	-1	1.71802953457332250E-002	-1	OK
54.500000000000000	9.71617746289520912E-002	5.34161600826239397E-002	4.24471369343061150E-002	1.09690231483178038E-002	4.37456145463281446E-002	2.70103570240633577E-002	-1	1.67352575222647869E-002	-1	OK
54.750000000000000	9.47213657906190304E-002	5.21160990231818999E-002	4.14027541661955226E-002	1.07133448569863721E-002	4.26052667674371305E-002	2.63016960046321899E-002	-1	1.63035707628049406E-002	-1	OK
55.000000000000000	9.23523384848680684E-002	5.08529268939561796E-002	4.03883140244217856E-002	1.04646128695343975E-002	4.14994115909118819E-002	2.56145208586218941E-002	-1	1.58848907322899878E-002	-1	OK
55.250000000000000	9.00517086758687302E-002	4.96254565263576156E-002	3.94028375646713336E-002	1.02226189616862854E-002	4.04262521495111077E-002	2.49480915661764863E-002	-1	1.54781605833346214E-002	-1	OK
55.500000000000000	8.78181706867864620E-002	4.84325302776782152E-002	3.84453789240671584E-002	9.98715135361105850E-003	3.93856404091082538E-002	2.43016972117632013E-002	-1	1.50839431973450525E-002	-1	OK
55.750000000000000	8.56489688207071193E-002	4.72730349888670631E-002	3.75150279197624809E-002	9.75800706910458920E-003	3.83759338318400561E-002	2.36746543205608971E-002	-1	1.47012795112791590E-002	-1	OK
56.000000000000000	8.35420669134662869E-002	4.61459036604181944E-002	3.66109083114555256E-002	9.53499534896267049E-003	3.73961632530480925E-002	2.30663054489297081E-002	-1	1.43298578041183844E-002	-1	OK
56.250000000000000	8.14954461649010642E-002	4.50500968233179255E-002	3.57321735302517721E-002	9.31792329306614479E-003	3.64453493415831387E-002	2.24760176559980554E-002	-1	1.39693316855850833E-002	-1	OK
56.500000000000000	7.94909100046210793E-002	4.39846157493623546E-002	3.48780089261036055E-002	9.10660682325876124E-003	3.55062942552587316E-002	2.19031726214176069E-002	-1	1.36031216338411247E-002	-1	OK
56.750000000000000	7.75594669998571351E-002	4.29485013044028155E-002	3.40476301558837388E-002	8.90087114851907148E-003	3.46109656954543266E-002	2.13471960356531633E-002	-1	1.32637696598011633E-002	-1	OK
57.000000000000000	7.56825849574394582E-002	4.19408303628539120E-002	3.32402814720868314E-002	8.70054889076708748E-003	3.37417545945855532E-002	2.08075241652316903E-002	-1	1.29342304293538629E-002	-1	OK
57.250000000000000	7.38585148569330247E-002	4.09607160318120472E-002	3.24552351398521080E-002	8.50548089195994270E-003	3.28977988251209774E-002	2.02836138932764136E-002	-1	1.26141849318445638E-002	-1	OK
57.500000000000000	7.20855692879755483E-002	4.00072999548096234E-002	3.16917877960466721E-002	8.31551215876294783E-003	3.20782693331659180E-002	1.97749552828482139E-002	-1	1.23033140503177041E-002	-1	OK
57.750000000000000	7.03620649381908603E-002	3.90797470600513647E-002	3.09492595914937947E-002	8.13048746855756822E-003	3.12823178781394956E-002	1.92810912868239988E-002	-1	1.20012265913154968E-002	-1	OK
58.000000000000000	6.86864839681604056E-002	3.81772513763837251E-002	3.02269954783568398E-002	7.95025589802688878E-003	3.05092325917766874E-002	1.88014821800487203E-002	-1	1.17077504117279671E-002	-1	OK
58.250000000000000	6.70573640333384235E-002	3.72990463311373005E-002	2.95243659054132031E-002	7.77468042572410437E-003	2.97583177022011161E-002	1.83356410686414707E-002	-1	1.14226766335596454E-002	-1	OK
58.500000000000000	6.54731982838258619E-002	3.64443858632387957E-002	2.88407611695617599E-002	7.60362469367704009E-003	2.90288124205870593E-002	1.78831324470757856E-002	-1	1.11456799735112737E-002	-1	OK
58.750000000000000	6.39324802858971530E-002	3.56125462735543130E-002	2.81755926701616338E-002	7.43695360339266618E-003	2.83199340123428470E-002	1.74435272383503676E-002	-1	1.08764067739924794E-002	-1	OK
59.000000000000000	6.24347813927394052E-002	3.48028307588250513E-002	2.75282928591395228E-002	7.27453789968553633E-003	2.76319506339143504E-002	1.70164044842462565E-002	-1	1.06155461496680939E-002	-1	OK
59.250000000000000	6.09770073841461036E-002	3.40145717378071838E-002	2.68983146880970476E-002	7.11625704971013961E-003	2.69624356463389198E-002	1.66013623462162863E-002	-1	1.03610733001226335E-002	-1	OK
59.500000000000000	5.95587741341647992E-002	3.32471203218581215E-002	2.62851288093930227E-002	6.96199151246509624E-003	2.63116538123066811E-002	1.61980209111776616E-002	-1	1.01136329011290195E-002	-1	OK
59.750000000000000	5.81635393899968822E-002	3.24998463608550392E-002	2.56882235238194943E-002	6.81162283703554920E-003	2.56636930291418430E-002	1.58059989488509162E-002	-1	9.85769408029092686E-003	-1	OK
60.000000000000000	5.68211857845247817E-002	3.17721443303192672E-002	2.51071053539735148E-002	6.66503897634574110E-003	2.50490414542055145E-002	1.54249378200798908E-002	-1	9.62410363412562371E-003	-1	OK
60.250000000000000	5.55148492804501681E-002	3.10634299312987951E-002	2.45412979103319696E-002	6.52213202096682369E-003	2.44514193491513730E-002	1.50544871077201575E-002	-1	9.39693224143121550E-003	-1	OK
60.500000000000000	5.42435629572616609E-002	3.03731374327089951E-002	2.39903410418173431E-002	6.38279639089165806E-003	2.38704255245526659E-002	1.46943091881243052E-002	-1	9.17611633642836065E-003	-1	OK
60.750000000000000	5.30051872320461553E-002	2.97007249153076330E-002	2.34537907085245675E-002	6.24693420678306723E-003	2.33044623167385258E-002	1.43440735581464862E-002	-1	8.96038875859203957E-003	-1	OK
61.000000000000000	5.18005908144232793E-002	2.90456619639874701E-002	2.29312161772589305E-002	6.11444578672854129E-003	2.27549288504358092E-002	1.40034996556937536E-002	-1	8.75142919474205562E-003	-1	OK
61.250000000000000	5.06277665619942890E-002	2.84074355706582134E-002	2.24222013876803523E-002	5.98523418297786363E-003	2.22203309913360722E-002	1.36722847206702663E-002	-1	8.54804627066580586E-003	-1	OK
61.500000000000000	4.94852437987185340E-002	2.77855513541491045E-002	2.19263444257783331E-002	5.85920692837076616E-003	2.16996924445694295E-002	1.33500999555501796E-002	-1	8.34959248901924987E-003	-1	OK
61.750000000000000	4.83732760507991841E-002	2.71795321161596229E-002	2.14432568025168420E-002	5.73627531364277743E-003	2.11937439346395612E-002	1.30366765894862485E-002	-1	8.15706734515331267E-003	-1	OK
62.000000000000000	4.72764810477917380E-002	2.65889116423591206E-002	2.09725620513018553E-002	5.61634959105726094E-003	2.06875694054326209E-002	1.27317552944492922E-002	-1	7.95581411098332872E-003	-1	OK
62.250000000000000	4.62220472218796488E-002	2.60132410479702453E-002	2.05138968028044585E-002	5.49934424516578847E-003	2.02088061739094035E-002	1.24350697107469127E-002	-1	7.77373646316249084E-003	-1	OK
62.500000000000000	4.51949085827264008E-002	2.54520908119755598E-002	2.00669106521230538E-002	5.38518015985250433E-003	1.97428177707508409E-002	1.21463424614016002E-002	-1	7.59647530934924077E-003	-1	OK
62.750000000000000	4.41941657113261166E-002	2.49050416948137406E-002	1.96312636925504089E-002	5.27377800226332127E-003	1.92891240165123760E-002	1.18653665030381116E-002	-1	7.42375751347426442E-003	-1	OK
63.000000000000000	4.32237639082915653E-002	2.43716880536747928E-002	1.92066275216095234E-002	5.16506053206525640E-003	1.88520758546167691E-002	1.15918961286709497E-002	-1	7.26017972594581937E-003	-1	OK
63.250000000000000	4.22737991111305361E-002	2.38516395068525122E-002	1.87926847448017902E-002	5.05895476205072466E-003	1.84221596042780204E-002	1.13257114942879426E-002	-1	7.09644810999007780E-003	-1	OK
63.500000000000000	4.13480826061342621E-002	2.33445169215198457E-002	1.83891278413906671E-002	4.95538908012917254E-003	1.80035656846144199E-002	1.10666642653505301E-002	-1	6.93690141926388976E-003	-1	OK
63.750000000000000	4.04459125511591605E-002	2.28499538479386075E-002	1.79956594488533510E-002	4.85429439908525561E-003	1.75959587032205531E-002	1.08144594931631078E-002	-1	6.78149921005744526E-003	-1	OK
64.000000000000000	3.95665771548348102E-002	2.23675939367859629E-002	1.76119913188580515E-002	4.75560261792791397E-003	1.71989832180488474E-002	1.05688918940371416E-002	-1	6.63009132401170577E-003	-1	OK
64.250000000000000	3.87094522210154890E-002	2.18970948747767846E-002	1.72378449516482138E-002	4.65924992312857170E-003	1.68123573462387044E-002	1.03297603466370857E-002	-1	6.48259699960161868E-003	-1	OK
64.500000000000000	3.78738939080129275E-002	2.14381212001804947E-002	1.68729498008485350E-002	4.56517139933196314E-003	1.64357727078324328E-002	1.00968636518301257E-002	-1	6.33890905600230717E-003	-1	OK
64.750000000000000	3.70592821052184510E-002	2.09903475779414164E-002	1.65170440567529164E-002	4.47330352118850347E-003	1.60689345272770345E-002	9.87002954836089207E-003	-1	6.19890497891614246E-003	-1	OK
65.000000000000000	3.62650191576293773E-002	2.05534612635709379E-002	1.61698749525845571E-002	4.38358631098637822E-003	1.57115578940584359E-002	9.64907895265686155E-003	-1	6.06247894140157437E-003	-1	OK
65.250000000000000	3.54905352208880129E-002	2.01271617534359466E-002	1.58311981920099439E-002	4.29596356142600277E-003	1.53633734674520663E-002	9.43383872353515535E-003	-1	5.92953474391691090E-003	-1	OK
65.500000000000000	3.47349016999057084E-002	1.97111568379790200E-002	1.55007768740133885E-002	4.21037996396563061E-003	1.50237448619266866E-002	9.22414003541648965E-003	-1	5.79960482651019696E-003	-1	OK
65.750000000000000	3.39983844343383843E-002	1.93051624894301083E-002	1.51783813965380328E-002	4.12678109289208415E-003	1.46932219449082777E-002	9.01982140254989004E-003	-1	5.67340054235838769E-003	-1	OK
66.000000000000000	3.32714695028559354E-002	1.89089047586895737E-002	1.48637895473601300E-002	4.04511521132944803E-003	1.43625647441663652E-002	8.82074100074412872E-003	-1	5.54182374342223651E-003	-1	OK
66.250000000000000	3.25708368978143703E-002	1.85221171043790656E-002	1.45567857473001376E-002	3.96533135707892708E-003	1.40487197934353030E-002	8.62668236961879401E-003	-1	5.42203742381650901E-003	-1	OK
66.500000000000000	3.18872272165304366E-002	1.81445412986200108E-002	1.42571610762611059E-002	3.88738022235890360E-003	1.37426859179104240E-002	8.43746722230814469E-003	-1	5.30521869560227934E-003	-1	OK
66.750000000000000	3.12204066053005311E-002	1.77759264496354513E-002	1.39647128968848292E-002	3.81121355275062515E-003	1.34444801556650798E-002	8.25304251374221233E-003	-1	5.19143764192286743E-003	-1	OK
67.000000000000000	3.05697259030748986E-002	1.74160290327009387E-002	1.36792448212672297E-002	3.73678421143371596E-003	1.31536968703739616E-002	8.07327079588697136E-003	-1	5.08042607448699023E-003	-1	OK
67.250000000000000	2.99347048253981486E-002	1.70646133180153772E-002	1.34005666354737648E-002	3.66404668254161764E-003	1.28700915073827714E-002	7.89801897820441128E-003	-1	4.97207252917836011E-003	-1	OK
67.500000000000000	2.93151198840748625E-002	1.67214500944110021E-002	1.31284938341112399E-002	3.59295626029976266E-003	1.25936697896638621E-002	7.69309033271823803E-003	-1	4.90057945694562409E-003	-1	OK
67.750000000000000	2.87104190989497278E-002	1.63863184037601403E-002	1.28628479493354108E-002	3.52347045442471868E-003	1.23241006951895875E-002	7.52720710594504457E-003	-1	4.79689358924454291E-003	-1	OK
68.000000000000000	2.81108162563387040E-002	1.60590048886979989E-002	1.26034560318102635E-002	3.45554885688773190E-003	1.20518113676407069E-002	7.36544554607548776E-003	-1	4.68636582156521913E-003	-1	OK
68.250000000000000	2.75348735587676238E-002	1.57393009841324677E-002	1.23501500488227226E-002	3.38915093530974378E-003	1.17955725746351544E-002	7.20768087904463586E-003	-1	4.58789169559051854E-003	-1	OK
68.500000000000000	2.69726394221441144E-002	1.54270059170992166E-002	1.21027672867776055E-002	3.32423863032161281E-003	1.15456335050448979E-002	7.05381092716741900E-003	-1	4.49182257787747886E-003	-1	OK
68.750000000000000	2.64237365401116878E-002	1.51219236239106825E-002	1.18611496101842465E-002	3.26077401372643592E-003	1.13018129162010036E-002	6.90373089566291304E-003	-1	4.39808202053809053E-003	-1	OK
69.000000000000000	2.58878029453773126E-002	1.48238625829396446E-002	1.16251434124157397E-002	3.19871917052390103E-003	1.10639403624376680E-002	6.75733491024165054E-003	-1	4.30660545219601742E-003	-1	OK
69.250000000000000	2.53644858274195834E-002	1.45326389369192788E-002	1.13946001531223043E-002	3.13803878379697622E-003	1.08318468905003028E-002	6.61452030254010108E-003	-1	4.21732658796020177E-003	-1	OK
69.500000000000000	2.48529454921992965E-002	1.42480739853733211E-002	1.11693755631620123E-002	3.07869842221130969E-003	1.06048715068259736E-002	6.47518764118848542E-003	-1	4.12968386563748822E-003	-1	OK
69.750000000000000	2.43538481423293679E-002	1.39699928674002459E-002	1.09493294011745786E-002	3.02066346622566770E-003	1.03838552749291203E-002	6.33923845995665314E-003	-1	4.04461681497246713E-003	-1	OK
70.000000000000000	2.38663893314120142E-002	1.36982274025625357E-002	1.07343256510900147E-002	2.96390175147252539E-003	1.01681619288494784E-002	6.20657193203461976E-003	-1	3.96158999681485869E-003	-1	OK
70.250000000000000	2.33902509467200787E-002	1.34326133540625080E-002	1.05242321879033141E-002	2.90838116615919819E-003	9.95763759265757241E-003	6.07710764772209904E-003	-1	3.88052994493547337E-003	-1	OK
70.500000000000000	2.29172529711941832E-002	1.31729914643608642E-002	1.03189210829754338E-002	2.85407038138542606E-003	9.74426150683331896E-003	5.95076217460422004E-003	-1	3.79349933222909892E-003	-1	OK
70.750000000000000	2.24630763203986505E-002	1.29192086621876707E-002	1.01182684308932652E-002	2.80094023129441073E-003	9.54386765821097979E-003	5.82744167455949771E-003	-1	3.71642598365148208E-003	-1	OK
71.000000000000000	2.20193461521720132E-002	1.26711154475781969E-002	9.92215363204886937E-003	2.74896181552932882E-003	9.34823070459381462E-003	5.70706810654488233E-003	-1	3.64116259804893230E-003	-1	OK
71.250000000000000	2.15857622824553522E-002	1.24285665265074837E-002	9.73045960216282514E-003	2.69810692434466074E-003	9.15719575594786846E-003	5.58956160449285578E-003	-1	3.56763415145501268E-003	-1	OK
71.500000000000000	2.11617457005774459E-002	1.21914205277323922E-002	9.54307259439672421E-003	2.64834793333566668E-003	8.97032517284505199E-003	5.47484509438544726E-003	-1	3.49548007845960473E-003	-1	OK
71.750000000000000	2.07477200972762676E-002	1.19595387492897852E-002	9.35988184253156927E-003	2.59965690675821245E-003	8.78818134798648246E-003	5.36284344351872604E-003	-1	3.42533790446775642E-003	-1	OK
72.000000000000000	2.03430932501670429E-002	1.17327874600313166E-002	9.18078002425149614E-003	2.55200743577982002E-003	8.61030579013572633E-003	5.25348376689655297E-003	-1	3.35682202323917336E-003	-1	OK
72.250000000000000	1.99476225063666343E-002	1.15110361999728045E-002	9.00566282263134781E-003	2.50537337734145840E-003	8.43658630639383157E-003	5.14669535276534966E-003	-1	3.28989095362848191E-003	-1	OK
72.500000000000000	1.95610725167007157E-002	1.12941585840494532E-002	8.83442903557569471E-003	2.45972954847375590E-003	8.26691393265126077E-003	5.04240965596070793E-003	-1	3.22450427669055285E-003	-1	OK
72.750000000000000	1.91832395464198238E-002	1.10820328701159640E-002	8.66698074442219524E-003	2.41505212569376789E-003	8.10120667630385809E-003	4.94055600903902086E-003	-1	3.16065066726483723E-003	-1	OK
73.000000000000000	1.88138873422354150E-002	1.08745428237533720E-002	8.50322304122037680E-003	2.37131978253299304E-003	7.93934451848204298E-003	4.84107108152414482E-003	-1	3.09827343695789816E-003	-1	OK
73.250000000000000	1.84527943672353582E-002	1.06715729061246101E-002	8.34306309540284660E-003	2.32850981072175870E-003	7.78122146111074817E-003	4.74389634465858731E-003	-1	3.03732511645216086E-003	-1	OK
73.500000000000000	1.80997500727168303E-002	1.04730103214052302E-002	8.18641063048748500E-003	2.28659969091774776E-003	7.62673975131160017E-003	4.64897034963577833E-003	-1	2.97776940167582185E-003	-1	OK
73.750000000000000	1.77545466993466669E-002	1.02787462588025628E-002	8.03317809875408670E-003	2.24556816004847651E-003	7.47580044054410586E-003	4.55623417268563504E-003	-1	2.91956626785847082E-003	-1	OK
74.000000000000000	1.74166720463059324E-002	1.00886747108088794E-002	7.88328027560493590E-003	2.20539443520394564E-003	7.32799733549705391E-003	4.46563057294790868E-003	-1	2.86236676254914522E-003	-1	OK
74.250000000000000	1.70865733851516093E-002	9.90269240424953082E-003	7.73663425484082210E-003	2.16605814940870655E-003	7.18388098090207757E-003	4.37710392375176716E-003	-1	2.80677705715031041E-003	-1	OK
74.500000000000000	1.67637346145541252E-002	9.72069794214458320E-003	7.59315922664224440E-003	2.12753871550233750E-003	7.04303667240954202E-003	4.29060027564032859E-003	-1	2.75243639676921344E-003	-1	OK
74.750000000000000	1.64479722318151209E-002	9.54259235941241901E-003	7.45277664319251611E-003	2.08981571621990291E-003	6.90537987240270185E-003	4.20607159198468136E-003	-1	2.69930828041802049E-003	-1	OK
75.000000000000000	1.61391111228466888E-002	9.36828024872301580E-003	7.31541038316305299E-003	2.05286986555996325E-003	6.77083087412367474E-003	4.12346865454780390E-003	-1	2.64736221957587083E-003	-1	OK
75.250000000000000	1.58332756542074217E-002	9.19766984925705910E-003	7.18098667149524254E-003	2.01668317776181744E-003	6.63560580495036172E-003	4.04273938888206376E-003	-1	2.59286641606829796E-003	-1	OK
75.500000000000000	1.55377680748239790E-002	9.03067144516720918E-003	7.04943362712793717E-003	1.98123781803926724E-003	6.50709662965676984E-003	3.96382797576674741E-003	-1	2.54326865389002243E-003	-1	OK
75.750000000000000	1.52493245453032122E-002	8.86719752640588790E-003	6.92068137971385989E-003	1.94651614669202715E-003	6.38212701889732427E-003	3.88668944565106079E-003	-1	2.49543757324626348E-003	-1	OK
76.000000000000000	1.49664412671598260E-002	8.70716493900933024E-003	6.79466231934934117E-003	1.91250261965999102E-003	6.25927632815049661E-003	3.81128058462905503E-003	-1	2.44799574352144158E-003	-1	OK
76.250000000000000	1.46896479230558714E-002	8.55049144225017953E-003	6.67131028322025428E-003	1.87918115902992611E-003	6.13915648080569278E-003	3.73755797737093361E-003	-1	2.40159850343475917E-003	-1	OK
76.500000000000000	1.44187959938222119E-002	8.39709638564196947E-003	6.55056080716903341E-003	1.84653557847293476E-003	6.02169960818024243E-003	3.66547899545712668E-003	-1	2.35622061272311575E-003	-1	OK
76.750000000000000	1.41537400587916275E-002	8.24690088542289618E-003	6.43235113196904962E-003	1.81454975345384699E-003	5.90683917336873136E-003	3.59500201370777615E-003	-1	2.31183715966095521E-003	-1	OK
77.000000000000000	1.38940417314011855E-002	8.09982862797532788E-003	6.31662026085250128E-003	1.78320836712282963E-003	5.79421310342585847E-003	3.52608668775148673E-003	-1	2.26812641567437174E-003	-1	OK
77.250000000000000	1.36401526079739030E-002	7.95580536388315607E-003	6.20330883939856394E-003	1.75249652448459560E-003	5.68434724409074606E-003	3.45869377945021671E-003	-1	2.22565346464052936E-003	-1	OK
77.500000000000000	1.33916438406416934E-002	7.81475891089845019E-003	6.09235913031910825E-003	1.72239978057934107E-003	5.57688492974324403E-003	3.39278516716965631E-003	-1	2.18409976257358772E-003	-1	OK
77.750000000000000	1.31483854407175652E-002	7.67661894779878267E-003	5.98371492704099454E-003	1.69290402075779030E-003	5.47176649291878248E-003	3.32832590425484118E-003	-1	2.14344058866394131E-003	-1	OK
78.000000000000000	1.29102497418924749E-002	7.54131674116474172E-003	5.87732151061560060E-003	1.66399523054913874E-003	5.36893300072773319E-003	3.26527833785269757E-003	-1	2.10365466287503562E-003	-1	OK
78.250000000000000	1.26771143196432179E-002	7.40878584833472818E-003	5.77312574408523748E-003	1.63566010424949070E-003	5.26832847130848970E-003	3.20360674202359611E-003	-1	2.06472172928489359E-003	-1	OK
78.500000000000000	1.24488607756988758E-002	7.27896135246147193E-003	5.67107582798815745E-003	1.60788552447331621E-003	5.16989942323740469E-003	3.14327717668725758E-003	-1	2.02662224655014711E-003	-1	OK
78.750000000000000	1.22253746593276903E-002	7.15177975955081421E-003	5.57112131882087254E-003	1.58065844072994319E-003	5.07359489977687525E-003	3.08425659470735157E-003	-1	1.98933830506952368E-003	-1	OK
79.000000000000000	1.20065405015350457E-002	7.02717977823536476E-003	5.47321322005280431E-003	1.55396655818255828E-003	4.97936072329968095E-003	3.02651059859234675E-003	-1	1.95285012470733420E-003	-1	OK
79.250000000000000	1.17922493152298156E-002	6.90510274090801006E-003	5.37730403163655130E-003	1.52779870927145832E-003	4.88714657432180559E-003	2.97000352426272452E-003	-1	1.91714305005908107E-003	-1	OK
79.500000000000000	1.15823944296885549E-002	6.78549068232362201E-003	5.28334724553855897E-003	1.50214343678506173E-003	4.79690374736493376E-003	2.91471557355664100E-003	-1	1.88218817380829276E-003	-1	OK
79.750000000000000	1.13768711284732340E-002	6.66828672064382309E-003	5.19129747705512727E-003	1.47698924358869495E-003	4.70858440782941090E-003	2.86061641354194577E-003	-1	1.84796799428746513E-003	-1	OK
80.000000000000000	1.11755781115164578E-002	6.55343537172482175E-003	5.10111052953130233E-003	1.45232484219352006E-003	4.62214273979163690E-003	2.80767472837287549E-003	-1	1.81446801141876141E-003	-1	OK
80.250000000000000	1.09784143851362429E-002	6.44088237941454946E-003	5.01274331509012332E-003	1.42813906432442570E-003	4.53753200572169346E-003	2.75586181255207995E-003	-1	1.78167019316961351E-003	-1	OK
80.500000000000000	1.07852463010946337E-002	6.33057476920732311E-003	4.92615385080938557E-003	1.40442091839793602E-003	4.45467153188731056E-003	2.70515042044954966E-003	-1	1.74952111143776090E-003	-1	OK
80.750000000000000	1.05960516381563234E-002	6.22246179396694285E-003	4.84130146746766105E-003	1.38116032649928159E-003	4.37358984418938050E-003	2.65551342890709861E-003	-1	1.71807641528228189E-003	-1	OK
81.000000000000000	1.04107097265874454E-002	6.11649378242658595E-003	4.75814644627357147E-003	1.35834733615301361E-003	4.29421594416085940E-003	2.60692570472244225E-003	-1	1.68729023943841715E-003	-1	OK
81.250000000000000	1.02291364045235325E-002	6.01262195875382991E-003	4.67665005042755023E-003	1.33597190832628076E-003	4.21651444576970347E-003	2.55936673547376477E-003	-1	1.65714771029593869E-003	-1	OK
81.500000000000000	1.00512353240555415E-002	5.91079939269606447E-003	4.59677461231830856E-003	1.31402478037775483E-003	4.14043593135947612E-003	2.51280732277475065E-003	-1	1.62762860858472547E-003	-1	OK
81.750000000000000	9.87692018081134590E-003	5.81097979447329181E-003	4.51848332296286934E-003	1.29249647151042117E-003	4.06594038633805496E-003	2.46722364198618746E-003	-1	1.59871674435186750E-003	-1	OK
82.000000000000000	9.70610756923668758E-003	5.71311765769746266E-003	4.44174027357217404E-003	1.27137738412528775E-003	3.99298991153922492E-003	2.42259242812610217E-003	-1	1.57039748341312275E-003	-1	OK
82.250000000000000	9.53871673907064586E-003	5.61716897156315769E-003	4.36651056448780165E-003	1.25065840707535582E-003	3.92154776750748817E-003	2.37889161880549182E-003	-1	1.54265614870199635E-003	-1	OK
82.500000000000000	9.37467119306420460E-003	5.52309182206844624E-003	4.29276042425689574E-003	1.23033139781154942E-003	3.85157937099575793E-003	2.33609912262826552E-003	-1	1.51548024836749241E-003	-1	OK
82.750000000000000	9.21389550719940546E-003	5.43084544781941188E-003	4.22045684580197276E-003	1.21038860201743868E-003	3.78305005937999402E-003	2.29419332421239080E-003	-1	1.48885673516760322E-003	-1	OK
83.000000000000000	9.05631596839107100E-003	5.34038928821800075E-003	4.14956746165519481E-003	1.19082182656280507E-003	3.71592668017306938E-003	2.25315340193933374E-003	-1	1.46277327823373564E-003	-1	OK
83.250000000000000	8.90186200622203674E-003	5.25168362953003752E-003	4.08006068389949426E-003	1.17162294563054239E-003	3.65017837669199879E-003	2.21295908063282639E-003	-1	1.43721929605917240E-003	-1	OK
83.500000000000000	8.75045436748314413E-003	5.16468963947674768E-003	4.01190570497302404E-003	1.15278393450372386E-003	3.58576472800639602E-003	2.17359045483404931E-003	-1	1.41217427317234670E-003	-1	OK
83.750000000000000	8.60202049858758457E-003	5.07936936224554457E-003	3.94507247926028856E-003	1.13429688298525622E-003	3.52265113634204000E-003	2.13502804643388947E-003	-1	1.38762308990815052E-003	-1	OK
84.000000000000000	8.45650370075225200E-003	4.99568552889412265E-003	3.87953169172437469E-003	1.11615383716974709E-003	3.46081817185813021E-003	2.09725359694466805E-003	-1	1.36356457491346216E-003	-1	OK
84.250000000000000	8.31383884680262329E-003	4.91360259215042720E-003	3.81525490537662363E-003	1.09834768677380293E-003	3.40023625465219609E-003	2.06024886610723735E-003	-1	1.33998738854495874E-003	-1	OK
84.500000000000000	8.17396256049425333E-003	4.83308567287060557E-003	3.75221438001151816E-003	1.08087129285908547E-003	3.34087688762364733E-003	2.02399623348862136E-003	-1	1.31688065413502597E-003	-1	OK
84.750000000000000	8.03681329623914982E-003	4.75410100347988408E-003	3.69038307232791253E-003	1.06371793115197155E-003	3.28271229275926574E-003	1.98848666929240473E-003	-1	1.29422562346686101E-003	-1	OK
85.000000000000000	7.90232955002772436E-003	4.67661549923565484E-003	3.62973462068168435E-003	1.04688087855397136E-003	3.22571405079206909E-003	1.95369040331043681E-003	-1	1.27202364748163228E-003	-1	OK
85.250000000000000	7.77045206541829465E-003	4.60059734518806444E-003	3.57024334688729348E-003	1.03035399830077117E-003	3.16985472023023065E-003	1.91959369313555550E-003	-1	1.25026102709467515E-003	-1	OK
85.500000000000000	7.64112270978343881E-003	4.52601469148013018E-003	3.51188401146585198E-003	1.01413068001427798E-003	3.11510801830330907E-003	1.88456953654248882E-003	-1	1.23053848176082024E-003	-1	OK
85.750000000000000	7.51428321948082595E-003	4.45283619890413096E-003	3.45463194080742123E-003	9.98204258096709301E-004	3.06144702057669455E-003	1.85184910637134449E-003	-1	1.20959791420535007E-003	-1	OK
86.000000000000000	7.38982519283193102E-003	4.38103145410051811E-003	3.39846313120447351E-003	9.82568322896044174E-004	3.00879373873141290E-003	1.81978985616257079E-003	-1	1.18900388256884212E-003	-1	OK
86.250000000000000	7.26781258562284385E-003	4.31057092579436966E-003	3.34335419879704283E-003	9.67216726997326831E-004	2.95724165982847419E-003	1.78837198081730690E-003	-1	1.16886967901116729E-003	-1	OK
86.500000000000000	7.14813174109093889E-003	4.24142599265398077E-003	3.28928235658210773E-003	9.52143636071872495E-004	2.90670574843695856E-003	1.75757856315025894E-003	-1	1.14912718528669962E-003	-1	OK
86.750000000000000	7.03073287968271343E-003	4.17356893315756761E-003	3.23622541888554096E-003	9.37343514272028053E-004	2.85716394652514539E-003	1.72739575586523136E-003	-1	1.12976819065991403E-003	-1	OK
87.000000000000000	6.91556141409345460E-003	4.10697242316004560E-003	3.18416167194830735E-003	9.22810751211737817E-004	2.80858899093340900E-003	1.69781031542210327E-003	-1	1.11077867551130573E-003	-1	OK
87.250000000000000	6.80258151708824227E-003	4.04160960207734440E-003	3.13306988169092951E-003	9.08539720386413374E-004	2.76097191501089743E-003	1.66880698359904911E-003	-1	1.09216493141184832E-003	-1	OK
87.500000000000000	6.69173907566959075E-003	3.97745427219917905E-003	3.08292933347258536E-003	8.94524938726593043E-004	2.71428480347041170E-003	1.64037488833483733E-003	-1	1.07390991513557437E-003	-1	OK
87.750000000000000	6.58298850295908206E-003	3.91448105446132351E-003	3.03371986473579538E-003	8.80761189725528778E-004	2.66850744849775898E-003	1.61250052776380011E-003	-1	1.05600692073395887E-003	-1	OK
88.000000000000000	6.47628236181572482E-003	3.85266488119163919E-003	2.98542172062962264E-003	8.67243160562017204E-004	2.62361748062408520E-003	1.58517117406078382E-003	-1	1.03844630656330138E-003	-1	OK
88.250000000000000	6.37158035563143831E-003	3.79198150671675779E-003	2.93801569785026194E-003	8.53965808866496393E-004	2.57959884891468053E-003	1.55837541612184323E-003	-1	1.02122343279283730E-003	-1	OK
88.500000000000000	6.26883955720901852E-003	3.73240763668612622E-003	2.89148309773355544E-003	8.40924538952571646E-004	2.53643192052289187E-003	1.53210227690802497E-003	-1	1.00432964361486690E-003	-1	OK
88.750000000000000	6.16570748719156431E-003	3.67392046218481799E-003	2.84580563201729600E-003	8.28114830167521227E-004	2.49178702500674676E-003	1.50633891039998768E-003	-1	9.85448114606759075E-004	-1	OK
89.000000000000000	6.06661827500306131E-003	3.61649723956186664E-003	2.80096533333658651E-003	8.15531906225279261E-004	2.45012103544119423E-003	1.48107412618026153E-003	-1	9.69046909260932706E-004	-1	OK
89.250000000000000	5.96953915742231590E-003	3.56011563477552032E-003	2.75694466253250531E-003	8.03170972243014473E-004	2.40942352264679601E-003	1.45629700083507664E-003	-1	9.53126521811719371E-004	-1	OK
89.500000000000000	5.87425821508047105E-003	3.50475397783771032E-003	2.71372650964908473E-003	7.91027468188624833E-004	2.36950423724276030E-003	1.43199687877801417E-003	-1	9.37507358464746135E-004	-1	OK
89.750000000000000	5.78073767625588309E-003	3.45039120511629258E-003	2.67129423158686541E-003	7.79096973529426842E-004	2.33034647113959052E-003	1.40816354952208564E-003	-1	9.22182921617504875E-004	-1	OK
90.000000000000000	5.68894219911218225E-003	3.39700697478576095E-003	2.62963157948205078E-003	7.67375395303709191E-004	2.29193522432642087E-003	1.38478667962751837E-003	-1	9.07148544698902501E-004	-1	OK
90.250000000000000	5.59883466401831474E-003	3.34458110656888404E-003	2.58872263697173611E-003	7.55858469597147503E-004	2.25425355744943070E-003	1.36185620961676106E-003	-1	8.92397347832669637E-004	-1	OK
90.500000000000000	5.51038251913639303E-003	3.29309436265129169E-003	2.54855194205693943E-003	7.44542420594352045E-004	2.21728815648510134E-003	1.33936267596019816E-003	-1	8.77925480524903174E-004	-1	OK
90.750000000000000	5.42354909594225734E-003	3.24252766070169327E-003	2.50910431922820275E-003	7.33423341473490300E-004	2.18102143524056408E-003	1.31729664822836045E-003	-1	8.63724787012203630E-004	-1	OK
91.000000000000000	5.33830034478026925E-003	3.19286215619750402E-003	2.47036489730523582E-003	7.22497258892268197E-004	2.14543818858276567E-003	1.29564885882434535E-003	-1	8.49789329758420323E-004	-1	OK
91.250000000000000	5.25460323854500325E-003	3.14407930016194709E-003	2.43231911769084151E-003	7.11760182471106017E-004	2.11052393838305615E-003	1.27440919251079854E-003	-1	8.36114745872257618E-004	-1	OK
91.500000000000000	5.17242611264395486E-003	3.09616096492060233E-003	2.39495276758513271E-003	7.01208197335470487E-004	2.07626514772335253E-003	1.25356994780183024E-003	-1	8.22695199921522286E-004	-1	OK
91.750000000000000	5.09173934886842684E-003	3.04908955355082285E-003	2.35825201066059299E-003	6.90837542890228567E-004	2.04264979531760356E-003	1.23312235396764135E-003	-1	8.09527441349962209E-004	-1	OK
92.000000000000000	5.01251195641944178E-003	3.00284801353211100E-003	2.32220334456387754E-003	6.80644668968233236E-004	2.00966394288733079E-003	1.21305798398707262E-003	-1	7.96605958900258168E-004	-1	OK
92.250000000000000	4.93471258549939978E-003	2.95741980488860908E-003	2.28679361716947662E-003	6.70626187719132135E-004	1.97729278061079027E-003	1.19336919000999722E-003	-1	7.83923590600793052E-004	-1	OK
92.500000000000000	4.85831178004180689E-003	2.91278893109517614E-003	2.25200999161471321E-003	6.60778939480462279E-004	1.94552284894663097E-003	1.17404805731075859E-003	-1	7.71474791635872381E-004	-1	OK
92.750000000000000	4.78328047889103273E-003	2.86893958944140198E-003	2.21783987870959086E-003	6.51099710731811113E-004	1.91434088944963054E-003	1.15508680883032872E-003	-1	7.59254080619301821E-004	-1	OK
93.000000000000000	4.70959257371762752E-003	2.82585611007170725E-003	2.18427091952293597E-003	6.41585190548770953E-004	1.88373646364591984E-003	1.13647785347122630E-003	-1	7.47258610174693534E-004	-1	OK
93.250000000000000	4.63721973071316504E-003	2.78352299946287279E-003	2.15129100889373346E-003	6.32231990569138893E-004	1.85369673125029247E-003	1.11821369549286757E-003	-1	7.35483035757424899E-004	-1	OK
93.500000000000000	4.56613434136618392E-003	2.74192523877998503E-003	2.11888833990425121E-003	6.23036898875733926E-004	1.82420910258619911E-003	1.10028717954876619E-003	-1	7.23921923037432928E-004	-1	OK
93.750000000000000	4.49631015956481264E-003	2.70104825166968612E-003	2.08705139400513183E-003	6.13996857664553535E-004	1.79526190789512652E-003	1.08269116862458022E-003	-1	7.12570739270546299E-004	-1	OK
94.000000000000000	4.42772237024670594E-003	2.66087775223229801E-003	2.05576891600860873E-003	6.05108836223690262E-004	1.76684461801440793E-003	1.06541875696910702E-003	-1	7.01425861045300910E-004	-1	OK
94.250000000000000	4.36034580295772186E-003	2.62139991147957666E-003	2.02502992638362630E-003	5.96369985095950256E-004	1.73894589147814520E-003	1.04846326474175773E-003	-1	6.90482626736387472E-004	-1	OK
94.500000000000000	4.29415582322117267E-003	2.58260111162928255E-003	1.99482368959790759E-003	5.87777422031375064E-004	1.71155471159189034E-003	1.03181812409019785E-003	-1	6.79736587501692489E-004	-1	OK
94.750000000000000	4.22912909526440301E-003	2.54446838373317222E-003	1.96513975944292334E-003	5.79328624290248776E-004	1.68466071153123100E-003	1.01547691166230182E-003	-1	6.69183799868929181E-004	-1	OK
95.000000000000000	4.16524239712307183E-003	2.50698869294173170E-003	1.93596782574519425E-003	5.71020867196537986E-004	1.65825370418134035E-003	9.99433339505592568E-004	-1	6.58820364675747781E-004	-1	OK
95.250000000000000	4.10247455779086476E-003	2.47014917057599738E-003	1.90729778846810945E-003	5.62851382107887820E-004	1.63232538721486760E-003	9.83681271767358973E-004	-1	6.48644115447508628E-004	-1	OK
95.500000000000000	4.04080129996661503E-003	2.43393716829450697E-003	1.87911975773291922E-003	5.54817410561587749E-004	1.60686413167210806E-003	9.68214959929364198E-004	-1	6.38649171742743864E-004	-1	OK
95.750000000000000	3.98019885702950542E-003	2.39834026487921069E-003	1.85142407076040443E-003	5.46916194118806363E-004	1.58185859215029517E-003	9.53028372377569613E-004	-1	6.28830219772725553E-004	-1	OK
96.000000000000000	3.92053315845290132E-003	2.36334660527852706E-003	1.82420134786072797E-003	5.39145257417799305E-004	1.55718655317437426E-003	9.38116160923737892E-004	-1	6.19070392250636371E-004	-1	OK
96.250000000000000	3.86201482195334261E-003	2.32894467353658534E-003	1.79744243147918789E-003	5.31502242057397124E-004	1.53307014841675728E-003	9.23472252817685241E-004	-1	6.09597895599072034E-004	-1	OK
96.500000000000000	3.80450728332182428E-003	2.29512320670420631E-003	1.77113835069637494E-003	5.23984856007831475E-004	1.50938407661761797E-003	9.09091194569959862E-004	-1	6.00292882047658103E-004	-1	OK
96.750000000000000	3.74799261703872340E-003	2.26187096224284533E-003	1.74528028237324923E-003	5.16590679869596316E-004	1.48612165479587830E-003	8.94967648618396499E-004	-1	5.91154006177481797E-004	-1	OK
97.000000000000000	3.69244926066006861E-003	2.22917703714218315E-003	1.71985961574986951E-003	5.09317421392313095E-004	1.46327222351788546E-003	8.81095415044646905E-004	-1	5.82176808473238556E-004	-1	OK
97.250000000000000	3.63785811574492135E-003	2.19703069183393778E-003	1.69486790270555274E-003	5.02162789128384824E-004	1.44082742391098378E-003	8.67468919900183950E-004	-1	5.73358504010799833E-004	-1	OK
97.500000000000000	3.58420068468129219E-003	2.16542144934514080E-003	1.67029691553380929E-003	4.95124533811331833E-004	1.41877923533615139E-003	8.54084690112856147E-004	-1	5.64694545223295248E-004	-1	OK
97.750000000000000	3.53145882983269509E-003	2.13433913943996637E-003	1.64613859785959701E-003	4.88200541580368925E-004	1.39711969039272893E-003	8.40937688035766425E-004	-1	5.56182002356962507E-004	-1	OK
98.000000000000000	3.47961466650626881E-003	2.10377373240686408E-003	1.62238506586118397E-003	4.81388666545680540E-004	1.37584093409940473E-003	8.28023273607588731E-004	-1	5.47817660491816002E-004	-1	OK
98.250000000000000	3.42865127837914396E-003	2.07371564841294601E-003	1.59902864811304734E-003	4.74687000299899107E-004	1.35493562996619773E-003	8.15336854434869050E-004	-1	5.39598775531328683E-004	-1	OK
98.500000000000000	3.37855150943253395E-003	2.04415536109948774E-003	1.57606179578694450E-003	4.68093565312544110E-004	1.33439614833304600E-003	8.02873926288737725E-004	-1	5.31522222044308271E-004	-1	OK
98.750000000000000	3.32929862890974683E-003	2.01508343591023237E-003	1.55347709148752821E-003	4.61606344422703775E-004	1.31421519299951468E-003	7.90630246620597382E-004	-1	5.23584946378917297E-004	-1	OK
99.000000000000000	3.28087625419949593E-003	1.98649064138780099E-003	1.53126728187725396E-003	4.55223359510546755E-004	1.29438561281169495E-003	7.78601180034459855E-004	-1	5.15784432777235090E-004	-1	OK
99.250000000000000	3.23326842018805283E-003	1.95836798743366384E-003	1.50942528200286746E-003	4.48942705430795835E-004	1.27490043275438878E-003	7.66782470635941275E-004	-1	5.08117962118447507E-004	-1	OK
99.500000000000000	3.18645983094229500E-003	1.93070663528089204E-003	1.48794414633343316E-003	4.42762488947458395E-004	1.25575319566140274E-003	7.55170899030619801E-004	-1	5.00582296630782938E-004	-1	OK
99.750000000000000	3.14043501254920041E-003	1.90349782607293367E-003	1.46681705570938983E-003	4.36680770363543789E-004	1.23693718647626674E-003	7.43761606779019618E-004	-1	4.93175579697247121E-004	-1	OK
100.00000000000000	3.09511228512902425E-003	1.87673318305236689E-003	1.44603739511678137E-003	4.30695787935585466E-004	1.21837910207665736E-003	7.32548884703045707E-004	-1	4.85830217373611653E-004	-1	OK
