#pt	totcs	totdirect	directLO	directNLO	totfrag	fragLO	err_fragLO	fragNLO	err_fragNLO	errmess
0.50000000000000000	-292648051.53445005	-506386289.01771069	25362307.615232572	-531748596.63294339	213738237.48326066	108558069.70583802	-1	105180167.77742264	-1	Error
0.75000000000000000	48358779.537463784	-8313926.4450412244	2543837.3861960457	-10857763.831237271	56672705.982505009	18657724.823625259	-1	38014981.158879749	-1	Error
1.0000000000000000	22329453.623184536	789165.11586444452	590485.97175992909	198679.14410451447	21540288.507320091	5440567.0219884412	-1	16099721.485331651	-1	Error
1.2500000000000000	9972975.5764101539	688899.63880297355	199266.43607281466	489633.20273015933	9284075.9376071803	2101767.6832717410	-1	7182308.2543354388	-1	Error
1.5000000000000000	5053310.9882864906	422712.49488305044	109066.04249509081	313646.45238795964	4630598.4934034403	1052188.2293124571	-1	3578410.2640909832	-1	Error
1.7500000000000000	2858632.5005457280	294809.41963818832	94064.720716975542	200744.69892121275	2563823.0809075395	726611.58435866574	-1	1837211.4965488738	-1	Error
2.0000000000000000	1655564.6148258094	203263.16929098149	73841.121000999163	129422.04828998225	1452301.4455348279	474459.31951301417	-1	977842.12602181372	-1	Error
2.2500000000000000	988442.36599754170	141341.38934546942	56203.238159920002	85138.151185549403	847100.97665207228	310061.80592260987	-1	537039.17072946241	-1	Error
2.5000000000000000	617138.86889211251	99809.213485464104	42466.010258091497	57343.203227372614	517329.65540664835	206312.36699462272	-1	311017.28841202566	-1	Error
2.7500000000000000	397936.02423129487	71713.798703466367	32174.331766923711	39539.466936542689	326222.22552782850	139970.01771809458	-1	186252.20780973393	-1	Error
3.0000000000000000	265484.71376037330	52416.454185228999	24547.831614694685	27868.622570534317	213068.25957514427	96901.020714598606	-1	116167.23886054567	-1	Error
3.2500000000000000	182430.99369361403	38944.670062958045	18900.133511622505	20044.536551335546	143486.32363065597	68394.684175403570	-1	75091.639455252400	-1	Error
3.5000000000000000	128632.54905695628	29378.926417971605	14693.972048863821	14684.954369107787	99253.622638984671	49117.234152565899	-1	50136.388486418771	-1	Error
3.7500000000000000	92624.118472511080	22476.896699035060	11536.659662777673	10940.237036257393	70147.221773476020	35969.004944377906	-1	34178.216829098114	-1	Error
4.0000000000000000	67994.119033246505	17425.025965381195	9147.9130001860776	8277.1129651951142	50569.093067865317	26778.570081598114	-1	23790.522986267202	-1	OK
4.2500000000000000	50863.676987245664	13664.551282200759	7317.2054000802909	6347.3458821204649	37199.125705044906	20246.984370039951	-1	16952.141335004955	-1	OK
4.5000000000000000	38682.501735292535	10823.949655515989	5898.1793208612798	4925.7703346547123	27858.552079776546	15493.754100394670	-1	12364.797979381876	-1	OK
4.7500000000000000	29855.631596053532	8653.0442855492547	4788.8886461177517	3864.1556394315025	21202.587310504277	12002.023637513990	-1	9200.5636729902872	-1	OK
5.0000000000000000	23271.644449961721	6978.9593909196719	3916.5192408232492	3062.4401500964200	16292.685059042049	9403.7675367096090	-1	6888.9175223324401	-1	OK
5.2500000000000000	18343.689137257148	5676.2186816508865	3225.8174039871265	2450.4012776637628	12667.470455606261	7443.1248368456318	-1	5224.3456187606289	-1	OK
5.5000000000000000	14607.163049818799	4653.4643355562921	2675.1376982274992	1978.3266373287929	9953.6987142625057	5947.3096764305783	-1	4006.3890378319275	-1	OK
5.7500000000000000	11749.723135493703	3843.6786817414295	2233.0355737028585	1610.6431080385710	7906.0444537522735	4786.4208830689022	-1	3119.6235706833713	-1	OK
6.0000000000000000	9540.8332597899680	3197.1973409518241	1875.6092702532949	1321.5880706985288	6343.6359188381448	3887.6686697566515	-1	2455.9672490814933	-1	OK
6.2500000000000000	7805.2428078380708	2676.5820973307723	1584.3848823072206	1092.1972150235511	5128.6607105072990	3182.1102743367601	-1	1946.5504361705389	-1	OK
6.5000000000000000	6444.6385522782284	2254.1297381443310	1345.5016519494761	908.62808619485497	4190.5088141338974	2623.4819113367184	-1	1567.0269027971790	-1	OK
6.7500000000000000	5356.4809967885685	1908.9366725889950	1148.3414215227522	760.59525106624312	3447.5443241995736	2177.3537569889750	-1	1270.1905672105986	-1	OK
7.0000000000000000	4481.5945727314338	1625.0348474814919	984.67254793362713	640.36229954786427	2856.5597252499415	1818.2784612935307	-1	1038.2812639564108	-1	OK
7.2500000000000000	3772.1411957779992	1390.1174923119545	848.06396003290547	542.05353227904914	2382.0237034660449	1527.3763776807523	-1	854.64732578529265	-1	OK
7.5000000000000000	3190.2414374549553	1194.6205142150006	733.45457570850522	461.16593850649508	1995.6209232399549	1290.2794595919574	-1	705.34146364799744	-1	OK
7.7500000000000000	2712.3709081180014	1031.0550417612553	636.83446914168712	394.22057261956763	1681.3158663567460	1095.6830316020789	-1	585.63283475466710	-1	OK
8.0000000000000000	2317.7101154324182	893.51466135068335	555.00698647280899	338.50767487787465	1424.1954540817346	934.88647476945584	-1	489.30897931227878	-1	OK
8.2500000000000000	1990.2491885659601	777.31016683803807	485.40859525520500	291.90157158283301	1212.9390217279220	801.30296574512386	-1	411.63605598279810	-1	OK
8.5000000000000000	1715.8242315792481	678.68714317063336	425.96598355736285	252.72115961327046	1037.1370884086148	690.91646271145316	-1	346.22062569716161	-1	OK
8.7500000000000000	1485.2715571114168	594.62646144184237	374.99700511293617	219.62945632890606	890.64509566957429	596.91367053635952	-1	293.73142513321477	-1	OK
9.0000000000000000	1291.3376033137333	522.68675432680539	331.12993069988676	191.55682362691880	768.65084898692805	517.63450327433543	-1	251.01634571259262	-1	OK
9.2500000000000000	1126.6893625226510	460.88282084822259	293.24056289874216	167.64225794948038	665.80654167442844	450.62597155926983	-1	215.18057011515862	-1	OK
9.5000000000000000	986.68243395943637	407.59168705009370	260.40307252670647	147.18861452338709	579.09074690934267	393.61090205379674	-1	185.47984485554593	-1	OK
9.7500000000000000	866.93601915817158	361.48060308161354	231.85170131442752	129.62890176718597	505.45541607655809	344.94752086964371	-1	160.50789520691438	-1	OK
10.000000000000000	764.10798023363759	321.44953447806091	206.95019447335028	114.49934000471063	442.65844575557668	303.22816766158360	-1	139.43027809399308	-1	OK
10.250000000000000	675.39752204766899	286.58664839945817	185.16776078079934	101.41888761865883	388.81087364821082	267.34223742822206	-1	121.46863621998875	-1	OK
10.500000000000000	598.68001557687421	256.13285169770717	166.05982578255265	90.073025915154602	342.54716387916699	236.38676494680010	-1	106.16039893236689	-1	OK
10.750000000000000	531.78288993325623	229.45357809735810	149.25261037672868	80.200967720629436	302.32931183589818	209.57875389811520	-1	92.750557937782986	-1	OK
11.000000000000000	473.89749650346960	206.01632028955203	134.43073845110194	71.585581838450025	267.88117621391757	186.26404712559116	-1	81.617129088326408	-1	OK
11.250000000000000	423.22862809243367	185.37246896280672	121.32710288231524	64.045366080491448	237.85615912962695	165.95788191101710	-1	71.898277218609849	-1	OK
11.500000000000000	379.01666786493524	167.14276978367354	109.71473334072320	57.428036442950294	211.87389808126167	148.21484656887938	-1	63.659051512382291	-1	OK
11.750000000000000	340.19323744518408	151.00561884429288	99.400232630255104	51.605386214037821	189.18761860089120	132.66024616350180	-1	56.527372437389403	-1	OK
12.000000000000000	305.83159704815284	136.68728912155635	90.218237024062972	46.469052097493368	169.14430792659647	118.97466214944328	-1	50.169645777153193	-1	OK
12.250000000000000	275.71564959063141	123.95413724001037	82.026987688212657	41.927149551797726	151.76151235062102	106.92727099749484	-1	44.834241353126174	-1	OK
12.500000000000000	249.02743936869780	112.60614701524874	74.704585873576775	37.901561141671955	136.42129235344908	96.294341935743475	-1	40.126950417705601	-1	OK
12.750000000000000	225.35015693661211	102.47149584581385	68.145922120177630	34.325573725636225	122.87866109079826	86.885377928967188	-1	35.993283161831073	-1	OK
13.000000000000000	204.29798276074649	93.402261879848410	62.260128313585533	31.142133566262835	110.89572088089810	78.542375856289979	-1	32.353345024608117	-1	OK
13.250000000000000	185.42415104532938	85.270693686205846	56.968448894504036	28.302244791701792	100.15345735912354	71.125060123479543	-1	29.028397235643993	-1	OK
13.500000000000000	168.68538560093532	77.966204641846161	52.202451779883063	25.763752861963091	90.719180959089158	64.519366896482140	-1	26.199814062607018	-1	OK
13.750000000000000	153.71182914751390	71.392826081223376	47.902542659414344	23.490283421809025	82.319003066290520	58.624877104258736	-1	23.694125962031784	-1	OK
14.000000000000000	140.28551033918944	65.467069434004287	44.016696823428262	21.450372610576043	74.818440905185170	53.354675348604005	-1	21.463765556581166	-1	OK
14.250000000000000	128.22079577223809	60.116120842378777	40.499398085410320	19.616722756968418	68.104674929859314	48.534455640406598	-1	19.570219289452716	-1	OK
14.500000000000000	117.36729637791765	55.276360909059214	37.310742550874700	17.965618358184525	62.090935468858447	44.305246854159392	-1	17.785688614699055	-1	OK
14.750000000000000	107.58410900749811	50.892020965525525	34.415661272092592	16.476359693432933	56.692088041972596	40.503348351864886	-1	16.188739690107710	-1	OK
15.000000000000000	98.589620758808451	46.914203375026553	31.783295150725035	15.130908224301535	51.675417383781891	37.081366109564016	-1	14.594051274217875	-1	OK
15.250000000000000	90.620003747124699	43.299841822478065	29.386402478220646	13.913439344257419	47.320161924646634	33.996084060381143	-1	13.324077864265490	-1	OK
15.500000000000000	83.402739887520482	40.010974073157946	27.200895462510388	12.810078610647555	43.391765814362543	31.208400199757392	-1	12.183365614605151	-1	OK
15.750000000000000	76.853416449651036	37.014133267387827	25.205477072147438	11.808656195240399	39.839283182263216	28.686305554123354	-1	11.152977628139862	-1	OK
16.000000000000000	70.903499731588056	34.279695739222504	23.381255372911010	10.898440366311487	36.623803992365552	26.400303356227884	-1	10.223500636137668	-1	OK
16.250000000000000	65.491387170134672	31.781426557554081	21.711450792029407	10.069975765524664	33.709960612580588	24.337571302317833	-1	9.3723893102627542	-1	OK
16.500000000000000	60.564717338118321	29.496026937723059	20.181126640796293	9.3149002969267620	31.068690400395262	22.450220183671235	-1	8.6184702167240275	-1	OK
16.750000000000000	56.071097515676499	27.402773410589255	18.776968046177537	8.6258053644117130	28.668324105087247	20.732166355375647	-1	7.9361577497116009	-1	OK
17.000000000000000	51.966372059717017	25.483218015017638	17.487090081237298	7.9961279337803450	26.483154044699383	19.166963070516175	-1	7.3161909741832076	-1	OK
17.250000000000000	48.214563691130962	23.720887851011486	16.300860599563723	7.4200272514477561	24.493675840119472	17.738673711461036	-1	6.7550021286584361	-1	OK
17.500000000000000	44.779115480923110	22.101066126802309	15.208760158553641	6.8923059682486603	22.678049354120805	16.433484926401750	-1	6.2445644277190553	-1	OK
17.750000000000000	41.627844586103876	20.610591573738709	14.202252667546350	6.4083389061923635	21.017253012365170	15.239853608223163	-1	5.7773994041420078	-1	OK
18.000000000000000	38.734331958043441	19.237655014450741	13.273668124884955	5.9639868895657857	19.496676943592700	14.146764134424364	-1	5.3499128091683357	-1	OK
18.250000000000000	36.066288369581969	17.971664975780008	12.416111221310759	5.5555537544692442	18.094623393801957	13.144480908085239	-1	4.9501424857167180	-1	OK
18.500000000000000	33.621035216239576	16.803108367687013	11.623372716240334	5.1797356514466779	16.817926848552563	12.224540890701759	-1	4.5933859578508045	-1	OK
18.750000000000000	31.368802795456197	15.723407554443252	10.889849412413676	4.8335581420295757	15.645395241012944	11.379167450834016	-1	4.2662277901789274	-1	OK
19.000000000000000	29.292031387979939	14.724845869035288	10.210486294200823	4.5143595748344643	14.567185518944653	10.601178757077435	-1	3.9660067618672183	-1	OK
19.250000000000000	27.375301956899065	13.800457602356301	9.5807115781629726	4.2197460241933271	13.574844354542766	9.8848942579996315	-1	3.6899500965431340	-1	OK
19.500000000000000	25.605093611213661	12.943939079333338	8.9963847231518717	3.9475543561814628	12.661154531880324	9.2247542244626537	-1	3.4364003074176708	-1	OK
19.750000000000000	23.969379113371083	12.149594057103021	8.4537559678017651	3.6958380893012501	11.819785056268062	8.6156287439548773	-1	3.2041563123131844	-1	OK
20.000000000000000	22.455867400325076	11.412267746463119	7.9494235715340444	3.4628441749290766	11.043599653861955	8.0531227687688336	-1	2.9904768850931216	-1	OK
20.250000000000000	21.054328226648593	10.727278319502648	7.4802957427944961	3.2469825767081502	10.327049907145945	7.5332143584216844	-1	2.7938355487242603	-1	OK
20.500000000000000	19.754513195867037	10.090376012300098	7.0435618109802380	3.0468142013198585	9.6641371835669396	7.0362171257572177	-1	2.6279200578097219	-1	OK
20.750000000000000	18.548408978185037	9.4977056662880734	6.6366647447819229	2.8610409215061514	9.0507033118969638	6.5919457262049068	-1	2.4587575856920569	-1	OK
21.000000000000000	17.428310088898286	8.9457528415657510	6.2572724415189267	2.6884804000468225	8.4825572473325348	6.1802833109751045	-1	2.3022739363574303	-1	OK
21.250000000000000	16.386759122835159	8.4313167488130603	5.9032580404673860	2.5280587083456751	7.9554423740221001	5.7984634020813974	-1	2.1569789719407026	-1	OK
21.500000000000000	15.419131872439650	7.9514835721360342	5.5726807750317127	2.3788027971043211	7.4676483003036163	5.4439725518815694	-1	2.0236757484220469	-1	OK
21.750000000000000	14.516932776783648	7.5035941439915792	5.2637663169214548	2.2398278270701253	7.0133386327920686	5.1146013078671624	-1	1.8987373249249062	-1	OK
22.000000000000000	13.676440314545172	7.0852139725601457	4.9748898840169513	2.1103240885431940	6.5912263419850250	4.8082763018701931	-1	1.7829500401148319	-1	OK
22.250000000000000	12.888945754228097	6.6941154706542481	4.7045612588683072	1.9895542117859408	6.1948302835738485	4.5231538100513591	-1	1.6716764735224894	-1	OK
22.500000000000000	12.158024371787135	6.3282653471499017	4.4514178735212093	1.8768474736286926	5.8297590246372337	4.2575522720959196	-1	1.5722067525413141	-1	OK
22.750000000000000	11.475506372843824	5.9857985115473262	4.2142095332508696	1.7715889782964560	5.4897078612964973	4.0099894175098854	-1	1.4797184437866120	-1	OK
23.000000000000000	10.837667454784253	5.6650052279270167	3.9917886393606130	1.6732165885664028	5.1726622268572369	3.7791150198461829	-1	1.3935472070110539	-1	OK
23.250000000000000	10.240969568852570	5.3643170801863302	3.7831008088212408	1.5812162713650895	4.8766524886662399	3.5636958304311088	-1	1.3129566582351311	-1	OK
23.500000000000000	9.6827911755860452	5.0822938908044923	3.5871761876698742	1.4951177031346179	4.6004972847815528	3.3625213711403363	-1	1.2379759136412165	-1	OK
23.750000000000000	9.1600272255288964	4.8176100273871860	3.4031215269380004	1.4144885004491856	4.3424171981417103	3.1745077617312263	-1	1.1679094364104841	-1	OK
24.000000000000000	8.6663215735422376	4.5690450468802588	3.2301138701687719	1.3389311767114862	4.0972765266619797	2.9986738530338006	-1	1.0986026736281791	-1	OK
24.250000000000000	8.2073098794633985	4.3354770343084166	3.0673949668707730	1.2680820674376421	3.8718328451549824	2.8341648070358572	-1	1.0376680381191252	-1	OK
24.500000000000000	7.7767552967545708	4.1158712875672059	2.9142647969010720	1.2016064906661359	3.6608840091873653	2.6800765913887470	-1	0.98080741779861835	-1	OK
24.750000000000000	7.3725579573660394	3.9092724169259463	2.7700767214513857	1.1391956954745612	3.4632855404400935	2.5357708347805508	-1	0.92751470565954275	-1	OK
25.000000000000000	6.9928851011034396	3.7147995895163679	2.6342334603767799	1.0805661291395876	3.2780855115870717	2.4004933951827496	-1	0.87759211640432211	-1	OK
25.250000000000000	6.6359942290010254	3.5316391857238099	2.5061826280081889	1.0254565577156209	3.1043550432772156	2.2735853447653720	-1	0.83076969851184357	-1	OK
25.500000000000000	6.3003946502517820	3.3590385229242399	2.3854127993119274	0.97362572361231292	2.9413561273275417	2.1544579062904319	-1	0.78689822103710982	-1	OK
25.750000000000000	5.9846575605452843	3.1963009810835077	2.2714502561621663	0.92485072492134213	2.7883565794617766	2.0425687609262893	-1	0.74578781853548737	-1	OK
26.000000000000000	5.6873860319136380	3.0427822668146574	2.1638561491728407	0.87892611764181661	2.6446037650989811	1.9374184619740991	-1	0.70718530312488204	-1	OK
26.250000000000000	5.4073623869957803	2.8978852501541619	2.0622233873518505	0.83566186280231169	2.5094771368416189	1.8385874742693522	-1	0.67088966257226668	-1	OK
26.500000000000000	5.1434412694260896	2.7610560255598458	1.9661740566681440	0.79488196889170104	2.3823852438662438	1.7456039281733935	-1	0.63678131569285035	-1	OK
26.750000000000000	4.8945034231578477	2.6317811984664301	1.8753573383308566	0.75642386013557450	2.2627222246914176	1.6580733698937393	-1	0.60464885479767827	-1	OK
27.000000000000000	4.6596685309136507	2.5095835603314605	1.7894470263870537	0.72013653394440758	2.1500849705821898	1.5756431356967746	-1	0.57444183488541523	-1	OK
27.250000000000000	4.4379860552617911	2.3940200144948927	1.7081399125773020	0.68588010191759086	2.0439660407668985	1.4979649991515358	-1	0.54600104161536267	-1	OK
27.500000000000000	4.2286186411845836	2.2846790956412959	1.6311538900237315	0.65352520561756378	1.9439395455432873	1.4247256428516659	-1	0.51921390269162138	-1	OK
27.750000000000000	4.0309064864939437	2.1811772075697915	1.5582261137537678	0.62295109381602265	1.8497292789241517	1.3556383109309287	-1	0.49409096799322305	-1	OK
28.000000000000000	3.8438916981226559	2.0831573983785585	1.4891117383251655	0.59404566005339376	1.7607342997440971	1.2904355325980823	-1	0.47029876714601482	-1	OK
28.250000000000000	3.6670042354242831	1.9902876819956374	1.4235826799870446	0.56670500200859286	1.6767165534286455	1.2288725588532394	-1	0.44784399457540602	-1	OK
28.500000000000000	3.4995719475230418	1.9022585725749708	1.3614261356692878	0.54083243690568317	1.5973133749480710	1.1707129265472929	-1	0.42660044840077815	-1	OK
28.750000000000000	3.3410566943399180	1.8187814609117474	1.3024434986022240	0.51633796230952322	1.5222752334281704	1.1157427752515052	-1	0.40653245817666517	-1	OK
29.000000000000000	3.1894848723005635	1.7395868679360345	1.2464492885580156	0.49313757937801905	1.4498980043645291	1.0637829162479631	-1	0.38611508811656603	-1	OK
29.250000000000000	3.0472661115903508	1.6644235851559417	1.1932703107977283	0.47115327435821275	1.3828425264344089	1.0146331883587596	-1	0.36820933807564926	-1	OK
29.500000000000000	2.9124641472340098	1.5930568872138551	1.1427445999722787	0.45031228724157640	1.3194072600201547	0.96811679242109450	-1	0.35129046759906024	-1	OK
29.750000000000000	2.7846159483368798	1.5252672901448734	1.0947206952637685	0.43054659488110480	1.2593486581920066	0.92405363450844435	-1	0.33529502368356223	-1	OK
30.000000000000000	2.6633080642289277	1.4608499875570202	1.0490569343646960	0.41179305319232423	1.2024580766719073	0.88232432868629496	-1	0.32013374798561234	-1	OK
30.250000000000000	2.5481462360564269	1.3996130740954682	1.0056205938165754	0.39399248027889305	1.1485331619609584	0.84279511182125866	-1	0.30573805013969979	-1	OK
30.500000000000000	2.4387998232665558	1.3413767257448761	0.96428731387237399	0.37708941187250156	1.0974230975216794	0.80531784019356989	-1	0.29210525732810955	-1	OK
30.750000000000000	2.3349302500470746	1.2859729066172552	0.92494065073853815	0.36103225587871685	1.0489573434298196	0.76977272940431596	-1	0.27918461402550365	-1	OK
31.000000000000000	2.2362163006385618	1.2332441025602217	0.88747136938733628	0.34577273317288537	1.0029721980783401	0.73604932922052324	-1	0.26692286885781691	-1	OK
31.250000000000000	2.1423777513144651	1.1830426561224390	0.85177700667397305	0.33126564944846565	0.95933509519202609	0.70403601482621814	-1	0.25529908036580795	-1	OK
31.500000000000000	2.0531853491837042	1.1352299537904189	0.81776133869905054	0.31746861509136853	0.91795539539328552	0.67363355170202377	-1	0.24432184369126175	-1	OK
31.750000000000000	1.9682763476007743	1.0896758291172826	0.78533401080466236	0.30434181831262042	0.87860051848349174	0.64475517493070722	-1	0.23384534355278452	-1	OK
32.000000000000000	1.8874581431449386	1.0462583024560681	0.75441019360562722	0.29184810885044088	0.84119984068887066	0.61732356172456315	-1	0.22387627896430751	-1	OK
32.250000000000000	1.8105050311930986	1.0048627658765312	0.72491014239600426	0.27995262348052707	0.80564226531656735	0.59123538089006156	-1	0.21440688442650579	-1	OK
32.500000000000000	1.7372148965687817	0.96538167650658668	0.69675890161985454	0.26862277488673242	0.77183322006219501	0.56642397750327211	-1	0.20540924255892290	-1	OK
32.750000000000000	1.6673878429470728	0.92771375908714360	0.66988589878251625	0.25782786030462751	0.73967408385992905	0.54281893793362368	-1	0.19685514592630537	-1	OK
33.000000000000000	1.6008318790870906	0.89176357949402973	0.64422464593215567	0.24753893356187368	0.70906829959306095	0.52035402918923002	-1	0.18871427040383093	-1	OK
33.250000000000000	1.5373731276028382	0.85744117779961715	0.61971238262053918	0.23772879517907838	0.67993194980322091	0.49896612983702060	-1	0.18096581996620031	-1	OK
33.500000000000000	1.4768505288104490	0.82466226082636029	0.59629024460676106	0.22837201621959935	0.65218826798408880	0.47859716456950296	-1	0.17359110341458583	-1	OK
33.750000000000000	1.4191232842635699	0.79334753404963809	0.57390278954387197	0.21944474450576590	0.62577575021393184	0.45919591014523309	-1	0.16657984006869875	-1	OK
34.000000000000000	1.3640237107537869	0.76342222231274259	0.55249772882987624	0.21092449348286618	0.60060148844104444	0.44070680637721033	-1	0.15989468206383411	-1	OK
34.250000000000000	1.3114188674181850	0.73481570214280589	0.53202571205440996	0.20278999008839596	0.57660316527537903	0.42308031960169112	-1	0.15352284567368790	-1	OK
34.500000000000000	1.2611711805102725	0.70746149306379202	0.51244021740181089	0.19502127566198108	0.55370968744648041	0.40627071808816584	-1	0.14743896935831458	-1	OK
34.750000000000000	1.2131654809561510	0.68129698488267609	0.49369735366580136	0.18759963121687476	0.53186849607347486	0.39023490925846038	-1	0.14163358681501448	-1	OK
35.000000000000000	1.1672888329026680	0.65626296238672743	0.47575563806345733	0.18050732432327021	0.51102587051594062	0.37493237868725171	-1	0.13609349182868891	-1	OK
35.250000000000000	1.1234367199803470	0.63230357575814367	0.45857589531820503	0.17372768043993866	0.49113314422220328	0.36032482351786055	-1	0.13080832070434273	-1	OK
35.500000000000000	1.0815012579980685	0.60936600616875181	0.44212109237294017	0.16724491379581158	0.47213525182931676	0.34637362234595709	-1	0.12576162948335967	-1	OK
35.750000000000000	1.0413930973646679	0.58740042792681624	0.42635624455139287	0.16104418337542348	0.45399266943785166	0.33304331548087829	-1	0.12094935395697337	-1	OK
36.000000000000000	1.0030154359290364	0.56635980952647746	0.41124827616770399	0.15511153335877359	0.43665562640255889	0.32030481846919395	-1	0.11635080793336494	-1	OK
36.250000000000000	0.96628584943666729	0.54619959895361636	0.39676587186273848	0.14943372709087796	0.42008625048305087	0.30813073709516903	-1	0.11195551338788184	-1	OK
36.500000000000000	0.93112594038580321	0.52687761796968124	0.38287939153479866	0.14399822643488261	0.40424832241612196	0.29649261948360678	-1	0.10775570293251518	-1	OK
36.750000000000000	0.89745297943448010	0.50835400305126766	0.36956078571603240	0.13879321733523525	0.38909897638321245	0.28536404178149771	-1	0.10373493460171473	-1	OK
37.000000000000000	0.86519925926161723	0.49059103053907999	0.35678349470093473	0.13380753583814498	0.37460822872253724	0.27472169952765768	-1	9.98865291948795586E-002	-1	OK
37.250000000000000	0.83430032998899284	0.47355301960897628	0.34452235878944559	0.12903066081953074	0.36074731038001662	0.26453915967999636	-1	9.62081507000202563E-002	-1	OK
37.500000000000000	0.80468736056281431	0.45720615279377852	0.33275353293889415	0.12445261985488437	0.34748120776903579	0.25479359644733496	-1	9.26876113217008357E-002	-1	OK
37.750000000000000	0.77630104363410624	0.44151835511969484	0.32145440197194586	0.12006395314774895	0.33478268851441134	0.24546391748282423	-1	8.93187710315871131E-002	-1	OK
38.000000000000000	0.74907995542458206	0.42645922816482473	0.31060352072803493	0.11585570743678963	0.32262072725975732	0.23653007220305874	-1	8.60906550566985784E-002	-1	OK
38.250000000000000	0.72296615482059123	0.41199995717172300	0.30018054258297283	0.11181941458875032	0.31096619764886824	0.22797285134441372	-1	8.29933463044545128E-002	-1	OK
38.500000000000000	0.69791680205330753	0.39811311142202316	0.29016614475527930	0.10794696666674397	0.29980369063128431	0.21977421498249611	-1	8.00294756487882064E-002	-1	OK
38.750000000000000	0.67389085902304569	0.38477284454632743	0.28054203602133759	0.10423080852498973	0.28911801447671831	0.21191708254119102	-1	7.72009319355272949E-002	-1	OK
39.000000000000000	0.65081697211864920	0.37195466512479347	0.27129084209915699	0.10066382302563659	0.27886230699385572	0.20438527856616237	-1	7.44770284276933536E-002	-1	OK
39.250000000000000	0.62866360440556768	0.35963516451506217	0.26239601815600000	9.72391463590620425E-002	0.26902843989050551	0.19716279839443623	-1	7.18656414960692769E-002	-1	OK
39.500000000000000	0.60739102883228657	0.34779211577419400	0.25384185685999405	9.39502589142000022E-002	0.25959891305809263	0.19023571300578848	-1	6.93632000523041470E-002	-1	OK
39.750000000000000	0.58695739955768622	0.33640448622001479	0.24561344308597766	9.07910431340371304E-002	0.25055291333767149	0.18359076181996656	-1	6.69621515177049320E-002	-1	OK
40.000000000000000	0.56733463599408440	0.32545219955561000	0.23769657675420591	8.77556228014040179E-002	0.24188243643847440	0.17721561947974721	-1	6.46668169587271968E-002	-1	OK
40.250000000000000	0.54846622510030829	0.31491624353450032	0.23007777779429403	8.48384657402062731E-002	0.23354998156580797	0.17109682051482281	-1	6.24531610509851676E-002	-1	OK
40.500000000000000	0.53032980934697860	0.30477857419769666	0.22274422361572768	8.20343505819690483E-002	0.22555123514928188	0.16522251677942912	-1	6.03287183698527629E-002	-1	OK
40.750000000000000	0.51289273041277128	0.29502199317223010	0.21568370292265920	7.93382902495709252E-002	0.21787073724054123	0.15958082897321227	-1	5.82899082673289659E-002	-1	OK
41.000000000000000	0.49612374838542850	0.28563012342979888	0.20888458478728283	7.67455386425160146E-002	0.21049362495562962	0.15416236993511342	-1	5.63312550205161966E-002	-1	OK
41.250000000000000	0.47999336254549479	0.27658732381866302	0.20233578689963447	7.42515369190285268E-002	0.20340603872683177	0.14895695495138661	-1	5.44490837754451618E-002	-1	OK
41.500000000000000	0.46428097850297784	0.26787874017700808	0.19602676392924712	7.18519762477609208E-002	0.19640223832596976	0.14395487540035656	-1	5.24473629256131946E-002	-1	OK
41.750000000000000	0.44941826412689545	0.25949023422661749	0.18994747612344592	6.95427581031715508E-002	0.18992802990027793	0.13914715531722510	-1	5.07808745830528319E-002	-1	OK
42.000000000000000	0.43504295410381633	0.25140840144649335	0.18408836775549783	6.73200336909954566E-002	0.18363455265732298	0.13452567515708982	-1	4.91088775002331557E-002	-1	OK
42.250000000000000	0.42120269054328563	0.24362041540681920	0.17844031923388992	6.51800961729293304E-002	0.17758227513646641	0.13008161039373189	-1	4.75006647427345108E-002	-1	OK
42.500000000000000	0.40787610286259723	0.23611408485926449	0.17299464170666257	6.31194431526019284E-002	0.17176201800333271	0.12580752781406690	-1	4.59544901892658120E-002	-1	OK
42.750000000000000	0.39504106383556709	0.22887776621176764	0.16774303943323299	6.11347267785346538E-002	0.16616329762379944	0.12169620819153902	-1	4.44670894322604232E-002	-1	OK
43.000000000000000	0.38267649479903620	0.22190033446812574	0.16267759744052904	5.92227370275967349E-002	0.16077616033091047	0.11774046333522391	-1	4.30356969956865593E-002	-1	OK
43.250000000000000	0.37076293963006468	0.21517118979754446	0.15779076530492803	5.73804244926163984E-002	0.15559174983252025	0.11393386680929581	-1	4.16578830232244429E-002	-1	OK
43.500000000000000	0.35928194380938538	0.20868021440382079	0.15307533861193412	5.56048757918866932E-002	0.15060172940556460	0.11027032541557241	-1	4.03314039899921872E-002	-1	OK
43.750000000000000	0.34821454774867777	0.20241779895271009	0.14852445021702171	5.38933487356884275E-002	0.14579674879596771	0.10674320064442883	-1	3.90535481515388860E-002	-1	OK
44.000000000000000	0.33754406804628828	0.19637473980361042	0.14413153364779005	5.22432061558203847E-002	0.14116932824267786	0.10334669291258949	-1	3.78226353300883666E-002	-1	OK
44.250000000000000	0.32725506556042155	0.19054223996887337	0.13989031813568600	5.06519218331873619E-002	0.13671282559154818	0.10007721590233137	-1	3.66356096892168082E-002	-1	OK
44.500000000000000	0.31733162199992343	0.18491194913159015	0.13579482012553143	4.91171290060586491E-002	0.13241967286833328	9.69271142182966117E-002	-1	3.54925586500366708E-002	-1	OK
44.750000000000000	0.30775889514184340	0.17947585392783991	0.13183931152758741	4.76365424002525087E-002	0.12828304121400347	9.38920887132265458E-002	-1	3.43909525007769223E-002	-1	OK
45.000000000000000	0.29852273574023203	0.17422626582424811	0.12801831154761595	4.62079542766321918E-002	0.12429646991598392	9.09674534381168104E-002	-1	3.33290164778671100E-002	-1	OK
45.250000000000000	0.28960927709979034	0.16915584278245571	0.12432658523027870	4.48292575521770167E-002	0.12045343431733466	8.81482785320251011E-002	-1	3.23051557853095556E-002	-1	OK
45.500000000000000	0.28100567365367696	0.16425761092700714	0.12075913771314445	4.34984732138627012E-002	0.11674806272666984	8.54302364768145112E-002	-1	3.13178262498553239E-002	-1	OK
45.750000000000000	0.27269851443558052	0.15952490238976416	0.11731118728473687	4.22137151050272774E-002	0.11317361204581634	8.28091010487874840E-002	-1	3.03645109970288596E-002	-1	OK
46.000000000000000	0.26467633418256853	0.15495130260411766	0.11397815374397502	4.09731488601426316E-002	0.10972503157845089	8.02810005477508359E-002	-1	2.94440310307000491E-002	-1	OK
46.250000000000000	0.25692816089215093	0.15053071305044674	0.11075566380912366	3.97750492413231210E-002	0.10639744784170420	7.78422928132692510E-002	-1	2.85551550284349476E-002	-1	OK
46.500000000000000	0.24944418069504021	0.14625730034272647	0.10763952833020905	3.86177720125173984E-002	0.10318688035231373	7.54893754490974095E-002	-1	2.76975049032163190E-002	-1	OK
46.750000000000000	0.24221203573345024	0.14212545394850806	0.10462572972344994	3.74997242250581161E-002	0.10008658178494217	7.32187653027318169E-002	-1	2.68678164822103577E-002	-1	OK
47.000000000000000	0.23522550268031062	0.13812980201490513	0.10171042141204584	3.64193806028592498E-002	9.70957006654054738E-002	7.10271977217607348E-002	-1	2.60685029436447391E-002	-1	OK
47.250000000000000	0.22847400000461082	0.13426519468587625	9.88899194224704819E-002	3.53752752634057532E-002	9.42088053187345592E-002	6.89115180705896224E-002	-1	2.52972872481449368E-002	-1	OK
47.500000000000000	0.22194815579012128	0.13052671549209149	9.61606998272737518E-002	3.43660156648177076E-002	9.14214402980297741E-002	6.68687355062177330E-002	-1	2.45527047918120411E-002	-1	OK
47.750000000000000	0.21563930123963598	0.12690967482630122	9.35193897118807987E-002	3.33902851144204718E-002	8.87296264133347473E-002	6.48961314091555663E-002	-1	2.38334950041791810E-002	-1	OK
48.000000000000000	0.20953921311238971	0.12340957138798275	9.09627536797011360E-002	3.24468177082816236E-002	8.61296417244069717E-002	6.29907601349588425E-002	-1	2.31388815894481292E-002	-1	OK
48.250000000000000	0.20364010513031672	0.12002207878464714	8.84876877947410601E-002	3.15343909899060970E-002	8.36180263456695744E-002	6.11498279500130859E-002	-1	2.24681983956564885E-002	-1	OK
48.500000000000000	0.19785453735137323	0.11674305801262672	8.60912177790273403E-002	3.06518402335993964E-002	8.11114793387465172E-002	5.93711514946293345E-002	-1	2.17403278441171827E-002	-1	OK
48.750000000000000	0.19228616851781277	0.11356854876740095	8.37704926678280032E-002	2.97980560995729539E-002	7.87176197504118047E-002	5.76523446100811604E-002	-1	2.10652751403306443E-002	-1	OK
49.000000000000000	0.18686874987692698	0.11049475129833780	8.15227769908654504E-002	2.89719743074723507E-002	7.63739985785891612E-002	5.59911666420863999E-002	-1	2.03828319365027613E-002	-1	OK
49.250000000000000	0.18170697851608728	0.10751800978345913	7.93454430484879930E-002	2.81725667349711113E-002	7.41889687326281466E-002	5.43853303086747689E-002	-1	1.98036384239533778E-002	-1	OK
49.500000000000000	0.17670834117710532	0.10463480458797329	7.72359675370457577E-002	2.73988370509275179E-002	7.20735365891320284E-002	5.28327878136928206E-002	-1	1.92407487754392079E-002	-1	OK
49.750000000000000	0.17187244801418355	0.10184177898955957	7.51919348311892166E-002	2.66498441583703505E-002	7.00306690246239871E-002	5.13314816326611092E-002	-1	1.86991873919628779E-002	-1	OK
50.000000000000000	0.16719062217613154	9.91357246267274839E-002	7.32110276852016850E-002	2.59246969415257954E-002	6.80548975494040531E-002	4.98795050406320994E-002	-1	1.81753925087719537E-002	-1	OK
50.250000000000000	0.16265723137677141	9.65135465247209945E-002	7.12910170798204679E-002	2.52225294449005578E-002	6.61436848520503967E-002	4.84750482801828073E-002	-1	1.76686365718675895E-002	-1	OK
50.500000000000000	0.15826742163860649	9.39722709795153821E-002	6.94297627612812107E-002	2.45425082182341540E-002	6.42951506590911104E-002	4.71163452791584364E-002	-1	1.71788053799326740E-002	-1	OK
50.750000000000000	0.15401419095699864	9.15090520965375631E-002	6.76252111218188651E-002	2.38838409747187050E-002	6.25051388604610930E-002	4.58017510411910383E-002	-1	1.67033878192700547E-002	-1	OK
51.000000000000000	0.14989761478876443	8.91211548323133651E-002	6.58753876071040967E-002	2.32457672252092545E-002	6.07764599564510621E-002	4.45295780881616934E-002	-1	1.62468818682893687E-002	-1	OK
51.250000000000000	0.14590669406857465	8.68059340162993243E-002	6.41783892354687580E-002	2.26275447808305559E-002	5.91007600522753113E-002	4.32980186360488392E-002	-1	1.58027414162264720E-002	-1	OK
51.500000000000000	0.14203937256834961	8.45608426876299502E-002	6.25323816121263060E-002	2.20284610755036199E-002	5.74785298807196574E-002	4.21058977077349780E-002	-1	1.53726321729846793E-002	-1	OK
51.750000000000000	0.13829021753084769	8.23834473764795405E-002	6.09356118758652143E-002	2.14478355006143227E-002	5.59067701543681447E-002	4.09517604804374366E-002	-1	1.49550096739307081E-002	-1	OK
52.000000000000000	0.13465730608069776	8.02714197752708303E-002	5.93863984277250637E-002	2.08850213475457631E-002	5.43858863054269420E-002	3.98341286266559805E-002	-1	1.45517576787709615E-002	-1	OK
52.250000000000000	0.13113544557518175	7.82225256583568562E-002	5.78831241679862232E-002	2.03394014903706677E-002	5.29129199168248965E-002	3.87514802916057097E-002	-1	1.41614396252191868E-002	-1	OK
52.500000000000000	0.12771645803200904	7.62346045858783294E-002	5.64242311280314796E-002	1.98103734578468221E-002	5.14818534461307237E-002	3.76333540543360573E-002	-1	1.38484993917946664E-002	-1	OK
52.750000000000000	0.12440520848141480	7.43055823467849708E-002	5.50082221621235462E-002	1.92973601846614141E-002	5.00996261346298294E-002	3.66191863870585776E-002	-1	1.34804397475712517E-002	-1	OK
53.000000000000000	0.12119383859500132	7.24334726763535136E-002	5.36336582791996433E-002	1.87998143971538703E-002	4.87603659186478175E-002	3.56366148411048703E-002	-1	1.31237510775429472E-002	-1	OK
53.250000000000000	0.11807890597572178	7.06163550720999983E-002	5.22991523749531950E-002	1.83172026971468137E-002	4.74625509036217808E-002	3.46845294190264511E-002	-1	1.27780214845953297E-002	-1	OK
53.500000000000000	0.11505719641835278	6.88523840002258775E-002	5.10033697418844564E-002	1.78490142583414349E-002	4.62048124181269060E-002	3.37616498323995637E-002	-1	1.24431625857273423E-002	-1	OK
53.750000000000000	0.11212548457123622	6.71397802204374561E-002	4.97450247022290584E-002	1.73947555182083942E-002	4.49857043507987595E-002	3.28670772978099587E-002	-1	1.21186270529888007E-002	-1	OK
54.000000000000000	0.10928064987373562	6.54768301187109991E-002	4.85228803621980329E-002	1.69539497565129732E-002	4.38038197550246269E-002	3.19999333328877394E-002	-1	1.18038864221368875E-002	-1	OK
54.250000000000000	0.10651929411213218	6.38618904666002074E-002	4.73357470334446126E-002	1.65261434331556017E-002	4.26574036455319647E-002	3.11593940301642218E-002	-1	1.14980096153677429E-002	-1	OK
54.500000000000000	0.10383962855883223	6.22933745777596998E-002	4.61824773194718166E-002	1.61108972582878762E-002	4.15462539810725340E-002	3.03443795227746477E-002	-1	1.12018744582978863E-002	-1	OK
54.750000000000000	0.10123837403115171	6.07697547588803982E-002	4.50619670451038734E-002	1.57077877137765144E-002	4.04686192722713070E-002	2.95540097803836666E-002	-1	1.09146094918876405E-002	-1	OK
55.000000000000000	9.87131044945478986E-002	5.92895669826408594E-002	4.39731546173556948E-002	1.53164123652851526E-002	3.94235375119070391E-002	2.87874393572305452E-002	-1	1.06360981546764939E-002	-1	OK
55.250000000000000	9.62611772441984703E-002	5.78514031957078484E-002	4.29150165758420896E-002	1.49363866198657259E-002	3.84097740484906289E-002	2.80438547730233398E-002	-1	1.03659192754672891E-002	-1	OK
55.500000000000000	9.38801175097714047E-002	5.64538969727800544E-002	4.18865643073547331E-002	1.45673326654253196E-002	3.74262205369913434E-002	2.73224769008258081E-002	-1	1.01037436361655353E-002	-1	OK
55.750000000000000	9.15676613064269340E-002	5.50957331421852298E-002	4.08868457935020538E-002	1.42088873486831743E-002	3.64719281642417043E-002	2.66225872580138218E-002	-1	9.84934090622788250E-003	-1	OK
56.000000000000000	8.93214452145339455E-002	5.37756501887337035E-002	3.99149441119251089E-002	1.38607060768086016E-002	3.55457950258002350E-002	2.59434276666239451E-002	-1	9.60236735917628995E-003	-1	OK
56.250000000000000	8.71393017248423829E-002	5.24924232112071038E-002	3.89699733006151558E-002	1.35224499105919358E-002	3.46468785136352861E-002	2.52843258058157543E-002	-1	9.36255270781953183E-003	-1	OK
56.500000000000000	8.50192122027224884E-002	5.12448729754318294E-002	3.80510800136720645E-002	1.31937929617597649E-002	3.37743392272906659E-002	2.46445799348530975E-002	-1	9.12975929243756840E-003	-1	OK
56.750000000000000	8.29590165717054850E-002	5.00318659863568244E-002	3.71574421458522111E-002	1.28744238405046150E-002	3.29271505853486676E-002	2.40235491483232616E-002	-1	8.90360143702540602E-003	-1	OK
57.000000000000000	8.09568124220519381E-002	4.88523114227479432E-002	3.62882672218682520E-002	1.25640442008796982E-002	3.21045009993039948E-002	2.34206968227044961E-002	-1	8.68380417659949874E-003	-1	OK
57.250000000000000	7.90108507789337305E-002	4.77051595768499537E-002	3.54427915225321855E-002	1.22623680543177682E-002	3.13056912020837769E-002	2.28352569134978589E-002	-1	8.47043428858591796E-003	-1	OK
57.500000000000000	7.71192660857421691E-002	4.65893954189095238E-002	3.46202768338721573E-002	1.19691185850373579E-002	3.05298706668326487E-002	2.22667922794872394E-002	-1	8.26307838734540931E-003	-1	OK
57.750000000000000	7.52617396091966456E-002	4.55040345928295620E-002	3.38200096678123799E-002	1.16840249250171856E-002	2.97577050163670837E-002	2.17146843637375207E-002	-1	8.04302065262956292E-003	-1	OK
58.000000000000000	7.34742587916565326E-002	4.44481270511312629E-002	3.30413021152019398E-002	1.14068249359293265E-002	2.90261317405252628E-002	2.11783951725704953E-002	-1	7.84773656795476754E-003	-1	OK
58.250000000000000	7.17361315559030821E-002	4.34207659389779232E-002	3.22834924117173308E-002	1.11372735272605942E-002	2.83153656169251554E-002	2.06574138218731489E-002	-1	7.65795179505200652E-003	-1	OK
58.500000000000000	7.00458095953613302E-002	4.24210709778107750E-002	3.15459396908393530E-002	1.08751312869714133E-002	2.76247386175505552E-002	2.01512440951031949E-002	-1	7.47349452244736034E-003	-1	OK
58.750000000000000	6.84017959341420845E-002	4.14481890602067735E-002	3.08280249717915421E-002	1.06201640884152296E-002	2.69536068739353075E-002	1.96594097911370579E-002	-1	7.29419708279824969E-003	-1	OK
59.000000000000000	6.68025419400437026E-002	4.05012981299051056E-002	3.01291510542051229E-002	1.03721470756999792E-002	2.63012438101385936E-002	1.91814492427858814E-002	-1	7.11979456735271216E-003	-1	OK
59.250000000000000	6.52468452006562533E-002	3.95796089910983168E-002	2.94487419237563219E-002	1.01308670673419983E-002	2.56672362095579365E-002	1.87169182077030483E-002	-1	6.95031800185488824E-003	-1	OK
59.500000000000000	6.37332657102320926E-002	3.86823559011504059E-002	2.87862401522168895E-002	9.89611574893351290E-003	2.50509098090816867E-002	1.82653867554453883E-002	-1	6.78552305363629843E-003	-1	OK
59.750000000000000	6.22604270783493965E-002	3.78087963654655385E-002	2.81411067610923063E-002	9.66768960437324430E-003	2.44516307128838581E-002	1.78264360075576604E-002	-1	6.62519470532619767E-003	-1	OK
60.000000000000000	6.08270702292084547E-002	3.69582166657261291E-002	2.75128217739568290E-002	9.44539489176930355E-003	2.38688535634823222E-002	1.73996778539052474E-002	-1	6.46917570957707480E-003	-1	OK
60.250000000000000	5.94321732976121342E-002	3.61299282500963104E-002	2.69008829660839083E-002	9.22904528401240383E-003	2.33022450475158273E-002	1.69847231198098220E-002	-1	6.31752192770600532E-003	-1	OK
60.500000000000000	5.80744910981675772E-002	3.53232637451185577E-002	2.63048048397860543E-002	9.01845890533250517E-003	2.27512273530490229E-002	1.65812010871334951E-002	-1	6.17002626591552777E-003	-1	OK
60.750000000000000	5.67528788276264462E-002	3.45375821567840968E-002	2.57241185873969894E-002	8.81346356938710919E-003	2.22152966708423528E-002	1.61887571970331552E-002	-1	6.02653947380919763E-003	-1	OK
61.000000000000000	5.54662381597479659E-002	3.37722589167076398E-002	2.51583696191847207E-002	8.61388929752291387E-003	2.16939792430403226E-002	1.58070462526930453E-002	-1	5.88693299034727738E-003	-1	OK
61.250000000000000	5.42135029734236995E-002	3.30266903308666232E-002	2.46071186656266240E-002	8.41957166523999920E-003	2.11868126425570728E-002	1.54357350803718610E-002	-1	5.75107756218521185E-003	-1	OK
61.500000000000000	5.29936586336341858E-002	3.23002941560856030E-002	2.40699411774512977E-002	8.23035297863431402E-003	2.06933644775485828E-002	1.50744989226338829E-002	-1	5.61886555491469993E-003	-1	OK
61.750000000000000	5.18057310795052989E-002	3.15925080529547569E-002	2.35464266020334184E-002	8.04608145092134547E-003	2.02132230265505454E-002	1.47230293549902858E-002	-1	5.49019367156025964E-003	-1	OK
62.000000000000000	5.06487563988368972E-002	3.09027843283207031E-002	2.30361770998283207E-002	7.86660722849237722E-003	1.97459720705161941E-002	1.43810320896014983E-002	-1	5.36493998091469582E-003	-1	OK
62.250000000000000	4.95218129920651715E-002	3.02305949331721016E-002	2.25388083778742289E-002	7.69178655529787186E-003	1.92912180588930698E-002	1.40482133621516337E-002	-1	5.24300469674143614E-003	-1	OK
62.500000000000000	4.84240024760857479E-002	2.95754332946396130E-002	2.20539495853095367E-002	7.52148370933007192E-003	1.88485691814461384E-002	1.37242919581288987E-002	-1	5.12427722331723970E-003	-1	OK
62.750000000000000	4.73544647385624809E-002	2.89368063749703627E-002	2.15812410097252425E-002	7.35556536524512722E-003	1.84176583635921182E-002	1.34089993724265961E-002	-1	5.00865899116552209E-003	-1	OK
63.000000000000000	4.63123821660413118E-002	2.83142367280192243E-002	2.11203348408189745E-002	7.19390188720024724E-003	1.79981454380220875E-002	1.31020746121812554E-002	-1	4.89607082584083211E-003	-1	OK
63.250000000000000	4.52969592059437182E-002	2.77072640695622610E-002	2.06708947337556105E-002	7.03636933580665310E-003	1.75896951363814537E-002	1.28032655205403759E-002	-1	4.78642961584107782E-003	-1	OK
63.500000000000000	4.43073844377503689E-002	2.71154421365376458E-002	2.02325947872260790E-002	6.88284734931157542E-003	1.71919423012127266E-002	1.25123285154463294E-002	-1	4.67961378576639726E-003	-1	OK
63.750000000000000	4.33429337411516888E-002	2.65383393530377945E-002	1.98051197036327523E-002	6.73321964940504312E-003	1.68045943881138943E-002	1.22290282381240598E-002	-1	4.57556614998983445E-003	-1	OK
64.000000000000000	4.24028770272456001E-002	2.59755367968162870E-002	1.93881638501901890E-002	6.58737294662611016E-003	1.64273402304293131E-002	1.19531372233218965E-002	-1	4.47420300710741660E-003	-1	OK
64.250000000000000	4.14865176312827766E-002	2.54266314188583906E-002	1.89814317579869649E-002	6.44519966087141703E-003	1.60598862124243895E-002	1.16844328489271142E-002	-1	4.37545336349727532E-003	-1	OK
64.500000000000000	4.05812887583524157E-002	2.48912295500390499E-002	1.85846364406188208E-002	6.30659310942023512E-003	1.56900592083133658E-002	1.14226976328862476E-002	-1	4.26736157542711818E-003	-1	OK
64.750000000000000	3.97105781353652432E-002	2.43689495180317364E-002	1.81975000516823443E-002	6.17144946634939125E-003	1.53416286173335050E-002	1.11677454854996819E-002	-1	4.17388313183382313E-003	-1	OK
65.000000000000000	3.88615686925906159E-002	2.38594234408970145E-002	1.78197540679827203E-002	6.03966937291428897E-003	1.50021452516935997E-002	1.09193761214711697E-002	-1	4.08276913022243004E-003	-1	OK
65.250000000000000	3.80336452153941795E-002	2.33622974558189006E-002	1.74511388692906409E-002	5.91115858652825447E-003	1.46713477595752824E-002	1.06773715755874455E-002	-1	3.99397618398783689E-003	-1	OK
65.500000000000000	3.72262068459149123E-002	2.28772277849442207E-002	1.70914026160136970E-002	5.78582516893051679E-003	1.43489790609706933E-002	1.04415669104988389E-002	-1	3.90741215047185446E-003	-1	OK
65.750000000000000	3.64386683568346872E-002	2.24038803116800023E-002	1.67403011233621564E-002	5.66357918831784067E-003	1.40347880451546867E-002	1.02117872514890951E-002	-1	3.82300079366559159E-003	-1	OK
66.000000000000000	3.56705438173852071E-002	2.19419323990575482E-002	1.63975979441162711E-002	5.54433445494127795E-003	1.37286114183276572E-002	9.98786488043156354E-003	-1	3.74074653789609364E-003	-1	OK
66.250000000000000	3.49212276629909876E-002	2.14910705942499697E-002	1.60630636766787085E-002	5.42800691757125680E-003	1.34301570687410179E-002	9.76961323135505828E-003	-1	3.66054383738595966E-003	-1	OK
66.500000000000000	3.41805866896615837E-002	2.10509913725885206E-002	1.57364759593161055E-002	5.31451541327240557E-003	1.31295953170730614E-002	9.55687150623988138E-003	-1	3.57272381083317998E-003	-1	OK
66.750000000000000	3.34675314665778059E-002	2.06214002929557966E-002	1.54176191138349541E-002	5.20378117912084596E-003	1.28461311736220076E-002	9.34948443783592369E-003	-1	3.49664673578608393E-003	-1	OK
67.000000000000000	3.27717423145561584E-002	2.02020113020649691E-002	1.51062839802418424E-002	5.09572732182312759E-003	1.25697310124911910E-002	9.14729477014559859E-003	-1	3.42243624234559243E-003	-1	OK
67.250000000000000	3.20927529792109020E-002	1.97925474393077401E-002	1.48022678938943848E-002	4.99027954541335968E-003	1.23002055399031602E-002	8.95015463074305857E-003	-1	3.35005090916010162E-003	-1	OK
67.500000000000000	3.14301006163168195E-002	1.93927399883914511E-002	1.45053742666563183E-002	4.88736572173513722E-003	1.20373606279253649E-002	8.75792099190298400E-003	-1	3.27943963602238091E-003	-1	OK
67.750000000000000	3.07833605585046861E-002	1.90023293479609293E-002	1.42154127712218574E-002	4.78691657673906926E-003	1.17810312105437569E-002	8.57045388625262208E-003	-1	3.21057732429113479E-003	-1	OK
68.000000000000000	3.01520759163311711E-002	1.86210646541873706E-002	1.39321989009287672E-002	4.68886575325860346E-003	1.15310112621438022E-002	8.38760969181296182E-003	-1	3.14340157033084037E-003	-1	OK
68.250000000000000	2.95358344584593299E-002	1.82487009322253348E-002	1.36555533430204670E-002	4.59314758920486687E-003	1.12871335262339952E-002	8.20926978173436295E-003	-1	3.07786374449963221E-003	-1	OK
68.500000000000000	2.89342194647087374E-002	1.78850018246329429E-002	1.33853023602891995E-002	4.49969946434374511E-003	1.10492176400757945E-002	8.03530799428473809E-003	-1	3.01390964579105643E-003	-1	OK
68.750000000000000	2.83468350158087093E-002	1.75297371003822963E-002	1.31212771305741407E-002	4.40845996980815131E-003	1.08170979154264130E-002	7.86560162391932750E-003	-1	2.95149629150708546E-003	-1	OK
69.000000000000000	2.77732898597442893E-002	1.71826824330817765E-002	1.28633136613914602E-002	4.31936877169031546E-003	1.05906074266625145E-002	7.70002218961992994E-003	-1	2.89058523704258455E-003	-1	OK
69.250000000000000	2.72132195359479877E-002	1.68436217289483110E-002	1.26112532208788215E-002	4.23236850806949384E-003	1.03695978069996766E-002	7.53846655935156394E-003	-1	2.83113124764811271E-003	-1	OK
69.500000000000000	2.66662632819847228E-002	1.65123453118787150E-002	1.23649416610673302E-002	4.14740365081138831E-003	1.01539179701060096E-002	7.38082407504789522E-003	-1	2.77309389505811434E-003	-1	OK
69.750000000000000	2.61320708689772654E-002	1.61886483159443123E-002	1.21242290962881721E-002	4.06441921965614017E-003	9.94342255303295314E-003	7.22698715074967125E-003	-1	2.71643540228328189E-003	-1	OK
70.000000000000000	2.56102984887191867E-002	1.58723336839552143E-002	1.18889704853394618E-002	3.98336319861574990E-003	9.73796480476397074E-003	7.07685151996422738E-003	-1	2.66111328479974336E-003	-1	OK
70.250000000000000	2.50936244773965443E-002	1.55632093884048202E-002	1.16590247802411603E-002	3.90418460816365854E-003	9.53041508899172413E-003	6.93031613795196989E-003	-1	2.60009895103975423E-003	-1	OK
70.500000000000000	2.45958692851072046E-002	1.52610885873000722E-002	1.14342550233386148E-002	3.82683356396146040E-003	9.33478069780713238E-003	6.78728324541185129E-003	-1	2.54749745239528109E-003	-1	OK
70.750000000000000	2.41095848916163952E-002	1.49657912438763592E-002	1.12145284843621820E-002	3.75126275951417724E-003	9.14379364774003597E-003	6.64765831708905974E-003	-1	2.49613533065097624E-003	-1	OK
71.000000000000000	2.36344629467343872E-002	1.46771418047227584E-002	1.09997159872678146E-002	3.67742581745494337E-003	8.95732114201163061E-003	6.51134869693434978E-003	-1	2.44597244507728084E-003	-1	OK
71.250000000000000	2.31702109941495510E-002	1.43949696840153848E-002	1.07896920675974416E-002	3.60527761641793714E-003	8.77524131013416621E-003	6.37826510813904474E-003	-1	2.39697620199512147E-003	-1	OK
71.500000000000000	2.27165471903945648E-002	1.41191090862276686E-002	1.05843348223309229E-002	3.53477426389674828E-003	8.59743810416689624E-003	6.24832097613662978E-003	-1	2.34911712803026647E-003	-1	OK
71.750000000000000	2.22650439907856532E-002	1.38493977463011661E-002	1.03835255562633230E-002	3.46587219003784619E-003	8.41564624448448879E-003	6.12143235530837257E-003	-1	2.29421388917611623E-003	-1	OK
72.000000000000000	2.18319117831916182E-002	1.35856788609173794E-002	1.01871491772581400E-002	3.39852968365923205E-003	8.24623292227423879E-003	5.99751766435422350E-003	-1	2.24871525792001530E-003	-1	OK
72.250000000000000	2.14088520421521142E-002	1.33277997392140489E-002	9.99509381447560158E-003	3.33270592473844558E-003	8.08105230293806528E-003	5.87649778067939575E-003	-1	2.20455452225866953E-003	-1	OK
72.500000000000000	2.09950229027302086E-002	1.30756124849040443E-002	9.80725090037927634E-003	3.26836158452476974E-003	7.91941041782616428E-003	5.75830547141197892E-003	-1	2.16110494641418537E-003	-1	OK
72.750000000000000	2.05904765479489743E-002	1.28289740280213282E-002	9.62351525317155405E-003	3.20545877484977419E-003	7.76150251992764606E-003	5.64286446368265308E-003	-1	2.11863805624499298E-003	-1	OK
73.000000000000000	2.01949766074168563E-002	1.25877471469215477E-002	9.44378486446545082E-003	3.14396228245609468E-003	7.60722946049531036E-003	5.50246271872116988E-003	-1	2.10476674177414048E-003	-1	OK
73.250000000000000	1.98082929795519030E-002	1.23517964592761275E-002	9.26796005175119404E-003	3.08383640752492999E-003	7.45649652027577728E-003	5.39278615681489538E-003	-1	2.06371036346088190E-003	-1	OK
73.500000000000000	1.94302009307572264E-002	1.21209899726312954E-002	9.09594385174082760E-003	3.02504612089046863E-003	7.30921095812593104E-003	5.28563538505731623E-003	-1	2.02357557306861481E-003	-1	OK
73.750000000000000	1.90604788918542802E-002	1.18952000422144957E-002	8.92764217168398426E-003	2.96755787053051010E-003	7.16527884963978363E-003	5.18094160540761954E-003	-1	1.98433724423216409E-003	-1	OK
74.000000000000000	1.86989224609194135E-002	1.16743024987481375E-002	8.76296342384082563E-003	2.91133907490730886E-003	7.02461996217127599E-003	5.07863922367427206E-003	-1	1.94598073849700393E-003	-1	OK
74.250000000000000	1.83450468906686086E-002	1.14581763756021054E-002	8.60181847928962601E-003	2.85635789631248204E-003	6.88687051506650227E-003	4.97866397084842545E-003	-1	1.90820654421807682E-003	-1	OK
74.500000000000000	1.79992281781011648E-002	1.12467032231063913E-002	8.44412047721094898E-003	2.80258274589544488E-003	6.75252495499477530E-003	4.88095582758442306E-003	-1	1.87156912741035224E-003	-1	OK
74.750000000000000	1.76609728928634607E-002	1.10397675440876385E-002	8.28978496242986640E-003	2.74998258165777380E-003	6.62120534877582052E-003	4.78545586657658662E-003	-1	1.83574948219923390E-003	-1	OK
75.000000000000000	1.73300921242345758E-002	1.08372576745096750E-002	8.13873001388838550E-003	2.69852766062128732E-003	6.49283444972490083E-003	4.69210735795201877E-003	-1	1.80072709177288206E-003	-1	OK
75.250000000000000	1.70064059400760331E-002	1.06390659170654267E-002	7.99087618010495618E-003	2.64818973696047009E-003	6.36734002301060729E-003	4.60085066478893665E-003	-1	1.76648935822167064E-003	-1	OK
75.500000000000000	1.66897563188482881E-002	1.04450872907936483E-002	7.84614607442208484E-003	2.59894121637156347E-003	6.24466902805464151E-003	4.51163881517710301E-003	-1	1.73303021287753850E-003	-1	OK
75.750000000000000	1.63801730577244273E-002	1.02552194084985174E-002	7.70446443476895636E-003	2.55075497372956195E-003	6.12495364922590897E-003	4.42442167060091204E-003	-1	1.70053197862499693E-003	-1	OK
76.000000000000000	1.60770353695440724E-002	1.00693643129202738E-002	7.56575835124145227E-003	2.50360596167882024E-003	6.00767105662379942E-003	4.33914744244607957E-003	-1	1.66852361417771985E-003	-1	OK
76.250000000000000	1.57804077798229525E-002	9.88742564873330322E-003	7.42995652629457361E-003	2.45746912243872701E-003	5.89298213108964842E-003	4.25576842793453768E-003	-1	1.63721370315511074E-003	-1	OK
76.500000000000000	1.54901293133017995E-002	9.70930912115328809E-003	7.29698948871309455E-003	2.41231963244019527E-003	5.78082019214851139E-003	4.17423689223522972E-003	-1	1.60658329991328168E-003	-1	OK
76.750000000000000	1.52060448826264998E-002	9.53492261732320073E-003	7.16678958857720847E-003	2.36813302874599139E-003	5.67112226530329909E-003	4.09450701567717554E-003	-1	1.57661524962612355E-003	-1	OK
77.000000000000000	1.49280044873222086E-002	9.36417687241653321E-003	7.03929104901704870E-003	2.32488582339948537E-003	5.56382761490567535E-003	4.01653334196959595E-003	-1	1.54729427293607939E-003	-1	OK
77.250000000000000	1.46558615075282547E-002	9.19698510166254597E-003	6.91442985750619250E-003	2.28255524415635434E-003	5.45887640586570962E-003	3.94027028851956854E-003	-1	1.51860611734614109E-003	-1	OK
77.500000000000000	1.43894757110252791E-002	9.03326286712742219E-003	6.79214371639954347E-003	2.24111915072787654E-003	5.35621284389785693E-003	3.86567707298528110E-003	-1	1.49053577091257583E-003	-1	OK
77.750000000000000	1.41287046947079827E-002	8.87292798064704194E-003	6.67237197500579124E-003	2.20055600564125157E-003	5.25577671406094078E-003	3.79271273545941446E-003	-1	1.46306397860152633E-003	-1	OK
78.000000000000000	1.38731810554597827E-002	8.71590011326570623E-003	6.55505555943265098E-003	2.16084455383305655E-003	5.15728094219407643E-003	3.72133655634805053E-003	-1	1.43594438584602590E-003	-1	OK
78.250000000000000	1.36232476503723565E-002	8.56210142113142392E-003	6.44013705895858657E-003	2.12196436217283822E-003	5.06114622924093253E-003	3.65150931740135633E-003	-1	1.40963691183957620E-003	-1	OK
78.500000000000000	1.33783665225510745E-002	8.41145601437291897E-003	6.32756052144146930E-003	2.08389549293145401E-003	4.96691050817815640E-003	3.58319859237686339E-003	-1	1.38371191580129302E-003	-1	OK
78.750000000000000	1.31387548186356479E-002	8.26388983216583446E-003	6.21727145461156965E-003	2.04661837755426654E-003	4.87486498646981341E-003	3.51636296136335685E-003	-1	1.35850202510645656E-003	-1	OK
79.000000000000000	1.29041157901577837E-002	8.11933113690287492E-003	6.10921688656475108E-003	2.01011425033812384E-003	4.78478465325490876E-003	3.45096472364568021E-003	-1	1.33381992960922855E-003	-1	OK
79.250000000000000	1.26743024575418708E-002	7.97771094664060688E-003	6.00334541813877121E-003	1.97436552850183524E-003	4.69659151090126483E-003	3.38696884136268197E-003	-1	1.30962266953858287E-003	-1	OK
79.500000000000000	1.24492748080421572E-002	7.83896138051254701E-003	5.89960675239165240E-003	1.93935462812089613E-003	4.61031342752960937E-003	3.32434123545138427E-003	-1	1.28597219207822510E-003	-1	OK
79.750000000000000	1.22289106525551288E-002	7.70301601614240428E-003	5.79795181740017443E-003	1.90506419874223007E-003	4.52589463641272453E-003	3.26304913206875965E-003	-1	1.26284550434396488E-003	-1	OK
80.000000000000000	1.20130716315168806E-002	7.56981008789864816E-003	5.69833280928537349E-003	1.87147727861327121E-003	4.44326154361823159E-003	3.20305988894909821E-003	-1	1.24020165466913338E-003	-1	OK
80.250000000000000	1.18016494337889813E-002	7.43928033881782920E-003	5.60070312028129909E-003	1.83857721853653054E-003	4.36236909497115296E-003	3.14434203013350079E-003	-1	1.21802706483765217E-003	-1	OK
80.500000000000000	1.15945361412800076E-002	7.31136501275952543E-003	5.50501732265528190E-003	1.80634769010424353E-003	4.28317112852048213E-003	3.08686499920204308E-003	-1	1.19630612931843905E-003	-1	OK
80.750000000000000	1.13916324589024530E-002	7.18600467149287103E-003	5.41123136296766186E-003	1.77477330852521156E-003	4.20562778740958196E-003	3.03059903039537169E-003	-1	1.17502875701421027E-003	-1	OK
81.000000000000000	1.11928441288008558E-002	7.06314126494725879E-003	5.31930222757687459E-003	1.74383903737038051E-003	4.12970286385359615E-003	2.97551543656230516E-003	-1	1.15418742729129099E-003	-1	OK
81.250000000000000	1.09982146474835348E-002	6.94271786609765296E-003	5.22918795356878095E-003	1.71352991252887612E-003	4.05549678138588179E-003	2.92158599761240846E-003	-1	1.13391078377347333E-003	-1	OK
81.500000000000000	1.08073755791742929E-002	6.82467946938497376E-003	5.14084770758563292E-003	1.68383176179933954E-003	3.98269610978931911E-003	2.86878318185170358E-003	-1	1.11391292793761552E-003	-1	OK
81.750000000000000	1.06203767830006617E-002	6.70897201664211185E-003	5.05424159653949327E-003	1.65473042010261663E-003	3.91140476635854981E-003	2.81708029743896800E-003	-1	1.09432446891958180E-003	-1	OK
82.000000000000000	1.04371286525292636E-002	6.59554251298985657E-003	4.96933070476823606E-003	1.62621180822161964E-003	3.84158613953940620E-003	2.76645136491538357E-003	-1	1.07513477462402264E-003	-1	OK
82.250000000000000	1.02575455887390921E-002	6.48433961647235449E-003	4.88607718913394284E-003	1.59826242733841165E-003	3.77320597226673713E-003	2.71687110130812599E-003	-1	1.05633487095861114E-003	-1	OK
82.500000000000000	1.00815491282982179E-002	6.37531411352612772E-003	4.80444438062292006E-003	1.57086973290320852E-003	3.70623501477209067E-003	2.66831487679262350E-003	-1	1.03792013797946716E-003	-1	OK
82.750000000000000	9.90905409976340808E-003	6.26841807157130226E-003	4.72439640927480291E-003	1.54402166229649783E-003	3.64063602819210625E-003	2.62075807685675961E-003	-1	1.01987795133534663E-003	-1	OK
83.000000000000000	9.73998052949131762E-003	6.16360390021570073E-003	4.64589797109519337E-003	1.51770592912050628E-003	3.57637662927561776E-003	2.57417294411079432E-003	-1	1.00220368516482344E-003	-1	OK
83.250000000000000	9.57425157185864614E-003	6.06082529215256401E-003	4.56891477984119020E-003	1.49191051231137468E-003	3.51342627970608213E-003	2.52854876781717555E-003	-1	9.84877511888906584E-004	-1	OK
83.500000000000000	9.41179139286456821E-003	5.96003701509105737E-003	4.49341341821786304E-003	1.46662359687319585E-003	3.45175437777351084E-003	2.48385629207876785E-003	-1	9.67898085694742991E-004	-1	OK
83.750000000000000	9.25252650812773136E-003	5.86119490047845061E-003	4.41936128970465709E-003	1.44183361077379222E-003	3.39133160764928119E-003	2.44007512787954581E-003	-1	9.51256479769735375E-004	-1	OK
84.000000000000000	9.09638960062130950E-003	5.76425563206336457E-003	4.34672658183716219E-003	1.41752905022620216E-003	3.33213396855794536E-003	2.39718383982166295E-003	-1	9.34950128736282415E-004	-1	OK
84.250000000000000	8.94330702440319925E-003	5.66917765091674505E-003	4.27547840486380490E-003	1.39369924605294081E-003	3.27412937348645419E-003	2.35516104145964663E-003	-1	9.18968332026807565E-004	-1	OK
84.500000000000000	8.79333219642660681E-003	5.57592025781368170E-003	4.20558662028993994E-003	1.37033363752374067E-003	3.21741193861292555E-003	2.31398660646534330E-003	-1	9.03425332147582243E-004	-1	OK
84.750000000000000	8.64615615141866092E-003	5.48444392248890848E-003	4.13702183095715145E-003	1.34742209153175638E-003	3.16171222892975201E-003	2.27364018582212153E-003	-1	8.88072043107630479E-004	-1	OK
85.000000000000000	8.50183725182220712E-003	5.39470997661506933E-003	4.06975537475670092E-003	1.32495460185836776E-003	3.10712727520713779E-003	2.23410653305144372E-003	-1	8.73020742155694064E-004	-1	OK
85.250000000000000	8.36031085780754649E-003	5.30668110799362158E-003	4.00375931975141802E-003	1.30292178824220313E-003	3.05362974981392534E-003	2.19536441965136877E-003	-1	8.58265330162556565E-004	-1	OK
85.500000000000000	8.22151521245743921E-003	5.22032026149603628E-003	3.93900623936906287E-003	1.28131402212697319E-003	3.00119495096140380E-003	2.15739615115014905E-003	-1	8.43798799811254756E-004	-1	OK
85.750000000000000	8.08525278639767378E-003	5.13559104406922061E-003	3.87546932279660399E-003	1.26012172127261532E-003	2.94966174232845317E-003	2.12018209188878691E-003	-1	8.29479650439666257E-004	-1	OK
86.000000000000000	7.95163497906208917E-003	5.05245806787746679E-003	3.81312246703464051E-003	1.23933560084282563E-003	2.89917691118462238E-003	2.08370737712066387E-003	-1	8.15469534063958511E-004	-1	OK
86.250000000000000	7.82068089357303500E-003	4.97088691955918476E-003	3.75194023488028411E-003	1.21894668467890173E-003	2.84979397401385068E-003	2.04795536244376441E-003	-1	8.01838611570086270E-004	-1	OK
86.500000000000000	7.69222562250178495E-003	4.89084426223932410E-003	3.69189783772530707E-003	1.19894642451401682E-003	2.80138136026246128E-003	2.01290997727996985E-003	-1	7.88471382982491430E-004	-1	OK
86.750000000000000	7.56617289403395052E-003	4.81229774826707861E-003	3.63297112675649379E-003	1.17932662151058439E-003	2.75387514576687191E-003	1.97855586185060033E-003	-1	7.75319283916271577E-004	-1	OK
87.000000000000000	7.44253757257075203E-003	4.73521554772938884E-003	3.57513646464220061E-003	1.16007908308718931E-003	2.70732202484136363E-003	1.94487225372895283E-003	-1	7.62449771112410800E-004	-1	OK
87.250000000000000	7.32124209093608976E-003	4.65956639498346561E-003	3.51837073209683698E-003	1.14119566288662906E-003	2.66167569595262415E-003	1.91184777415379765E-003	-1	7.49827921798826508E-004	-1	OK
87.500000000000000	7.20223554704592026E-003	4.58531976864306762E-003	3.46265136684973697E-003	1.12266840179333109E-003	2.61691577840285220E-003	1.87946955986854555E-003	-1	7.37446218534306645E-004	-1	OK
87.750000000000000	7.08546852534692583E-003	4.51244607509190473E-003	3.40795639780983430E-003	1.10448967728207087E-003	2.57302245025502110E-003	1.84772507825997200E-003	-1	7.25297371995049095E-004	-1	OK
88.000000000000000	6.97089462943240208E-003	4.44091617971540450E-003	3.35426430497635887E-003	1.08665187473904476E-003	2.52997844971699758E-003	1.81659806044756492E-003	-1	7.13380389269432664E-004	-1	OK
88.250000000000000	6.85846375548443583E-003	4.37070182589254647E-003	3.30155415139268523E-003	1.06914767449986124E-003	2.48776192959188980E-003	1.78607490994513152E-003	-1	7.01687019646758279E-004	-1	OK
88.500000000000000	6.74813059424661174E-003	4.30177573876106868E-003	3.24980553641751428E-003	1.05197020234355418E-003	2.44635485548554349E-003	1.75614234493469044E-003	-1	6.90212510550853057E-004	-1	OK
88.750000000000000	6.63985357701251007E-003	4.23411123120880431E-003	3.19899850528081045E-003	1.03511272592799451E-003	2.40574234580370533E-003	1.72678745168029476E-003	-1	6.78954894123410570E-004	-1	OK
89.000000000000000	6.53358897763658877E-003	4.16768185041010205E-003	3.14911346946777438E-003	1.01856838094232746E-003	2.36590712722648672E-003	1.69799755814468729E-003	-1	6.67909569081799430E-004	-1	OK
89.250000000000000	6.42929338153631728E-003	4.10246166939712970E-003	3.10013130412934617E-003	1.00233036526778288E-003	2.32683171213918759E-003	1.66975993676204797E-003	-1	6.57071775377139622E-004	-1	OK
89.500000000000000	6.32692594306864461E-003	4.03842547993637710E-003	3.05203334312808714E-003	9.86392136808288003E-004	2.28850046313226708E-003	1.64206242578737163E-003	-1	6.46438037344895453E-004	-1	OK
89.750000000000000	6.22644214873821836E-003	3.97554875526710469E-003	3.00480141937991023E-003	9.70747335887194788E-004	2.25089339347111323E-003	1.61489385851622670E-003	-1	6.35999534954886534E-004	-1	OK
90.000000000000000	6.12780014500317535E-003	3.91380778166003536E-003	2.95841779420796813E-003	9.55389987452067119E-004	2.21399236334313999E-003	1.58824059511312446E-003	-1	6.25751768230015538E-004	-1	OK
90.250000000000000	6.03096760655466666E-003	3.85317909914752524E-003	2.91286509278774596E-003	9.40314006359779277E-004	2.17778850740714142E-003	1.56209359430533419E-003	-1	6.15694913101807236E-004	-1	OK
90.500000000000000	5.93584036345389584E-003	3.79364021267637264E-003	2.86812642000377734E-003	9.25513792672594975E-004	2.14220015077752320E-003	1.53644211584596201E-003	-1	6.05758034931561194E-004	-1	OK
90.750000000000000	5.84251633499109115E-003	3.73516886338993472E-003	2.82418519630709504E-003	9.10983667082839788E-004	2.10734747160115686E-003	1.51127553119972577E-003	-1	5.96071940401431090E-004	-1	OK
91.000000000000000	5.75089129099970887E-003	3.67774315840688377E-003	2.78102518191556151E-003	8.96717976491322481E-004	2.07314813259282509E-003	1.48658346053978175E-003	-1	5.86564672053043346E-004	-1	OK
91.250000000000000	5.66092910902025841E-003	3.62134159046404239E-003	2.73863047849119863E-003	8.82711111972843865E-004	2.03958751855621645E-003	1.46235578066050416E-003	-1	5.77231737895712296E-004	-1	OK
91.500000000000000	5.57259617049558811E-003	3.56594312777815028E-003	2.69698555858805195E-003	8.68957569190097895E-004	2.00665304271743783E-003	1.43858260813106557E-003	-1	5.68070434586372261E-004	-1	OK
91.750000000000000	5.48585869074206828E-003	3.51152732108534534E-003	2.65607529468569418E-003	8.55452026399651923E-004	1.97433136965672294E-003	1.41407348747042173E-003	-1	5.60257882186301209E-004	-1	OK
92.000000000000000	5.40068360461212239E-003	3.45807430023160845E-003	2.61588491828606542E-003	8.42189381945542383E-004	1.94260930438051394E-003	1.39119975914175388E-003	-1	5.51409545238760058E-004	-1	OK
92.250000000000000	5.31703900730178675E-003	3.40556476788739324E-003	2.57640003692377736E-003	8.29164730963617615E-004	1.91147423941439394E-003	1.36875188291099765E-003	-1	5.42722356503396288E-004	-1	OK
92.500000000000000	5.23489438337178606E-003	3.35397999631815297E-003	2.53760659378934710E-003	8.16373402528805330E-004	1.88091438705363309E-003	1.34672200931559892E-003	-1	5.34192377738034168E-004	-1	OK
92.750000000000000	5.15421936841234558E-003	3.30330153606675069E-003	2.49949080691603187E-003	8.03810729150717740E-004	1.85091783234559511E-003	1.32510201743151531E-003	-1	5.25815814914079799E-004	-1	OK
93.000000000000000	5.07498381453470957E-003	3.25351118735334611E-003	2.46203915609182400E-003	7.91472031261521462E-004	1.82147262718136346E-003	1.30388171106706982E-003	-1	5.17590916114293647E-004	-1	OK
93.250000000000000	4.99715780525155934E-003	3.20459099995624736E-003	2.42523839983051649E-003	7.79352600125731527E-004	1.79256680529531220E-003	1.28305248191620987E-003	-1	5.09514323379102333E-004	-1	OK
93.500000000000000	4.92071277905506595E-003	3.15652355138825412E-003	2.38907561824536685E-003	7.67447933142887057E-004	1.76418922766681183E-003	1.26260616758630453E-003	-1	5.01583060080507299E-004	-1	OK
93.750000000000000	4.84562112258983893E-003	3.10929190354606059E-003	2.35353820194464467E-003	7.55753701601415487E-004	1.73632921904377877E-003	1.24253448300526686E-003	-1	4.93794736038511914E-004	-1	OK
94.000000000000000	4.77185574996190614E-003	3.06287947398809152E-003	2.31861382702919358E-003	7.44265646958898377E-004	1.70897627597381440E-003	1.22282863124243118E-003	-1	4.86147644731383223E-004	-1	OK
94.250000000000000	4.69943370949302101E-003	3.01727016183991371E-003	2.28429046297348292E-003	7.32979698866431011E-004	1.68216354765310752E-003	1.20348214266453196E-003	-1	4.78681404988575560E-004	-1	OK
94.500000000000000	4.62824093581533022E-003	2.97244811550711422E-003	2.25055634083218964E-003	7.21891774674924365E-004	1.65579282030821643E-003	1.18448772914253467E-003	-1	4.71305091165681762E-004	-1	OK
94.750000000000000	4.55829661742021205E-003	2.92839814810969944E-003	2.21740000053219149E-003	7.10998147577508602E-004	1.62989846931051239E-003	1.16583816619664758E-003	-1	4.64060303113864817E-004	-1	OK
95.000000000000000	4.48957587747717338E-003	2.88510510252373495E-003	2.18481014299200119E-003	7.00294959531733542E-004	1.60447077495343843E-003	1.14752592140508715E-003	-1	4.56944853548351283E-004	-1	OK
95.250000000000000	4.42205438552467633E-003	2.84255404866341332E-003	2.15277569963014115E-003	6.89778349033273687E-004	1.57950033686126345E-003	1.12954399135242528E-003	-1	4.49956345508838174E-004	-1	OK
95.500000000000000	4.35570807442294677E-003	2.80073033881387667E-003	2.12128583289518478E-003	6.79444505918692866E-004	1.55497773560907032E-003	1.11188622510415480E-003	-1	4.43091510504915525E-004	-1	OK
95.750000000000000	4.29051331334773418E-003	2.75961959618217616E-003	2.09032995020319795E-003	6.69289645978977769E-004	1.53089371716555759E-003	1.09454523395754013E-003	-1	4.36348483208017467E-004	-1	OK
96.000000000000000	4.22625639416457193E-003	2.71920800983145843E-003	2.05989775618617421E-003	6.59310253645284112E-004	1.50704838433311349E-003	1.07751540009253226E-003	-1	4.29532984240581228E-004	-1	OK
96.250000000000000	4.16330021309528273E-003	2.67948214028675743E-003	2.02997919392652578E-003	6.49502946360232193E-004	1.48381807280852508E-003	1.06079040598700859E-003	-1	4.23027666821516489E-004	-1	OK
96.500000000000000	4.10142861985736840E-003	2.64042883831755101E-003	2.00056441072565426E-003	6.39864427591897624E-004	1.46099978153981717E-003	1.04436406935258844E-003	-1	4.16635712187228731E-004	-1	OK
96.750000000000000	4.04062188379069112E-003	2.60203505059420411E-003	1.97164372340416982E-003	6.30391327190034183E-004	1.43858683319648701E-003	1.02823037885579004E-003	-1	4.10356454340696968E-004	-1	OK
97.000000000000000	3.98081009319352710E-003	2.56428811204254545E-003	1.94320767992414321E-003	6.21080432118403000E-004	1.41652198115098144E-003	1.01238337950990977E-003	-1	4.04138601641071665E-004	-1	OK
97.250000000000000	3.92206895887421171E-003	2.52717555718867974E-003	1.91524700736757803E-003	6.11928549821101815E-004	1.39489340168553176E-003	9.96818860230645840E-004	-1	3.98074541454885916E-004	-1	OK
97.500000000000000	3.86437364052093398E-003	2.49068523531043289E-003	1.88775267040161999E-003	6.02932564908812254E-004	1.37368840521050108E-003	9.81530534491022394E-004	-1	3.92157870719478689E-004	-1	OK
97.750000000000000	3.80761709232766560E-003	2.45480532315990336E-003	1.86071581881986064E-003	5.94089504340042178E-004	1.35281176916776224E-003	9.66511925510642167E-004	-1	3.86299843657120071E-004	-1	OK
98.000000000000000	3.75182312272273133E-003	2.41952417316385407E-003	1.83412779049057302E-003	5.85396382673281372E-004	1.33229894955887726E-003	9.51757672854872420E-004	-1	3.80541276704004843E-004	-1	OK
98.250000000000000	3.69697602899237820E-003	2.38483059480665716E-003	1.80798014718939548E-003	5.76850447617260702E-004	1.31214543418572125E-003	9.37262502463946114E-004	-1	3.74882931721775138E-004	-1	OK
98.500000000000000	3.64305665528363680E-003	2.35071348996706338E-003	1.78226458777625040E-003	5.68448902190813094E-004	1.29234316531657320E-003	9.23021228817840541E-004	-1	3.69321936498732658E-004	-1	OK
98.750000000000000	3.59004635762788342E-003	2.31716191223278137E-003	1.75697296137513519E-003	5.60188950857646076E-004	1.27288444539510183E-003	9.09029104716008759E-004	-1	3.63855340679093068E-004	-1	OK
99.000000000000000	3.53792820772532530E-003	2.28416515574510204E-003	1.73209729515949790E-003	5.52067860585603917E-004	1.25376305198022326E-003	8.95280982192838380E-004	-1	3.58482069787384883E-004	-1	OK
99.250000000000000	3.48668496621428207E-003	2.25171276696020965E-003	1.70762979615629931E-003	5.44082970803910662E-004	1.23497219925407242E-003	8.81771809718585094E-004	-1	3.53200389535487328E-004	-1	OK
99.500000000000000	3.43630060470163489E-003	2.21979449266394152E-003	1.68356282581832235E-003	5.36231666845618732E-004	1.21650611203769315E-003	8.68497067874872256E-004	-1	3.48009044162820897E-004	-1	OK
99.750000000000000	3.38675846752214092E-003	2.18840020060604053E-003	1.65988888703870051E-003	5.28511313567340125E-004	1.19835826691610018E-003	8.55452256259868504E-004	-1	3.42906010656231675E-004	-1	OK
100.00000000000000	3.33804226822972342E-003	2.15752013991188417E-003	1.63660069623508433E-003	5.20919443676799514E-004	1.18052212831783947E-003	8.42632895074445503E-004	-1	3.37889233243393963E-004	-1	OK
