#pt	totcs	totdirect	directLO	directNLO	totfrag	fragLO	err_fragLO	fragNLO	err_fragNLO	errmess
0.50000000000000000	56046977.712441057	-33342814.376301453	6414866.1592897177	-39757680.535591170	89389792.088742509	69247054.062911689	-1	20142738.025830820	-1	Error
0.75000000000000000	30063074.408213552	-8660136.8485058807	3569443.7515510917	-12229580.600056970	38723211.256719433	22769407.064232420	-1	15953804.192487013	-1	Error
1.0000000000000000	11485939.864473330	-2612135.9395004157	1713360.2241233138	-4325496.1636237297	14098075.803973746	8203270.8506820323	-1	5894804.9532917133	-1	Error
1.2500000000000000	4843646.6957444791	-911080.17015706515	864004.51107306918	-1775084.6812301346	5754726.8659015447	3409342.1867993413	-1	2345384.6791022033	-1	Error
1.5000000000000000	2296262.5263847057	-352667.30813227803	466573.08749092754	-819240.39562320570	2648929.8345169835	1599271.6348800429	-1	1049658.1996369406	-1	Error
1.7500000000000000	1196122.4014917351	-147100.87327679293	269651.14895608957	-416752.02223288274	1343223.2747685281	828362.25059409998	-1	514861.02417442808	-1	Error
2.0000000000000000	680519.69002755475	-63782.776218171464	164641.42218473059	-228424.19840290208	744302.46624572622	463555.95390179992	-1	280746.51234392630	-1	Error
2.2500000000000000	412644.73454322107	-27658.825135912863	105210.82687474342	-132869.65201065628	440303.55967913393	277385.67481652362	-1	162917.88486261031	-1	Error
2.5000000000000000	262591.32496665913	-11279.266815766750	69840.013490054393	-81119.280305821187	273870.59178242588	172907.38703443453	-1	100963.20474799135	-1	Error
2.7500000000000000	174008.76962447580	-3682.1024816431454	47868.736449412943	-51550.838931056111	177690.87210611894	112127.71524444807	-1	65563.156861670868	-1	Error
3.0000000000000000	118916.73865055823	-163.25742453722341	33724.394652856397	-33887.652077393599	119079.99607509545	75251.867341988545	-1	43828.128733106903	-1	Error
3.2500000000000000	83322.962630194932	1401.0303766774668	24330.632537778292	-22929.602161100815	81921.932253517458	52020.807956262172	-1	29901.124297255286	-1	Error
3.5000000000000000	60030.322168050232	2012.7440225082973	17919.941084625989	-15907.197062117677	58017.578145541935	36922.822042488173	-1	21094.756103053762	-1	Error
3.7500000000000000	44191.501838350610	2161.4121942113998	13439.956776237585	-11278.544582026185	42030.089644139211	26772.819868302166	-1	15257.269775837045	-1	Error
4.0000000000000000	33142.548903358518	2091.9085709772153	10243.552824508637	-8151.6442535314227	31050.640332381307	19801.332588074565	-1	11249.307744306741	-1	OK
4.2500000000000000	25293.240666503567	1927.8637044914158	7920.6034960880861	-5992.7397915966731	23365.376962012153	14894.480653244704	-1	8470.8963087674492	-1	OK
4.5000000000000000	19571.771568745480	1731.0092189536954	6204.0312985086348	-4473.0220795549394	17840.762349791785	11359.258098931461	-1	6481.5042508603237	-1	OK
4.7500000000000000	15334.138837490769	1531.8424045763823	4916.3968705850621	-3384.5544660086789	13802.296432914387	8787.3633803769899	-1	5014.9330525373971	-1	OK
5.0000000000000000	12154.393083419840	1344.6441156067494	3937.3524462240366	-2592.7083306172854	10809.748967813091	6878.3854493851995	-1	3931.3635184278919	-1	OK
5.2500000000000000	9726.0821092768801	1175.2745075975035	3183.7361147539436	-2008.4616071564401	8550.8076016793766	5443.1655415637269	-1	3107.6420601156497	-1	OK
5.5000000000000000	7866.2180619107830	1025.2822010928949	2597.1022830499901	-1571.8200819570959	6840.9358608178882	4349.9622789923797	-1	2490.9735818255085	-1	OK
5.7500000000000000	6419.3615830034414	894.14492162281795	2135.7715868081177	-1241.6266651852993	5525.2166613806239	3507.6065542127303	-1	2017.6101071678936	-1	OK
6.0000000000000000	5279.2742263892505	780.32551387783997	1769.5467790099447	-989.22126513210287	4498.9487125114110	2852.2739238205891	-1	1646.6747886908220	-1	OK
6.2500000000000000	4374.8052577257467	681.90563915824077	1476.2675243834233	-794.36188522518171	3692.8996185675060	2337.5538469971671	-1	1355.3457715703389	-1	OK
6.5000000000000000	3650.5585895397303	596.94792619970758	1239.4973357504891	-642.54940955078132	3053.6106633400227	1929.4268686302360	-1	1124.1837947097868	-1	OK
6.7500000000000000	3065.8367896317282	523.63886001662877	1046.9084081552803	-523.26954813865143	2542.1979296150994	1603.1178691132568	-1	939.08006050184258	-1	OK
7.0000000000000000	2589.7683381373040	460.34643747538212	889.15896461785417	-428.81252714247245	2129.4219006619219	1340.3178389983827	-1	789.10406166353914	-1	OK
7.2500000000000000	2197.8045097781051	405.63812833079555	759.10223837107151	-353.46411004027630	1792.1663814473095	1127.1462730284202	-1	665.02010841888932	-1	OK
7.5000000000000000	1875.3663193477764	358.27438369089498	651.22186087342334	-292.94747718252876	1517.0919356568816	953.04296954304118	-1	564.04896611384038	-1	OK
7.7500000000000000	1608.9135143947799	317.19161178117611	561.22416263735170	-244.03255085617559	1291.7219026136038	809.96058183372122	-1	481.76132077988257	-1	OK
8.0000000000000000	1386.6226068328695	281.48276336941376	485.74122368208310	-204.25846031266940	1105.1398434634557	691.70043433830813	-1	413.43940912514756	-1	OK
8.2500000000000000	1200.0556603720602	250.37711306770461	422.11193147848110	-171.73481841077657	949.67854730435556	593.42025456015654	-1	356.25829274419903	-1	OK
8.5000000000000000	1041.7972443336598	223.22203450324355	368.21993369690767	-144.99789919366404	818.57520983041638	511.23547506967020	-1	307.33973476074618	-1	OK
8.7500000000000000	909.74246836080818	199.46154525653105	322.36961448238827	-122.90806922585722	710.28092310427712	441.80800891368830	-1	268.47291419058882	-1	OK
9.0000000000000000	796.18170716943268	178.62258927013960	283.19450076295368	-104.57191149281404	617.55911789929314	383.63444453073856	-1	233.92467336855458	-1	OK
9.2500000000000000	699.27689067432698	160.30330346137458	249.58740207462563	-89.284098613251089	538.97358721295234	334.32363933659093	-1	204.64994787636141	-1	OK
9.5000000000000000	616.11083024088475	144.16196280773892	220.64636529389819	-76.484402486159254	471.94886743314584	292.34634181092298	-1	179.60252562222286	-1	OK
9.7500000000000000	544.63870238014647	129.90738067693576	195.63272286366910	-65.725342186733343	414.73132170321077	256.46553537179921	-1	158.26578633141156	-1	OK
10.000000000000000	482.78321045594430	117.29113776963626	173.93863101796828	-56.647493248332005	365.49207268630806	225.67573885174505	-1	139.81633383456301	-1	OK
10.250000000000000	429.15599322646290	106.10065421425998	155.06145883497288	-48.960804620712963	323.05533901220292	199.15677684805027	-1	123.89856216415265	-1	OK
10.500000000000000	382.48767413099421	96.154003250252231	138.58381288503676	-42.429809634784569	286.33367088074198	176.23108109120079	-1	110.10258978954118	-1	OK
10.750000000000000	341.75829486782476	87.294505538480962	124.15745315525821	-36.862947616777269	254.46378932934380	156.36393856167280	-1	98.099850767671001	-1	OK
11.000000000000000	306.11414470673844	79.387708673473384	111.49081695349489	-32.103108280021495	226.72643603326509	139.08670122972430	-1	87.639734803540790	-1	OK
11.250000000000000	274.81750156353337	72.317175276538393	100.33869079505797	-28.021515518519600	202.50032628699498	124.01641271582471	-1	78.483913571170262	-1	OK
11.500000000000000	247.25818556452086	65.982653533905165	90.494223270978438	-24.511569737073280	181.27553203061569	110.83497027311114	-1	70.440561757504554	-1	OK
11.750000000000000	222.92896129408385	60.296930587525566	81.782163819254947	-21.485233231729350	162.63203070655828	99.275979079808948	-1	63.356051626749334	-1	OK
12.000000000000000	201.40382266232149	55.184483951517379	74.053628472509772	-18.869144520992393	146.21933871080412	89.116987735234801	-1	57.102350975569323	-1	OK
12.250000000000000	182.23641141495892	50.579475567053066	67.181668149998714	-16.602192582945637	131.65693584790586	80.164295734346140	-1	51.492640113559716	-1	OK
12.500000000000000	165.26967381212722	46.424536159669032	61.057719310856548	-14.633183151187547	118.84513765245819	72.256248275335409	-1	46.588889377122783	-1	OK
12.750000000000000	150.15032259917510	42.669522025197473	55.588656615587659	-12.919134590390181	107.48080057397763	65.252763501581768	-1	42.228037072395864	-1	OK
13.000000000000000	136.64880762218792	39.270565310854252	50.694355807515684	-11.423790496661439	97.378242311333679	59.034741826162673	-1	38.343500485171006	-1	OK
13.250000000000000	124.56742176838455	36.189176840066459	46.305689476975836	-10.116512636909388	88.378244928318097	53.503902691224482	-1	34.874342237093614	-1	OK
13.500000000000000	113.73616280174605	33.391447117626178	42.362865610053021	-8.9714184924268423	80.344715684119862	48.574227994488609	-1	31.770487689631253	-1	OK
13.750000000000000	104.00793917873403	30.847538244635622	38.814040995121282	-7.9665027504856640	73.160400934098419	44.171385945909066	-1	28.989014988189354	-1	OK
14.000000000000000	95.253989591390962	28.531131162283479	35.614138501449190	-7.0830073391656940	66.722858429107475	40.231756789947319	-1	26.491101639160156	-1	OK
14.250000000000000	87.362210873363864	26.418936166657993	32.723874351211286	-6.3049381845533095	60.943274706705871	36.699591104530626	-1	24.243683602175246	-1	OK
14.500000000000000	80.234749815095256	24.490377422248798	30.108942445993122	-5.6185650237443268	55.744372392846458	33.526949077726378	-1	22.217423315120080	-1	OK
14.750000000000000	73.787719321863761	22.727168853105535	27.739300566051867	-5.0121317129463163	51.060550468758223	30.672159907100742	-1	20.388390561657481	-1	OK
15.000000000000000	67.947216306803142	21.113089982169299	25.588597009463633	-4.4755070272943289	46.834126324633843	28.115146670490613	-1	18.718979654143229	-1	OK
15.250000000000000	62.647583829873376	19.633697096479601	23.633658954903872	-3.9999618584242667	43.013886733393775	25.791024009378074	-1	17.222862724015702	-1	OK
15.500000000000000	57.831594427886543	18.276109312638976	21.854070531554825	-3.5779612189158492	39.555485115247571	23.690283809177263	-1	15.865201306070308	-1	OK
15.750000000000000	53.449176695617865	17.028853330745104	20.231815303429642	-3.2029619726845309	36.420323364872765	21.787838346400481	-1	14.632485018472284	-1	OK
16.000000000000000	49.456077400439284	15.881643904243770	18.750951484561917	-2.8693075803181447	33.574433496195518	20.063455155874422	-1	13.510978340321095	-1	OK
16.250000000000000	45.812650699297436	14.825289015562955	17.397359688475269	-2.5720706729123175	30.987361683734481	18.497190915174802	-1	12.490170768559679	-1	OK
16.500000000000000	42.483016452265119	13.851550096802637	16.158505431511792	-2.3069553347091563	28.631466355462486	17.072764795509695	-1	11.558701559952791	-1	OK
16.750000000000000	39.420801503128033	12.953005206657721	15.023238761201382	-2.0702335545436577	26.467796296470311	15.775611416242667	-1	10.692184880227645	-1	OK
17.000000000000000	36.631358051963744	12.123009831296466	13.981635371440859	-1.8586255401443910	24.508348220667280	14.593074908806418	-1	9.9152733118608616	-1	OK
17.250000000000000	34.073147943347109	11.355559965272464	13.024834849884128	-1.6692748846116603	22.717587978074647	13.513506380090540	-1	9.2040815979841071	-1	OK
17.500000000000000	31.723625870153008	10.645245060046255	12.144922595607374	-1.4996775355611198	21.078380810106751	12.526639276990027	-1	8.5517415331167239	-1	OK
17.750000000000000	29.562266519635951	9.9872006985472304	11.334818006741546	-1.3476173081943157	19.575065821088721	11.623470748297226	-1	7.9515950727914948	-1	OK
18.000000000000000	27.573396812425816	9.3770004162985110	10.588167921556838	-1.2111675052583248	18.196396396127305	10.795955055889655	-1	7.4004413402376503	-1	OK
18.250000000000000	25.741114483609021	8.8106505407274938	9.8992740528886056	-1.0886235121611161	16.930463942881527	10.036874157518248	-1	6.8935897853632788	-1	OK
18.500000000000000	24.051473176475294	8.2845475387096421	9.2630161017967385	-0.97846856308709074	15.766925637765652	9.3397267004680522	-1	6.4271989372976002	-1	OK
18.750000000000000	22.491737406331108	7.7953998986878545	8.6747802983417071	-0.87938039965385106	14.696337507643253	8.6989001407252804	-1	5.9974373669179730	-1	OK
19.000000000000000	21.050335208455863	7.3402263417012392	8.1304105132847777	-0.79018417158353693	13.710108866754625	8.1092988312061784	-1	5.6008100355484469	-1	OK
19.250000000000000	19.717168104896786	6.9163275153741992	7.6261570829565342	-0.70982956758233351	12.800840589522586	7.5658942002239318	-1	5.2349463892986545	-1	OK
19.500000000000000	18.482921145175865	6.5212280307005628	7.1586275923997444	-0.63739956169918210	11.961693114475304	7.0646021550353355	-1	4.8970909594399687	-1	OK
19.750000000000000	17.339094574249842	6.1526806420094768	6.7247551045552569	-0.57207446254578143	11.186413932240365	6.6018015396332421	-1	4.5846123926071227	-1	OK
20.000000000000000	16.278779226905979	5.8086451719292658	6.3217628196795275	-0.51311764775026336	10.470134054976713	6.1740839849451508	-1	4.2960500700315620	-1	OK
20.250000000000000	15.294083565060278	5.4872448370503264	5.9471284371989155	-0.45988360014858720	9.8068387280099518	5.7783662871693133	-1	4.0284724408406385	-1	OK
20.500000000000000	14.378850120682189	5.1867670572683124	5.5985629644760300	-0.41179590720771830	9.1920830634138770	5.4120835821599593	-1	3.7799994812539177	-1	OK
20.750000000000000	13.524490361687807	4.9056544873018568	5.2739870579167301	-0.36833257061487512	8.6188358743859510	5.0728509990748893	-1	3.5459848753110617	-1	OK
21.000000000000000	12.732663783393082	4.6424679828591264	4.9715028822374814	-0.32903489937835434	8.0901958005339552	4.7582757599187975	-1	3.3319200406151577	-1	OK
21.250000000000000	11.995612320855606	4.3958912447690572	4.6893844282347743	-0.29349318346571335	7.5997210760865501	4.4663252923280652	-1	3.1333957837584849	-1	OK
21.500000000000000	11.308452800381410	4.1647232710006730	4.4260596640629188	-0.26133639306224610	7.1437295293807361	4.1951559224741430	-1	2.9485736069065931	-1	OK
21.750000000000000	10.667290367273210	3.9478582121374712	4.1800923842973354	-0.23223417215986367	6.7194321551357383	3.9430891972339652	-1	2.7763429579017731	-1	OK
22.000000000000000	10.068593989657817	3.7442770468585409	3.9501693912001490	-0.20589234434160800	6.3243169427992756	3.7085730047435272	-1	2.6157439380557483	-1	OK
22.250000000000000	9.5094149944478463	3.5530440813936019	3.7350901861964587	-0.18204610480285502	5.9563709130542444	3.4902285230630370	-1	2.4661423899912074	-1	OK
22.500000000000000	8.9821789024197578	3.3733022690974339	3.5337560907736223	-0.16045382167618918	5.6088766333223230	3.2868353471056162	-1	2.3220412862167068	-1	OK
22.750000000000000	8.4932817859088114	3.2042555563623663	3.3451587900415802	-0.14090323367921251	5.2890262295464447	3.0971892318000354	-1	2.1918369977464094	-1	OK
23.000000000000000	8.0355620949911568	3.0451716183202913	3.1683738419405101	-0.12320222362021845	4.9903904766708651	2.9136058528239976	-1	2.0767846238468675	-1	OK
23.250000000000000	7.6067586036995252	2.8953778748659329	3.0025530486231005	-0.10717517375716813	4.7113807288335927	2.7487797478200608	-1	1.9626009810135319	-1	OK
23.500000000000000	7.2048160754116015	2.7542513723183073	2.8469163724874798	-9.26650001691718128E-002	4.4505647030932938	2.5947592383633178	-1	1.8558054647299760	-1	OK
23.750000000000000	6.8277425006956438	2.6212139467649442	2.7007458948931689	-7.95319481282238394E-002	4.2065285539306991	2.4507399174782525	-1	1.7557886364524466	-1	OK
24.000000000000000	6.4737048003505393	2.4957335658385786	2.5633814191756881	-6.76478533371086266E-002	3.9779712345119602	2.3159893497793131	-1	1.6619818847326471	-1	OK
24.250000000000000	6.1410860316023559	2.3773180010306438	2.4342145500138681	-5.68965489832236951E-002	3.7637680305717116	2.1898257257049685	-1	1.5739423048667431	-1	OK
24.500000000000000	5.8286422557121442	2.2655090254879311	2.3126838303693349	-4.71748048814043114E-002	3.5631332302242131	2.0715975399871449	-1	1.4915356902370682	-1	OK
24.750000000000000	5.5348142108496603	2.1598837602289169	2.1982715563175526	-3.83877960886358088E-002	3.3749304506207429	1.9607693262445101	-1	1.4141611243762329	-1	OK
25.000000000000000	5.2583203274637489	2.0600486285603710	2.0904993314910052	-3.04507029306342290E-002	3.1982716989033779	1.8568040672734196	-1	1.3414676316299583	-1	OK
25.250000000000000	4.9980643009769441	1.9656400294744534	1.9889253562667104	-2.32853267922570953E-002	3.0324242715024909	1.7592076241361627	-1	1.2732166473663282	-1	OK
25.500000000000000	4.7528968128897100	1.8763187704539870	1.8931405819575131	-1.68218115035261052E-002	2.8765780424357232	1.6675791514707083	-1	1.2089988909650149	-1	OK
25.750000000000000	4.5217755807080753	1.7917695335166046	1.8027663949579902	-1.09968614413850797E-002	2.7300060471914711	1.5814823106415576	-1	1.1485237365499135	-1	OK
26.000000000000000	4.3037688987675828	1.7116989004879730	1.7174521662754394	-5.75326578746692286E-003	2.5920699982796100	1.5005374777623974	-1	1.0915325205172126	-1	OK
26.250000000000000	4.0980585094729012	1.6358351525290420	1.6368730783611252	-1.03792583208369349E-003	2.4622233569438596	1.4243958290686363	-1	1.0378275278752234	-1	OK
26.500000000000000	3.9037689916177296	1.5639236966163721	1.5607275155079736	3.19618110839899961E-003	2.3398452950013575	1.3527495724841883	-1	0.98709572251716926	-1	OK
26.750000000000000	3.7203463930429552	1.4957274492409969	1.4887355891124971	6.99186012849960497E-003	2.2246189438019583	1.2852661768368403	-1	0.93935276696511805	-1	OK
27.000000000000000	3.5470413577771889	1.4310263998724855	1.4206375457001064	1.03888541723787982E-002	2.1160149579047034	1.2216865486345769	-1	0.89432840927012647	-1	OK
27.250000000000000	3.3832402319047898	1.3696147922321944	1.3561917783218589	1.34230139103358979E-002	2.0136254396725954	1.1617464262718593	-1	0.85187901340073613	-1	OK
27.500000000000000	3.2282575680096208	1.3112999871351545	1.2951735645475091	1.61264225876454614E-002	1.9169575808744661	1.1052126899291992	-1	0.81174489094526692	-1	OK
27.750000000000000	3.0815161678110172	1.2559028027877668	1.2373738745671004	1.85289282206660341E-002	1.8256133650232507	1.0518660238684119	-1	0.77374734115483879	-1	OK
28.000000000000000	2.9413158406902880	1.2032554824682200	1.1825979758760938	2.06575065921256393E-002	1.7380603582220679	1.0015097353278415	-1	0.73655062289422646	-1	OK
28.250000000000000	2.8098157115453697	1.1532011535547131	1.1306644352096358	2.25367183450774049E-002	1.6566145579906566	0.95394907553517949	-1	0.70266548245547711	-1	OK
28.500000000000000	2.6851818291299869	1.1055932748408404	1.0814041443223399	2.41891305185000342E-002	1.5795885542891466	0.90900488044725569	-1	0.67058367384189088	-1	OK
28.750000000000000	2.5670082123847484	1.0602941260497856	1.0346592424810919	2.56348835686935894E-002	1.5067140863349626	0.86651637153153160	-1	0.64019771480343102	-1	OK
29.000000000000000	2.4549168207998191	1.0171754130922548	0.99028247596849828	2.68929371237567813E-002	1.4377414077075645	0.82632537812019502	-1	0.61141602958736951	-1	OK
29.250000000000000	2.3485474384243523	0.97611633143430865	0.94813619560912321	2.79801358251851560E-002	1.3724311069900437	0.78829374257933849	-1	0.58413736441070518	-1	OK
29.500000000000000	2.2474882760221844	0.93700402099700808	0.90809188434333143	2.89121366536766941E-002	1.3104842550251765	0.75228937754410508	-1	0.55819487748107144	-1	OK
29.750000000000000	2.1515851670635557	0.89973225895557718	0.87002929693949405	2.97029620160833181E-002	1.2518529081079788	0.71818720226964561	-1	0.53366570583833317	-1	OK
30.000000000000000	2.0604673931960940	0.86420168755008619	0.83383602308547311	3.03656644646131645E-002	1.1962657056460078	0.68587498549495796	-1	0.51039072015104980	-1	OK
30.250000000000000	1.9738574380080358	0.83031896447801401	0.79940678114312014	3.09121833348939556E-002	1.1435384735300218	0.65524373101086952	-1	0.48829474251915228	-1	OK
30.500000000000000	1.8908465459958137	0.79799616897165415	0.76664295734653831	3.13532116251158260E-002	1.0928503770241595	0.62618937883062376	-1	0.46666099819353579	-1	OK
30.750000000000000	1.8125482577637568	0.76715081680431751	0.73545217522984274	3.16986415744748562E-002	1.0453974409594393	0.59862587190612315	-1	0.44677156905331616	-1	OK
31.000000000000000	1.7380400996043428	0.73770531697823083	0.70574784963461867	3.19574673436123780E-002	1.0003347826261120	0.57246587507002167	-1	0.42786890755609031	-1	OK
31.250000000000000	1.6671113876654844	0.70958668685922810	0.67744877149190175	3.21379153673267068E-002	0.95752470080625629	0.54762869725784824	-1	0.40989600354840805	-1	OK
31.500000000000000	1.5995659817543184	0.68272639440203098	0.65047872935330497	3.22476650487260874E-002	0.91683958735228754	0.52404389530497397	-1	0.39279569204731357	-1	OK
31.750000000000000	1.5352222681600722	0.65705951227242942	0.62476610598881910	3.22934062836102570E-002	0.87816275588764281	0.50163714818663319	-1	0.37652560770100962	-1	OK
32.000000000000000	1.4739025950878961	0.63252535053474612	0.60024374599150720	3.22816045432387788E-002	0.84137724455315011	0.48033844813279547	-1	0.36103879642035464	-1	OK
32.250000000000000	1.4154453075121904	0.60906651738926176	0.57684848050609228	3.22180368831697303E-002	0.80637879012292868	0.46008481973457033	-1	0.34629397038835835	-1	OK
32.500000000000000	1.3596975078897993	0.58662870197218175	0.55452088379498132	3.21078181772002508E-002	0.77306880591761762	0.44082204199153274	-1	0.33224676392608488	-1	OK
32.750000000000000	1.3064969714993244	0.56516082024371617	0.53320509314990350	3.19557270938127247E-002	0.74133615125560826	0.42249252193936515	-1	0.31884362931624310	-1	OK
33.000000000000000	1.2557423904256839	0.54461480695292841	0.51284856415103863	3.17662428018899642E-002	0.71112758347275551	0.40504460150363331	-1	0.30608298196912220	-1	OK
33.250000000000000	1.2073310832018822	0.52494530980058918	0.49340183041294294	3.15434793876460257E-002	0.68238577340129292	0.38843252321483290	-1	0.29395325018646001	-1	OK
33.500000000000000	1.1608715588986458	0.50610929498092294	0.47481825004497119	3.12910449359518131E-002	0.65476226391772274	0.37260869493999743	-1	0.28215356897772531	-1	OK
33.750000000000000	1.1166918110375670	0.48806612353880741	0.45705389821986592	3.10122253189416414E-002	0.62862568749875958	0.35753057805318972	-1	0.27109510944556986	-1	OK
34.000000000000000	1.0744660964382780	0.47077744754903073	0.44006738339710044	3.07100641519304079E-002	0.60368864888924711	0.34315825183761356	-1	0.26053039705163356	-1	OK
34.250000000000000	1.0341105318742621	0.45420709557577621	0.42381968482440102	3.03874107513752052E-002	0.57990343629848584	0.32945419923973834	-1	0.25044923705874750	-1	OK
34.500000000000000	0.99552259054219494	0.43832082666071476	0.40827397314332181	3.00468535173928318E-002	0.55720176388148013	0.31638313613927660	-1	0.24081862774220353	-1	OK
34.750000000000000	0.95861648421694956	0.42308626987166592	0.39339549412991265	2.96907757417532205E-002	0.53553021434528358	0.30391186377609436	-1	0.23161835056918922	-1	OK
35.000000000000000	0.92330432365366533	0.40847265219160284	0.37915139300966388	2.93212591819390529E-002	0.51483167146206255	0.29200897390940755	-1	0.22282269755265499	-1	OK
35.250000000000000	0.88951024999954176	0.39445083570984768	0.36551058186856561	2.89402538412822513E-002	0.49505941428969413	0.28064392900557295	-1	0.21441548528412119	-1	OK
35.500000000000000	0.85724842993906969	0.38099306862315274	0.35244372084704623	2.85493477761063694E-002	0.47625536131591689	0.26979190853055413	-1	0.20646345278536277	-1	OK
35.750000000000000	0.82626825683110572	0.36807337899437664	0.33992317695014612	2.81502020442306704E-002	0.45819487783672913	0.25943031100807917	-1	0.19876456682864996	-1	OK
36.000000000000000	0.79659362336027562	0.35566731008917307	0.32792282314380922	2.77444869453639907E-002	0.44092631327110254	0.24952911432495625	-1	0.19139719894614629	-1	OK
36.250000000000000	0.76816338234644821	0.34375132464327396	0.31641786576867365	2.73334588746002929E-002	0.42441205770317425	0.24006451875686263	-1	0.18434753894631162	-1	OK
36.500000000000000	0.74091902009136190	0.33230316204597915	0.30538487184489643	2.69182902010827035E-002	0.40861585804538275	0.23101616384443535	-1	0.17759969420094740	-1	OK
36.750000000000000	0.71480252528626997	0.32130178332674225	0.29480166413751829	2.65001191892239446E-002	0.39350074195952778	0.22236256103387747	-1	0.17113818092565031	-1	OK
37.000000000000000	0.68976251821563639	0.31072704268691209	0.28464720843483565	2.60798342520763421E-002	0.37903547552872430	0.21408316603485247	-1	0.16495230949387182	-1	OK
37.250000000000000	0.66574081866872292	0.30056002380460933	0.27490163248116767	2.56583913234416719E-002	0.36518079486411359	0.20615930950668407	-1	0.15902148535742952	-1	OK
37.500000000000000	0.64269464228464113	0.29078275936947084	0.26554609114779065	2.52366682216802508E-002	0.35191188291517023	0.19857268322227661	-1	0.15333919969289361	-1	OK
37.750000000000000	0.62057993010595935	0.28137815920889020	0.25656270639638451	2.48154528125056929E-002	0.33920177089706915	0.19130864742838616	-1	0.14789312346868300	-1	OK
38.000000000000000	0.59935395428981275	0.27232984105666891	0.24793449671780354	2.43953443388652859E-002	0.32702411323314390	0.18435162090341159	-1	0.14267249232973231	-1	OK
38.250000000000000	0.57887742471519332	0.26362226594172194	0.23964536645003995	2.39768994916818995E-002	0.31525515877347138	0.17768678801082774	-1	0.13756837076264364	-1	OK
38.500000000000000	0.55924045666506150	0.25524066685934255	0.23168004581197946	2.35606210473631138E-002	0.30399978980571901	0.17130025074401500	-1	0.13269953906170401	-1	OK
38.750000000000000	0.54044291943879041	0.24717105718997728	0.22402405425554586	2.31470029344314834E-002	0.29327186224881313	0.16517860820161173	-1	0.12809325404720140	-1	OK
39.000000000000000	0.52238439464742292	0.23940013179581640	0.21666364432812776	2.27364874676885854E-002	0.28298426285160655	0.15930685053332272	-1	0.12367741231828383	-1	OK
39.250000000000000	0.50502988708529306	0.23191528514850909	0.20958576338767171	2.23295217608373599E-002	0.27311460193678400	0.15367560480380052	-1	0.11943899713298348	-1	OK
39.500000000000000	0.48835126234831305	0.22470443369162044	0.20277798656693249	2.19264471246879492E-002	0.26364682865669259	0.14827423471512979	-1	0.11537259394156280	-1	OK
39.750000000000000	0.47231852420003273	0.21775603395642454	0.19622850096193412	2.15275329944904781E-002	0.25456249024360822	0.14309209384516736	-1	0.11147039639844086	-1	OK
40.000000000000000	0.45689893561749678	0.21105909347543139	0.18992607460378080	2.11330188716505468E-002	0.24583984214206539	0.13811909432637462	-1	0.10772074781569077	-1	OK
40.250000000000000	0.44206546410850878	0.20460315816132363	0.18386003512346102	2.07431230378626180E-002	0.23746230594718515	0.13334657434086941	-1	0.10411573160631574	-1	OK
40.500000000000000	0.42779325004471014	0.19837831234572728	0.17802023906108166	2.03580732846456447E-002	0.22941493769898288	0.12876417590067479	-1	0.10065076179830809	-1	OK
40.750000000000000	0.41405816712715299	0.19237503371927808	0.17239702297849280	1.99780107407852986E-002	0.22168313340787490	0.12436359089067647	-1	9.73195425171984319E-002	-1	OK
41.000000000000000	0.40083749403181917	0.18658433680736514	0.16698120481227960	1.96031319950855168E-002	0.21425315722445404	0.12013705064109041	-1	9.41161065833636262E-002	-1	OK
41.250000000000000	0.38810915148566782	0.18099761494887978	0.16176402939502366	1.92335855538560523E-002	0.20711153653678804	0.11607668988498333	-1	9.10348466518047100E-002	-1	OK
41.500000000000000	0.37585120051699716	0.17560659164146822	0.15673714344151321	1.88694481999549975E-002	0.20024460887552895	0.11217474369631908	-1	8.80698651792098663E-002	-1	OK
41.750000000000000	0.36404344229114544	0.17040336315411883	0.15189259236022518	1.85107707938936758E-002	0.19364007913702661	0.10842419992947448	-1	8.52158792075521226E-002	-1	OK
42.000000000000000	0.35261855861693947	0.16538042934154265	0.14722280852281985	1.81576208187227348E-002	0.18723812927539685	0.10481841970071105	-1	8.24197095746857927E-002	-1	OK
42.250000000000000	0.34165741739245192	0.16053063152724056	0.14272057579486433	1.78100557323761753E-002	0.18112678586521139	0.10135102407797425	-1	7.97757617872371372E-002	-1	OK
42.500000000000000	0.33109294185382865	0.15584710787168748	0.13837901388132370	1.74680939903637880E-002	0.17524583398214119	9.80159757524195069E-002	-1	7.72298582297216846E-002	-1	OK
42.750000000000000	0.32090893904761419	0.15132337069347809	0.13419157289467495	1.71317977988031563E-002	0.16958556835413610	9.48075433146010199E-002	-1	7.47780250395350815E-002	-1	OK
43.000000000000000	0.31108929555812670	0.14695319532704146	0.13015199376453007	1.68012015625114350E-002	0.16413610023108521	9.17202969363325182E-002	-1	7.24158032947526953E-002	-1	OK
43.250000000000000	0.30161957782030879	0.14273058764478228	0.12625429504473393	1.64762926000483236E-002	0.15888899017552655	8.87490476014114460E-002	-1	7.01399425741150995E-002	-1	OK
43.500000000000000	0.29248515924950069	0.13864980372074126	0.12249276600058946	1.61570377201518019E-002	0.15383535552875940	8.58888532603778732E-002	-1	6.79465022683815312E-002	-1	OK
43.750000000000000	0.28367296986738866	0.13470535821853369	0.11886195918686318	1.58433990316705214E-002	0.14896761164885497	8.31349883247642085E-002	-1	6.58326233240907610E-002	-1	OK
44.000000000000000	0.27517007997415377	0.13089205257683562	0.11535668266644693	1.55353699103886658E-002	0.14427802739731813	8.04829788031232174E-002	-1	6.37950485941949086E-002	-1	OK
44.250000000000000	0.26696387463318777	0.12720490252899308	0.11197197399493442	1.52329285340586477E-002	0.13975897210419469	7.79285553551793964E-002	-1	6.18304167490152934E-002	-1	OK
44.500000000000000	0.25904268017016119	0.12363911297078341	0.10870308751710173	1.49360254536816898E-002	0.13540356719937779	7.54676526295963573E-002	-1	5.99359145697814372E-002	-1	OK
44.750000000000000	0.25130352215952906	0.12019010750983454	0.10554549039070787	1.46446171191266811E-002	0.13111341464969453	7.30963779807377728E-002	-1	5.80170366689567590E-002	-1	OK
45.000000000000000	0.24385462222240839	0.11685352427608646	0.10249485250130937	1.43586717747770654E-002	0.12700109794632192	7.08110134189408463E-002	-1	5.61900845273810706E-002	-1	OK
45.250000000000000	0.23663366537839292	0.11362517754199636	9.95470316415556916E-002	1.40781459004406615E-002	0.12300848783639656	6.86080044796254646E-002	-1	5.44004833567710983E-002	-1	OK
45.500000000000000	0.22975099665540236	0.11050103740298697	9.66980604967255103E-002	1.38029769062614858E-002	0.11924995925241538	6.64841253937496907E-002	-1	5.27658338586656922E-002	-1	OK
45.750000000000000	0.22310098192691077	0.10747722056222135	9.39441412336110143E-002	1.35330793286103680E-002	0.11562376136468942	6.44356446381348508E-002	-1	5.11881167265545722E-002	-1	OK
46.000000000000000	0.21667476866743712	0.10455004631916770	9.12816498238079727E-002	1.32683964953596838E-002	0.11212472234826944	6.24598863171616780E-002	-1	4.96648360311077591E-002	-1	OK
46.250000000000000	0.21045949086223309	0.10171598312981592	8.87071159125489422E-002	1.30088672172669600E-002	0.10874350773241719	6.05539776040919381E-002	-1	4.81895301283252475E-002	-1	OK
46.500000000000000	0.20445565247263200	9.89716214352844292E-002	8.62172136914056281E-002	1.27544077438788220E-002	0.10548403103734758	5.87151231403069407E-002	-1	4.67689078970406347E-002	-1	OK
46.750000000000000	0.19865111200618821	9.63137243857881131E-002	8.38087661916142868E-002	1.25049581941738021E-002	0.10233738762040009	5.69408600024999267E-002	-1	4.53965276179001676E-002	-1	OK
47.000000000000000	0.19303854263773429	9.37391994346267327E-002	8.14787308724320009E-002	1.22604685621947474E-002	9.92993432031075429E-002	5.52284875053693364E-002	-1	4.40708556977382065E-002	-1	OK
47.250000000000000	0.18761031641775636	9.12450376015540299E-002	7.92241839917795510E-002	1.20208536097744997E-002	9.63652788162023266E-002	5.35754769742470480E-002	-1	4.27898018419552786E-002	-1	OK
47.500000000000000	0.18235981722274658	8.88283439852504825E-002	7.70423234207000679E-002	1.17860205645504198E-002	9.35314732374960961E-002	5.19793736264850120E-002	-1	4.15520996110110841E-002	-1	OK
47.750000000000000	0.17728017047651054	8.64863531158751309E-002	7.49304679744043078E-002	1.15558851414707970E-002	9.07938173606354093E-002	5.04380329408915598E-002	-1	4.03557844197438495E-002	-1	OK
48.000000000000000	0.17236493857582480	8.42164262568138311E-002	7.28860514615615601E-002	1.13303747952522588E-002	8.81485123190109826E-002	4.89496347239109300E-002	-1	3.91988775951000526E-002	-1	OK
48.250000000000000	0.16759499421934687	8.20160307519849086E-002	7.09066130127344874E-002	1.11094177392503952E-002	8.55789634673619626E-002	4.75119384344939097E-002	-1	3.80670250328680529E-002	-1	OK
48.500000000000000	0.16298769934334834	7.98827148029703782E-002	6.89897897312178321E-002	1.08929250717525149E-002	8.31049845403779436E-002	4.61229455447589518E-002	-1	3.69820389956189918E-002	-1	OK
48.750000000000000	0.15853133900162511	7.78141512977782307E-002	6.71333211787320944E-002	1.06808301190461502E-002	8.07171877038468794E-002	4.47808087152232678E-002	-1	3.59363789886236115E-002	-1	OK
49.000000000000000	0.15421665656439501	7.58081005111389816E-002	6.53350370242386236E-002	1.04730634869003494E-002	7.84085560532560288E-002	4.34836345243346661E-002	-1	3.49249215289213627E-002	-1	OK
49.250000000000000	0.15003844065622207	7.38623968634458117E-002	6.35928519884380178E-002	1.02695448750077939E-002	7.61760437927762601E-002	4.22297546818752659E-002	-1	3.39462891109009943E-002	-1	OK
49.500000000000000	0.14598641143685390	7.19749627562787375E-002	6.19047645535124244E-002	1.00701982027663305E-002	7.40114486805751592E-002	4.10175230530376855E-002	-1	3.29939256275374737E-002	-1	OK
49.750000000000000	0.14206697768629603	7.01437902632693761E-002	6.02688520790041760E-002	9.87493818426521744E-003	7.19231874230266549E-002	3.98453764293443952E-002	-1	3.20778109936822597E-002	-1	OK
50.000000000000000	0.13826991165573765	6.83669600242240438E-002	5.86832716490371734E-002	9.68368837518685313E-003	6.99029516315136101E-002	3.87116963544274148E-002	-1	3.11912552770861953E-002	-1	OK
50.250000000000000	0.13458708902666466	6.66426206473581528E-002	5.71462515647502348E-002	9.49636908260791460E-003	6.79444683793065246E-002	3.76150343757431435E-002	-1	3.03294340035633811E-002	-1	OK
50.500000000000000	0.13102288941975326	6.49689869875821890E-002	5.56560908468394372E-002	9.31289614074276399E-003	6.60539024321710744E-002	3.65541135445851886E-002	-1	2.94997888875858857E-002	-1	OK
50.750000000000000	0.12756874718712563	6.33443608839552724E-002	5.42111599305318270E-002	9.13320095342345060E-003	6.42243863031703721E-002	3.55276077202480445E-002	-1	2.86967785829223276E-002	-1	OK
51.000000000000000	0.12422050979839161	6.17671157269552157E-002	5.28098927865302478E-002	8.95722294042496092E-003	6.24533940714364008E-002	3.45345013333753642E-002	-1	2.79188927380610366E-002	-1	OK
51.250000000000000	0.12097050581037957	6.02356616555770399E-002	5.14507796365867576E-002	8.78488201899029104E-003	6.07348441548025281E-002	3.35141457478255883E-002	-1	2.72206984069769398E-002	-1	OK
51.500000000000000	0.11782305631169004	5.87484790560550141E-002	5.01323719357171654E-002	8.61610712033785558E-003	5.90745772556350232E-002	3.25856437295385937E-002	-1	2.64889335260964295E-002	-1	OK
51.750000000000000	0.11477062579915343	5.73041055058578080E-002	4.88532764610983480E-002	8.45082904475946174E-003	5.74665202932956240E-002	3.16868283801067865E-002	-1	2.57796919131888375E-002	-1	OK
52.000000000000000	0.11180996303397694	5.59011192440018317E-002	4.76121514263294215E-002	8.28896781767242755E-003	5.59088437899751128E-002	3.08165630881674923E-002	-1	2.50922807018076205E-002	-1	OK
52.250000000000000	0.10893812235809205	5.45381602207899649E-002	4.64077081536645661E-002	8.13045206712540748E-003	5.43999621373020895E-002	2.99738456420300184E-002	-1	2.44261164952720711E-002	-1	OK
52.500000000000000	0.10615197212781455	5.32139207736911646E-002	4.52387082308365329E-002	7.97521254285462125E-003	5.29380513541233763E-002	2.91576660357319196E-002	-1	2.37803853183914567E-002	-1	OK
52.750000000000000	0.10344292931495788	5.19271436767951011E-002	4.41039615575134838E-002	7.82318211928159299E-003	5.15157856381627810E-002	2.82054287652193890E-002	-1	2.33103568729433920E-002	-1	OK
53.000000000000000	0.10081977189751984	5.06766269788436682E-002	4.30023236001622761E-002	7.67430337868141559E-003	5.01431449186761774E-002	2.74431424530579837E-002	-1	2.27000024656181937E-002	-1	OK
53.250000000000000	9.82737660975453731E-002	4.94611967893009014E-002	4.19326893686361168E-002	7.52850742066478017E-003	4.88125693082444648E-002	2.67045663161331638E-002	-1	2.21080029921113010E-002	-1	OK
53.500000000000000	9.57800220957711612E-002	4.82797217625788033E-002	4.08939963654458769E-002	7.38572539713294382E-003	4.75003003331923648E-002	2.59888658822706384E-002	-1	2.15114344509217265E-002	-1	OK
53.750000000000000	9.33803780565773955E-002	4.71311258638608052E-002	3.98852247044892347E-002	7.24590115937157053E-003	4.62492521927165973E-002	2.52952479291032213E-002	-1	2.09540042636133760E-002	-1	OK
54.000000000000000	9.10513466889417422E-002	4.60143615587650240E-002	3.89053893519475044E-002	7.10897220681752737E-003	4.50369851301767182E-002	2.46230281549537147E-002	-1	2.04139569752230035E-002	-1	OK
54.250000000000000	8.87836758582627172E-002	4.49284146954189306E-002	3.79535415616025495E-002	6.97487313381636980E-003	4.38552611628437797E-002	2.39713787613843703E-002	-1	1.98838824014594094E-002	-1	OK
54.500000000000000	8.65874939903657492E-002	4.38723147658398871E-002	3.70287691817534070E-002	6.84354558408646878E-003	4.27151792245258621E-002	2.33394774212528841E-002	-1	1.93757018032729780E-002	-1	OK
54.750000000000000	8.44544359589409627E-002	4.28451281833716197E-002	3.61301935215055867E-002	6.71493466186603820E-003	4.16093077755693430E-002	2.27267758488604241E-002	-1	1.88825319267089189E-002	-1	OK
55.000000000000000	8.23822644318490116E-002	4.18459474058304262E-002	3.52569665164400720E-002	6.58898088939035773E-003	4.05363170260185923E-002	2.21326872225396688E-002	-1	1.84036298034789235E-002	-1	OK
55.250000000000000	8.03691647067604070E-002	4.08738960445806238E-002	3.44082709059971223E-002	6.46562513858349713E-003	3.94952686621797833E-002	2.15565100347188711E-002	-1	1.79387586274609122E-002	-1	OK
55.500000000000000	7.84128348458617702E-002	3.99281329085368480E-002	3.35833203338313305E-002	6.34481257470551497E-003	3.84847019373249222E-002	2.09975879435556588E-002	-1	1.74871139937692634E-002	-1	OK
55.750000000000000	7.65121024213119422E-002	3.90078460854802397E-002	3.27813568780526143E-002	6.22648920742762194E-003	3.75042563358317024E-002	2.04553074289591068E-002	-1	1.70489489068725956E-002	-1	OK
56.000000000000000	7.46648579083772912E-002	3.81122561524733922E-002	3.20016505958204134E-002	6.11060555665298485E-003	3.65526017559038921E-002	1.99290864309080509E-002	-1	1.66235153249958412E-002	-1	OK
56.250000000000000	7.28693105710474104E-002	3.72406070534887224E-002	3.12434962106766002E-002	5.99711084281212645E-003	3.56287035175586880E-002	1.94184350733994406E-002	-1	1.62102684441592475E-002	-1	OK
56.500000000000000	7.11237759046117884E-002	3.63921628389991744E-002	3.05062127285466306E-002	5.88595011045253691E-003	3.47316130656126140E-002	1.89228365412399471E-002	-1	1.58087765243726669E-002	-1	OK
56.750000000000000	6.94265760501263929E-002	3.55662182877803934E-002	2.97891444254472539E-002	5.77707386233314042E-003	3.38603577623459925E-002	1.84417848356263313E-002	-1	1.54185729267196613E-002	-1	OK
57.000000000000000	6.77762146009230626E-002	3.47620924873420153E-002	2.90916584271763146E-002	5.67043406016569732E-003	3.30141221135810403E-002	1.79747959576846070E-002	-1	1.50393261558964333E-002	-1	OK
57.250000000000000	6.61712768994165146E-002	3.39791213066985703E-002	2.84131430766745088E-002	5.56597823002406063E-003	3.21921555927179373E-002	1.75213806639127265E-002	-1	1.46707749288052108E-002	-1	OK
57.500000000000000	6.46104083396979167E-002	3.32166664020899782E-002	2.77530091175120092E-002	5.46365728457796299E-003	3.13937419376079316E-002	1.70810537618332203E-002	-1	1.43126881757747113E-002	-1	OK
57.750000000000000	6.30920076149547454E-002	3.24741163885073209E-002	2.71106889177184993E-002	5.36342747078881552E-003	3.06178912264474211E-002	1.66534388068986343E-002	-1	1.39644524195487868E-002	-1	OK
58.000000000000000	6.16152116680934309E-002	3.17508753235937469E-002	2.64856334094898324E-002	5.26524191410390491E-003	2.98643363444996805E-002	1.62381170048392157E-002	-1	1.36262193396604649E-002	-1	OK
58.250000000000000	6.01785155168359648E-002	3.10463706823620039E-002	2.58773135769790469E-002	5.16905710538295097E-003	2.91321448344739643E-002	1.58347016055605735E-002	-1	1.32974432289133908E-002	-1	OK
58.500000000000000	5.87806999018967991E-002	3.03600490320194913E-002	2.52852183001711604E-002	5.07483073184832739E-003	2.84206508698773043E-002	1.54428368660751835E-002	-1	1.29778140038021208E-002	-1	OK
58.750000000000000	5.74205295985760200E-002	2.96913741825170913E-002	2.47088538189264260E-002	4.98252036359067303E-003	2.77291554160589322E-002	1.50621224145696293E-002	-1	1.26670330014893029E-002	-1	OK
59.000000000000000	5.60968304838076609E-002	2.90398272113200941E-002	2.41477430494217264E-002	4.89208416189836678E-003	2.70570032724875634E-002	1.46921940712284368E-002	-1	1.23648092012591266E-002	-1	OK
59.250000000000000	5.48085479611638629E-002	2.84049077110745708E-002	2.36014254726658497E-002	4.80348223840872460E-003	2.64036402500892921E-002	1.43326485375080831E-002	-1	1.20709917125812090E-002	-1	OK
59.500000000000000	5.35543381388051548E-002	2.77861288412632572E-002	2.30694553289494501E-002	4.71667351231381572E-003	2.57682092975418942E-002	1.39831651795883707E-002	-1	1.17850441179535234E-002	-1	OK
59.750000000000000	5.23212796043091705E-002	2.71830178072907033E-002	2.25514017987880934E-002	4.63161600850261253E-003	2.51382617970184706E-002	1.36434574750238236E-002	-1	1.14948043219946471E-002	-1	OK
60.000000000000000	5.11331454829177662E-002	2.65951198936399645E-002	2.20468495000191653E-002	4.54827039362078970E-003	2.45380255892778017E-002	1.33132295789535910E-002	-1	1.12247960103242107E-002	-1	OK
60.250000000000000	4.99841992177478267E-002	2.60219985479721305E-002	2.15553977152771400E-002	4.46660083269499828E-003	2.39622006697756997E-002	1.29921868560347598E-002	-1	1.09700138137409399E-002	-1	OK
60.500000000000000	4.88581381134778059E-002	2.54632314100344606E-002	2.10766589878449602E-002	4.38657242218949608E-003	2.33949067034433453E-002	1.26800423006746439E-002	-1	1.07148644027687014E-002	-1	OK
60.750000000000000	4.77614947306282539E-002	2.49184085559521762E-002	2.06102584875257205E-002	4.30815006842644871E-003	2.28430861746760812E-002	1.23765434115158581E-002	-1	1.04665427631602231E-002	-1	OK
61.000000000000000	4.66933496659785868E-002	2.43871338917032165E-002	2.01558338492516462E-002	4.23130004245156517E-003	2.23062157742753668E-002	1.20813979481358500E-002	-1	1.02248178261395168E-002	-1	OK
61.250000000000000	4.56528785895084638E-002	2.38690234331081774E-002	1.97130344593601133E-002	4.15598897374806590E-003	2.17838551564002829E-002	1.17943295222713174E-002	-1	9.98952563412896545E-003	-1	OK
61.500000000000000	4.46266833506730187E-002	2.33637036271391665E-002	1.92815208396543494E-002	4.08218278748481538E-003	2.12629797235338557E-002	1.15150927113081992E-002	-1	9.74788701222565647E-003	-1	OK
61.750000000000000	4.36394502771330350E-002	2.28708126184411810E-002	1.88609644634899903E-002	4.00984815495119152E-003	2.07686376586918575E-002	1.12434481443728397E-002	-1	9.52518951431901781E-003	-1	OK
62.000000000000000	4.26774800566624840E-002	2.23899992556447422E-002	1.84510465692285623E-002	3.93895268641618074E-003	2.02874808010177383E-002	1.09791636788990413E-002	-1	9.30831712211869708E-003	-1	OK
62.250000000000000	4.17399070887259083E-002	2.19209240584374160E-002	1.80514598600446316E-002	3.86946419839279002E-003	1.98189830302884923E-002	1.07220355211735431E-002	-1	9.09694750911494918E-003	-1	OK
62.500000000000000	4.08261218948679921E-002	2.14632593948671374E-002	1.76619075442435193E-002	3.80135185062362158E-003	1.93628625000008513E-002	1.04718263935418415E-002	-1	8.89103610645900974E-003	-1	OK
62.750000000000000	3.99355006118558009E-002	2.10166897665537665E-002	1.72821028002337652E-002	3.73458696631999995E-003	1.89188108453020344E-002	1.02283166378612407E-002	-1	8.69049420744079371E-003	-1	OK
63.000000000000000	3.90673821287789019E-002	2.05809085477900930E-002	1.69117677541674935E-002	3.66914079362259254E-003	1.84864735809888124E-002	9.99130811572528262E-003	-1	8.49516546526352979E-003	-1	OK
63.250000000000000	3.82211332606282872E-002	2.01556197866602435E-002	1.65506334730444633E-002	3.60498631361578061E-003	1.80655134739680402E-002	9.76060461181910144E-003	-1	8.30490886214893878E-003	-1	OK
63.500000000000000	3.73961337785674100E-002	1.97405346644690602E-002	1.61984392054965315E-002	3.54209545897252827E-003	1.76555991140983498E-002	9.53601665045654238E-003	-1	8.11958246364180743E-003	-1	OK
63.750000000000000	3.65917512532477063E-002	1.93353725468362082E-002	1.58549325042088365E-002	3.48044004262737126E-003	1.72563787064115015E-002	9.31736103167678069E-003	-1	7.93901767473472082E-003	-1	OK
64.000000000000000	3.58073937707012457E-002	1.89398634094438550E-002	1.55198692348703197E-002	3.41999417457354094E-003	1.68675303612573872E-002	9.10446558570811824E-003	-1	7.76306477554926898E-003	-1	OK
64.250000000000000	3.50425007100511332E-002	1.85537441001326943E-002	1.51930126604407634E-002	3.36073143969193048E-003	1.64887566099184389E-002	8.89716817701992867E-003	-1	7.59158843289851025E-003	-1	OK
64.500000000000000	3.42965415375765179E-002	1.81767597309441878E-002	1.48741336789751325E-002	3.30262605196905571E-003	1.61197818066323301E-002	8.69529645744624054E-003	-1	7.42448534918608953E-003	-1	OK
64.750000000000000	3.35610249420360551E-002	1.78086647478823065E-002	1.45630107107170108E-002	3.24565403716529271E-003	1.57523601941537521E-002	8.49868325292256997E-003	-1	7.25367694123118210E-003	-1	OK
65.000000000000000	3.28514584590193087E-002	1.74492200552104487E-002	1.42594288320226099E-002	3.18979122318784319E-003	1.54022384038088635E-002	8.30717275326532320E-003	-1	7.09506565054354027E-003	-1	OK
65.250000000000000	3.21592560135622735E-002	1.70981938905303554E-002	1.39631798036235644E-002	3.13501408690679056E-003	1.50610621230319146E-002	8.12061607993339041E-003	-1	6.94044604309852417E-003	-1	OK
65.500000000000000	3.14839337089338409E-002	1.67553611983078631E-002	1.36740617287432319E-002	3.08129946956463372E-003	1.47285725106259795E-002	7.93886616329610682E-003	-1	6.78970634732987272E-003	-1	OK
65.750000000000000	3.08250198598661040E-002	1.64205043068670412E-002	1.33918791125066210E-002	3.02862519436041975E-003	1.44045155529990612E-002	7.76177013821044513E-003	-1	6.64274541478861603E-003	-1	OK
66.000000000000000	3.01757846781269407E-002	1.60934116832279137E-002	1.31164423741495558E-002	2.97696930907835741E-003	1.40823729948990287E-002	7.58920757441264998E-003	-1	6.49316542048637875E-003	-1	OK
66.250000000000000	2.95485214356361915E-002	1.57738764567412655E-002	1.28475674264860885E-002	2.92630903025517791E-003	1.37746449788949260E-002	7.42107509946648199E-003	-1	6.35356987942844401E-003	-1	OK
66.500000000000000	2.89363742793798534E-002	1.54616993662248306E-002	1.25850761481933488E-002	2.87662321803148092E-003	1.34746749131550211E-002	7.25724029624644218E-003	-1	6.21743461690857889E-003	-1	OK
66.750000000000000	2.83388987127160576E-002	1.51566863233026164E-002	1.23287957423006671E-002	2.82789058100195358E-003	1.31822123894134412E-002	7.09755546108843845E-003	-1	6.08465692832500273E-003	-1	OK
67.000000000000000	2.77556733764274186E-002	1.48586491575116008E-002	1.20785587645022563E-002	2.78009039300934450E-003	1.28970242189158160E-002	6.94191333248544290E-003	-1	5.95511088643037312E-003	-1	OK
67.250000000000000	2.71863310242396808E-002	1.45674078679503237E-002	1.18342034726506111E-002	2.73320439529972127E-003	1.26189231562893571E-002	6.79019548517898440E-003	-1	5.82872767111037270E-003	-1	OK
67.500000000000000	2.66276330484474626E-002	1.42827868936440151E-002	1.15955726158346335E-002	2.68721427780938167E-003	1.23448461548034474E-002	6.64228176476952450E-003	-1	5.70256439003392294E-003	-1	OK
67.750000000000000	2.60849810599853918E-002	1.40046150245336492E-002	1.13625135042957782E-002	2.64210152023786754E-003	1.20803660354517409E-002	6.49806439683895537E-003	-1	5.58230163861278550E-003	-1	OK
68.000000000000000	2.55551174367381860E-002	1.37327253199851177E-002	1.11348778787083991E-002	2.59784744127672254E-003	1.18223921167530683E-002	6.35743893589298548E-003	-1	5.46495318086008281E-003	-1	OK
68.250000000000000	2.50376973153955754E-002	1.34669557770391163E-002	1.09125218921215066E-002	2.55443388491761189E-003	1.15707415383564608E-002	6.22030422534123380E-003	-1	5.35043731301522701E-003	-1	OK
68.500000000000000	2.45323930125474696E-002	1.32071494625381099E-002	1.06953060583055461E-002	2.51184340423256467E-003	1.13252435500093614E-002	6.08656231576095753E-003	-1	5.23868123424840390E-003	-1	OK
68.750000000000000	2.40388794570637679E-002	1.29531529544106641E-002	1.04830947438328322E-002	2.47005821057783318E-003	1.10857265026531055E-002	5.95612203081252560E-003	-1	5.12960447184057991E-003	-1	OK
69.000000000000000	2.35568500282930388E-002	1.27048164129842604E-002	1.02757562765946765E-002	2.42906013638958000E-003	1.08520336153087801E-002	5.82888752674051800E-003	-1	5.02314608856826213E-003	-1	OK
69.250000000000000	2.30859918122465688E-002	1.24619957098980674E-002	1.00731632658249935E-002	2.38883244407307391E-003	1.06239961023485013E-002	5.70476418320862814E-003	-1	4.91923191913987319E-003	-1	OK
69.500000000000000	2.26140651877946609E-002	1.22245519946133363E-002	9.87519229957999588E-003	2.34935969503333956E-003	1.03895131931813246E-002	5.58366853104705525E-003	-1	4.80584466213426938E-003	-1	OK
69.750000000000000	2.21647624215152751E-002	1.19923495935574925E-002	9.68172336110613430E-003	2.31062623245135903E-003	1.01724128279577827E-002	5.46551952820706170E-003	-1	4.70689329975072096E-003	-1	OK
70.000000000000000	2.17257834569759972E-002	1.17652570166921020E-002	9.49264007473426749E-003	2.27261694195783279E-003	9.96052644028389347E-003	5.35023672655237422E-003	-1	4.61028971373151925E-003	-1	OK
70.250000000000000	2.12968517471522761E-002	1.15431472230541239E-002	9.30782947915011205E-003	2.23531774390401403E-003	9.75370452409815049E-003	5.23774417916942053E-003	-1	4.51596034492872996E-003	-1	OK
70.500000000000000	2.08777181697350593E-002	1.13258955061510402E-002	9.12718164425058848E-003	2.19871386190045306E-003	9.55182266358401907E-003	5.12796463263438720E-003	-1	4.42385803094963188E-003	-1	OK
70.750000000000000	2.04681193656422317E-002	1.11133809335439149E-002	8.95058982309909594E-003	2.16279111044482197E-003	9.35473843209831853E-003	5.02082255659560411E-003	-1	4.33391587550271441E-003	-1	OK
71.000000000000000	2.00678140001803590E-002	1.09054852024154676E-002	8.77795020879919806E-003	2.12753499361626906E-003	9.16232879776489144E-003	4.91624813917625712E-003	-1	4.24608065858863432E-003	-1	OK
71.250000000000000	1.96765604665180491E-002	1.07020934084964027E-002	8.60916198761344821E-003	2.09293142088295319E-003	8.97446705802164464E-003	4.81416995775968328E-003	-1	4.16029710026196136E-003	-1	OK
71.500000000000000	1.92941290919038319E-002	1.05030941910070497E-002	8.44412730035038958E-003	2.05896689065665798E-003	8.79103490089678218E-003	4.71451788185114906E-003	-1	4.07651701904563311E-003	-1	OK
71.750000000000000	1.89203390546041003E-002	1.03083792496054399E-002	8.28275107625083516E-003	2.02562817335460305E-003	8.61195980499866211E-003	4.61722498337492106E-003	-1	3.99473482162374105E-003	-1	OK
72.000000000000000	1.85549060109005612E-002	1.01178431955535678E-002	8.12494099292555144E-003	1.99290220262801588E-003	8.43706281534699343E-003	4.52223129117483493E-003	-1	3.91483152417215850E-003	-1	OK
72.250000000000000	1.81976291654840951E-002	9.93138419549297047E-003	7.97060748278123621E-003	1.96077671271173426E-003	8.26624496999112460E-003	4.42946313437015717E-003	-1	3.83678183562096743E-003	-1	OK
72.500000000000000	1.78482969944651973E-002	9.74890277416331705E-003	7.81966339485851494E-003	1.92923937930480145E-003	8.09939422030188198E-003	4.33886969906571197E-003	-1	3.76052452123617001E-003	-1	OK
72.750000000000000	1.75067086430617316E-002	9.57030203076172578E-003	7.67202402396296480E-003	1.89827800679876510E-003	7.93640661230000412E-003	4.25040899153682032E-003	-1	3.68599762076318380E-003	-1	OK
73.000000000000000	1.71726555706906286E-002	9.39548819719917237E-003	7.52760714739173723E-003	1.86788104980743514E-003	7.77716737349145714E-003	4.16401403404299646E-003	-1	3.61315333944846068E-003	-1	OK
73.250000000000000	1.68459590904780354E-002	9.22437064385029162E-003	7.38633292423398341E-003	1.83803771961631016E-003	7.62158844662774292E-003	4.07963118018916850E-003	-1	3.54195726643857442E-003	-1	OK
73.500000000000000	1.65264356281822761E-002	9.05686058299464032E-003	7.24812357306957745E-003	1.80873700992506157E-003	7.46957504518763402E-003	3.99720896752123623E-003	-1	3.47236607766639779E-003	-1	OK
73.750000000000000	1.62126094601599546E-002	8.89287135760455719E-003	7.11290338198594923E-003	1.77996797561860991E-003	7.31973810255539918E-003	3.91666471928276468E-003	-1	3.40307338327263450E-003	-1	OK
74.000000000000000	1.59068578254930003E-002	8.73231808329926265E-003	6.98059866373266971E-003	1.75171941956659403E-003	7.17453974219373850E-003	3.83797428597642534E-003	-1	3.33656545621731316E-003	-1	OK
74.250000000000000	1.56077505721903698E-002	8.57511811906793570E-003	6.85113776600527503E-003	1.72398035306265806E-003	7.03263245312243414E-003	3.76109442209371630E-003	-1	3.27153803102871784E-003	-1	OK
74.500000000000000	1.53151103097216752E-002	8.42119188918960884E-003	6.72445123768879247E-003	1.69674065150081572E-003	6.89391842053206551E-003	3.68597824647354374E-003	-1	3.20794017405852177E-003	-1	OK
74.750000000000000	1.50288001143066528E-002	8.27046203050128478E-003	6.60047149915163073E-003	1.66999053134965839E-003	6.75833808380536718E-003	3.61258023077572947E-003	-1	3.14575785302963771E-003	-1	OK
75.000000000000000	1.47486688916442319E-002	8.12285274397031576E-003	6.47913274573795866E-003	1.64371999823235602E-003	6.62581614767391615E-003	3.54084936901215633E-003	-1	3.08496677866175982E-003	-1	OK
75.250000000000000	1.44745609374918177E-002	7.97829080989714140E-003	6.36037104861819289E-003	1.61791976127894917E-003	6.49627012759467545E-003	3.46787636919778427E-003	-1	3.02839375839689118E-003	-1	OK
75.500000000000000	1.42063313235522102E-002	7.83670447179097771E-003	6.24412414371281182E-003	1.59258032807816567E-003	6.36962685176123249E-003	3.39941450396733262E-003	-1	2.97021234779389987E-003	-1	OK
75.750000000000000	1.39438379154291758E-002	7.69802359541258731E-003	6.13033142530083810E-003	1.56769217011175138E-003	6.24581432001658846E-003	3.33250000693055244E-003	-1	2.91331431308603601E-003	-1	OK
76.000000000000000	1.36869400439613379E-002	7.56218026718466062E-003	6.01893401769453430E-003	1.54324624949012698E-003	6.12475977677667729E-003	3.26709382933296948E-003	-1	2.85766594744370781E-003	-1	OK
76.250000000000000	1.34355026480934871E-002	7.42910924340435888E-003	5.90987479004885519E-003	1.51923445335550239E-003	6.00639340468912906E-003	3.20315725897460683E-003	-1	2.80323614571452223E-003	-1	OK
76.500000000000000	1.31882843523993161E-002	7.29874634154585849E-003	5.80309797217236530E-003	1.49564836937349124E-003	5.88953801085345761E-003	3.14065294728177805E-003	-1	2.74888506357167956E-003	-1	OK
76.750000000000000	1.29474014773836611E-002	7.17102895068465890E-003	5.69854925094596433E-003	1.47247969973869587E-003	5.77637252669900309E-003	3.07954517735685093E-003	-1	2.69682734934215216E-003	-1	OK
77.000000000000000	1.27115979575771754E-002	7.04589585016138914E-003	5.59617570763820335E-003	1.44972014252318666E-003	5.66570210741578536E-003	3.01980514155988184E-003	-1	2.64589696585590351E-003	-1	OK
77.250000000000000	1.24807488443643040E-002	6.92328724712628317E-003	5.49592582264403929E-003	1.42736142448224150E-003	5.55746159723802084E-003	2.96138976330822829E-003	-1	2.59607183392979255E-003	-1	OK
77.500000000000000	1.22547342957959500E-002	6.80314453933878339E-003	5.39774938968153907E-003	1.40539514965724237E-003	5.45158975645716661E-003	2.90425052435397055E-003	-1	2.54733923210319606E-003	-1	OK
77.750000000000000	1.20334244562235008E-002	6.68541131030098330E-003	5.30159767622190130E-003	1.38381363407908157E-003	5.34801314592251841E-003	2.84837121062887994E-003	-1	2.49964193529363847E-003	-1	OK
78.000000000000000	1.18167209987497922E-002	6.57003282559443479E-003	5.20742330405814420E-003	1.36260952153629037E-003	5.24668817315535746E-003	2.79371325765354452E-003	-1	2.45297491550181294E-003	-1	OK
78.250000000000000	1.16045327485433548E-002	6.45695583916021040E-003	5.11518011245211748E-003	1.34177572670809335E-003	5.14757690938314437E-003	2.74025832538193990E-003	-1	2.40731858400120447E-003	-1	OK
78.500000000000000	1.13967432194501950E-002	6.34612836771034517E-003	5.02482316464634288E-003	1.32130520306400208E-003	5.05061485173985067E-003	2.68797390339283945E-003	-1	2.36264094834701122E-003	-1	OK
78.750000000000000	1.11932514402266637E-002	6.23749982225233618E-003	4.93630866191316700E-003	1.30119116033916983E-003	4.95575161797432752E-003	2.63683109770737525E-003	-1	2.31892052026695227E-003	-1	OK
79.000000000000000	1.09939525933090837E-002	6.13102024729578372E-003	4.84959380487430189E-003	1.28142644242148205E-003	4.86293234601329911E-003	2.58680180027707042E-003	-1	2.27613054573622868E-003	-1	OK
79.250000000000000	1.07987470271321793E-002	6.02664074977568662E-003	4.76463688700524274E-003	1.26200386277044475E-003	4.77210627735649186E-003	2.53785867362754181E-003	-1	2.23424760372895005E-003	-1	OK
79.500000000000000	1.06075372493892213E-002	5.92431397419945684E-003	4.68139737068326740E-003	1.24291660351618922E-003	4.68322327518976532E-003	2.48997467581528551E-003	-1	2.19324859937447981E-003	-1	OK
79.750000000000000	1.04202306295733717E-002	5.82399401740834807E-003	4.59983581992268274E-003	1.22415819748566642E-003	4.59623661216502447E-003	2.44312437920916024E-003	-1	2.15311223295586423E-003	-1	OK
80.000000000000000	1.02367348415047642E-002	5.72563634435532386E-003	4.51991385401292588E-003	1.20572249034239820E-003	4.51109849714944038E-003	2.39728262489267291E-003	-1	2.11381587225676747E-003	-1	OK
80.250000000000000	1.00569631040989815E-002	5.62919742917635402E-003	4.44159404168449189E-003	1.18760338749186300E-003	4.42776567492262664E-003	2.35243033823488365E-003	-1	2.07533533668774299E-003	-1	OK
80.500000000000000	9.88083014767789092E-003	5.53463457603694912E-003	4.36483986757607665E-003	1.16979470846087269E-003	4.34619557164094266E-003	2.30854206748763030E-003	-1	2.03765350415331236E-003	-1	OK
80.750000000000000	9.70825365125672565E-003	5.44190618099389678E-003	4.28961574624118006E-003	1.15229043475271542E-003	4.26634747026282887E-003	2.26559404878314431E-003	-1	2.00075342147968457E-003	-1	OK
81.000000000000000	9.53915041995167037E-003	5.35097183034211749E-003	4.21588705578866945E-003	1.13508477455344825E-003	4.18817858960955202E-003	2.22356091669892800E-003	-1	1.96461767291062402E-003	-1	OK
81.250000000000000	9.37344656061774029E-003	5.26179188630228334E-003	4.14361999586417007E-003	1.11817189043811327E-003	4.11165467431545608E-003	2.18241992151919353E-003	-1	1.92923475279626255E-003	-1	OK
81.500000000000000	9.21106185649685910E-003	5.17432801792571534E-003	4.07278170134102013E-003	1.10154631658469565E-003	4.03673383857114289E-003	2.14214970808295543E-003	-1	1.89458413048818747E-003	-1	OK
81.750000000000000	9.05191400667044142E-003	5.08854295919941926E-003	4.00334012556421287E-003	1.08520283363520618E-003	3.96337104747102216E-003	2.10272992581942049E-003	-1	1.86064112165160167E-003	-1	OK
82.000000000000000	8.89593328663922100E-003	5.00440017109630639E-003	3.93526397588266595E-003	1.06913619521364152E-003	3.89153311554291505E-003	2.06414068818051204E-003	-1	1.82739242736240301E-003	-1	OK
82.250000000000000	8.74305450912033974E-003	4.92186359179262040E-003	3.86852268490595454E-003	1.05334090688666651E-003	3.82119091732771934E-003	2.02636134083052869E-003	-1	1.79482957649719065E-003	-1	OK
82.500000000000000	8.59321188926137278E-003	4.84089813892756536E-003	3.80308648099206368E-003	1.03781165793550081E-003	3.75231375033380698E-003	1.98937273744075917E-003	-1	1.76294101289304781E-003	-1	OK
82.750000000000000	8.44632711649495604E-003	4.76146964148366648E-003	3.73892637092125297E-003	1.02254327056241351E-003	3.68485747501128870E-003	1.95315619924829077E-003	-1	1.73170127576299793E-003	-1	OK
83.000000000000000	8.30233145355445054E-003	4.68354526001004030E-003	3.67601417608197194E-003	1.00753108392806772E-003	3.61878619354441067E-003	1.91769354446146532E-003	-1	1.70109264908294535E-003	-1	OK
83.250000000000000	8.16116142512159949E-003	4.60709252159089561E-003	3.61432231711978410E-003	9.92770204471111290E-004	3.55406890353070389E-003	1.88296707080377857E-003	-1	1.67110183272692532E-003	-1	OK
83.500000000000000	8.02274536639873900E-003	4.53208009337777856E-003	3.55382397395301915E-003	9.78256119424758758E-004	3.49066527302096001E-003	1.84895284786082675E-003	-1	1.64171242516013326E-003	-1	OK
83.750000000000000	7.88702771478572845E-003	4.45847738403381925E-003	3.49449296795104102E-003	9.63984416082777694E-004	3.42855033075191006E-003	1.81563757002234523E-003	-1	1.61291276072956483E-003	-1	OK
84.000000000000000	7.75395424861116157E-003	4.38625425810158093E-003	3.43630370382533345E-003	9.49950554276247699E-004	3.36769999050958021E-003	1.78301641062025124E-003	-1	1.58468357988932897E-003	-1	OK
84.250000000000000	7.62346718454942791E-003	4.31538106930242672E-003	3.37923115906740975E-003	9.36149910235016861E-004	3.30808611524700119E-003	1.75106679989281444E-003	-1	1.55701931535418676E-003	-1	OK
84.500000000000000	7.49551051909558286E-003	4.24582886259674934E-003	3.32325093825244257E-003	9.22577924344305579E-004	3.24968165649883352E-003	1.71977188258936979E-003	-1	1.52990977390946373E-003	-1	OK
84.750000000000000	7.37002632383089874E-003	4.17756959627670413E-003	3.26833930242208465E-003	9.09230293854621104E-004	3.19245672755419461E-003	1.68911662547198828E-003	-1	1.50334010208220633E-003	-1	OK
85.000000000000000	7.24696131236919183E-003	4.11057590000075274E-003	3.21447308630564430E-003	8.96102813695108871E-004	3.13638541236843909E-003	1.65908643823696445E-003	-1	1.47729897413147464E-003	-1	OK
85.250000000000000	7.12626086371045096E-003	4.04482131352478392E-003	3.16162974361946809E-003	8.83191569905315832E-004	3.08143955018566661E-003	1.62966719452763923E-003	-1	1.45177235565802738E-003	-1	OK
85.500000000000000	7.00787482178360892E-003	3.98028002205137559E-003	3.10978726586804734E-003	8.70492756183327706E-004	3.02759479973223333E-003	1.60084436925659007E-003	-1	1.42675043047564326E-003	-1	OK
85.750000000000000	6.89175354133754296E-003	3.91692660794105366E-003	3.05892412787748353E-003	8.58002480063570563E-004	2.97482693339648973E-003	1.57260403147851664E-003	-1	1.40222290191797309E-003	-1	OK
86.000000000000000	6.77785487871441182E-003	3.85473599674895180E-003	3.00901927734016552E-003	8.45716719408784868E-004	2.92311888196545959E-003	1.54493288650979412E-003	-1	1.37818599545566547E-003	-1	OK
86.250000000000000	6.66612217225391081E-003	3.79368377319853293E-003	2.96005219018418862E-003	8.33631583014344635E-004	2.87243839905537788E-003	1.51781793927944770E-003	-1	1.35462045977593017E-003	-1	OK
86.500000000000000	6.55651372044274705E-003	3.73374621029571186E-003	2.91200285629687229E-003	8.21743353998838702E-004	2.82276751014703519E-003	1.49124668892159739E-003	-1	1.33152082122543780E-003	-1	OK
86.750000000000000	6.44898431646817594E-003	3.67490018404587667E-003	2.86485176563027778E-003	8.10048418415600297E-004	2.77408413242229883E-003	1.46520684156066050E-003	-1	1.30887729086163833E-003	-1	OK
87.000000000000000	6.34348343019481425E-003	3.61712320004089084E-003	2.81857988153307341E-003	7.98543318507817642E-004	2.72636023015392342E-003	1.43968642659456037E-003	-1	1.28667380355936304E-003	-1	OK
87.250000000000000	6.23996692007776008E-003	3.56039321434477394E-003	2.77316862736919339E-003	7.87224586975581418E-004	2.67957370573298570E-003	1.41467376753003191E-003	-1	1.26489993820295380E-003	-1	OK
87.500000000000000	6.13839372754451836E-003	3.50468906048824079E-003	2.72859990777640912E-003	7.76089152711830908E-004	2.63370466705627757E-003	1.39015747600815709E-003	-1	1.24354719104812048E-003	-1	OK
87.750000000000000	6.03871968343148470E-003	3.44998961699846587E-003	2.68485595247753596E-003	7.65133664520930667E-004	2.58873006643301927E-003	1.36612643873183217E-003	-1	1.22260362770118709E-003	-1	OK
88.000000000000000	5.94090882060786113E-003	3.39627415651426283E-003	2.64191939901109799E-003	7.54354757503164302E-004	2.54463466409359873E-003	1.34257007525227291E-003	-1	1.20206458884132583E-003	-1	OK
88.250000000000000	5.84492094136299448E-003	3.34352234327889124E-003	2.59977327992329298E-003	7.43749063355597824E-004	2.50139859808410367E-003	1.31947777197144651E-003	-1	1.18192082611265716E-003	-1	OK
88.500000000000000	5.75047709864543507E-003	3.29171435119060812E-003	2.55840105460431247E-003	7.33313296586295647E-004	2.45876274745482695E-003	1.29683901898996709E-003	-1	1.16192372846485987E-003	-1	OK
88.750000000000000	5.65802488748399276E-003	3.24083106988747992E-003	2.51778662167780228E-003	7.23044448209676999E-004	2.41719381759651283E-003	1.27464438863282982E-003	-1	1.14254942896368302E-003	-1	OK
89.000000000000000	5.56728266788232042E-003	3.19085388957495060E-003	2.47791426832634151E-003	7.12939621248610063E-004	2.37642877830736982E-003	1.25288415496400485E-003	-1	1.12354462334336496E-003	-1	OK
89.250000000000000	5.47821375294079566E-003	3.14176447456755020E-003	2.43876860755874725E-003	7.02995867008802196E-004	2.33644927837324502E-003	1.23154621701678240E-003	-1	1.10490306135646262E-003	-1	OK
89.500000000000000	5.39078362461564188E-003	3.09354490656956523E-003	2.40033462233375360E-003	6.93210284235811630E-004	2.29723871804607708E-003	1.21061313966891199E-003	-1	1.08662557837716509E-003	-1	OK
89.750000000000000	5.30495660729460132E-003	3.04617767601046176E-003	2.36259762618804253E-003	6.83580049822419666E-004	2.25877893128413956E-003	1.19008517365681464E-003	-1	1.06869375762732493E-003	-1	OK
90.000000000000000	5.22069854769462334E-003	2.99964567072443216E-003	2.32554330196921549E-003	6.74102368755215590E-004	2.22105287697019118E-003	1.16995443511906964E-003	-1	1.05109844185112154E-003	-1	OK
90.250000000000000	5.13797931837525843E-003	2.95393217736803762E-003	2.28915764480790759E-003	6.64774532560130681E-004	2.18404714100722082E-003	1.15021225458425392E-003	-1	1.03383488642296690E-003	-1	OK
90.500000000000000	5.05676685609022028E-003	2.90902086075015866E-003	2.25342698373058939E-003	6.55593877019568509E-004	2.14774599534006162E-003	1.13085017734945010E-003	-1	1.01689581799061153E-003	-1	OK
90.750000000000000	4.97703014912176476E-003	2.86489591597085310E-003	2.21833798890379557E-003	6.46557927067056663E-004	2.11213423315091166E-003	1.11185996268753362E-003	-1	1.00027427046337804E-003	-1	OK
91.000000000000000	4.89873769456789822E-003	2.82154177887505506E-003	2.18387759917677143E-003	6.37664179698283623E-004	2.07719591569284273E-003	1.09323357195551148E-003	-1	9.83962343737331251E-004	-1	OK
91.250000000000000	4.82185928742078287E-003	2.77894312923096347E-003	2.15003302977899782E-003	6.28910099451966079E-004	2.04291615818981897E-003	1.07496316032113632E-003	-1	9.67952997868682654E-004	-1	OK
91.500000000000000	4.74636694904816050E-003	2.73708501674063860E-003	2.11679179375551729E-003	6.20293222985120662E-004	2.00928193230752190E-003	1.05704107236028280E-003	-1	9.52240859947239100E-004	-1	OK
91.750000000000000	4.67223373782899021E-003	2.69595278491433204E-003	2.08414168526602174E-003	6.11811099648310627E-004	1.97628095291465817E-003	1.03945984322903690E-003	-1	9.36821109685621271E-004	-1	OK
92.000000000000000	4.59943104502911863E-003	2.65553201962478742E-003	2.05207075387046174E-003	6.03461265754325895E-004	1.94389902540433165E-003	1.02221165575473532E-003	-1	9.21687369649596333E-004	-1	OK
92.250000000000000	4.52792996675112878E-003	2.61580872427148638E-003	2.02056735927719526E-003	5.95241364994291561E-004	1.91212124247964283E-003	1.00529014313582008E-003	-1	9.06831099343822751E-004	-1	OK
92.500000000000000	4.45770414583692570E-003	2.57676930785852645E-003	1.98962012199257153E-003	5.87149185865955465E-004	1.88093483797839925E-003	9.88688492784806821E-004	-1	8.92246345193592428E-004	-1	OK
92.750000000000000	4.38872886849978397E-003	2.53840036174697841E-003	1.95921791090374400E-003	5.79182450843234299E-004	1.85032850675280513E-003	9.72399529853855762E-004	-1	8.77928976898949363E-004	-1	OK
93.000000000000000	4.32097935762342129E-003	2.50068891138635618E-003	1.92934987561606394E-003	5.71339035770292570E-004	1.82029044623706511E-003	9.56416629319541980E-004	-1	8.63873816917523130E-004	-1	OK
93.250000000000000	4.25443208655148196E-003	2.46362223244994205E-003	1.90000539285578173E-003	5.63616839594160328E-004	1.79080985410154034E-003	9.40733325254677812E-004	-1	8.50076528846862526E-004	-1	OK
93.500000000000000	4.18906261906634627E-003	2.42718793888108651E-003	1.87117408562148643E-003	5.56013853259600078E-004	1.76187468018525997E-003	9.25342946138073383E-004	-1	8.36531734047186591E-004	-1	OK
93.750000000000000	4.12483370820566474E-003	2.39137385517827501E-003	1.84284579014675864E-003	5.48528065031516254E-004	1.73345985302738996E-003	9.10239032411085396E-004	-1	8.23220820616304559E-004	-1	OK
94.000000000000000	4.06174910286732655E-003	2.35616796293640872E-003	1.81501054608716869E-003	5.41157416849240682E-004	1.70558113993091762E-003	8.95416250468817568E-004	-1	8.10164889462100047E-004	-1	OK
94.250000000000000	3.99977266912002194E-003	2.32155847465265923E-003	1.78765860987333404E-003	5.33899864779325195E-004	1.67821419446736314E-003	8.80868717135786664E-004	-1	7.97345477331576477E-004	-1	OK
94.500000000000000	3.93888255639968533E-003	2.28753383510971707E-003	1.76078045466153800E-003	5.26753380448179067E-004	1.65134872128996804E-003	8.66590568322660399E-004	-1	7.84758152967307641E-004	-1	OK
94.750000000000000	3.87905583079174200E-003	2.25408291856910113E-003	1.73436679623872880E-003	5.19716122330371997E-004	1.62497291222264109E-003	8.52576343365510358E-004	-1	7.72396568857130735E-004	-1	OK
95.000000000000000	3.82027089367505384E-003	2.22119474527515421E-003	1.70840853351838899E-003	5.12786211756765002E-004	1.59907614839989985E-003	8.38820363005816374E-004	-1	7.60255785394083473E-004	-1	OK
95.250000000000000	3.76250918975471176E-003	2.18885863988832518E-003	1.68289677982496407E-003	5.05961860063360892E-004	1.57365054986638659E-003	8.25317429593496301E-004	-1	7.48333120272890286E-004	-1	OK
95.500000000000000	3.70575034161617790E-003	2.15706405808726524E-003	1.65782281984661029E-003	4.99241238240654946E-004	1.54868628352891266E-003	8.12062215421718663E-004	-1	7.36624068107193998E-004	-1	OK
95.750000000000000	3.64997471592788192E-003	2.12580067206101422E-003	1.63317812884768848E-003	4.92622543213325735E-004	1.52417404386686771E-003	7.99049548204707025E-004	-1	7.25124495662160680E-004	-1	OK
96.000000000000000	3.59516308439148616E-003	2.09505843257013500E-003	1.60895438407072477E-003	4.86104048499409790E-004	1.50010465182135095E-003	7.86276163983357090E-004	-1	7.13828487837993861E-004	-1	OK
96.250000000000000	3.54129659939067705E-003	2.06482747138062896E-003	1.58514342431764549E-003	4.79684047062983255E-004	1.47646912801004788E-003	7.73738165113314674E-004	-1	7.02730962896733202E-004	-1	OK
96.500000000000000	3.48835792743843603E-003	2.03509808977120083E-003	1.56173727608538209E-003	4.73360813685819116E-004	1.45325983766723520E-003	7.61428082129000949E-004	-1	6.91831755538234255E-004	-1	OK
96.750000000000000	3.43632871776379696E-003	2.00586084769553870E-003	1.53872813821165442E-003	4.67132709483884768E-004	1.43046787006825805E-003	7.49341971967053006E-004	-1	6.81125898101205040E-004	-1	OK
97.000000000000000	3.38519039304394954E-003	1.97710644174979317E-003	1.51610837678042886E-003	4.60998064969364151E-004	1.40808395129415659E-003	7.37474902950394908E-004	-1	6.70609048343761682E-004	-1	OK
97.250000000000000	3.33492578646135294E-003	1.94882599383409873E-003	1.49387055608385974E-003	4.54955437750239645E-004	1.38609979262725421E-003	7.25822160831516607E-004	-1	6.60277631795737601E-004	-1	OK
97.500000000000000	3.28551814106291338E-003	1.92101060110075306E-003	1.47200735092346108E-003	4.49003250177292034E-004	1.36450753996216010E-003	7.14379307374176905E-004	-1	6.50128232587983195E-004	-1	OK
97.750000000000000	3.23695318065281030E-003	1.89365151840087658E-003	1.45051160097182811E-003	4.43139917429048312E-004	1.34330166225193393E-003	7.03142049378783856E-004	-1	6.40159612873150079E-004	-1	OK
98.000000000000000	3.18920849583655347E-003	1.86674025161979963E-003	1.42937630336975054E-003	4.37363948250049412E-004	1.32246824421675385E-003	6.92106851140423607E-004	-1	6.30361393076330238E-004	-1	OK
98.250000000000000	3.14227737691113052E-003	1.84026839491684591E-003	1.40859459981630274E-003	4.31673795100542574E-004	1.30200898199428440E-003	6.81269207950876434E-004	-1	6.20739774043407963E-004	-1	OK
98.500000000000000	3.09613883639479458E-003	1.81422786734306962E-003	1.38815980397609829E-003	4.26068063366971271E-004	1.28191096905172497E-003	6.70624944386104347E-004	-1	6.11286024665620622E-004	-1	OK
98.750000000000000	3.05077728852638438E-003	1.78861066518620380E-003	1.36806534904076842E-003	4.20545316145435819E-004	1.26216662334018058E-003	6.60170177343693079E-004	-1	6.01996445996487504E-004	-1	OK
99.000000000000000	3.00617831166125667E-003	1.76340907787210662E-003	1.34830484201445494E-003	4.15104235857651784E-004	1.24276923378915005E-003	6.49901113356912761E-004	-1	5.92868120432237292E-004	-1	OK
99.250000000000000	2.96232719530040590E-003	1.73861555628146555E-003	1.32887200787966484E-003	4.09743548401800706E-004	1.22371163901894035E-003	6.39814088629367893E-004	-1	5.83897550389572456E-004	-1	OK
99.500000000000000	2.91920808383862567E-003	1.71422256457281911E-003	1.30976068743986380E-003	4.04461877132955300E-004	1.20498551926580635E-003	6.29905491542912649E-004	-1	5.75080027722893699E-004	-1	OK
99.750000000000000	2.87680803295424069E-003	1.69022279884320828E-003	1.29096486116181712E-003	3.99257937681390680E-004	1.18658523411103219E-003	6.20171708475402675E-004	-1	5.66413525635629518E-004	-1	OK
100.00000000000000	2.83511389932930352E-003	1.66660902279678019E-003	1.27247862228935032E-003	3.94130400507430466E-004	1.16850487653252333E-003	6.10609269948370536E-004	-1	5.57895606584152791E-004	-1	OK
