#pt	totcs	totdirect	directLO	directNLO	totfrag	fragLO	err_fragLO	fragNLO	err_fragNLO	errmess
0.50000000000000000	76114972.867266446	-137500814.50044829	36237080.107748330	-173737894.60819662	213615787.36771473	189323403.87034920	-1	24292383.497365534	-1	Error
0.75000000000000000	28669946.989123270	-25292280.180094175	10444771.782943813	-35737051.963037990	53962227.169217445	39612986.781742647	-1	14349240.387474798	-1	Error
1.0000000000000000	10351318.833101828	-6729678.8940985212	3822654.2021207130	-10552333.096219234	17080997.727200348	11990912.738437571	-1	5090084.9887627773	-1	Error
1.2500000000000000	4386174.5808544978	-2263322.6182825933	1665752.9081891391	-3929075.5264717317	6649497.1991370916	4604081.1216221834	-1	2045416.0775149083	-1	Error
1.5000000000000000	2126257.7461232687	-889702.38475804217	821644.56108485907	-1711346.9458429017	3015960.1308813109	2067091.5363927269	-1	948868.59448858397	-1	Error
1.7500000000000000	1145537.3868666114	-390154.14728014416	444342.33122397505	-834496.47850411909	1535691.5341467557	1040705.5006077285	-1	494986.03353902721	-1	Error
2.0000000000000000	662348.06279749796	-185192.86971694609	257835.75507256176	-443028.62478950788	847540.93251444399	567571.43573875190	-1	279969.49677569210	-1	Error
2.2500000000000000	405646.02009553130	-93147.460965630249	158217.36569481148	-251364.82666044176	498793.48106116155	330449.25739357289	-1	168344.22366758867	-1	Error
2.5000000000000000	259936.20678256004	-48848.423169143382	101584.69983599657	-150433.12300513993	308784.62995170342	203213.65645249069	-1	105570.97349921273	-1	Error
2.7500000000000000	173141.01743980701	-26350.290517450616	67707.936714330586	-94058.227231781202	199491.30795725761	130338.32612172786	-1	69152.981835529747	-1	Error
3.0000000000000000	119107.73098479137	-14430.905264624264	46572.569967089585	-61003.475231713848	133538.63624941563	86641.812402947253	-1	46896.823846468382	-1	Error
3.2500000000000000	84223.994994344539	-7906.3010175301970	32908.033638114612	-40814.334655644816	92130.296011874729	59351.057639163970	-1	32779.238372710759	-1	Error
3.5000000000000000	60903.189545861096	-4248.1732610230683	23798.219403281775	-28046.392664304843	65151.362806884164	41721.876750903328	-1	23429.486055980837	-1	Error
3.7500000000000000	44975.583829057687	-2163.9534397074385	17561.519970645506	-19725.473410352948	47139.537268765125	29989.452182220350	-1	17150.085086544776	-1	Error
4.0000000000000000	33789.575135916013	-967.25159368977620	13191.584827844536	-14158.836421534310	34756.826729605789	21986.454153332368	-1	12770.372576273421	-1	OK
4.2500000000000000	25777.666195748046	-281.49792818742026	10066.470033840835	-10347.967962028255	26059.164123935469	16401.004878201951	-1	9658.1592457335173	-1	OK
4.5000000000000000	19963.018026961239	105.68384036013049	7790.7927729487774	-7685.1089325886451	19857.334186601107	12416.034148017021	-1	7441.3000385840860	-1	OK
4.7500000000000000	15652.779370144186	316.28741466274550	6106.4403336203750	-5790.1529189576313	15336.491955481441	9538.6908771827784	-1	5797.8010782986621	-1	OK
5.0000000000000000	12415.351638223736	421.94971167429867	4841.3231488361598	-4419.3734371618621	11993.401926549437	7421.2950399204256	-1	4572.1068866290116	-1	OK
5.2500000000000000	9950.8582898010009	465.40687068812258	3878.3886328314811	-3412.9817621433590	9485.4514191128783	5840.9856729171770	-1	3644.4657461957013	-1	OK
5.5000000000000000	8049.9305937183217	472.43456890004200	3136.5529962032365	-2664.1184273031940	7577.4960248182797	4644.6545857630081	-1	2932.8414390552716	-1	OK
5.7500000000000000	6568.2685964732837	458.70430562779438	2558.7124417283844	-2100.0081361005891	6109.5642908454893	3728.5600992621976	-1	2381.0041915832917	-1	OK
6.0000000000000000	5396.7789012070216	433.76779251666812	2104.0386760903557	-1670.2708835736876	4963.0111086903535	3019.4519308173362	-1	1943.5591778730172	-1	OK
6.2500000000000000	4467.7876511747036	403.42929152968418	1742.9340656818188	-1339.5047741521346	4064.3583596450194	2464.8703001451399	-1	1599.4880594998795	-1	OK
6.5000000000000000	3726.0961806808737	371.18978637467944	1453.6696521313213	-1082.4798657566419	3354.9063943061942	2027.0614503425927	-1	1327.8449439636015	-1	OK
6.7500000000000000	3127.6314052687139	339.12832458265711	1220.1072023755619	-880.97887779290465	2788.5030806860568	1678.5730238398410	-1	1109.9300568462158	-1	OK
7.0000000000000000	2637.9235669918698	308.40936238195104	1030.1197996862381	-721.71043730428698	2329.5142046099190	1398.9332366003059	-1	930.58096800961312	-1	OK
7.2500000000000000	2239.5169925735800	279.64539059181357	874.50815522162509	-594.86276462981175	1959.8716019817662	1172.8581563924658	-1	787.01344558930032	-1	OK
7.5000000000000000	1917.2098634733757	253.11143498438480	746.22898616167095	-493.11755117728609	1664.0984284889907	987.37680972156852	-1	676.72161876742223	-1	OK
7.7500000000000000	1644.3520550937503	228.87720848343702	639.84199808134929	-410.96478959791222	1415.4748466103133	836.63418916122271	-1	578.84065744909060	-1	OK
8.0000000000000000	1416.6009227807763	206.89187538718795	551.11074344129361	-344.21886805410583	1209.7090473935884	712.43107781946310	-1	497.27796957412534	-1	OK
8.2500000000000000	1225.5111452522490	187.03776965294810	476.71084331234584	-289.67307365939763	1038.4733755993009	609.50000480253061	-1	428.97337079677027	-1	OK
8.5000000000000000	1064.3587949485609	169.16205006234475	414.01452020555422	-244.85247014320939	895.19674488621604	523.72300635197780	-1	371.47373853423824	-1	OK
8.7500000000000000	927.90303714995480	153.09804195173388	360.93054005441491	-207.83249810268117	774.80499519822092	451.83594856538525	-1	322.96904663283567	-1	OK
9.0000000000000000	811.76970537314139	138.67826300256593	315.78422481687227	-177.10596181430626	673.09144237057546	391.29702703598872	-1	281.79441533458674	-1	OK
9.2500000000000000	712.55427982654646	125.74093495299138	277.22611561216473	-151.48518065917335	586.81334487355514	340.13873617752483	-1	246.67460869603030	-1	OK
9.5000000000000000	627.46454818632742	114.13433161653865	244.16270615516692	-130.02837453862819	513.33021656978872	296.71059213596106	-1	216.61962443382765	-1	OK
9.7500000000000000	554.21062488424184	103.71861179656611	215.70299398534897	-111.98438218878293	450.49201308767573	259.68065227447431	-1	190.81136081320142	-1	OK
10.000000000000000	490.92933296995665	94.366667548610167	191.11734472927122	-96.750677180661043	396.56266542134648	227.98543150556145	-1	168.57723391578503	-1	OK
10.250000000000000	436.02670885388466	85.963670365748328	169.80523272428184	-83.841562358533537	350.06303848813633	201.16320392376349	-1	148.89983456437284	-1	OK
10.500000000000000	388.28345196542892	78.407134319700958	151.27021393535992	-72.863079615658975	309.87631764572797	177.64731311478928	-1	132.22900453093868	-1	OK
10.750000000000000	346.46315468475564	71.605073715943320	135.09984727737950	-63.494773561436169	274.85808096881232	157.30963353344742	-1	117.54844743536489	-1	OK
11.000000000000000	310.03642489442859	65.475835540327608	120.95030502796703	-55.474469487639404	244.56058935410096	139.67109718132122	-1	104.88949217277974	-1	OK
11.250000000000000	278.07366383942718	59.946296211327279	108.53358799662735	-48.587291785300053	218.12736762809990	124.32172861183111	-1	93.805639016268799	-1	OK
11.500000000000000	249.95740390492492	54.952139759602261	97.607716597790173	-42.655576838187891	195.00526414532266	110.92323541618238	-1	84.082028729140276	-1	OK
11.750000000000000	225.16330935937185	50.435935108020672	87.968453927326337	-37.532518819305608	174.72737425135116	99.196769935481768	-1	75.530604315869397	-1	OK
12.000000000000000	203.24604965255128	46.347030592347423	79.442927771838100	-33.095897179490663	156.89901906020384	88.908940846967781	-1	67.990078213236060	-1	OK
12.250000000000000	183.82428768818193	42.640415545671218	71.884260508198906	-29.243844962527678	141.18387214251069	79.855965385014414	-1	61.327906757496280	-1	OK
12.500000000000000	166.57090925160668	39.276203867931059	65.167275006751524	-25.891071138820489	127.29470538367563	71.869621447276714	-1	55.425083936398920	-1	OK
12.750000000000000	151.21240318312954	36.219017489180573	59.184957537215098	-22.965940048034515	114.99338569394895	64.807658921760776	-1	50.185726772188175	-1	OK
13.000000000000000	137.51192608699444	33.437446162797713	53.845540318033336	-20.408094155235638	104.07447992419672	58.548660550214379	-1	45.525819373982344	-1	OK
13.250000000000000	125.26278547402200	30.903593036645169	49.070109019782592	-18.166515983137412	94.359192437376834	52.989533532747352	-1	41.369658904629482	-1	OK
13.500000000000000	114.28872000299499	28.592613069457599	44.790596199101721	-16.197983129644115	85.696106933537394	48.042890205706009	-1	37.653216727831385	-1	OK
13.750000000000000	104.43734903337108	26.482407484787920	40.948156985613885	-14.465749500825963	77.954941548583150	43.631779765613949	-1	34.323161782969201	-1	OK
14.000000000000000	95.578041058068067	24.553308885231438	37.491773254883235	-12.938464369651797	71.024732172836636	39.688829385789873	-1	31.335902787046763	-1	OK
14.250000000000000	87.597546116757286	22.787716968133374	34.377104554585095	-11.589387586451718	64.809829148623905	36.157777370913436	-1	28.652051777710469	-1	OK
14.500000000000000	80.395777585231571	21.169983899210386	31.565536780611104	-10.395552881400718	59.225793686021177	32.918633077343266	-1	26.307160608677911	-1	OK
14.750000000000000	73.852499110344084	19.686064684167849	29.023341617229505	-9.3372769330616556	54.166434426176238	30.078506161287979	-1	24.087928264888259	-1	OK
15.000000000000000	67.961930382963544	18.323421728928473	26.721011530394762	-8.3975898014662782	49.638508654035071	27.592482241383038	-1	22.046026412652033	-1	OK
15.250000000000000	62.620308270924845	17.070807600348999	24.632663075012413	-7.5618554746634228	45.549500670575846	25.281964910237008	-1	20.267535760338838	-1	OK
15.500000000000000	57.767478120214435	15.918121855309085	22.735547886983387	-6.8174260316742981	41.849356264905353	23.196248895868052	-1	18.653107369037301	-1	OK
15.750000000000000	53.354246058216020	14.856327760711096	21.009639933196837	-6.1533121724857445	38.497918297504924	21.310326295660957	-1	17.187592001843967	-1	OK
16.000000000000000	49.335018665626762	13.877260580641515	19.437259309556694	-5.5599987289151898	35.457758084985251	19.602063761642466	-1	15.855694323342785	-1	OK
16.250000000000000	45.670024773650738	12.973595948475062	18.002783935337565	-5.0291879868625067	32.696428825175673	18.012248696845994	-1	14.684180128329679	-1	OK
16.500000000000000	42.323789397779002	12.138732366241422	16.692375695827444	-4.5536433295860244	30.185057031537578	16.608055676400870	-1	13.577001355136709	-1	OK
16.750000000000000	39.263549267182476	11.366686307654314	15.493752050983620	-4.1270657433293003	27.896862959528164	15.330727353241819	-1	12.566135606286345	-1	OK
17.000000000000000	36.462829217997438	10.652090495466185	14.396004734664324	-3.7439142391981397	25.810738722531255	14.167355756383886	-1	11.643382966147369	-1	OK
17.250000000000000	33.895900821971622	9.9900619924854084	13.389414095390402	-3.3993521029049956	23.905838829486211	13.106469917070886	-1	10.799368912415325	-1	OK
17.500000000000000	31.539957481335350	9.3761854430313445	12.465316066764949	-3.0891306237336043	22.163772038304007	12.137232212814517	-1	10.026539825489490	-1	OK
17.750000000000000	29.375490311188095	8.8064826838787589	11.615968933216767	-2.8094862493380131	20.569007627309336	11.250869632173703	-1	9.3181379951356327	-1	OK
18.000000000000000	27.385130665590861	8.2773063921052810	10.834443876612074	-2.5571374845067933	19.107824273485580	10.439515789860046	-1	8.6683084836255340	-1	OK
18.250000000000000	25.552910528181684	7.7853630585325941	10.114541585622188	-2.3291785270895913	17.767547469649092	9.6958988010954918	-1	8.0716486685535997	-1	OK
18.500000000000000	23.856670372844619	7.3276762983017694	9.4507019166836717	-2.1230256183819050	16.528994074542847	9.0134427859780271	-1	7.5155512885648204	-1	OK
18.750000000000000	22.299198905665865	6.9015085830952945	8.8379234591972882	-1.9364148761019926	15.397690322570570	8.3866333176541730	-1	7.0110570049163972	-1	OK
19.000000000000000	20.860677008800856	6.5043779362658860	8.2717094962396978	-1.7673315599738104	14.356299072534968	7.8102639105048492	-1	6.5460351620301189	-1	OK
19.250000000000000	19.530879712517926	6.1340343806155291	7.7480102711530474	-1.6139758905375170	13.396845331902398	7.2796610912256190	-1	6.1171842406767789	-1	OK
19.500000000000000	18.299947163466996	5.7884012413197796	7.2631677852239260	-1.4747665439041480	12.511545922147217	6.7909260909795179	-1	5.7206198311676992	-1	OK
19.750000000000000	17.160045640207855	5.4655919359591651	6.8138810095046773	-1.3482890735455093	11.694453704248689	6.3402319625814236	-1	5.3542217416672653	-1	OK
20.000000000000000	16.104088249842960	5.1638932321388999	6.3971663647545975	-1.2332731326156989	10.940195017704061	5.9241835354469137	-1	5.0160114822571478	-1	OK
20.250000000000000	15.123324633534567	4.8817193545315618	6.0103177337543983	-1.1285983792228396	10.241605279003005	5.5397624737914795	-1	4.7018428052115260	-1	OK
20.500000000000000	14.205024317350869	4.6176218294530722	5.6508835239846640	-1.0332616945315929	9.5874024878977977	5.1842203135038156	-1	4.4031821743939821	-1	OK
20.750000000000000	13.358640437334918	4.3702840733668893	5.3166405872284797	-0.94635651386158981	8.9883563639680286	4.8551119795838318	-1	4.1332443843841968	-1	OK
21.000000000000000	12.571187947416703	4.1384834423614176	5.0055652794157846	-0.86708183705436770	8.4327045050552858	4.5501779447461530	-1	3.8825265603091328	-1	OK
21.250000000000000	11.838092992243681	3.9210994065835481	4.7158177126009546	-0.79471830601740556	7.9169935856601334	4.2674380199130999	-1	3.6495555657470335	-1	OK
21.500000000000000	11.155024801090425	3.7171092154945735	4.4457239606642682	-0.72861474516969527	7.4379155855958512	4.0050809880009473	-1	3.4328345975949039	-1	OK
21.750000000000000	10.518078399082690	3.5255682468896707	4.1937569511708181	-0.66818870428114940	6.9925101521930184	3.7614078940175477	-1	3.2311022581754707	-1	OK
22.000000000000000	9.9213342939764484	3.3456034300874786	3.9585223487247427	-0.61291891863726300	6.5757308638889702	3.5349193103041592	-1	3.0408115535848110	-1	OK
22.250000000000000	9.3665733058326435	3.1764126097693097	3.7387474022526512	-0.56233479248334184	6.1901606960633337	3.3242289510039216	-1	2.8659317450594122	-1	OK
22.500000000000000	8.8481264926922574	3.0172610479314144	3.5332690039095591	-0.51600795597814608	5.8308654447608435	3.1281014000856633	-1	2.7027640446751802	-1	OK
22.750000000000000	8.3632107089054113	2.8674629137125094	3.3410210966835487	-0.47355818297103941	5.4957477951929015	2.9453613487198615	-1	2.5503864464730399	-1	OK
23.000000000000000	7.9093532149547485	2.7263869940901673	3.1610276852198100	-0.43464069112964387	5.1829662208645813	2.7749907592793703	-1	2.4079754615852109	-1	OK
23.250000000000000	7.4842399978464558	2.5934538560790497	2.9923945219177472	-0.39894066583869786	4.8907861417674061	2.6160390354691283	-1	2.2747471062982778	-1	OK
23.500000000000000	7.0859098775716145	2.4681253168021278	2.8343002831718076	-0.36617496636967961	4.6177845607694863	2.4676347832791117	-1	2.1501497774903746	-1	OK
23.750000000000000	6.7123696695085400	2.3499004739207945	2.6859900140902315	-0.33608954016943676	4.3624691955877450	2.3289813804580199	-1	2.0334878151297251	-1	OK
24.000000000000000	6.3600122012655298	2.2383186706062976	2.5467704101447204	-0.30845173953842159	4.1216935306592326	2.1993447869582554	-1	1.9223487437009772	-1	OK
24.250000000000000	6.0310422022270025	2.1329532722436517	2.4160033689329912	-0.28305009668933939	3.8980889299833508	2.0780641050509270	-1	1.8200248249324238	-1	OK
24.500000000000000	5.7219655045655546	2.0334059392116650	2.2931007374434982	-0.25969479823183267	3.6885595653538901	1.9645308485695798	-1	1.7240287167843102	-1	OK
24.750000000000000	5.4313955496675179	1.9393092382305106	2.1775208980278693	-0.23821165979735898	3.4920863114370073	1.8581913254291447	-1	1.6338949860078626	-1	OK
25.000000000000000	5.1580586180794601	1.8503202500347185	2.0687639075441377	-0.21844365750941980	3.3077383680447419	1.7585489854066834	-1	1.5491893826380585	-1	OK
25.250000000000000	4.9008029234158723	1.7661225085403536	1.9663686789300674	-0.20024617038971401	3.1346804148755187	1.6650713080068760	-1	1.4696091068686428	-1	OK
25.500000000000000	4.6585271422380927	1.6864200222411476	1.8699087776126075	-0.18348875537145923	2.9721071199969451	1.5773486155543499	-1	1.3947585044425952	-1	OK
25.750000000000000	4.4308080252298669	1.6109371969115638	1.7789899286993756	-0.16805273178781202	2.8198708283183027	1.4949753648223520	-1	1.3248954634959507	-1	OK
26.000000000000000	4.2136831149501459	1.5394173523943291	1.6932474448449426	-0.15383009245061360	2.6742657625558168	1.4175823746851686	-1	1.2566833878706483	-1	OK
26.250000000000000	4.0108191455257174	1.4716229103077976	1.6123438906728467	-0.14072098036504824	2.5391962352179194	1.3448281059598717	-1	1.1943681292580477	-1	OK
26.500000000000000	3.8193582240802453	1.4073306777966001	1.5359662689894569	-0.12863559119285678	2.4120275462836451	1.2763857736930384	-1	1.1356417725906067	-1	OK
26.750000000000000	3.6385806350957681	1.3463325629828840	1.4638244349322391	-0.11749187194935495	2.2922480721128844	1.2119690019017308	-1	1.0802790702111535	-1	OK
27.000000000000000	3.4678152049184101	1.2884356533852221	1.3956494422029817	-0.10721378881775925	2.1793795515331880	1.1513076573852481	-1	1.0280718941479399	-1	OK
27.250000000000000	3.3062212471625125	1.2334591939316779	1.3311913877761989	-9.77321938445206984E-002	2.0727620532308344	1.0941591051078170	-1	0.97860294812301740	-1	OK
27.500000000000000	3.1535813017231273	1.1812336826383907	1.2702180915576367	-8.89844089192458054E-002	1.9723476190847364	1.0402896642640507	-1	0.93205795482068576	-1	OK
27.750000000000000	3.0091691198438273	1.1316015831738220	1.2125138255925285	-8.09122424187058570E-002	1.8775675366700055	0.98948847872119372	-1	0.88807905794881181	-1	OK
28.000000000000000	2.8724854892807903	1.0844151259495578	1.1578777980802764	-7.34626721307184427E-002	1.7880703633312325	0.94155797617128734	-1	0.84651238715994515	-1	OK
28.250000000000000	2.7432539222117853	1.0395360556713635	1.1061231298689316	-6.65870741975681940E-002	1.7037178665404218	0.89630424832975264	-1	0.80741361821066915	-1	OK
28.500000000000000	2.6206073417944147	0.99683518250089709	1.0570758321603477	-6.02406496594507027E-002	1.6237721592935177	0.85355965697255809	-1	0.77021250232095961	-1	OK
28.750000000000000	2.5043612667894579	0.95619088741912217	1.0105736407477246	-5.43827533286028592E-002	1.5481703793703356	0.81317709260861926	-1	0.73499328676171638	-1	OK
29.000000000000000	2.3941397572374048	0.91748996503302049	0.96646533976435545	-4.89753747313351681E-002	1.4766497922043842	0.77500005673578265	-1	0.70164973546860154	-1	OK
29.250000000000000	2.2895836621465921	0.88062557658164309	0.92460970330377268	-4.39841267221290841E-002	1.4089580855649493	0.73889472397798206	-1	0.67006336158696722	-1	OK
29.500000000000000	2.1903587736626626	0.84549796814925959	0.88487501954854364	-3.93770513992841922E-002	1.3448608055134030	0.70474486176821083	-1	0.64011594374519221	-1	OK
29.750000000000000	2.0961478438227630	0.81201307260064204	0.84713816948750709	-3.51250968868650135E-002	1.2841347712221209	0.67242202377592353	-1	0.61171274744619741	-1	OK
30.000000000000000	2.0066641177453173	0.78008298153285704	0.81128417173412115	-3.12011902012642034E-002	1.2265811362124603	0.64180868277238579	-1	0.58477245344007456	-1	OK
30.250000000000000	1.9210157734362798	0.74962500661918052	0.77720542108953328	-2.75804144703527300E-002	1.1713907668170993	0.61280592076609508	-1	0.55858484605100422	-1	OK
30.500000000000000	1.8402559007314550	0.72056115479528393	0.74480121878528338	-2.42400639899995503E-002	1.1196947459361710	0.58531856268110605	-1	0.53437618325506497	-1	OK
30.750000000000000	1.7634573981264552	0.69281825957918164	0.71397732863060925	-2.11590690514277362E-002	1.0706391385472736	0.55925683300190843	-1	0.51138230554536512	-1	OK
31.000000000000000	1.6903989244414062	0.66632737874694026	0.68464543860128546	-1.83180598543453560E-002	1.0240715456944658	0.53454408241851448	-1	0.48952746327595131	-1	OK
31.250000000000000	1.6208724972199651	0.64102353268240231	0.65672270338120597	-1.56991706988036349E-002	0.97984896453756287	0.51109301197816159	-1	0.46875595255940128	-1	OK
31.500000000000000	1.5546899412639354	0.61684586751691195	0.63013159990906908	-1.32857323921570201E-002	0.93784407374702361	0.48883237938679752	-1	0.44901169436022609	-1	OK
31.750000000000000	1.4916642458721547	0.59373661533899602	0.60479934834348170	-1.10627330044857659E-002	0.89792763053315872	0.46769256989528080	-1	0.43023506063787792	-1	OK
32.000000000000000	1.4316219042049831	0.57164187285332091	0.58065777096166793	-9.01589810834688664E-003	0.85998003135166223	0.44760952681389482	-1	0.41237050453776741	-1	OK
32.250000000000000	1.3744031363484717	0.55051058041299072	0.55764278787801957	-7.13220746502891707E-003	0.82389255593548083	0.42852335858305007	-1	0.39536919735243076	-1	OK
32.500000000000000	1.3198513503559948	0.53029435073591202	0.53569416552890614	-5.39981479299414448E-003	0.78955699962008274	0.41037785273545146	-1	0.37917914688463128	-1	OK
32.750000000000000	1.2678255811077039	0.51094768111388622	0.51475532504168287	-3.80764392779683750E-003	0.75687789999381783	0.39311968269432618	-1	0.36375821729949165	-1	OK
33.000000000000000	1.2181961762826112	0.49242777622388550	0.49477309645157902	-2.34532022769355815E-003	0.72576840005872578	0.37669978164274226	-1	0.34906861841598352	-1	OK
33.250000000000000	1.1708360622926515	0.47469425487349082	0.47569746814242853	-1.00321326893768937E-003	0.69614180741916065	0.36107533279681098	-1	0.33506647462234967	-1	OK
33.500000000000000	1.1256261863540487	0.45770873065375706	0.45748131680579279	2.27413847964383809E-004	0.66791745570029160	0.34620236143298189	-1	0.32171509426730971	-1	OK
33.750000000000000	1.0824526410829192	0.44143492982981736	0.44008029719138858	1.35463263842882709E-003	0.64101771125310181	0.33204115594087252	-1	0.30897655531222928	-1	OK
34.000000000000000	1.0412095475006538	0.42583861397801365	0.42345265615029948	2.38595782771435947E-003	0.61537093352264016	0.31855141622035371	-1	0.29681951730228645	-1	OK
34.250000000000000	1.0018010580031580	0.41088750708389216	0.40755906501446798	3.32844206942410582E-003	0.59091355091926578	0.30569553932161242	-1	0.28521801159765336	-1	OK
34.500000000000000	0.96413337307327629	0.39655104277073849	0.39236243071980131	4.18861205093715942E-003	0.56758233030253780	0.29343918761998750	-1	0.27414314268255030	-1	OK
34.750000000000000	0.92811567648847526	0.38280031557821265	0.37782777613664087	4.97253944157180494E-003	0.54531536091026256	0.28175059448171602	-1	0.26356476642854654	-1	OK
35.000000000000000	0.89366344593533564	0.36960783165590039	0.36392208052158920	5.68575113431111015E-003	0.52405561427943526	0.27059972782184472	-1	0.25345588645759054	-1	OK
35.250000000000000	0.86070851423341155	0.35694762315034267	0.35061419440075736	6.33342874958534637E-003	0.50376089108306887	0.25995870868121479	-1	0.24380218240185408	-1	OK
35.500000000000000	0.82917063968359328	0.34479480241318461	0.33787464954848573	6.92015286469893284E-003	0.48437583727040867	0.24980108154687963	-1	0.23457475572352904	-1	OK
35.750000000000000	0.79897560359058550	0.33312614837611693	0.32567570964180659	7.45043873431017710E-003	0.46584945521446863	0.24010192475752065	-1	0.22574753045694798	-1	OK
36.000000000000000	0.77006894067991860	0.32191983041284672	0.31399117070619864	7.92865970664809357E-003	0.44814911026707188	0.23083956086657309	-1	0.21730954940049879	-1	OK
36.250000000000000	0.74238106568338313	0.31115473470771643	0.30279617414278331	8.35856056493307700E-003	0.43122633097566671	0.22198882970285477	-1	0.20923750127281193	-1	OK
36.500000000000000	0.71585079882627911	0.30081089513599057	0.29206724506605314	8.74365006993736184E-003	0.41503990369028854	0.21352936604981879	-1	0.20151053764046975	-1	OK
36.750000000000000	0.69042664545441812	0.29086945736309389	0.28178218423095991	9.08727313213392868E-003	0.39955718809132418	0.20543949756288021	-1	0.19411769052844396	-1	OK
37.000000000000000	0.66605482962722817	0.28131232407446483	0.27191994933456504	9.39237473989977013E-003	0.38474250555276335	0.19770338291728876	-1	0.18703912263547459	-1	OK
37.250000000000000	0.64268698555361115	0.27212255871964042	0.26246068100898318	9.66187771065721290E-003	0.37056442683397073	0.19030363815148491	-1	0.18026078868248582	-1	OK
37.500000000000000	0.62027523192926926	0.26328406287281864	0.25338555589669870	9.89850697611989634E-003	0.35699116905645056	0.18322367738730411	-1	0.17376749166914646	-1	OK
37.750000000000000	0.59877448287199631	0.25478151052055942	0.24467672729262749	1.01047832279319572E-002	0.34399297235143689	0.17644862980329912	-1	0.16754434254813777	-1	OK
38.000000000000000	0.57814211059213760	0.24660016890540476	0.23631725237037809	1.02829165350266163E-002	0.33154194168673290	0.16996376611584421	-1	0.16157817557088869	-1	OK
38.250000000000000	0.55833625257363217	0.23872606789633977	0.22829108423152375	1.04349836648160981E-002	0.31961018467729235	0.16375325498866045	-1	0.15585692968863191	-1	OK
38.500000000000000	0.53927318028907245	0.23114592965545369	0.22058301122844168	1.05629184270120118E-002	0.30812725063361879	0.15780469699176203	-1	0.15032255364185676	-1	OK
38.750000000000000	0.52101177714493518	0.22384720947395648	0.21317862146069458	1.06685880132618652E-002	0.29716456767097865	0.15210603453736019	-1	0.14505853313361847	-1	OK
39.000000000000000	0.50346183002279954	0.21681795473940754	0.20606423790166192	1.07537168377456350E-002	0.28664387528339202	0.14664454353469195	-1	0.13999933174870008	-1	OK
39.250000000000000	0.48660777753877915	0.21004685328260472	0.19922688419869927	1.08199690839054837E-002	0.27656092425617440	0.14140929728284896	-1	0.13515162697332544	-1	OK
39.500000000000000	0.47041010227860747	0.20352303705666344	0.19265421394844701	1.08688231082164338E-002	0.26688706522194400	0.13638964708730436	-1	0.13049741813463964	-1	OK
39.750000000000000	0.45484026299868613	0.19723611031834121	0.18633449634838611	1.09016139699551189E-002	0.25760415268034492	0.13157548936048491	-1	0.12602866331986001	-1	OK
40.000000000000000	0.43987085702895057	0.19117617529312225	0.18025658502164371	1.09195902714785010E-002	0.24869468173582832	0.12695757440282587	-1	0.12173710733300244	-1	OK
40.250000000000000	0.42547484203237984	0.18533383047967811	0.17440989769166979	1.09239327880083625E-002	0.24014101155270176	0.12252722804922687	-1	0.11761378350347489	-1	OK
40.500000000000000	0.41162719309074058	0.17970016645871159	0.16878438327026862	1.09157831884430026E-002	0.23192702663202899	0.11827555456217230	-1	0.11365147206985669	-1	OK
40.750000000000000	0.39830409041997150	0.17426660282994441	0.16337046986841197	1.08961329615324624E-002	0.22403748759002712	0.11419410900759787	-1	0.10984337858242925	-1	OK
41.000000000000000	0.38548222188337250	0.16902506490218372	0.15815906976124663	1.08659951409369893E-002	0.21645715698118878	0.11027498213452516	-1	0.10618217484666362	-1	OK
41.250000000000000	0.37314077400566192	0.16396780347995532	0.15314152140985632	1.08262820700990598E-002	0.20917297052570663	0.10651096479951187	-1	0.10266200572619476	-1	OK
41.500000000000000	0.36126009742227128	0.15908735210295807	0.14830956449754826	1.07777876054097957E-002	0.20217274531931320	0.10289516848035973	-1	9.92775768389534685E-002	-1	OK
41.750000000000000	0.34981976695998029	0.15437657977531316	0.14365533853848597	1.07212412368272517E-002	0.19544318718466711	9.94209786143872704E-002	-1	9.60222085702798350E-002	-1	OK
42.000000000000000	0.33880147453022064	0.14982873404528457	0.13917137273415287	1.06573613111317200E-002	0.18897274048493606	9.60820968756874727E-002	-1	9.28906436092485910E-002	-1	OK
42.250000000000000	0.32826489127391179	0.14543736941484053	0.13485054671373531	1.05868227011052078E-002	0.18282752185907122	9.28725455805406164E-002	-1	8.99549762785306073E-002	-1	OK
42.500000000000000	0.31803915462313481	0.14119629660056165	0.13068607403408519	1.05102225664764314E-002	0.17684285802257313	8.97863801585531834E-002	-1	8.70564778640199460E-002	-1	OK
42.750000000000000	0.30799581003080889	0.13709967842970025	0.12667149945509837	1.04281789746019024E-002	0.17089613160110864	8.68181417252911897E-002	-1	8.40779898758174521E-002	-1	OK
43.000000000000000	0.29850463345070061	0.13314190774062296	0.12280065689671138	1.03412508439115446E-002	0.16536272571007765	8.39636794554657340E-002	-1	8.13990462546119176E-002	-1	OK
43.250000000000000	0.28924216417139725	0.12931757147066464	0.11906765608189922	1.02499153887654400E-002	0.15992459270073264	8.12172876853940462E-002	-1	7.87073050153385967E-002	-1	OK
43.500000000000000	0.28042027404608227	0.12562148063285578	0.11546687684071306	1.01546037921426968E-002	0.15479879341322650	7.85743946482258954E-002	-1	7.62243987650006033E-002	-1	OK
43.750000000000000	0.27191138736027676	0.12204868344289954	0.11199296199334041	1.00557214495591105E-002	0.14986270391737724	7.60306285234283036E-002	-1	7.38320753939489399E-002	-1	OK
44.000000000000000	0.26370287425342742	0.11859449703951400	0.10864080948361016	9.95368755590386387E-003	0.14510837721391345	7.35817164018303660E-002	-1	7.15266608120830871E-002	-1	OK
44.250000000000000	0.25578280452890267	0.11525442942591091	0.10540554530749210	9.84888411841879259E-003	0.14052837510299176	7.12239835089661377E-002	-1	6.93043915940256272E-002	-1	OK
44.500000000000000	0.24813980278670983	0.11202415035252576	0.10228250996732773	9.74164038519806375E-003	0.13611565243418405	6.89539094652995566E-002	-1	6.71617429688844969E-002	-1	OK
44.750000000000000	0.24076218322267062	0.10889953000265884	9.92672556305192605E-002	9.63227437213955498E-003	0.13186265322001178	6.67678493153450181E-002	-1	6.50948039046667648E-002	-1	OK
45.000000000000000	0.23364029816935095	0.10587663506784938	9.63555359314469395E-002	9.52109913640242743E-003	0.12776366310150158	6.46616547164420297E-002	-1	6.31020083850595548E-002	-1	OK
45.250000000000000	0.22676361668750067	0.10295168979674954	9.35432908418103171E-002	9.40839895493923890E-003	0.12381192689075114	6.26319347097505641E-002	-1	6.11799921810005781E-002	-1	OK
45.500000000000000	0.22012233060913816	0.10012105258808973	9.08266331557807394E-002	9.29441943230896114E-003	0.12000127802104843	6.06756356174635858E-002	-1	5.93256424035848440E-002	-1	OK
45.750000000000000	0.21370695502809983	9.73812092702412008E-002	8.82018436135750816E-002	9.17936565666610527E-003	0.11632574575785862	5.87897669163464434E-002	-1	5.75359788415121740E-002	-1	OK
46.000000000000000	0.20750892668460030	9.47288400403375475E-002	8.56653764260565387E-002	9.06346361428101224E-003	0.11278008664426276	5.69714431252280953E-002	-1	5.58086435190346605E-002	-1	OK
46.250000000000000	0.20151986513793579	9.21607583278940268E-002	8.32138376562323034E-002	8.94692067166167303E-003	0.10935910681004178	5.52179151506104887E-002	-1	5.41411916594312925E-002	-1	OK
46.500000000000000	0.19573150522046012	8.96738805234211234E-002	8.08439756653769881E-002	8.82990485804415609E-003	0.10605762469703901	5.35255584374122184E-002	-1	5.25320662596267945E-002	-1	OK
46.750000000000000	0.19013676649244066	8.72652850474993080E-002	7.85526861388301662E-002	8.71259890866911586E-003	0.10287148144494135	5.18923876810064300E-002	-1	5.09790937639349184E-002	-1	OK
47.000000000000000	0.18472797762200863	8.49321827909537003E-002	7.63369977796642674E-002	8.59518501128942944E-003	9.97957948310549264E-002	5.03166437870959243E-002	-1	4.94791510439590021E-002	-1	OK
47.250000000000000	0.17949791402873955	8.26718495487647476E-002	7.41940560287643464E-002	8.47779352000040294E-003	9.68260644799747994E-002	4.87098150788996126E-002	-1	4.81162494010751868E-002	-1	OK
47.500000000000000	0.17444001648164692	8.04816626129793156E-002	7.21211264565637944E-002	8.36053615641551250E-003	9.39583538686675906E-002	4.72448040652882761E-002	-1	4.67135498033793145E-002	-1	OK
47.750000000000000	0.16954783523236749	7.83591196774126170E-002	7.01155942760570972E-002	8.24352540135553195E-003	9.11887155549548772E-002	4.58305483890395701E-002	-1	4.53581671659153071E-002	-1	OK
48.000000000000000	0.16466047838037218	7.63018376199788573E-002	6.81749587448418626E-002	8.12687887513699816E-003	8.83586407603933338E-002	4.44650560005617757E-002	-1	4.38935847598315582E-002	-1	OK
48.250000000000000	0.16008118961468273	7.43075291366473434E-002	6.62968230050918345E-002	8.01070613155551586E-003	8.57736604780353906E-002	4.31464213775633598E-002	-1	4.26272391004720308E-002	-1	OK
48.500000000000000	0.15564556903730747	7.23739752124328006E-002	6.44788861451589534E-002	7.89508906727385412E-003	8.32715938248746873E-002	4.18728229722410555E-002	-1	4.13987708526336318E-002	-1	OK
48.750000000000000	0.15135685484258388	7.04990742806593518E-002	6.27189483455001390E-002	7.78012593515920413E-003	8.08577805619245249E-002	4.06424753323660209E-002	-1	4.02153052295585040E-002	-1	OK
49.000000000000000	0.14720530324394732	6.86808028726633435E-002	6.10148985494033472E-002	7.66590432325995816E-003	7.85245003712839729E-002	3.94536578809597874E-002	-1	3.90708424903241855E-002	-1	OK
49.250000000000000	0.14318614226299334	6.69172005078047250E-002	5.93647090026619556E-002	7.55249150514278843E-003	7.62689417551886129E-002	3.83050587522273389E-002	-1	3.79638830029612739E-002	-1	OK
49.500000000000000	0.13929485900892891	6.52063870906501725E-002	5.77664343752429255E-002	7.43995271540724874E-003	7.40884719182787477E-002	3.70125317320057004E-002	-1	3.70759401862730473E-002	-1	OK
49.750000000000000	0.13552646167434163	6.35465434751290997E-002	5.62182068051491762E-002	7.32833666997991830E-003	7.19799181992125114E-002	3.59446940910750704E-002	-1	3.60352241081374411E-002	-1	OK
50.000000000000000	0.13187642805043248	6.19359337956968750E-002	5.47182371662946129E-002	7.21769662940226209E-003	6.99404942547355996E-002	3.49123164823695528E-002	-1	3.50281777723660467E-002	-1	OK
50.250000000000000	0.12834043926541777	6.03728823693562011E-002	5.32648061542878234E-002	7.10807621506838200E-003	6.79675568960615567E-002	3.39140547928900790E-002	-1	3.40535021031714777E-002	-1	OK
50.500000000000000	0.12491442798837225	5.88557719617769232E-002	5.18562637672446494E-002	6.99950819453227981E-003	6.60586560265953304E-002	3.29486386662320163E-002	-1	3.31100173603633141E-002	-1	OK
50.750000000000000	0.12159467979642680	5.73830681997314559E-002	5.04910303991565543E-002	6.89203780057492769E-003	6.42116115966953477E-002	3.20148468610684730E-002	-1	3.21967647356268746E-002	-1	OK
51.000000000000000	0.11837724484465489	5.59533027136068090E-002	4.91675887241650109E-002	6.78571398944178249E-003	6.24239421310480852E-002	3.11113213799864702E-002	-1	3.13126207510616150E-002	-1	OK
51.250000000000000	0.11525859449229042	5.45650345702338863E-002	4.78844760527232030E-002	6.68055851751068585E-003	6.06935599220565364E-002	3.02370134147495889E-002	-1	3.04565465073069475E-002	-1	OK
51.500000000000000	0.11223525838737028	5.32168879011060622E-002	4.66402897885639239E-002	6.57659811254212960E-003	5.90183704862642100E-002	2.93909733929051224E-002	-1	2.96273970933590876E-002	-1	OK
51.750000000000000	0.10930393725167628	5.19075389602574044E-002	4.54336816269337168E-002	6.47385733332370324E-003	5.73963982914188764E-002	2.85721826532213397E-002	-1	2.88242156381975367E-002	-1	OK
52.000000000000000	0.10643695843790280	5.06356977401540773E-002	4.42633533299019860E-002	6.37234441025208952E-003	5.58012606977487113E-002	2.77796112105837024E-002	-1	2.80216494871650089E-002	-1	OK
52.250000000000000	0.10368092402834964	4.94001326787857145E-002	4.31280588994843728E-002	6.27207377930133134E-003	5.42807913495639213E-002	2.70122139647049307E-002	-1	2.72685773848589906E-002	-1	OK
52.500000000000000	0.10100768555324145	4.81996604137850462E-002	4.20266016824029365E-002	6.17305873138210975E-003	5.28080251394564062E-002	2.62692111500829363E-002	-1	2.65388139893734699E-002	-1	OK
52.750000000000000	9.84145053435674932E-002	4.70331434325927875E-002	4.09578321908161957E-002	6.07531124177656569E-003	5.13813619109747127E-002	2.55497962603599693E-002	-1	2.58315656506147434E-002	-1	OK
53.000000000000000	9.58986146549934970E-002	4.58994953015293417E-002	3.99206453474414066E-002	5.97884995408793848E-003	4.99991193534641554E-002	2.48530447072062219E-002	-1	2.51460746462579335E-002	-1	OK
53.250000000000000	9.34573813980014712E-002	4.47976522289702320E-002	3.89139744781930377E-002	5.88367775077720031E-003	4.86597291690312461E-002	2.41781274176370645E-002	-1	2.44816017513941817E-002	-1	OK
53.500000000000000	9.10884103353480912E-002	4.37265878758913290E-002	3.79367942747292769E-002	5.78979360116203996E-003	4.73618224594567552E-002	2.35242136824376710E-002	-1	2.38376087770190842E-002	-1	OK
53.750000000000000	8.87891324666933157E-002	4.26853295961894461E-002	3.69881214809067507E-002	5.69720811528267538E-003	4.61038028705038697E-002	2.28906402370831832E-002	-1	2.32131626334206864E-002	-1	OK
54.000000000000000	8.65572719712490168E-002	4.16729285570680702E-002	3.60670065880691407E-002	5.60592196899892953E-003	4.48843434141809397E-002	2.22766904059582584E-002	-1	2.26076530082226813E-002	-1	OK
54.250000000000000	8.43904842491158269E-002	4.06884654111189584E-002	3.51725353832970308E-002	5.51593002782194142E-003	4.37020188379968755E-002	2.16816766182980590E-002	-1	2.20203422196988165E-002	-1	OK
54.500000000000000	8.22865275386537032E-002	3.97310611466836355E-002	3.43038293524125792E-002	5.42723179427106149E-003	4.25554663919700607E-002	2.11049380728275775E-002	-1	2.14505283191424832E-002	-1	OK
54.750000000000000	8.02433518209264562E-002	3.87998714580472873E-002	3.34600427253921862E-002	5.33982873265509417E-003	4.14434803628791759E-002	2.05458445646693570E-002	-1	2.08976357982098189E-002	-1	OK
55.000000000000000	7.82530879133103985E-002	3.78940739259562426E-002	3.26403593006685325E-002	5.25371462528770056E-003	4.03590139873541490E-002	2.00037827844659066E-002	-1	2.03552312028882423E-002	-1	OK
55.250000000000000	7.63257861078515121E-002	3.70128738291967824E-002	3.18439928187810029E-002	5.16888101041578125E-003	3.93129122786547228E-002	1.94781479862099621E-002	-1	1.98347642924447606E-002	-1	OK
55.500000000000000	7.44536790917801339E-002	3.61555091829003361E-002	3.10701871964738537E-002	5.08532198642648418E-003	3.82981699088797908E-002	1.89684032958455408E-002	-1	1.93297666130342501E-002	-1	OK
55.750000000000000	7.26351265226299336E-002	3.53212442813699984E-002	3.03182138994768022E-002	5.00303038189319014E-003	3.73138822412599422E-002	1.84740639814945339E-002	-1	1.88398182597654083E-002	-1	OK
56.000000000000000	7.08680164667010448E-002	3.45093743675137371E-002	2.95873717626873312E-002	4.92200260482640334E-003	3.63586420991873077E-002	1.79945890603651903E-002	-1	1.83640530388221174E-002	-1	OK
56.250000000000000	6.91471624250346584E-002	3.37192145204621360E-002	2.88769833784420192E-002	4.84223114202010814E-003	3.54279479045725224E-002	1.75294191208992291E-002	-1	1.78985287836732933E-002	-1	OK
56.500000000000000	6.74783812998911159E-002	3.29500968843738848E-002	2.81863948778996662E-002	4.76370200647421600E-003	3.45282844155172311E-002	1.70780713053571530E-002	-1	1.74502131101600781E-002	-1	OK
56.750000000000000	6.58563032679132243E-002	3.22013822390021520E-002	2.75149769421183833E-002	4.68640529688377130E-003	3.36549210289110792E-002	1.66400866675973300E-002	-1	1.70148343613137493E-002	-1	OK
57.000000000000000	6.42791823731592715E-002	3.14724536173196512E-002	2.68621224369981829E-002	4.61033118032146833E-003	3.28067287558396134E-002	1.62150170663112152E-002	-1	1.65917116895283982E-002	-1	OK
57.250000000000000	6.27397011505184815E-002	3.07627078305103864E-002	2.62272446732796718E-002	4.53546315723071716E-003	3.19769933200080916E-002	1.58024175183988300E-002	-1	1.61745758016092617E-002	-1	OK
57.500000000000000	6.12491133167525209E-002	3.00715645419580846E-002	2.56097779969135450E-002	4.46178654504454913E-003	3.11775487747944328E-002	1.54019954727855190E-002	-1	1.57755533020089156E-002	-1	OK
57.750000000000000	5.97996227186967169E-002	2.93984681486064055E-002	2.50091771785898621E-002	4.38929097001653900E-003	3.04011545700903114E-002	1.50132365688633220E-002	-1	1.53879180012269894E-002	-1	OK
58.000000000000000	5.83899974364198715E-002	2.87428779783361309E-002	2.44249163607966439E-002	4.31796161753948519E-003	2.96471194580837372E-002	1.46357744378084187E-002	-1	1.50113450202753185E-002	-1	OK
58.250000000000000	5.70189020409739011E-002	2.81042756991512419E-002	2.38564892938351002E-002	4.24778640531615296E-003	2.89146263418226558E-002	1.42692557896930954E-002	-1	1.46453705521295604E-002	-1	OK
58.500000000000000	5.56729383112915810E-002	2.74821600422840984E-002	2.33034069906548451E-002	4.17875305162924982E-003	2.81907782690074792E-002	1.39132824414585719E-002	-1	1.42774958275489073E-002	-1	OK
58.750000000000000	5.43756054139459405E-002	2.68760452827438399E-002	2.27651972508144222E-002	4.11084803192941165E-003	2.74995601312021040E-002	1.35675085201794349E-002	-1	1.39320516110226691E-002	-1	OK
59.000000000000000	5.31132754874655000E-002	2.62854611964383617E-002	2.22414039613770785E-002	4.04405723506127881E-003	2.68278142910271349E-002	1.32316030428489498E-002	-1	1.35962112481781850E-002	-1	OK
59.250000000000000	5.18848824754472374E-002	2.57099542589949576E-002	2.17315870233634884E-002	3.97836723563146574E-003	2.61749282164522798E-002	1.29052507351038320E-002	-1	1.32696774813484478E-002	-1	OK
59.500000000000000	5.06893810957604746E-002	2.51490826986173199E-002	2.12353205017873532E-002	3.91376219682996931E-003	2.55402983971431546E-002	1.25881444714604513E-002	-1	1.29521539256827033E-002	-1	OK
59.750000000000000	4.95258252434529270E-002	2.46024171670387384E-002	2.07521928705848638E-002	3.85022429645387378E-003	2.49234080764141885E-002	1.22799884108669433E-002	-1	1.26434196655472453E-002	-1	OK
60.000000000000000	4.83931872850275613E-002	2.40695453853330549E-002	2.02818076093716285E-002	3.78773777596142988E-003	2.43236418996945099E-002	1.19804968465981217E-002	-1	1.23431450530963882E-002	-1	OK
60.250000000000000	4.72774608946885319E-002	2.35500722247096728E-002	1.98237824203163077E-002	3.72628980439336944E-003	2.37273886699788591E-002	1.16893938450423358E-002	-1	1.20379948249365234E-002	-1	OK
60.500000000000000	4.62042157758592864E-002	2.30436149906972504E-002	1.93777476927380933E-002	3.66586729795916099E-003	2.31606007851620360E-002	1.14063818651875554E-002	-1	1.17542189199744806E-002	-1	OK
60.750000000000000	4.51591540509786726E-002	2.25498023309242956E-002	1.89433460230575799E-002	3.60645630786672437E-003	2.26093517200543735E-002	1.11312312122084818E-002	-1	1.14781205078458917E-002	-1	OK
61.000000000000000	4.41415262436009731E-002	2.20682755885855848E-002	1.85202320274279221E-002	3.54804356115765883E-003	2.20732506550153848E-002	1.08637015458513640E-002	-1	1.12095491091640208E-002	-1	OK
61.250000000000000	4.31504422748619360E-002	2.15986867492879639E-002	1.81080716022541492E-002	3.49061514703381294E-003	2.15517555255739721E-002	1.06035556635188429E-002	-1	1.09481998620551291E-002	-1	OK
61.500000000000000	4.21851695911921939E-002	2.11406971149910722E-002	1.77065413752793832E-002	3.43415573971168637E-003	2.10444724762011218E-002	1.03505624571383591E-002	-1	1.06939100190627627E-002	-1	OK
61.750000000000000	4.12449773525930471E-002	2.06939787223408347E-002	1.73153286721297005E-002	3.37865005021113904E-003	2.05509986302522124E-002	1.01044934056175265E-002	-1	1.04465052246346859E-002	-1	OK
62.000000000000000	4.03316010733460045E-002	2.02582150322580673E-002	1.69341313406541974E-002	3.32408369160386904E-003	2.00733860410879372E-002	9.86513907417599194E-003	-1	1.02082469669119453E-002	-1	OK
62.250000000000000	3.94391170069759989E-002	1.98330980310014483E-002	1.65626570254889735E-002	3.27044100551246789E-003	1.96060189759745471E-002	9.63229293842140372E-003	-1	9.97372603755314335E-003	-1	OK
62.500000000000000	3.85694854215144281E-002	1.94183303400865745E-002	1.62006232874013605E-002	3.21770705268520883E-003	1.91511550814278536E-002	9.40575549887789041E-003	-1	9.74539958254996320E-003	-1	OK
62.750000000000000	3.77220482956204112E-002	1.90136261226423291E-002	1.58477573171996941E-002	3.16586880544263713E-003	1.87084221729780821E-002	9.18533267357705442E-003	-1	9.52308949940102768E-003	-1	OK
63.000000000000000	3.68961890927425734E-002	1.86187072462824857E-002	1.55037948380470272E-002	3.11491240823546069E-003	1.82774818464600843E-002	8.97083786877872665E-003	-1	9.30664397768135761E-003	-1	OK
63.250000000000000	3.60913002543786915E-002	1.82333056555190262E-002	1.51684802210281088E-002	3.06482543449091956E-003	1.78579945988596618E-002	8.76207607588697611E-003	-1	9.09591852297268570E-003	-1	OK
63.500000000000000	3.53067269404337830E-002	1.78571593000101288E-002	1.48415656443661882E-002	3.01559365564394019E-003	1.74495676404236577E-002	8.55889266709423946E-003	-1	8.89067497332941825E-003	-1	OK
63.750000000000000	3.45344117946711007E-002	1.74900132423350119E-002	1.45228112318411661E-002	2.96720201049384923E-003	1.70443985523360889E-002	8.36113710831731284E-003	-1	8.68326144401877602E-003	-1	OK
64.000000000000000	3.37889231583450161E-002	1.71316227897876927E-002	1.42119851752582453E-002	2.91963761452944696E-003	1.66573003685573269E-002	8.16862461496658046E-003	-1	8.48867575359074644E-003	-1	OK
64.250000000000000	3.30620180405591796E-002	1.67817490999517850E-002	1.39088627005115283E-002	2.87288639944025415E-003	1.62802689406073911E-002	7.98119810382727501E-003	-1	8.29907083678011609E-003	-1	OK
64.500000000000000	3.23532047372099563E-002	1.64401609184095868E-002	1.36132263744844235E-002	2.82693454392515765E-003	1.59130438188003660E-002	7.79868287265932710E-003	-1	8.11436094614103806E-003	-1	OK
64.750000000000000	3.16619542405984222E-002	1.61066355654116110E-002	1.33248659840469724E-002	2.78176958136464210E-003	1.55553186751868095E-002	7.62091844573511371E-003	-1	7.93440022945169493E-003	-1	OK
65.000000000000000	3.09877958087044318E-002	1.57809558412203461E-002	1.30435776476623723E-002	2.73737819355797819E-003	1.52068399674840857E-002	7.44777221120843450E-003	-1	7.75906775627565118E-003	-1	OK
65.250000000000000	3.03220643290395553E-002	1.54629117446357170E-002	1.27691639959896640E-002	2.69374774864605858E-003	1.48591525844038400E-002	7.27913849815623945E-003	-1	7.58001408624760058E-003	-1	OK
65.500000000000000	2.96808059076540467E-002	1.51522993616537149E-002	1.25014336982653702E-002	2.65086566338834130E-003	1.45285065460003335E-002	7.11488488277895337E-003	-1	7.41362166322138017E-003	-1	OK
65.750000000000000	2.90552475549343305E-002	1.48489212846676655E-002	1.22402015122455837E-002	2.60871977242207792E-003	1.42063262702666650E-002	6.95487812940358188E-003	-1	7.25144814086308310E-003	-1	OK
66.000000000000000	2.84449472654652730E-002	1.45525855783599951E-002	1.19852878533315901E-002	2.56729772502840717E-003	1.38923616871052796E-002	6.79898439890702644E-003	-1	7.09337728819825312E-003	-1	OK
66.250000000000000	2.78495471300887615E-002	1.42631041690954793E-002	1.17365183405431384E-002	2.52658582855233961E-003	1.35864429609932804E-002	6.64710307414905378E-003	-1	6.93933988684422663E-003	-1	OK
66.500000000000000	2.72686257105180033E-002	1.39802961597418896E-002	1.14937243312246314E-002	2.48657182851726210E-003	1.32883295507761120E-002	6.49911224104604470E-003	-1	6.78921730973006728E-003	-1	OK
66.750000000000000	2.67016852260819303E-002	1.37039851738949142E-002	1.12567422802614583E-002	2.44724289363345421E-003	1.29977000521870160E-002	6.35489940990283629E-003	-1	6.64280064228417975E-003	-1	OK
67.000000000000000	2.61482425117412175E-002	1.34340003297996006E-002	1.10254137855377975E-002	2.40858654426179914E-003	1.27142421819416169E-002	6.21435581078245026E-003	-1	6.49988637115916663E-003	-1	OK
67.250000000000000	2.56080634564295403E-002	1.31701789963041133E-002	1.07995859979394364E-002	2.37059299836467645E-003	1.24378844601254254E-002	6.07737600594391615E-003	-1	6.36050845418150920E-003	-1	OK
67.500000000000000	2.50807797850941643E-002	1.29123622993085746E-002	1.05791102954406763E-002	2.33325200386789436E-003	1.21684174857855897E-002	5.94385802864144663E-003	-1	6.22455945714414302E-003	-1	OK
67.750000000000000	2.45660431966216557E-002	1.26603946977761252E-002	1.03638423303648794E-002	2.29655236741124541E-003	1.19056484988455304E-002	5.81370317138246197E-003	-1	6.09194532746306847E-003	-1	OK
68.000000000000000	2.40635138386228395E-002	1.24141246508769412E-002	1.01536420293381283E-002	2.26048262153881246E-003	1.16493891877458983E-002	5.68682780658910560E-003	-1	5.96256138115679266E-003	-1	OK
68.250000000000000	2.35728280178098756E-002	1.21734052587153217E-002	9.94837354056583682E-003	2.22503171814948360E-003	1.13994227590945556E-002	5.56313069689402719E-003	-1	5.83629206220052845E-003	-1	OK
68.500000000000000	2.30936939787067183E-002	1.19380940698167737E-002	9.74790512838248462E-003	2.19018894143429167E-003	1.11555999088899429E-002	5.44251576522780233E-003	-1	5.71308414366214056E-003	-1	OK
68.750000000000000	2.26258062836385311E-002	1.17080516057869958E-002	9.55210870666475809E-003	2.15594289912223987E-003	1.09177546778515353E-002	5.32489839862299551E-003	-1	5.59285627922853981E-003	-1	OK
69.000000000000000	2.21688578972304116E-002	1.14831415179577449E-002	9.36085996833929505E-003	2.12228154961844858E-003	1.06857163792726667E-002	5.21020506223322626E-003	-1	5.47551131703944045E-003	-1	OK
69.250000000000000	2.17225664024167792E-002	1.12632329521805442E-002	9.17403872453091164E-003	2.08919422764962870E-003	1.04593334502362367E-002	5.09833899563075666E-003	-1	5.36099445460548000E-003	-1	OK
69.500000000000000	2.12866496761147418E-002	1.10482000557665591E-002	8.99152861280383235E-003	2.05667144296272893E-003	1.02384496203481827E-002	4.98922510596586447E-003	-1	5.24922451438231824E-003	-1	OK
69.750000000000000	2.08608336123713503E-002	1.08379196478393183E-002	8.81321647911446210E-003	2.02470316872485276E-003	1.00229139645320320E-002	4.88276316117038089E-003	-1	5.14015080336165109E-003	-1	OK
70.000000000000000	2.04448538604315444E-002	1.06322725783864463E-002	8.63899268707029981E-003	1.99327989131614734E-003	9.81258128204509986E-003	4.77890310286599885E-003	-1	5.03367817917910101E-003	-1	OK
70.250000000000000	2.00384547189794426E-002	1.04311440317658641E-002	8.46875086571201134E-003	1.96239316605384970E-003	9.60731068721358029E-003	4.67757467789919456E-003	-1	4.92973600931438573E-003	-1	OK
70.500000000000000	1.96413753752834458E-002	1.02344207322242458E-002	8.30238744344811118E-003	1.93203328877613483E-003	9.40695464305919826E-003	4.57870823730994764E-003	-1	4.82824640574925062E-003	-1	OK
70.750000000000000	1.92533701331494694E-002	1.00419927932727544E-002	8.13980187382332306E-003	1.90219091944943196E-003	9.21137733987671681E-003	4.48223619284242748E-003	-1	4.72914114703428933E-003	-1	OK
71.000000000000000	1.88742098529185234E-002	9.85375277183762541E-003	7.98089643048875003E-003	1.87285634134887993E-003	9.02045708108089629E-003	4.38809308763153140E-003	-1	4.63236399344936489E-003	-1	OK
71.250000000000000	1.85019780115113983E-002	9.66959634726034800E-003	7.82557623442185595E-003	1.84402011283849162E-003	8.83238166425105026E-003	4.29622055259022955E-003	-1	4.53616111166082071E-003	-1	OK
71.500000000000000	1.81398697846841053E-002	9.48942244663301265E-003	7.67374921196972096E-003	1.81567323466329191E-003	8.65044733805109267E-003	4.20655410895272048E-003	-1	4.44389322909837219E-003	-1	OK
71.750000000000000	1.77859586307512370E-002	9.31313277123538286E-003	7.52532593919617073E-003	1.78780683203921234E-003	8.47282585951585412E-003	4.11559765187686881E-003	-1	4.35722820763898532E-003	-1	OK
72.000000000000000	1.74400133160581908E-002	9.14063164584192137E-003	7.38021959517117573E-003	1.76041205067074542E-003	8.29938167021627114E-003	4.03022797738533320E-003	-1	4.26915369283093794E-003	-1	OK
72.250000000000000	1.71018354973110909E-002	8.97182674717077362E-003	7.23834599263264381E-003	1.73348075453813154E-003	8.13000875014031898E-003	3.94688690950142917E-003	-1	4.18312184063888981E-003	-1	OK
72.500000000000000	1.67712269021858505E-002	8.80662772066473018E-003	7.09962322350388576E-003	1.70700449716084572E-003	7.96459918152112034E-003	3.86552052921014175E-003	-1	4.09907865231097859E-003	-1	OK
72.750000000000000	1.64479936446549242E-002	8.64494650208919198E-003	6.96397170639611891E-003	1.68097479569306982E-003	7.80304714256573138E-003	3.78607550925685269E-003	-1	4.01697163330887869E-003	-1	OK
73.000000000000000	1.61319473569074973E-002	8.48669815806020814E-003	6.83131425363430606E-003	1.65538390442590251E-003	7.64524919884729086E-003	3.70850045193853650E-003	-1	3.93674874690875393E-003	-1	OK
73.250000000000000	1.58229040897020362E-002	8.33180080396187309E-003	6.70157595173613042E-003	1.63022485222574505E-003	7.49110328574016486E-003	3.63274562004394994E-003	-1	3.85835766569621492E-003	-1	OK
73.500000000000000	1.55207126197104313E-002	8.18017385660657452E-003	6.57468377564938370E-003	1.60549008095718930E-003	7.34053876310385590E-003	3.55874300422592436E-003	-1	3.78179575887793154E-003	-1	OK
73.750000000000000	1.52236466750875522E-002	8.03173861524423237E-003	6.45056666886004420E-003	1.58117194638419099E-003	7.19190805984332073E-003	3.48646504539755400E-003	-1	3.70544301444576674E-003	-1	OK
74.000000000000000	1.49346472459351703E-002	7.88641794609254605E-003	6.32915549511244967E-003	1.55726245098009551E-003	7.04822929984262429E-003	3.41586773783681200E-003	-1	3.63236156200581230E-003	-1	OK
74.250000000000000	1.46519692087863605E-002	7.74413674147310903E-003	6.21038303851692650E-003	1.53375370295618404E-003	6.90783246731325063E-003	3.34690720840812202E-003	-1	3.56092525890512861E-003	-1	OK
74.500000000000000	1.43754548621989713E-002	7.60482286529869014E-003	6.09418419607904178E-003	1.51063866921964879E-003	6.77063199690028025E-003	3.27954072144525646E-003	-1	3.49109127545502379E-003	-1	OK
74.750000000000000	1.41049564146977918E-002	7.46840618833540405E-003	5.98049563226961314E-003	1.48791055606579373E-003	6.63655022636238778E-003	3.21373539468050454E-003	-1	3.42281483168188324E-003	-1	OK
75.000000000000000	1.38403276555867406E-002	7.33481789932042411E-003	5.86925568153341421E-003	1.46556221778700903E-003	6.50550975626631653E-003	3.14944592584704905E-003	-1	3.35606383041926748E-003	-1	OK
75.250000000000000	1.35814262045159048E-002	7.20399169526796720E-003	5.76040446252331674E-003	1.44358723274464872E-003	6.37743450924793676E-003	3.08662854758084493E-003	-1	3.29080596166709182E-003	-1	OK
75.500000000000000	1.33281096729302145E-002	7.07586241085560348E-003	5.65388364779715377E-003	1.42197876305844993E-003	6.25224726207461098E-003	3.02522540526022066E-003	-1	3.22702185681439033E-003	-1	OK
75.750000000000000	1.30802366279237706E-002	6.95036627257111100E-003	5.54963647775079828E-003	1.40072979482031056E-003	6.12987035535265869E-003	2.96522044778835215E-003	-1	3.16464990756430654E-003	-1	OK
76.000000000000000	1.28376744025797788E-002	6.82744167955223139E-003	5.44760786160145786E-003	1.37983381795077418E-003	6.01023272302754746E-003	2.90657751433379911E-003	-1	3.10365520869374835E-003	-1	OK
76.250000000000000	1.26002951095969019E-002	6.70702980335194550E-003	5.34774439875454477E-003	1.35928540459740355E-003	5.89326530624495644E-003	2.84926174928186145E-003	-1	3.04400355696309499E-003	-1	OK
76.500000000000000	1.23679782399627597E-002	6.58907250993899084E-003	5.24999392193612521E-003	1.33907858800286434E-003	5.77890573002376885E-003	2.79323927165736575E-003	-1	2.98566645836640309E-003	-1	OK
76.750000000000000	1.21406053671777418E-002	6.47351293965792336E-003	5.15430561711029394E-003	1.31920732254763029E-003	5.66709242751981847E-003	2.73847716115455586E-003	-1	2.92861526636526261E-003	-1	OK
77.000000000000000	1.19180475602838412E-002	6.36029550284632293E-003	5.06062999068618725E-003	1.29966551216013416E-003	5.55775205743751916E-003	2.68494345117901078E-003	-1	2.87280860625850837E-003	-1	OK
77.250000000000000	1.17001942645103864E-002	6.24936586330802381E-003	4.96891886951161474E-003	1.28044699379641167E-003	5.45082840120236257E-003	2.63260720647219299E-003	-1	2.81822119473016958E-003	-1	OK
77.500000000000000	1.14869299415334310E-002	6.14067070535855800E-003	4.87912531698679770E-003	1.26154538837175878E-003	5.34625923617487210E-003	2.58143822036551937E-003	-1	2.76482101580935273E-003	-1	OK
77.750000000000000	1.12781444896807269E-002	6.03415891080281985E-003	4.79120381327099391E-003	1.24295509753182551E-003	5.24398557887790617E-003	2.53140773162835019E-003	-1	2.71257784724955597E-003	-1	OK
78.000000000000000	1.10737212421687589E-002	5.92978086652349787E-003	4.70511011067338905E-003	1.22467075585010795E-003	5.14394037564526105E-003	2.48248855732286638E-003	-1	2.66145181832239466E-003	-1	OK
78.250000000000000	1.08735622472628697E-002	5.82748836603964090E-003	4.62080111185590378E-003	1.20668725418373365E-003	5.04607388122322881E-003	2.43465779141598376E-003	-1	2.61141608980724506E-003	-1	OK
78.500000000000000	1.06775995518951280E-002	5.72723438118081293E-003	4.53823488760242161E-003	1.18899949357839001E-003	4.95036517071431505E-003	2.38788534661024416E-003	-1	2.56247982410407089E-003	-1	OK
78.750000000000000	1.04857111478622710E-002	5.62897313731109544E-003	4.45737057166490681E-003	1.17160256564618776E-003	4.85673801055117559E-003	2.34214066078700708E-003	-1	2.51459734976416851E-003	-1	OK
79.000000000000000	1.02978109393979250E-002	5.53265920339582329E-003	4.37816820647529172E-003	1.15449099692053136E-003	4.76515173600210260E-003	2.29739826862462426E-003	-1	2.46775346737747835E-003	-1	OK
79.250000000000000	1.01137914480000386E-002	5.43824809347325227E-003	4.30058886526044938E-003	1.13765922821280202E-003	4.67554335452678629E-003	2.25363570871599597E-003	-1	2.42190764581079031E-003	-1	OK
79.500000000000000	9.93356231200261466E-003	5.34569681316684250E-003	4.22459473534386905E-003	1.12110207782297432E-003	4.58786549883577303E-003	2.21082864659838266E-003	-1	2.37703685223739037E-003	-1	OK
79.750000000000000	9.75702849483824769E-003	5.25496370645718233E-003	4.15014904333316573E-003	1.10481466312401509E-003	4.50206478838106536E-003	2.16895124693284062E-003	-1	2.33311354144822474E-003	-1	OK
80.000000000000000	9.58411009601900683E-003	5.16600840211387923E-003	4.07721601883347974E-003	1.08879238328039711E-003	4.41810169390512760E-003	2.12796605661338565E-003	-1	2.29013563729174195E-003	-1	OK
80.250000000000000	9.41473748097928186E-003	5.07879147425835398E-003	4.00576078569587005E-003	1.07303068856248393E-003	4.33594600672092788E-003	2.08786616143052982E-003	-1	2.24807984529039806E-003	-1	OK
80.500000000000000	9.24881298690167532E-003	4.99327414990714379E-003	3.93574931238777244E-003	1.05752483751937179E-003	4.25553883699453152E-003	2.04863014643328701E-003	-1	2.20690869056124452E-003	-1	OK
80.750000000000000	9.08625668862179936E-003	4.90941867246089299E-003	3.86714844415139963E-003	1.04227022830949358E-003	4.17683801616090637E-003	2.01023702595447967E-003	-1	2.16660099020642670E-003	-1	OK
81.000000000000000	8.92698889017881463E-003	4.82718839679980617E-003	3.79992594210638076E-003	1.02726245469342650E-003	4.09980049337900845E-003	1.97266641188872417E-003	-1	2.12713408149028428E-003	-1	OK
81.250000000000000	8.77098118967541487E-003	4.74656669945700341E-003	3.73406290494295197E-003	1.01250379451405252E-003	4.02441449021841060E-003	1.93591152385550998E-003	-1	2.08850296636290062E-003	-1	OK
81.500000000000000	8.61805982036782832E-003	4.66747972418762869E-003	3.66950337535317363E-003	9.97976348834455707E-004	3.95058009618019963E-003	1.89992667420763712E-003	-1	2.05065342197256230E-003	-1	OK
81.750000000000000	8.46820672518650529E-003	4.58991352246538101E-003	3.60623035171974337E-003	9.83683170745638935E-004	3.87829320272112471E-003	1.86470634585028921E-003	-1	2.01358685687083551E-003	-1	OK
82.000000000000000	8.32135468646267792E-003	4.51383501268198990E-003	3.54421472694770555E-003	9.69620285734284679E-004	3.80751967378068715E-003	1.83023222765071381E-003	-1	1.97728744612997356E-003	-1	OK
82.250000000000000	8.17743511382514922E-003	4.43921140803893097E-003	3.48342805661295933E-003	9.55783351425973696E-004	3.73822370578621868E-003	1.79648648159374505E-003	-1	1.94173722419247363E-003	-1	OK
82.500000000000000	8.03638190779629169E-003	4.36601083835771835E-003	3.42384265019167206E-003	9.42168188166046176E-004	3.67037106943857378E-003	1.76345218447461483E-003	-1	1.90691888496395895E-003	-1	OK
82.750000000000000	7.89812983528755813E-003	4.29420227491986856E-003	3.36543155020243862E-003	9.28770724717430259E-004	3.60392756036769001E-003	1.73111212744473785E-003	-1	1.87281543292295216E-003	-1	OK
83.000000000000000	7.76261599224485101E-003	4.22375598794523955E-003	3.30816857634899783E-003	9.15587411596241615E-004	3.53886000429961146E-003	1.69944883894925696E-003	-1	1.83941116535035450E-003	-1	OK
83.250000000000000	7.62977798347834728E-003	4.15464249115943089E-003	3.25202809800248342E-003	9.02614393156946494E-004	3.47513549231891639E-003	1.66844769358451186E-003	-1	1.80668779873440453E-003	-1	OK
83.500000000000000	7.49955421878823435E-003	4.08683347198282587E-003	3.19698521545360792E-003	8.89848256529216322E-004	3.41272074680540848E-003	1.63809288585890214E-003	-1	1.77462786094650634E-003	-1	OK
83.750000000000000	7.37189218213888525E-003	4.02030123351991737E-003	3.14301561368550940E-003	8.77285619834407542E-004	3.35159094861896788E-003	1.60836903143182579E-003	-1	1.74322191718714208E-003	-1	OK
84.000000000000000	7.24672863284005209E-003	3.95501840182632073E-003	3.09009551515853666E-003	8.64922886667782880E-004	3.29171023101373179E-003	1.57926134823355808E-003	-1	1.71244888278017371E-003	-1	OK
84.250000000000000	7.12401057400561047E-003	3.89095801295738682E-003	3.03820167764236055E-003	8.52756335315025833E-004	3.23305256104822365E-003	1.55075550137258821E-003	-1	1.68229705967563544E-003	-1	OK
84.500000000000000	7.00368471543616651E-003	3.82809374525292304E-003	2.98731145111243027E-003	8.40782294140492549E-004	3.17559097018324391E-003	1.52283667543090377E-003	-1	1.65275429475234014E-003	-1	OK
84.750000000000000	6.88569815957888742E-003	3.76640015729660330E-003	2.93740280919918247E-003	8.28997348097421159E-004	3.11929800228228412E-003	1.49549174069085918E-003	-1	1.62380626159142494E-003	-1	OK
85.000000000000000	6.76999931408959598E-003	3.70585244007832007E-003	2.88845426595584365E-003	8.17398174122475874E-004	3.06414687401127591E-003	1.46870761491271372E-003	-1	1.59543925909856220E-003	-1	OK
85.250000000000000	6.65653737660475489E-003	3.64642669716511939E-003	2.84044492677826017E-003	8.05981770386859442E-004	3.01011067943963550E-003	1.44247132925237804E-003	-1	1.56763935018725746E-003	-1	OK
85.500000000000000	6.54526443511820565E-003	3.58809959792511825E-003	2.79335439327274256E-003	7.94745204652375580E-004	2.95716483719308783E-003	1.41677026376749496E-003	-1	1.54039457342559287E-003	-1	OK
85.750000000000000	6.43613129095223051E-003	3.53084809192718944E-003	2.74716270835366700E-003	7.83685383573523207E-004	2.90528319902504063E-003	1.39159224221029423E-003	-1	1.51369095681474640E-003	-1	OK
86.000000000000000	6.32909136377035955E-003	3.47464937890311788E-003	2.70185035056605708E-003	7.72799028337061876E-004	2.85444198486724168E-003	1.36692532250335232E-003	-1	1.48751666236388936E-003	-1	OK
86.250000000000000	6.22409890733059603E-003	3.41948127030639341E-003	2.65739829506990693E-003	7.62082975236486699E-004	2.80461763702420262E-003	1.34275744485120294E-003	-1	1.46186019217299967E-003	-1	OK
86.500000000000000	6.12110968949210622E-003	3.36532224055829336E-003	2.61378800284489373E-003	7.51534237713399737E-004	2.75578744893381286E-003	1.31907741857816029E-003	-1	1.43671003035565257E-003	-1	OK
86.750000000000000	6.02007912595259667E-003	3.31215130555355787E-003	2.57100140320217939E-003	7.41149902351377621E-004	2.70792782039903923E-003	1.29587434642516766E-003	-1	1.41205347397387157E-003	-1	OK
87.000000000000000	5.92096466917194520E-003	3.25994809896911365E-003	2.52902087396004093E-003	7.30927225009072711E-004	2.66101657020283155E-003	1.27313729974507265E-003	-1	1.38787927045775890E-003	-1	OK
87.250000000000000	5.82372768139707148E-003	3.20869265550638612E-003	2.48782922259725659E-003	7.20863432909129307E-004	2.61503502589068536E-003	1.25085146890016683E-003	-1	1.36418355699051853E-003	-1	OK
87.500000000000000	5.72832737209035686E-003	3.15836587137066855E-003	2.44740970958597353E-003	7.10956161784696210E-004	2.56996150071968875E-003	1.22901092785576574E-003	-1	1.34095057286392301E-003	-1	OK
87.750000000000000	5.63472451277869865E-003	3.10894858384612362E-003	2.40774588514999777E-003	7.01202698696125858E-004	2.52577592893257459E-003	1.20760565212404665E-003	-1	1.31817027680852794E-003	-1	OK
88.000000000000000	5.54288571828840532E-003	3.06042195607616899E-003	2.36882167771548108E-003	6.91600278360688021E-004	2.48246376221223589E-003	1.18662586936562828E-003	-1	1.29583789284660762E-003	-1	OK
88.250000000000000	5.45276862056142710E-003	3.01276749114778343E-003	2.33062138399106654E-003	6.82146107156717538E-004	2.44000112941364367E-003	1.16606204970447062E-003	-1	1.27393907970917305E-003	-1	OK
88.500000000000000	5.36412752697548473E-003	2.96596719125598752E-003	2.29312970851589621E-003	6.72837482740091955E-004	2.39816033571949722E-003	1.14590490517109097E-003	-1	1.25225543054840625E-003	-1	OK
88.750000000000000	5.27734635660315893E-003	2.92000378425147583E-003	2.25633177515963601E-003	6.63672009091840912E-004	2.35734257235168353E-003	1.12614537399193817E-003	-1	1.23119719835974536E-003	-1	OK
89.000000000000000	5.19217962187396020E-003	2.87486045228408467E-003	2.22021306787290994E-003	6.54647384411176023E-004	2.31731916958987511E-003	1.10677460247693990E-003	-1	1.21054456711293520E-003	-1	OK
89.250000000000000	5.10859334423563374E-003	2.83052057459611504E-003	2.18475936489360371E-003	6.45761209702511228E-004	2.27807276963951869E-003	1.08778366408949774E-003	-1	1.19028910555002095E-003	-1	OK
89.500000000000000	5.02655318660141359E-003	2.78696789836647193E-003	2.14995679047214538E-003	6.37011107894325463E-004	2.23958528823494166E-003	1.06916451186200661E-003	-1	1.17042077637293505E-003	-1	OK
89.750000000000000	4.94603186531518413E-003	2.74418654373815565E-003	2.11579177493704564E-003	6.28394768801110557E-004	2.20184532157702848E-003	1.05090895074495794E-003	-1	1.15093637083207054E-003	-1	OK
90.000000000000000	4.86699462418413095E-003	2.70216098769658804E-003	2.08225109895522403E-003	6.19909888741363899E-004	2.16483363648754291E-003	1.03300943983211809E-003	-1	1.13182419665542482E-003	-1	OK
90.250000000000000	4.78940879102987983E-003	2.66087608957113822E-003	2.04932183341419768E-003	6.11554256156940650E-004	2.12853270145874161E-003	1.01545792884534546E-003	-1	1.11307477261339614E-003	-1	OK
90.500000000000000	4.71324341443680669E-003	2.62031706242479194E-003	2.01699136362601698E-003	6.03325698798775072E-004	2.09292635201201475E-003	9.98246592904713766E-004	-1	1.09467975910730098E-003	-1	OK
90.750000000000000	4.63847019191279165E-003	2.58046963997030305E-003	1.98524739519025583E-003	5.95222244780047320E-004	2.05800055194248904E-003	9.81368006301609665E-004	-1	1.07663254564087938E-003	-1	OK
91.000000000000000	4.56506030929033739E-003	2.54131972424015721E-003	1.95407787363213173E-003	5.87241850608025487E-004	2.02374058505018061E-003	9.64814020691531966E-004	-1	1.05892656435864875E-003	-1	OK
91.250000000000000	4.49298719281224744E-003	2.50285340580537604E-003	1.92347099946555940E-003	5.79382406339816751E-004	1.99013378700687183E-003	9.48577153426050546E-004	-1	1.04155663358082139E-003	-1	OK
91.500000000000000	4.42222261523903589E-003	2.46505714226281578E-003	1.89341525507832225E-003	5.71641887184492657E-004	1.95716547297622011E-003	9.32652652958480431E-004	-1	1.02451282001773968E-003	-1	OK
91.750000000000000	4.35273860962210116E-003	2.42791764865660665E-003	1.86389938533733693E-003	5.64018263319269282E-004	1.92482096096549473E-003	9.17033174649425063E-004	-1	1.00778778631606955E-003	-1	OK
92.000000000000000	4.28450899075047582E-003	2.39142183356581264E-003	1.83491236721563112E-003	5.56509466350181515E-004	1.89308715718466318E-003	9.01712028413233615E-004	-1	9.91375128771429569E-004	-1	OK
92.250000000000000	4.21750684968477674E-003	2.35555700721661824E-003	1.80644347213782192E-003	5.49113535078796537E-004	1.86194984246815872E-003	8.86683036524601033E-004	-1	9.75266805943557683E-004	-1	OK
92.500000000000000	4.15170875759679134E-003	2.32031088312241451E-003	1.77848221559176976E-003	5.41828667530644642E-004	1.83139787447437661E-003	8.71939708867115033E-004	-1	9.59458165607261575E-004	-1	OK
92.750000000000000	4.08709124118612679E-003	2.28567130675667515E-003	1.75101834142104272E-003	5.34652965335632980E-004	1.80141993442945163E-003	8.57476019513370873E-004	-1	9.43943914916080761E-004	-1	OK
93.000000000000000	4.02362612842217370E-003	2.25162653505195723E-003	1.72404185662706870E-003	5.27584678424888745E-004	1.77199959337021626E-003	8.43285970855745448E-004	-1	9.28713622514470809E-004	-1	OK
93.250000000000000	3.96129208373158584E-003	2.21816503664679998E-003	1.69754297809564312E-003	5.20622058551156535E-004	1.74312704708478564E-003	8.29363656279821565E-004	-1	9.13763390804964073E-004	-1	OK
93.500000000000000	3.90006716385932857E-003	2.18527563404824054E-003	1.67151215759422478E-003	5.13763476454016086E-004	1.71479152981108803E-003	8.15703924088894360E-004	-1	8.99087605722193668E-004	-1	OK
93.750000000000000	3.83992940998383612E-003	2.15294731548744227E-003	1.64594003982602229E-003	5.07007275661420414E-004	1.68698209449639385E-003	8.02304508288048906E-004	-1	8.84677586208344941E-004	-1	OK
94.000000000000000	3.78085607773611439E-003	2.12116918474594251E-003	1.62081745384412427E-003	5.00351730901818026E-004	1.65968689299017167E-003	7.89156007723260133E-004	-1	8.70530885266911536E-004	-1	OK
94.250000000000000	3.72282653037958079E-003	2.08993053724268549E-003	1.59613542769385434E-003	4.93795109548830834E-004	1.63289599313689551E-003	7.76253457470888397E-004	-1	8.56642535666007118E-004	-1	OK
94.500000000000000	3.66582012583420045E-003	2.05922088185911444E-003	1.57188519251681745E-003	4.87335689342296714E-004	1.60659924397508602E-003	7.63592149074948786E-004	-1	8.43007094900137229E-004	-1	OK
94.750000000000000	3.60981700541344571E-003	2.02903016751675245E-003	1.54805821111356559E-003	4.80971956403186479E-004	1.58078683789669326E-003	7.51166223076353665E-004	-1	8.29620614820339593E-004	-1	OK
95.000000000000000	3.55479645188234560E-003	1.99934843320209461E-003	1.52464610977614797E-003	4.74702323425946096E-004	1.55544801868025100E-003	7.38970765365221430E-004	-1	8.16477253315029566E-004	-1	OK
95.250000000000000	3.50073963061697411E-003	1.97016601652572673E-003	1.50164071718399714E-003	4.68525299341729590E-004	1.53057361409124739E-003	7.27000973360631677E-004	-1	8.03572640730615710E-004	-1	OK
95.500000000000000	3.44762735778588207E-003	1.94147335357339797E-003	1.47903401794228758E-003	4.62439335631110234E-004	1.50615400421248409E-003	7.15252594270165292E-004	-1	7.90901409942318802E-004	-1	OK
95.750000000000000	3.39544099865944551E-003	1.91326108261728961E-003	1.45681817463690706E-003	4.56442907980382929E-004	1.48217991604215589E-003	7.03720987119745554E-004	-1	7.78458928922410340E-004	-1	OK
96.000000000000000	3.34416099691267187E-003	1.88552010851530255E-003	1.43498553984598015E-003	4.50534568669322887E-004	1.45864088839736910E-003	6.92401273936806439E-004	-1	7.66239614460562666E-004	-1	OK
96.250000000000000	3.29376966815734650E-003	1.85824149299734873E-003	1.41352861289206766E-003	4.44712880105281724E-004	1.43552817515999799E-003	6.81289081733438555E-004	-1	7.54239093426559430E-004	-1	OK
96.500000000000000	3.24424923449670357E-003	1.83141643529364465E-003	1.39244006700820107E-003	4.38976368285443042E-004	1.41283279920305913E-003	6.70380129575620458E-004	-1	7.42452669627438676E-004	-1	OK
96.750000000000000	3.19558329123820466E-003	1.80503637655409443E-003	1.37171273477305553E-003	4.33323641781038738E-004	1.39054691468411045E-003	6.59670235384932037E-004	-1	7.30876679299178418E-004	-1	OK
97.000000000000000	3.14775481390560871E-003	1.77909287349865201E-003	1.35133960446183498E-003	4.27753269036816922E-004	1.36866194040695670E-003	6.49155314134133962E-004	-1	7.19506626272822737E-004	-1	OK
97.250000000000000	3.10074752951784802E-003	1.75357791982718543E-003	1.33131385468468456E-003	4.22264065142500871E-004	1.34716960969066281E-003	6.38831852928719592E-004	-1	7.08337756761943222E-004	-1	OK
97.500000000000000	3.05454549618550423E-003	1.72848344413592710E-003	1.31162875851337040E-003	4.16854685622556861E-004	1.32606205204957714E-003	6.28695727101016410E-004	-1	6.97366324948560726E-004	-1	OK
97.750000000000000	3.00913303554232320E-003	1.70380150880910771E-003	1.29227774258775809E-003	4.11523766221348803E-004	1.30533152673321549E-003	6.18742544506500252E-004	-1	6.86588982226715239E-004	-1	OK
98.000000000000000	2.96449530639798179E-003	1.67952441860708666E-003	1.27325438030382178E-003	4.06270038303264828E-004	1.28497088779089535E-003	6.08968904008726263E-004	-1	6.76001983782169085E-004	-1	OK
98.250000000000000	2.92061779440368815E-003	1.65564453976930082E-003	1.25455237732030730E-003	4.01092162448993901E-004	1.26497325463438711E-003	5.99371155756400200E-004	-1	6.65602098877986909E-004	-1	OK
98.500000000000000	2.87748528963569991E-003	1.63215456963562819E-003	1.23616560391469647E-003	3.95988965720931233E-004	1.24533072000007150E-003	5.89945741957578090E-004	-1	6.55384978042493414E-004	-1	OK
98.750000000000000	2.83508341220326020E-003	1.60904725427282085E-003	1.21808803656064859E-003	3.90959217712171718E-004	1.22603615793043935E-003	5.80689182720836410E-004	-1	6.45346975209602942E-004	-1	OK
99.000000000000000	2.79339792109319952E-003	1.58631563479383971E-003	1.20031381834678785E-003	3.86001816447051858E-004	1.20708228629935982E-003	5.71600078547937159E-004	-1	6.35482207751422658E-004	-1	OK
99.250000000000000	2.75241546708082825E-003	1.56395290228805370E-003	1.18283719902808324E-003	3.81115703259970399E-004	1.18846256479277434E-003	5.62673187443456235E-004	-1	6.25789377349318101E-004	-1	OK
99.500000000000000	2.71189512323055486E-003	1.54195222670026021E-003	1.16565253225092724E-003	3.76299694449332861E-004	1.16994289653029487E-003	5.53904908649620093E-004	-1	6.16037987880674776E-004	-1	OK
99.750000000000000	2.67228307855024976E-003	1.52030699738403248E-003	1.14875430151875841E-003	3.71552695865273968E-004	1.15197608116621750E-003	5.45292231531230667E-004	-1	6.06683849634986829E-004	-1	OK
100.00000000000000	2.63333464222851059E-003	1.49901064552426127E-003	1.13213709231450594E-003	3.66873553209755223E-004	1.13432399670424931E-003	5.36832052253228978E-004	-1	5.97491944451020336E-004	-1	OK
