#pt	totcs	totdirect	directLO	directNLO	totfrag	fragLO	err_fragLO	fragNLO	err_fragNLO	errmess
0.50000000000000000	20894745.859721482	-16817666.720131643	1131205.0422689936	-17948871.762400642	37712412.579853125	21068628.224945366	-1	16643784.354907759	-1	Error
0.75000000000000000	14115991.947507193	-805005.79128642939	273164.41387524706	-1078170.2051616760	14920997.738793623	4672602.4679484097	-1	10248395.270845212	-1	Error
1.0000000000000000	8970744.3443715833	-197914.28183948062	346440.22638729739	-544354.50822677778	9168658.6262110639	3420792.3952670889	-1	5747866.2309439750	-1	Error
1.2500000000000000	4514084.2018131576	-13328.619577392237	260012.24456266544	-273340.86414005753	4527412.8213905497	1879891.0343276733	-1	2647521.7870628764	-1	Error
1.5000000000000000	2303526.2695396179	33781.341499752249	176901.33482043521	-143119.99332068284	2269744.9280398656	1029319.6650646544	-1	1240425.2629752113	-1	Error
1.7500000000000000	1247988.9400506821	40000.612252569757	118814.53318921302	-78813.920936643233	1207988.3277981123	584729.40336891334	-1	623258.92442919896	-1	Error
2.0000000000000000	721735.42791097693	35245.970595088671	80795.221660963376	-45549.251065874683	686489.45731588826	348368.61947311752	-1	338120.83784277074	-1	Error
2.2500000000000000	441988.36162116658	28530.307210150815	55924.803923591448	-27394.496713440614	413458.05441101576	216059.37681286456	-1	197398.67759815120	-1	Error
2.5000000000000000	279173.19721223752	22386.627893466561	39378.206174707193	-16991.578281240676	256786.56931877093	138661.92413976241	-1	118124.64517900851	-1	Error
2.7500000000000000	183169.51692275039	17425.204971126805	28283.782948378197	-10858.577977251422	165744.31195162359	91953.883387160546	-1	73790.428564463044	-1	Error
3.0000000000000000	124587.31466099955	13587.770655396453	20726.551860411691	-7138.7812050152397	110999.54400560309	62972.952416759355	-1	48026.591588843738	-1	Error
3.2500000000000000	87046.134574560332	10658.648488768849	15468.090743026774	-4809.4422542579468	76387.486085791475	44314.430665517539	-1	32073.055420273937	-1	Error
3.5000000000000000	62401.222583102703	8423.6249208330628	11731.923833845125	-3308.2989130120613	53977.597662269640	31892.446934959913	-1	22085.150727309727	-1	Error
3.7500000000000000	45750.803113101785	6710.8821276583694	9028.2904221736226	-2317.4082945152568	39039.920985443416	23414.832375596343	-1	15625.088609847073	-1	Error
4.0000000000000000	34247.829340061202	5389.9027513892288	7039.2993677025215	-1649.3966163132918	28857.926588671973	17449.947658678302	-1	11407.978929993671	-1	OK
4.2500000000000000	26071.903020308164	4364.2345600328536	5554.6768483533069	-1190.4422883204563	21707.668460275312	13221.912490551686	-1	8485.7559697236265	-1	OK
4.5000000000000000	20113.942893635292	3561.4842916637554	4431.2684370795678	-869.78414541581401	16552.458601971535	10155.847307611704	-1	6396.6112943598309	-1	OK
4.7500000000000000	15696.511938268173	2928.0057431829464	3570.3861253056448	-642.38038212269714	12768.506195085227	7901.4134386587857	-1	4867.0927564264412	-1	OK
5.0000000000000000	12402.522540337959	2424.0908851189643	2903.0286587301116	-478.93777361114576	9978.4316552189957	6225.1598936693181	-1	3753.2717615496776	-1	OK
5.2500000000000000	9908.8273716323929	2020.1507646903401	2380.1945474645340	-360.04378277419448	7888.6766069420519	4954.0783789235702	-1	2934.5982280184817	-1	OK
5.5000000000000000	7996.3120532485955	1693.9951611627503	1966.6032836110364	-272.60812244828617	6302.3168920858452	3982.1540882650474	-1	2320.1628038207978	-1	OK
5.7500000000000000	6508.5574064503580	1428.8930754332910	1636.5474830306912	-207.65440759739968	5079.6643310170675	3229.9557045758775	-1	1849.7086264411901	-1	OK
6.0000000000000000	5346.9190597615579	1211.9725343728383	1370.9448870626823	-158.97235268984377	4134.9465253887192	2640.8065703575630	-1	1494.1399550311562	-1	OK
6.2500000000000000	4425.6873245731003	1033.3445579151362	1155.5400834195889	-122.19552550445258	3392.3427666579641	2175.4071345146735	-1	1216.9356321432906	-1	OK
6.5000000000000000	3689.8188184101900	885.36557752300837	979.57895271855159	-94.213375195542980	2804.4532408871819	1804.9426497654076	-1	999.51059112177427	-1	OK
6.7500000000000000	3097.5479287784829	762.08236274014189	834.86772862479256	-72.785365884650687	2335.4655660383410	1507.1736266635587	-1	828.29193937478226	-1	OK
7.0000000000000000	2616.2077577322689	658.82362182896554	715.10558301998572	-56.281961191020400	1957.3841359033033	1266.1420811693552	-1	691.24205473394818	-1	OK
7.2500000000000000	2221.3283095685924	571.89902637570390	615.40568421170644	-43.506657836002283	1649.4292831928885	1069.5277976765385	-1	579.90148551635002	-1	OK
7.5000000000000000	1895.8890774826887	498.37442675296518	531.94744384408727	-33.573017091122466	1397.5146507297234	908.10175770492026	-1	489.41289302480311	-1	OK
7.7500000000000000	1626.4831458577646	435.90542903091625	461.72355593245993	-25.818126901543710	1190.5777168268485	774.71224032513612	-1	415.86547650171235	-1	OK
8.0000000000000000	1401.4813707207391	382.60637171383200	402.34884243145285	-19.742470717620826	1018.8749990069070	663.96343632654578	-1	354.91156268036127	-1	OK
8.2500000000000000	1212.8777656285010	336.94386488419457	351.91353165301274	-14.969666768818074	875.93390074430647	571.48405591459664	-1	304.44984482970983	-1	OK
8.5000000000000000	1053.9625230451011	297.67033158700229	308.88321056140569	-11.212878974403568	756.29219145809873	493.90625372588079	-1	262.38593773221794	-1	OK
8.7500000000000000	919.22897989201010	263.76582907274718	272.01781143357857	-8.2519823608312581	655.46315081926298	428.49826985234267	-1	226.96488096692030	-1	OK
9.0000000000000000	804.59090614984427	234.39253714547533	240.30952781805502	-5.9169906725796304	570.19836900436894	373.09312481493834	-1	197.10524418943061	-1	OK
9.2500000000000000	706.49054378712754	208.85885252329479	212.93483500704974	-4.0759824837549621	497.63169126383269	325.95823630209532	-1	171.67345496173738	-1	OK
9.5000000000000000	622.39682244073947	186.59134722533076	189.21741276363608	-2.6260655383053537	435.80547521540876	285.72798723154091	-1	150.07748798386785	-1	OK
9.7500000000000000	550.00797329870397	167.11239329033668	168.59908360648899	-1.4866903161522860	382.89558000836735	251.25598482465296	-1	131.63959518371439	-1	OK
10.000000000000000	487.53129140650509	150.02271095255651	150.61713285876272	-0.59442190620609503	337.50858045394858	221.60064163722012	-1	115.90793881672846	-1	OK
10.250000000000000	433.00060454715867	134.98702606949286	134.88623623487143	0.10078983462142779	298.01357847766582	196.00022999414853	-1	102.01334848351729	-1	OK
10.500000000000000	385.73919052598455	121.72299471617205	121.08423978585030	0.63875493032176989	264.01619580981247	173.63134316590202	-1	90.384852643910449	-1	OK
10.750000000000000	344.63472206550182	109.99154455235882	108.94061737402120	1.0509271783376184	234.64317751314303	154.40573476180788	-1	80.237442751335152	-1	OK
11.000000000000000	308.67650252363796	99.590092899159941	98.227458414006463	1.3626344851534571	209.08640962447802	137.65423458975201	-1	71.432175034726015	-1	OK
11.250000000000000	277.13254718319337	90.346085236713662	88.752055084013620	1.5940301527000653	186.78646194647970	123.00753401962099	-1	63.778927926858714	-1	OK
11.500000000000000	249.36853355804686	82.112201329512303	80.350783528068050	1.7614178014442432	167.25633222853455	110.16906348822666	-1	57.087268740307891	-1	OK
11.750000000000000	224.87118020567681	74.761785319592022	72.884187334339600	1.8775979852523919	150.10939488608477	98.885680975743753	-1	51.223713910341019	-1	OK
12.000000000000000	203.18499735807109	68.186202828959992	66.233173838785348	1.9530289901746822	134.99879452911108	88.939935529415280	-1	46.058858999695801	-1	OK
12.250000000000000	183.95947757950722	62.291729248062708	60.295680491130575	1.9960487569321286	121.66774833144451	80.150921938132683	-1	41.516826393311831	-1	OK
12.500000000000000	166.87876721152116	56.997448088590531	54.984002564551147	2.0134455240393803	109.88131912293065	72.376508537600643	-1	37.504810585330006	-1	OK
12.750000000000000	151.64642215881310	52.233224778675932	50.222546771803152	2.0106780068727943	99.413197380137163	65.479062057238338	-1	33.934135322898825	-1	OK
13.000000000000000	138.04107071864576	47.938169627223758	45.945987711939743	1.9921819152840055	90.102901091421984	59.346954281594854	-1	30.755946809827130	-1	OK
13.250000000000000	125.87002793271211	44.059258788706551	42.097718064445594	1.9615407242609557	81.810769144005562	53.881317993737682	-1	27.929451150267880	-1	OK
13.500000000000000	114.95760450920474	40.550187883196102	38.628555301391039	1.9216325818050590	74.407416626008640	48.998927938779858	-1	25.408488687228783	-1	OK
13.750000000000000	105.15990066199780	37.370474905859830	35.495675167504153	1.8747997383556756	67.789425756137959	44.628297228156114	-1	23.161128527981845	-1	OK
14.000000000000000	96.341853394468828	34.484613958048101	32.661689473334953	1.8229244847131478	61.857239436420727	40.711864517265667	-1	21.145374919155060	-1	OK
14.250000000000000	88.395848159346841	31.861406406601141	30.093888783815657	1.7675176227854985	56.534441752745700	37.195403101638128	-1	19.339038651107572	-1	OK
14.500000000000000	81.219303972069696	29.473401828235701	27.763595141483361	1.7098066867523400	51.745902143833995	34.031459913126930	-1	17.714442230707064	-1	OK
14.750000000000000	74.725662462486142	27.296364420265729	25.645603644882520	1.6507607753832192	47.429298042220417	31.180366671286929	-1	16.248931370933487	-1	OK
15.000000000000000	68.841142740624349	25.308885682069807	23.717723879238385	1.5911618028314127	43.532257058554549	28.625052996822518	-1	14.907204061732031	-1	OK
15.250000000000000	63.501426880224422	23.491999690990461	21.960374004211655	1.5316256867788083	40.009427189233961	26.296876506486988	-1	13.712550682746972	-1	OK
15.500000000000000	58.627901173146938	21.828873428939641	20.356242549139978	1.4726308797996581	36.799027744207301	24.189265067300518	-1	12.609762676906783	-1	OK
15.750000000000000	54.208596839291005	20.304561882752200	18.890000890219145	1.4145609925330567	33.904034956538808	22.277622140935733	-1	11.626412815603075	-1	OK
16.000000000000000	50.178763521260706	18.905741636578433	17.548042394693830	1.3576992418846066	31.273021884682272	20.541461853630150	-1	10.731560031052123	-1	OK
16.250000000000000	46.500800655078187	17.620539616695666	16.318276630562703	1.3022629861329602	28.880261038382521	18.962569191067537	-1	9.9176918473149840	-1	OK
16.500000000000000	43.139211777172292	16.438356988893712	15.189937151263109	1.2484198376305986	26.700854788278580	17.524033768209669	-1	9.1768210200689104	-1	OK
16.750000000000000	40.062607724831132	15.349688754202953	14.153411171471921	1.1962775827310339	24.712918970628177	16.212138637422836	-1	8.5007803332053413	-1	OK
17.000000000000000	37.243547166960639	14.346037544755529	13.200120698290707	1.1459168464648208	22.897509622205114	15.014364512016103	-1	7.8831451101890107	-1	OK
17.250000000000000	34.657435086725648	13.419764133872556	12.322388483533169	1.0973756503393874	21.237670952853094	13.890027914044609	-1	7.3476430388084850	-1	OK
17.500000000000000	32.281775473241154	12.564003293590266	11.513337043656522	1.0506662499337458	19.717772179650886	12.889652004222111	-1	6.8281201754287757	-1	OK
17.750000000000000	30.096980791808761	11.772592205841731	10.766796806772840	1.0057953990688895	18.324388585967029	11.972979062483327	-1	6.3514095234837011	-1	OK
18.000000000000000	28.085356804719076	11.039956464198596	10.077217931507176	0.96273853269142318	17.045400340520480	11.131937628350702	-1	5.9134627121697783	-1	OK
18.250000000000000	26.231208017126903	10.361072173411346	9.4396088855323796	0.92146328787896847	15.870135843715557	10.359655503966852	-1	5.5104803397487050	-1	OK
18.500000000000000	24.520523748313877	9.7314128327205314	8.8494730964882500	0.88193973623228183	14.789110915593348	9.6496932849925212	-1	5.1394176306008266	-1	OK
18.750000000000000	22.940650440836006	9.1468667246966486	8.3027489904004881	0.84411773429616088	13.793783716139357	8.9962577483788486	-1	4.7975259677605084	-1	OK
19.000000000000000	21.480452711152729	8.6037134881240700	7.7957684682915360	0.80794501983253542	12.876739223028661	8.3943424594283620	-1	4.4823967636002990	-1	OK
19.250000000000000	20.129060053018790	8.0985884873588958	7.3252142351981782	0.77337425216071887	12.030471565659893	7.8393176615317079	-1	4.1911539041281847	-1	OK
19.500000000000000	18.877946074494872	7.6284226502973560	6.8880782370124667	0.74034441328489298	11.249523424197514	7.3266961788067562	-1	3.9228272453907582	-1	OK
19.750000000000000	17.717868783521808	7.1904317508700792	6.4816344329641833	0.70879731790589329	10.527437032651727	6.8529874093143430	-1	3.6744496233373845	-1	OK
20.000000000000000	16.642788835379672	6.7820892646441706	6.1034089133878355	0.67868035125633208	9.8606995707355019	6.4148913962905691	-1	3.4458081744449327	-1	OK
20.250000000000000	15.642987771069365	6.4010829652559611	5.7511498199135236	0.64993314534243762	9.2419048058134035	6.0093594394274641	-1	3.2325453663859394	-1	OK
20.500000000000000	14.708769284455165	6.0453051290784670	5.4228089002869009	0.62249622879156497	8.6634641553766993	5.6335993650136729	-1	3.0298647903630265	-1	OK
20.750000000000000	13.844539340426417	5.7128391411783852	5.1165217050062406	0.59631743617214661	8.1317001992480318	5.2851593533359598	-1	2.8465408459120720	-1	OK
21.000000000000000	13.039370625696380	5.4019245090152834	4.8305853541311459	0.57133915488413689	7.6374461166810965	4.9618657178277434	-1	2.6755803988533531	-1	OK
21.250000000000000	12.289387439366056	5.1109514726414789	4.5634458913742391	0.54750558126723992	7.1784359667245763	4.6614696056258973	-1	2.5169663610986790	-1	OK
21.500000000000000	11.589907378599497	4.8384509529760731	4.3136844185717846	0.52476653440428978	6.7514564256234237	4.3821114957722491	-1	2.3693449298511746	-1	OK
21.750000000000000	10.937105283021488	4.5830738802151485	4.0800020513832678	0.50307182883188184	6.3540314028063385	4.1220955151463583	-1	2.2319358876599802	-1	OK
22.000000000000000	10.327309531263246	4.3435804912483613	3.8612089300888535	0.48237156115950841	5.9837290400148841	3.8799870967395331	-1	2.1037419432753510	-1	OK
22.250000000000000	9.7573455995584855	4.1188332114999895	3.6562151530754048	0.46261805842458414	5.6385123880584960	3.6545241733046367	-1	1.9839882147538592	-1	OK
22.500000000000000	9.2240857392086433	3.9077901887171040	3.4640213429298856	0.44376884578721765	5.3162955504915397	3.4442971495628036	-1	1.8719984009287360	-1	OK
22.750000000000000	8.7251267847133001	3.7094878885765370	3.2837086691608519	0.42577921941568420	5.0156388961367639	3.2480771151947239	-1	1.7675617809420401	-1	OK
23.000000000000000	8.2578306334308831	3.5230404446121160	3.1144331855706433	0.40860725904147371	4.7347901888187671	3.0648395921927669	-1	1.6699505966260002	-1	OK
23.250000000000000	7.8198779161526488	3.3476340367558080	2.9554191243252110	0.39221491243059731	4.4722438793968413	2.8936043158250451	-1	1.5786395635717962	-1	OK
23.500000000000000	7.4091227864447031	3.1825167907840739	2.8059518204971794	0.37656497028689440	4.2266059956606288	2.7335001330905726	-1	1.4931058625700562	-1	OK
23.750000000000000	7.0236217142059889	3.0269927399324579	2.6653723937134206	0.36162034621903660	3.9966289742735306	2.5837260791185250	-1	1.4129028951550056	-1	OK
24.000000000000000	6.6617692335347378	2.8804212228192849	2.5330738815204592	0.34734734129882450	3.7813480107154533	2.4434914433496568	-1	1.3378565673657965	-1	OK
24.250000000000000	6.3199397386703673	2.7422101361529427	2.4084960071566992	0.33371412899624248	3.5777296025174241	2.3120950575948571	-1	1.2656345449225670	-1	OK
24.500000000000000	6.0002938834690491	2.6118097752731679	2.2911208705827368	0.32068890469043043	3.3884841081958812	2.1889018000167644	-1	1.1995823081791168	-1	OK
24.750000000000000	5.6995839604662972	2.4887127855283397	2.1804701489399561	0.30824263658838413	3.2108711749379579	2.0733130397400927	-1	1.1375581351978652	-1	OK
25.000000000000000	5.4166559706237507	2.3724481476829378	2.0761011756398440	0.29634697204309546	3.0442078229408134	1.9648087777676040	-1	1.0793990451732094	-1	OK
25.250000000000000	5.1501020691032746	2.2625804009664647	1.9776044517551934	0.28497594921127217	2.8875216681368094	1.8628971079089565	-1	1.0246245602278530	-1	OK
25.500000000000000	4.8989238294100685	2.1587043099888792	1.8846002703967162	0.27410403959216234	2.7402195194211894	1.7671275112505542	-1	0.97309200817063513	-1	OK
25.750000000000000	4.6620741534796704	2.0604433851777828	1.7967362810805581	0.26370710409722437	2.6016307683018871	1.6770761575199895	-1	0.92455461078189760	-1	OK
26.000000000000000	4.4365717723973965	1.9674473122889617	1.7136853272847674	0.25376198500419428	2.4691244601084352	1.5923499672901926	-1	0.87677449281824260	-1	OK
26.250000000000000	4.2257468736672648	1.8793922757044481	1.6351446366168336	0.24424763908761427	2.3463545979628164	1.5126096242702289	-1	0.83374497369258749	-1	OK
26.500000000000000	4.0265786656571994	1.7959756740599955	1.5608326783634900	0.23514299569650532	2.2306029915972037	1.4375207591261274	-1	0.79308223247107623	-1	OK
26.750000000000000	3.8384049092019841	1.7169160671395494	1.4904878486417361	0.22642821849781228	2.1214888420624347	1.3667519037109255	-1	0.75473693835150923	-1	OK
27.000000000000000	3.6605293165839861	1.6419521037725149	1.4238669879568475	0.21808511581566725	2.0185772128114712	1.3000244747565337	-1	0.71855273805493747	-1	OK
27.250000000000000	3.4922968482616401	1.5708398109507635	1.3607436115904148	0.21009619936034793	1.9214570373108768	1.2370934378888196	-1	0.68436359942205716	-1	OK
27.500000000000000	3.3331179544357363	1.5033511167338893	1.3009067524165190	0.20244436431737001	1.8297668377018468	1.1777065770634836	-1	0.65206026063836320	-1	OK
27.750000000000000	3.1824353808130250	1.4392737736961783	1.2441599009426867	0.19511387275349149	1.7431616071168468	1.1216200671465271	-1	0.62154153997031969	-1	OK
28.000000000000000	3.0397294199159282	1.3784094565534704	1.1903197720464058	0.18808968450706448	1.6613199633624576	1.0686272078255652	-1	0.59269275553689238	-1	OK
28.250000000000000	2.9045172434429620	1.3205728318941223	1.1392153576034738	0.18135747429064802	1.5839444115488397	1.0185249792229552	-1	0.56541943232588454	-1	OK
28.500000000000000	2.7763599511948991	1.2655908154633890	1.0906870304188725	0.17490378504451592	1.5107691357315101	0.97114331991975422	-1	0.53962581581175584	-1	OK
28.750000000000000	2.6548463508590627	1.2133010347254687	1.0445855995077635	0.16871543521770505	1.4415453161335938	0.92632206800064198	-1	0.51522324813295184	-1	OK
29.000000000000000	2.5395713006356559	1.1635521574775605	1.0007717277541519	0.16278042972340850	1.3760191431580955	0.88390221632519450	-1	0.49211692683290098	-1	OK
29.250000000000000	2.4301488759108514	1.1162020041124858	0.95911500867710442	0.15708699543538146	1.3139468717983653	0.84373282917360748	-1	0.47021404262475786	-1	OK
29.500000000000000	2.3262101239737443	1.0711176955676229	0.91949351692576364	0.15162417864185951	1.2550924284061213	0.80567877779233166	-1	0.44941365061378968	-1	OK
29.750000000000000	2.2275072965924099	1.0281743944152759	0.88179303186546631	0.14638136254980982	1.1993329021771340	0.76961416557585249	-1	0.42971873660128146	-1	OK
30.000000000000000	2.1337105804406900	0.98725525732795405	0.84590664060979714	0.14134861671815760	1.1464553231127361	0.73374924791216967	-1	0.41270607520056646	-1	OK
30.250000000000000	2.0445403692486703	0.94825066842089034	0.81173410598850815	0.13651656243238217	1.0962897008277801	0.70139134710175499	-1	0.39489835372602511	-1	OK
30.500000000000000	1.9597274109030081	0.91105752437434695	0.77918142702591897	0.13187609734842817	1.0486698865286610	0.67069014027052487	-1	0.37797974625813613	-1	OK
30.750000000000000	1.8790268815346345	0.87557910875921197	0.74816043683588962	0.12741867192332246	1.0034477727754225	0.64154644560991347	-1	0.36190132716550905	-1	OK
31.000000000000000	1.8021890085022552	0.84172450267542198	0.71858839159568544	0.12313611107973674	0.96046450582683329	0.61387111938726635	-1	0.34659338643956694	-1	OK
31.250000000000000	1.7282641217577930	0.80940823728046862	0.69038759731018862	0.11902063997027977	0.91885588447732447	0.58758601204709415	-1	0.33126987243023032	-1	OK
31.500000000000000	1.6586421755015774	0.77855008664426650	0.66348506970882992	0.11506501693543647	0.88009208885731094	0.56260746822651120	-1	0.31748462063079974	-1	OK
31.750000000000000	1.5922891471657188	0.74907421582269240	0.63781214603790104	0.11126206978479154	0.84321493134302639	0.53885944347822534	-1	0.30435548786480104	-1	OK
32.000000000000000	1.5290602170583349	0.72090962406522996	0.61330435945648076	0.10760526460874967	0.80815059299310499	0.51626884802528961	-1	0.29188174496781538	-1	OK
32.250000000000000	1.4687602385040972	0.69398927633279550	0.58990100449640470	0.10408827183639074	0.77477096217130170	0.49476955690794810	-1	0.28000140526335360	-1	OK
32.500000000000000	1.4112404936558338	0.66824982753013273	0.56754490984403305	0.10070491768609945	0.74299066612570119	0.47430492014248760	-1	0.26868574598321360	-1	OK
32.750000000000000	1.3563495591317656	0.64363169856505165	0.54618228009461578	9.74494184704359501E-002	0.71271786056671382	0.45481602633722434	-1	0.25790183422948948	-1	OK
33.000000000000000	1.3039575876609593	0.62007881951156107	0.52576245674307853	9.43163627684824174E-002	0.68387876814939819	0.43625124499695478	-1	0.24762752315244341	-1	OK
33.250000000000000	1.2539279991422334	0.59753829428044281	0.50623769479015557	9.13005994902872930E-002	0.65638970486179049	0.41856383613552656	-1	0.23782586872626393	-1	OK
33.500000000000000	1.2061448455582808	0.57596001940030583	0.48756293174595144	8.83970876543543893E-002	0.63018482615797511	0.40170879273502652	-1	0.22847603342294859	-1	OK
33.750000000000000	1.1604917461431143	0.55529671618543563	0.46969568893486735	8.56010272505683262E-002	0.60519502995767860	0.38564083242763236	-1	0.21955419753004624	-1	OK
34.000000000000000	1.1168629577516875	0.53550378253766495	0.45259589423766239	8.29078883000027300E-002	0.58135917521402258	0.37031915221167494	-1	0.21104002300234764	-1	OK
34.250000000000000	1.0751517326347908	0.51653913016139597	0.43622572996479969	8.03134001965962879E-002	0.55861260247339484	0.35570152205165717	-1	0.20291108042173767	-1	OK
34.500000000000000	1.0352614043478787	0.49836294833674299	0.42054946965328677	7.78134786834562137E-002	0.53689845601113573	0.34175190558450796	-1	0.19514655042662776	-1	OK
34.750000000000000	0.99709988948610118	0.48093761576259242	0.40553336700620940	7.54042487563830188E-002	0.51616227372350876	0.32843679424063038	-1	0.18772547948287838	-1	OK
35.000000000000000	0.96058132264945606	0.46422743623184326	0.39114550767134532	7.30819285604979579E-002	0.49635388641761280	0.31572294973309151	-1	0.18063093668452129	-1	OK
35.250000000000000	0.92562220873137613	0.44819871598202743	0.37735573608044370	7.08429799015835165E-002	0.47742349274934870	0.30357840882032089	-1	0.17384508392902781	-1	OK
35.500000000000000	0.89214751062801922	0.43281934152314777	0.36413548238665944	6.86838591364884871E-002	0.45932816910487140	0.29197327239772369	-1	0.16735489670714770	-1	OK
35.750000000000000	0.86008794112353193	0.41805914500027053	0.35145779328023208	6.66013517200384486E-002	0.44202879612326140	0.28088723449339803	-1	0.16114156162986337	-1	OK
36.000000000000000	0.82937978767870135	0.40388968274435011	0.33929715986081144	6.45925228835386028E-002	0.42549010493435124	0.27028946882697064	-1	0.15520063610738061	-1	OK
36.250000000000000	0.79995374235904970	0.39028371133952844	0.32762936182548003	6.26543495140483436E-002	0.40967003101952121	0.26015445959207978	-1	0.14951557142744143	-1	OK
36.500000000000000	0.77174874318757247	0.37721546307833687	0.31643148499796253	6.07839780803744248E-002	0.39453328010923566	0.25046114140105208	-1	0.14407213870818358	-1	OK
36.750000000000000	0.74470512266373223	0.36466056689745563	0.30568182156408258	5.89787453333730088E-002	0.38004455576627655	0.24118595271994561	-1	0.13885860304633094	-1	OK
37.000000000000000	0.71877100161338969	0.35259574645010083	0.29535976638088401	5.72359800692169435E-002	0.36617525516328892	0.23230816966214404	-1	0.13386708550114487	-1	OK
37.250000000000000	0.69389229620719961	0.34099907809296726	0.28544582886900910	5.55532492239581011E-002	0.35289321811423230	0.22380852424192718	-1	0.12908469387230512	-1	OK
37.500000000000000	0.67001988469595442	0.32984975658857740	0.27592151405439158	5.39282425341858357E-002	0.34017012810737696	0.21566865783299735	-1	0.12450147027437961	-1	OK
37.750000000000000	0.64710836902292090	0.31912801394355778	0.26676926267956386	5.23587512639940370E-002	0.32798035507936313	0.20787219355221190	-1	0.12010816152715123	-1	OK
38.000000000000000	0.62511357824782166	0.30881495106766887	0.25797238337036671	5.08425676973021379E-002	0.31629862718015278	0.20040381679479563	-1	0.11589481038535715	-1	OK
38.250000000000000	0.60399108181225669	0.29889263780471198	0.24951504077589415	4.93775970288177560E-002	0.30509844400754477	0.19324892426306961	-1	0.11184951974447516	-1	OK
38.500000000000000	0.58360060987212448	0.28934403983961132	0.24138219779418194	4.79618420454293662E-002	0.29425657003251321	0.18638996011668246	-1	0.10786660991583075	-1	OK
38.750000000000000	0.56410897622204548	0.28015299014825346	0.23355957900008895	4.65934111481644611E-002	0.28395598607379197	0.17981455469819896	-1	0.10414143137559301	-1	OK
39.000000000000000	0.54537785947338535	0.27130413303205048	0.22603362492756493	4.52705081044856156E-002	0.27407372644133482	0.17350564110665020	-1	0.10056808533468461	-1	OK
39.250000000000000	0.52737265618341467	0.26278290835598894	0.21879145003773312	4.39914583182558216E-002	0.26458974782742567	0.16745273790030146	-1	9.71370099271242071E-002	-1	OK
39.500000000000000	0.51006141546462713	0.25457539012989683	0.21182078027197127	4.27546098579256115E-002	0.25548602533473030	0.16164394916666222	-1	9.38420761680680837E-002	-1	OK
39.750000000000000	0.49341299849062742	0.24666829051569711	0.20510993643542577	4.15583540802714133E-002	0.24674470797493031	0.15606804719534967	-1	9.06766607795806423E-002	-1	OK
40.000000000000000	0.47739850991496896	0.23904895725736985	0.19864780471158464	4.04011525457852599E-002	0.23834955265759911	0.15071455308427498	-1	8.76349995733241294E-002	-1	OK
40.250000000000000	0.46199023147998852	0.23170534774065699	0.19242381481588405	3.92815329247729189E-002	0.23028488373933151	0.14557308846053724	-1	8.47117952787942718E-002	-1	OK
40.500000000000000	0.44716363480858634	0.22462603040511997	0.18642791201070152	3.81981183944184732E-002	0.22253760440346640	0.14063468592565809	-1	8.19029184778083119E-002	-1	OK
40.750000000000000	0.43289205684726384	0.21780005753727563	0.18065051244779234	3.71495450894833157E-002	0.21509199930998821	0.13589002504605072	-1	7.92019742639374913E-002	-1	OK
41.000000000000000	0.41915114596824393	0.21121707358460390	0.17508250117403742	3.61345724105665289E-002	0.20793407238364003	0.13132982474414365	-1	7.66042476394963867E-002	-1	OK
41.250000000000000	0.40591890186828167	0.20486717874061111	0.16971518187200851	3.51519968686025697E-002	0.20105172312767056	0.12694657720672517	-1	7.41051459209453867E-002	-1	OK
41.500000000000000	0.39317370853783884	0.19874085453968993	0.16454023792245581	3.42006166172341558E-002	0.19443285399814889	0.12273157972198077	-1	7.17012742761681116E-002	-1	OK
41.750000000000000	0.38089482492223553	0.19282899059458591	0.15954972364214948	3.32792669524364301E-002	0.18806583432764962	0.11867674309984173	-1	6.93890912278078836E-002	-1	OK
42.000000000000000	0.36906241235019832	0.18712296704365672	0.15473610585751099	3.23868611861457198E-002	0.18193944530654163	0.11477580169466806	-1	6.71636436118735747E-002	-1	OK
42.250000000000000	0.35765820496874423	0.18161455980824748	0.15009219834471932	3.15223614635282423E-002	0.17604364516049673	0.11102299003836474	-1	6.50206551221319817E-002	-1	OK
42.500000000000000	0.34666473114444268	0.17629590012297852	0.14561114597393529	3.06847541490432411E-002	0.17036883102146416	0.10741190441477629	-1	6.29569266066878769E-002	-1	OK
42.750000000000000	0.33606588022562051	0.17115953114479165	0.14128641653718912	2.98731146076025127E-002	0.16490634908082885	0.10393664571940060	-1	6.09697033614282485E-002	-1	OK
43.000000000000000	0.32584505136822728	0.16619830762179322	0.13711176413849044	2.90865434833027896E-002	0.15964674374643406	0.10059192462652448	-1	5.90548191199095768E-002	-1	OK
43.250000000000000	0.31598628727706018	0.16140536544547909	0.13308121650065155	2.83241489448275499E-002	0.15458092183158109	9.73715422261475783E-002	-1	5.72093796054335135E-002	-1	OK
43.500000000000000	0.30647545090700623	0.15677413028101245	0.12918906722955462	2.75850630514577998E-002	0.14970132062599376	9.42702147362728810E-002	-1	5.54311058897208747E-002	-1	OK
43.750000000000000	0.29729803491314377	0.15229832104664315	0.12542986840941547	2.68684526372276779E-002	0.14499971386650062	9.12828619609384884E-002	-1	5.37168519055621352E-002	-1	OK
44.000000000000000	0.28843985191679844	0.14797197335196713	0.12179842309694339	2.61735502550237871E-002	0.14046787856483131	8.84043405569220619E-002	-1	5.20635380079092491E-002	-1	OK
44.250000000000000	0.27988878154368158	0.14378937158143157	0.11828976052095148	2.54996110604800950E-002	0.13609940996225003	8.56305680201582542E-002	-1	5.04688419420917800E-002	-1	OK
44.500000000000000	0.27163332111115579	0.13974502757849122	0.11489912470923659	2.48459028692546088E-002	0.13188829353266454	8.29573295517476023E-002	-1	4.89309639809169389E-002	-1	OK
44.750000000000000	0.26365932234025558	0.13583370174296319	0.11162196979846731	2.42117319444958151E-002	0.12782562059729241	8.03803670701697393E-002	-1	4.74452535271226716E-002	-1	OK
45.000000000000000	0.25595986414767535	0.13205039667193263	0.10845394994150083	2.35964467304317950E-002	0.12390946747574270	7.78957560130931342E-002	-1	4.60137114626495702E-002	-1	OK
45.250000000000000	0.24852683792178343	0.12839031831311376	0.10539090513175677	2.29994131813570507E-002	0.12013651960866968	7.54995292639148718E-002	-1	4.46369903447548094E-002	-1	OK
45.500000000000000	0.24134076219694617	0.12484885980527767	0.10242884904094819	2.24200107643294962E-002	0.11649190239166848	7.31888000923017756E-002	-1	4.33031022993667081E-002	-1	OK
45.750000000000000	0.23439676158327696	0.12142158841324320	9.95639630565609834E-002	2.18576253566821824E-002	0.11297517317003376	7.09597490774497991E-002	-1	4.20154240925839639E-002	-1	OK
46.000000000000000	0.22768588325168812	0.11810428995696741	9.67925995167652625E-002	2.13116904402021988E-002	0.10958159329472071	6.88089709039677866E-002	-1	4.07726223907529245E-002	-1	OK
46.250000000000000	0.22119875225413882	0.11489292270259481	9.41112633051239128E-002	2.07816593974708905E-002	0.10630582955154400	6.67326007955115486E-002	-1	3.95732287560324469E-002	-1	OK
46.500000000000000	0.21492679486963001	0.11178359362975787	9.15166035429895580E-002	2.02669900867683481E-002	0.10314320123987215	6.47284931754442266E-002	-1	3.84147080644279271E-002	-1	OK
46.750000000000000	0.20886303240866874	0.10877260055254750	8.90054173110388508E-002	1.97671832415086401E-002	0.10009043185612124	6.27938149541477919E-002	-1	3.72966169019734450E-002	-1	OK
47.000000000000000	0.20299751030794755	0.10585640368902594	8.65746349995535625E-002	1.92817686894723693E-002	9.71411066189216271E-002	6.09258375397618498E-002	-1	3.62152690791597773E-002	-1	OK
47.250000000000000	0.19732377649474847	0.10303157191754903	8.42213055346134470E-002	1.88102663829355921E-002	9.42922045771994594E-002	5.91219462084679112E-002	-1	3.51702583687315481E-002	-1	OK
47.500000000000000	0.19183459095724192	0.10029480637068242	8.19425986840864595E-002	1.83522076865959421E-002	9.15397845865594945E-002	5.73795091460507084E-002	-1	3.41602754405087861E-002	-1	OK
47.750000000000000	0.18652337646530964	9.76429521854412508E-002	7.97358044553229672E-002	1.79071477301182939E-002	8.88804242798683780E-002	5.56962845917596400E-002	-1	3.31841396881087380E-002	-1	OK
48.000000000000000	0.18131327767481742	9.50729947890802118E-002	7.75983269292531697E-002	1.74746678598270595E-002	8.62402828857371934E-002	5.40700386534463812E-002	-1	3.21702442322908122E-002	-1	OK
48.250000000000000	0.17629460720647672	9.25820407371928111E-002	7.55276750045583978E-002	1.70543657326343891E-002	8.37125664692839055E-002	5.24984190102036202E-002	-1	3.12141474590802853E-002	-1	OK
48.500000000000000	0.17158932588280101	9.01672949744913022E-002	7.35214559333045581E-002	1.66458390411867337E-002	8.14220309083096977E-002	5.09791372317135658E-002	-1	3.04428936765961319E-002	-1	OK
48.750000000000000	0.16686173334865040	8.78260992441486088E-002	7.15773792046035390E-002	1.62487200395450802E-002	7.90356341045018035E-002	4.95104977829357376E-002	-1	2.95251363215660659E-002	-1	OK
49.000000000000000	0.16230537815680759	8.55558964366217034E-002	6.96932441473218506E-002	1.58626522892998494E-002	7.67494817201858914E-002	4.80906339418246953E-002	-1	2.86588477783611961E-002	-1	OK
49.250000000000000	0.15787066819216827	8.33542191320202214E-002	6.78669354405007641E-002	1.54872836915194746E-002	7.45164490601480378E-002	4.67177616931153880E-002	-1	2.77986873670326498E-002	-1	OK
49.500000000000000	0.15363876325822523	8.12186989474572574E-002	6.60964213699416492E-002	1.51222775775155770E-002	7.24200643107679592E-002	4.53902288908512169E-002	-1	2.70298354199167423E-002	-1	OK
49.750000000000000	0.14953889451723909	7.91470500620207185E-002	6.43797492551646117E-002	1.47673008068560947E-002	7.03918444552183720E-002	4.41061941867198909E-002	-1	2.62856502684984811E-002	-1	OK
50.000000000000000	0.14556635462017881	7.71370843123596606E-002	6.27150458883067446E-002	1.44220384240529315E-002	6.84292703078191455E-002	4.28639329410203732E-002	-1	2.55653373667987724E-002	-1	OK
50.250000000000000	0.14171672932954654	7.51866928085154623E-002	6.11005094564787271E-002	1.40861833520367439E-002	6.65300365210310662E-002	4.16618949976200817E-002	-1	2.48681415234109846E-002	-1	OK
50.500000000000000	0.13798580475820640	7.32938439768668348E-002	5.95344091647788745E-002	1.37594348120879152E-002	6.46919607813395692E-002	4.04989042366184701E-002	-1	2.41930565447210991E-002	-1	OK
50.750000000000000	0.13436768692347295	7.14566006355758787E-002	5.80150856317819957E-002	1.34415150037938899E-002	6.29110862878970584E-002	3.93733260118205100E-002	-1	2.35377602760765484E-002	-1	OK
51.000000000000000	0.13086134720469828	6.96731056954977834E-002	5.65409432304520496E-002	1.31321624650457165E-002	6.11882415092004778E-002	3.82837988954047442E-002	-1	2.29044426137957335E-002	-1	OK
51.250000000000000	0.12746145540239814	6.79415511660989568E-002	5.51104432520364840E-002	1.28311079140624642E-002	5.95199042362991801E-002	3.72290136679135630E-002	-1	2.22908905683856171E-002	-1	OK
51.500000000000000	0.12416380864246344	6.62602072577090084E-002	5.37221084396723447E-002	1.25380988180366360E-002	5.79036013847544356E-002	3.62077144149718713E-002	-1	2.16958869697825643E-002	-1	OK
51.750000000000000	0.12096581697247265	6.46274087132955588E-002	5.23745169390834528E-002	1.22528917742121043E-002	5.63384082591770891E-002	3.52186956913890237E-002	-1	2.11197125677880654E-002	-1	OK
52.000000000000000	0.11786329431317810	6.30415407685260554E-002	5.10662989930991823E-002	1.19752417754268748E-002	5.48217535446520465E-002	3.42608006925164618E-002	-1	2.05609528521355847E-002	-1	OK
52.250000000000000	0.11485314554566278	6.15010562196433783E-002	4.97961380622236743E-002	1.17049181574197039E-002	5.33520893260194043E-002	3.33329087773944280E-002	-1	2.00191805486249763E-002	-1	OK
52.500000000000000	0.11193175019167623	6.00044664752888285E-002	4.85627679806718143E-002	1.14416984946170072E-002	5.19272837163874054E-002	3.24339656348167152E-002	-1	1.94933180815706902E-002	-1	OK
52.750000000000000	0.10909843830531350	5.85503401630411077E-002	4.73649713574833264E-002	1.11853688055577830E-002	5.05480981422723949E-002	3.15629473904419852E-002	-1	1.89851507518304097E-002	-1	OK
53.000000000000000	0.10632804122840886	5.71373077264739765E-002	4.62015769309541066E-002	1.09357307955198560E-002	4.91907335019348829E-002	3.07188706553834373E-002	-1	1.84718628465514456E-002	-1	OK
53.250000000000000	0.10365875726820538	5.57640351263311712E-002	4.50714534781337731E-002	1.06925816481973877E-002	4.78947221418742075E-002	2.99007913604544713E-002	-1	1.79939307814197362E-002	-1	OK
53.500000000000000	0.10106731347448643	5.44292380038506191E-002	4.39735128031810210E-002	1.04557252006695807E-002	4.66380754706358092E-002	2.91078092000344041E-002	-1	1.75302662706014051E-002	-1	OK
53.750000000000000	9.85510507063977054E-002	5.31316903290281473E-002	4.29067092076602097E-002	1.02249811213679168E-002	4.54193603773695581E-002	2.83390458543569153E-002	-1	1.70803145230126428E-002	-1	OK
54.000000000000000	9.61073302295288451E-002	5.18702012808553506E-002	4.18700324847411168E-002	1.00001687961142529E-002	4.42371289486734945E-002	2.75938130869306381E-002	-1	1.66433158617428564E-002	-1	OK
54.250000000000000	9.37339655508484804E-002	5.06436191335692953E-002	4.08625092253995723E-002	9.78110990816971962E-003	4.30903464172791920E-002	2.68711863522907123E-002	-1	1.62191600649884797E-002	-1	OK
54.500000000000000	9.14279472413139366E-002	4.94508407436097391E-002	3.98832030187782419E-002	9.56763772483146605E-003	4.19771064977041974E-002	2.61703469978663839E-002	-1	1.58067594998378136E-002	-1	OK
54.750000000000000	8.91885538189589600E-002	4.82908034773834316E-002	3.89312111426442439E-002	9.35959233473917553E-003	4.08977503415755214E-002	2.54905592620747155E-002	-1	1.54071910795008059E-002	-1	OK
55.000000000000000	8.70128662472178932E-002	4.71624766413144270E-002	3.80056621742768594E-002	9.15681446703753461E-003	3.98503896059034662E-002	2.48310509179997252E-002	-1	1.50193386879037410E-002	-1	OK
55.250000000000000	8.48987546954155514E-002	4.60648657084531676E-002	3.71057159343235674E-002	8.95914977412960375E-003	3.88338889869623768E-002	2.41912382090025482E-002	-1	1.46426507779598286E-002	-1	OK
55.500000000000000	8.28441836361959172E-002	4.49970147561140899E-002	3.62305633940267074E-002	8.76645136208735985E-003	3.78471688800818204E-002	2.35703940720673952E-002	-1	1.42767748080144252E-002	-1	OK
55.750000000000000	8.08473467548582042E-002	4.39580016330492901E-002	3.53794245528768064E-002	8.57857708017248366E-003	3.68893451218089141E-002	2.29679001398934990E-002	-1	1.39214449819154151E-002	-1	OK
56.000000000000000	7.88880446699492532E-002	4.29469395946518312E-002	3.45515476504647395E-002	8.39539194418709687E-003	3.59411050752974220E-002	2.23831898584130363E-002	-1	1.35579152168843857E-002	-1	OK
56.250000000000000	7.70017073684377551E-002	4.19629700858633256E-002	3.37462061737320157E-002	8.21676391213130991E-003	3.50387372825744364E-002	2.17773028089241691E-002	-1	1.32614344736502673E-002	-1	OK
56.500000000000000	7.51677318422417917E-002	4.10052587651431183E-002	3.29626982813450570E-002	8.04256048379806306E-003	3.41624730770986734E-002	2.12270689945949116E-002	-1	1.29354040825037618E-002	-1	OK
56.750000000000000	7.33844545709966267E-002	4.00730051616624977E-002	3.22003478108112764E-002	7.87265735085123340E-003	3.33114494093341360E-002	2.05581135324918139E-002	-1	1.27533358768423220E-002	-1	OK
57.000000000000000	7.16502886097982461E-002	3.91654362017101604E-002	3.14585018266194602E-002	7.70693437509070538E-003	3.24848524080880857E-002	2.00423787112945784E-002	-1	1.24424736967935073E-002	-1	OK
57.250000000000000	6.99635654888896286E-002	3.82817997800679183E-002	3.07365291279097091E-002	7.54527065215820913E-003	3.16817657088217103E-002	1.95415294303352867E-002	-1	1.21402362784864236E-002	-1	OK
57.500000000000000	6.83229022159811406E-002	3.74213724282954213E-002	3.00338212302342436E-002	7.38755119806118205E-003	3.09015297876857123E-002	1.90550883712415700E-002	-1	1.18464414164441423E-002	-1	OK
57.750000000000000	6.67269127460866085E-002	3.65834595181428676E-002	2.93497914994524205E-002	7.23366801869044455E-003	3.01434532279437374E-002	1.85826188702271945E-002	-1	1.15608343577165429E-002	-1	OK
58.000000000000000	6.51782780017593766E-002	3.57673857905325271E-002	2.86838724680166038E-002	7.08351332251592938E-003	2.94108922112268564E-002	1.81236887259498998E-002	-1	1.12872034852769566E-002	-1	OK
58.250000000000000	6.36675384120621579E-002	3.49725014385395688E-002	2.80355169680412512E-002	6.93698447049832627E-003	2.86950369735225856E-002	1.76777899545562840E-002	-1	1.10172470189663016E-002	-1	OK
58.500000000000000	6.21974496184500084E-002	3.41981785883572406E-002	2.74041961287053784E-002	6.79398245965187261E-003	2.79992710300927677E-002	1.72444968214825016E-002	-1	1.07547742086102661E-002	-1	OK
58.750000000000000	6.07668272629242751E-002	3.34438090517488393E-002	2.67893987897735684E-002	6.65441026197526389E-003	2.73230182111754358E-002	1.68234120567706674E-002	-1	1.04996061544047684E-002	-1	OK
59.000000000000000	5.93743713432211898E-002	3.27088044369573255E-002	2.61906308490570429E-002	6.51817358790028004E-003	2.66655669062638642E-002	1.64141496737000812E-002	-1	1.02514172325637830E-002	-1	OK
59.250000000000000	5.80188767825991353E-002	3.19925974320014669E-002	2.56074151131968838E-002	6.38518231880457355E-003	2.60262793505976649E-002	1.60163017188518428E-002	-1	1.00099776317458221E-002	-1	OK
59.500000000000000	5.66992794208927842E-002	3.12946367769049855E-002	2.50392895690327681E-002	6.25534720787221908E-003	2.54046426439877952E-002	1.56295336537624445E-002	-1	9.77510899022535074E-003	-1	OK
59.750000000000000	5.54144831833406487E-002	3.06143875679433103E-002	2.44858075014524508E-002	6.12858006649086382E-003	2.48000956153973384E-002	1.52534964840048172E-002	-1	9.54659913139252123E-003	-1	OK
60.000000000000000	5.41634455670138779E-002	2.99513347420478533E-002	2.39465379048430585E-002	6.00479683720480176E-003	2.42121108249660245E-002	1.48878432984417691E-002	-1	9.32426752652425542E-003	-1	OK
60.250000000000000	5.29451694182988680E-002	2.93049828579039218E-002	2.34210646759474284E-002	5.88391818195649428E-003	2.36401865603949463E-002	1.45322620594658097E-002	-1	9.10792450092913659E-003	-1	OK
60.500000000000000	5.17586756538250259E-002	2.86748531160234826E-002	2.29089854329890437E-002	5.76586768303443721E-003	2.30838225378015467E-002	1.41864452949368742E-002	-1	8.89737724286467253E-003	-1	OK
60.750000000000000	5.06030665740217489E-002	2.80604808473293582E-002	2.24099106955170969E-002	5.65057015181226387E-003	2.25425857266923907E-002	1.38500637646095156E-002	-1	8.69252196208287510E-003	-1	OK
61.000000000000000	4.94764066998889251E-002	2.74614168658187732E-002	2.19234637508800498E-002	5.53795311493872604E-003	2.20149898340701485E-002	1.35228425606624594E-002	-1	8.49214727340768909E-003	-1	OK
61.250000000000000	4.83798503654664647E-002	2.68772260998645721E-002	2.14492799711842423E-002	5.42794612868032801E-003	2.15026242656018926E-002	1.32045080643804786E-002	-1	8.29811620122141401E-003	-1	OK
61.500000000000000	4.73114753426566170E-002	2.63074854897914212E-002	2.09870061249064731E-002	5.32047936488494726E-003	2.10039898528651993E-002	1.28948051449361504E-002	-1	8.10918470792904890E-003	-1	OK
61.750000000000000	4.62582369467512272E-002	2.57517857845908325E-002	2.05363005420358714E-002	5.21548524255494982E-003	2.05064511621603912E-002	1.25934633883103830E-002	-1	7.91298777385000818E-003	-1	OK
62.000000000000000	4.52438401943455262E-002	2.52097315198223301E-002	2.00968327326165423E-002	5.11289878720579388E-003	2.00341086745231961E-002	1.23001949894692864E-002	-1	7.73391368505390968E-003	-1	OK
62.250000000000000	4.42554620284795128E-002	2.46809389069308424E-002	1.96682827064811709E-002	5.01265620044967410E-003	1.95745231215486704E-002	1.20147599598984609E-002	-1	7.55976316165020944E-003	-1	OK
62.500000000000000	4.32921226060862113E-002	2.41650370059206532E-002	1.92503409857264531E-002	4.91469602019420446E-003	1.91270856001655616E-002	1.17369398245619865E-002	-1	7.39014577560357516E-003	-1	OK
62.750000000000000	4.23525796218732209E-002	2.36616679592713923E-002	1.88427083081869236E-002	4.81895965108446352E-003	1.86909116626018321E-002	1.14665104132722802E-002	-1	7.22440124932955188E-003	-1	OK
63.000000000000000	4.14274053513077195E-002	2.31704844514661751E-002	1.84450947214078939E-002	4.72538973005827943E-003	1.82569208998415410E-002	1.12032556212565710E-002	-1	7.05366527858496996E-003	-1	OK
63.250000000000000	4.05234526613216517E-002	2.26911508488364388E-002	1.80572194222339034E-002	4.63393142660254147E-003	1.78323018124852094E-002	1.09469667619210911E-002	-1	6.88533505056411824E-003	-1	OK
63.500000000000000	3.96538553010684497E-002	2.22233401381584407E-002	1.76788100830111358E-002	4.54453005514731008E-003	1.74305151629100125E-002	1.06974351653972184E-002	-1	6.73307999751279404E-003	-1	OK
63.750000000000000	3.88045869224477313E-002	2.17667349855849707E-002	1.73096029770211900E-002	4.45713200856378243E-003	1.70378519368627572E-002	1.04544429205289374E-002	-1	6.58340901633381985E-003	-1	OK
64.000000000000000	3.79776588845499585E-002	2.13210293258246919E-002	1.69493428515522376E-002	4.37168647427244907E-003	1.66566295587252632E-002	1.02177942390589138E-002	-1	6.43883531966634934E-003	-1	OK
64.250000000000000	3.71711306092112892E-002	2.08859253096272124E-002	1.65977821537101992E-002	4.28814315591701488E-003	1.62852052995840768E-002	9.98729170129873320E-003	-1	6.29791359828534361E-003	-1	OK
64.500000000000000	3.63844063674204077E-002	2.04611344887411575E-002	1.62546812215105148E-002	4.20645326723064709E-003	1.59232718786792536E-002	9.76276245119853288E-003	-1	6.16050942748072074E-003	-1	OK
64.750000000000000	3.56169779630834960E-002	2.00463787664979867E-002	1.59198081447612765E-002	4.12657062173670593E-003	1.55705991965855075E-002	9.54402988991745298E-003	-1	6.02656930666805452E-003	-1	OK
65.000000000000000	3.48692279664387580E-002	1.96413878611017348E-002	1.55929379568631819E-002	4.04844990423855206E-003	1.52278401053370215E-002	9.33095004833313542E-003	-1	5.89689005700388610E-003	-1	OK
65.250000000000000	3.41375844830348885E-002	1.92458992177467134E-002	1.52738524776014507E-002	3.97204674014526183E-003	1.48916852652881716E-002	9.12336188139577231E-003	-1	5.76832338389239932E-003	-1	OK
65.500000000000000	3.34248337472508178E-002	1.88596578711685489E-002	1.49623401244192693E-002	3.89731774674927783E-003	1.45651758760822654E-002	8.92107732174685607E-003	-1	5.64409855433540934E-003	-1	OK
65.750000000000000	3.27293462649182604E-002	1.84824174378425202E-002	1.46581959962365851E-002	3.82422144160593112E-003	1.42469288270757367E-002	8.72394290258216888E-003	-1	5.52298592449356786E-003	-1	OK
66.000000000000000	3.20506228628494733E-002	1.81139385994931318E-002	1.43612213156060816E-002	3.75271728388705192E-003	1.39366842633563397E-002	8.53181016874703102E-003	-1	5.40487409460930872E-003	-1	OK
66.250000000000000	3.13802661469847616E-002	1.77539878090886422E-002	1.40712230577005118E-002	3.68276475138812993E-003	1.36262783378961229E-002	8.34453684866453410E-003	-1	5.28174148923158879E-003	-1	OK
66.500000000000000	3.07338468214144664E-002	1.74023398278733352E-002	1.37880143502502085E-002	3.61432547762313185E-003	1.33315069935411295E-002	8.16198283870534294E-003	-1	5.16952415483578655E-003	-1	OK
66.750000000000000	3.01028405076745054E-002	1.70587754550389492E-002	1.35114138196422463E-002	3.54736163539669767E-003	1.30440650526355579E-002	7.98401223320230856E-003	-1	5.06005281943324933E-003	-1	OK
67.000000000000000	2.94864387748240385E-002	1.67230820244301803E-002	1.32412456131858220E-002	3.48183641124436439E-003	1.27633567503938582E-002	7.81048928515823762E-003	-1	4.95286746523562055E-003	-1	OK
67.250000000000000	2.88783585565562662E-002	1.63950552050208982E-002	1.29773396950259683E-002	3.41771550999493169E-003	1.24833033515353697E-002	7.64129496316623500E-003	-1	4.84200838836913467E-003	-1	OK
67.500000000000000	2.82822589688006415E-002	1.60744959795676573E-002	1.27195307501234180E-002	3.35496522944424237E-003	1.22077629892329859E-002	7.47630720347486431E-003	-1	4.73145578575812163E-003	-1	OK
67.750000000000000	2.77091988631574526E-002	1.57612109964250791E-002	1.24676582948234221E-002	3.29355270160165432E-003	1.19479878667323753E-002	7.31539720068482505E-003	-1	4.63259066604755024E-003	-1	OK
68.000000000000000	2.71495751639425145E-002	1.54550116349417010E-002	1.22215663943448620E-002	3.23344524059683948E-003	1.16945635290008117E-002	7.15845370420335834E-003	-1	4.53610982479745340E-003	-1	OK
68.250000000000000	2.66030093806903616E-002	1.51557146404703372E-002	1.19811036781388592E-002	3.17461096233147408E-003	1.14472947402200244E-002	7.00537587706116013E-003	-1	4.44191886315886426E-003	-1	OK
68.500000000000000	2.60691345748721784E-002	1.48631426764953938E-002	1.17461233680405848E-002	3.11701930845481373E-003	1.12059918983767829E-002	6.85605404510844160E-003	-1	4.34993785326834130E-003	-1	OK
68.750000000000000	2.55476451646493401E-002	1.45771226596530142E-002	1.15164827197155595E-002	3.06063993993745381E-003	1.09705225049963259E-002	6.71038480396179970E-003	-1	4.26013770103452621E-003	-1	OK
69.000000000000000	2.50382166245085441E-002	1.42974857279637539E-002	1.12920431064519582E-002	3.00544262151179698E-003	1.07407308965447885E-002	6.56826533915032870E-003	-1	4.17246555739445978E-003	-1	OK
69.250000000000000	2.45405561218011645E-002	1.40240691248434031E-002	1.10726703216839119E-002	2.95139880315948991E-003	1.05164869969577631E-002	6.42959736660942988E-003	-1	4.08688963034833323E-003	-1	OK
69.500000000000000	2.40537786482142094E-002	1.37567157831724098E-002	1.08582342562538754E-002	2.89848152691853751E-003	1.02970628650417995E-002	6.29426694166977229E-003	-1	4.00279592337202724E-003	-1	OK
69.750000000000000	2.35787126566355879E-002	1.34952724324014055E-002	1.06486083498094838E-002	2.84666408259192510E-003	1.00834402242341806E-002	6.16219192028403303E-003	-1	3.92124830395014761E-003	-1	OK
70.000000000000000	2.31140631735604410E-002	1.32395894954359071E-002	1.04436691855259983E-002	2.79592030990991145E-003	9.87447367812453215E-003	6.03329375714553931E-003	-1	3.84117992097899284E-003	-1	OK
70.250000000000000	2.26604350734403645E-002	1.29895224471703701E-002	1.02432971555921522E-002	2.74622529157822004E-003	9.67091262626999619E-003	5.90749002104710812E-003	-1	3.76342260522288807E-003	-1	OK
70.500000000000000	2.22171066591378384E-002	1.27449306485984733E-002	1.00473763141298005E-002	2.69755433446867542E-003	9.47217601053936507E-003	5.78469170379874217E-003	-1	3.68748430674062291E-003	-1	OK
70.750000000000000	2.17838036218241347E-002	1.25056777560445202E-002	9.85579403673332750E-003	2.64988371931118918E-003	9.27812586577961458E-003	5.66481893874407928E-003	-1	3.61330692703553530E-003	-1	OK
71.000000000000000	2.13602393700172664E-002	1.22716303530614936E-002	9.66844073329665293E-003	2.60318961976484112E-003	9.08860901695577282E-003	5.54779628650781034E-003	-1	3.54081273044796249E-003	-1	OK
71.250000000000000	2.09461980444571039E-002	1.20426588029802772E-002	9.48520992810086491E-003	2.55744887487941190E-003	8.90353924147682663E-003	5.43354577981370115E-003	-1	3.46999346166312547E-003	-1	OK
71.500000000000000	2.05414399275697657E-002	1.18186374477710909E-002	9.30599823647476621E-003	2.51263921129632082E-003	8.72280247979867474E-003	5.32199600889296607E-003	-1	3.40080647090570867E-003	-1	OK
71.750000000000000	2.01457157823068216E-002	1.15994440799716790E-002	9.13070518029323458E-003	2.46873889967844616E-003	8.54627170233514255E-003	5.21307263341394198E-003	-1	3.33319906892120058E-003	-1	OK
72.000000000000000	1.97587923393336903E-002	1.13849598163106580E-002	8.95923316497318836E-003	2.42572665133746748E-003	8.37383252302303059E-003	5.10670479225773175E-003	-1	3.26712773076529885E-003	-1	OK
72.250000000000000	1.93804713973594021E-002	1.11750696622787034E-002	8.79148745893873138E-003	2.38358220333997070E-003	8.20540173508069876E-003	5.00282265516410231E-003	-1	3.20257907991659645E-003	-1	OK
72.500000000000000	1.90105240132876635E-002	1.09696614731076419E-002	8.62737586487965884E-003	2.34228560822798354E-003	8.04086254018002329E-003	4.90135753663267087E-003	-1	3.13950500354735242E-003	-1	OK
72.750000000000000	1.86487357022999331E-002	1.07686260833991729E-002	8.46680873594755044E-003	2.30181734745162200E-003	7.88010961890076023E-003	4.80225102690944386E-003	-1	3.07785859199131637E-003	-1	OK
73.000000000000000	1.82948985614501715E-002	1.05718575398292026E-002	8.30969897794685969E-003	2.26215856188234730E-003	7.72304102162096971E-003	4.70544114103334243E-003	-1	3.01759988058762727E-003	-1	OK
73.250000000000000	1.79488227864031298E-002	1.03792531682184337E-002	8.15596196719144476E-003	2.22329120102698896E-003	7.56956961818469696E-003	4.61086767050492008E-003	-1	2.95870194767977688E-003	-1	OK
73.500000000000000	1.76103492480523052E-002	1.01907128219297372E-002	8.00551531125443319E-003	2.18519751067530353E-003	7.41963642612256981E-003	4.51847216531818009E-003	-1	2.90116426080438972E-003	-1	OK
73.750000000000000	1.72792099969567084E-002	1.00061388199561875E-002	7.85827877376588449E-003	2.14786004619030389E-003	7.27307117700052175E-003	4.42819820549325213E-003	-1	2.84487297150726962E-003	-1	OK
74.000000000000000	1.69553061436586716E-002	9.82543554526910806E-003	7.71417423527442914E-003	2.11126130999467936E-003	7.12987059838956529E-003	4.33999050422078075E-003	-1	2.78988009416878454E-003	-1	OK
74.250000000000000	1.66384170959709664E-002	9.64850992777991842E-003	7.57312571727739806E-003	2.07538421050252296E-003	6.98990716819104796E-003	4.25379371265014340E-003	-1	2.73611345554090456E-003	-1	OK
74.500000000000000	1.63283694268816296E-002	9.47527213927167565E-003	7.43505951854714527E-003	2.04021262072452908E-003	6.85309728760995478E-003	4.16955949055889535E-003	-1	2.68353779705105943E-003	-1	OK
74.750000000000000	1.60249906256523765E-002	9.30563482647511764E-003	7.29990390111853911E-003	2.00573092535657853E-003	6.71935579917725800E-003	4.08724697586420119E-003	-1	2.63210882331305681E-003	-1	OK
75.000000000000000	1.57281218796443065E-002	9.13951254874880575E-003	7.16758900402350314E-003	1.97192354472530262E-003	6.58860933089550072E-003	4.00679621425610762E-003	-1	2.58181311663939310E-003	-1	OK
75.250000000000000	1.54376024910906420E-002	8.97682258821740249E-003	7.03804692620683525E-003	1.93877566201056508E-003	6.46077990287323954E-003	3.92816109181502292E-003	-1	2.53261881105821662E-003	-1	OK
75.500000000000000	1.51532790499628901E-002	8.81748410956162063E-003	6.91121153672470071E-003	1.90627257283692078E-003	6.33579494040126950E-003	3.85129634137997999E-003	-1	2.48449859902128952E-003	-1	OK
75.750000000000000	1.48720847043490936E-002	8.66141819912830818E-003	6.78701844328151189E-003	1.87439975584679521E-003	6.21066650522078632E-003	3.77615451659413020E-003	-1	2.43451198862665611E-003	-1	OK
76.000000000000000	1.45997395494738766E-002	8.50854826418167599E-003	6.66540502992864822E-003	1.84314323425302626E-003	6.09119128529219973E-003	3.70269148419322949E-003	-1	2.38849980109897024E-003	-1	OK
76.250000000000000	1.43331579617742219E-002	8.35880030941379797E-003	6.54631046670951615E-003	1.81248984270428182E-003	5.97435765236042481E-003	3.63086434478234301E-003	-1	2.34349330757808181E-003	-1	OK
76.500000000000000	1.40721969999804582E-002	8.21210185932987578E-003	6.42967541407105537E-003	1.78242644525882107E-003	5.86009514065058152E-003	3.56063312126313203E-003	-1	2.29946201938744949E-003	-1	OK
76.750000000000000	1.38167345123611437E-002	8.06838237669037402E-003	6.31544208993362575E-003	1.75294028675675021E-003	5.74835213567077060E-003	3.49195782271423697E-003	-1	2.25639431295653363E-003	-1	OK
77.000000000000000	1.35654843529064081E-002	7.92757288414056190E-003	6.20355417416625088E-003	1.72401870997431188E-003	5.63791146876584624E-003	3.42479957295843251E-003	-1	2.21311189580741374E-003	-1	OK
77.250000000000000	1.33216913578852857E-002	7.78960607438552305E-003	6.09395681947710009E-003	1.69564925490842361E-003	5.53208528349976268E-003	3.35912058837277514E-003	-1	2.17296469512698754E-003	-1	OK
77.500000000000000	1.30819122185018635E-002	7.65441607010160403E-003	5.98659656500170109E-003	1.66781950509990295E-003	5.42749614840026037E-003	3.29490290533757894E-003	-1	2.13259324306268143E-003	-1	OK
77.750000000000000	1.28471143955557858E-002	7.52193920394767304E-003	5.88142147072965877E-003	1.64051773321801536E-003	5.32517519160811189E-003	3.23209204829299698E-003	-1	2.09308314331511491E-003	-1	OK
78.000000000000000	1.26171821525101306E-002	7.39211372020290563E-003	5.77838103015167626E-003	1.61373269005122937E-003	5.22506843230722499E-003	3.17065854213580828E-003	-1	2.05440989017141671E-003	-1	OK
78.250000000000000	1.23920014290516030E-002	7.26487949276890567E-003	5.67742601887349756E-003	1.58745347389540985E-003	5.12712193628269645E-003	3.11056382741325748E-003	-1	2.01655810886943896E-003	-1	OK
78.500000000000000	1.21714601274030988E-002	7.14017778367910787E-003	5.57850848370211160E-003	1.56166929997699454E-003	5.03128234372399088E-003	3.05177325281199988E-003	-1	1.97950909091199100E-003	-1	OK
78.750000000000000	1.19554497793583625E-002	7.01795144143415803E-003	5.48158168252326460E-003	1.53636975891089213E-003	4.93749833792420448E-003	2.99425526353125143E-003	-1	1.94324307439295305E-003	-1	OK
79.000000000000000	1.17438629809567679E-002	6.89814430417303413E-003	5.38659996436345080E-003	1.51154433980958398E-003	4.84571867678373468E-003	2.93797848077023693E-003	-1	1.90774019601349775E-003	-1	OK
79.250000000000000	1.15356346882022360E-002	6.78070143600553992E-003	5.29351882973481437E-003	1.48718260627072967E-003	4.75493325219669607E-003	2.88291238472074534E-003	-1	1.87202086747595073E-003	-1	OK
79.500000000000000	1.13326100059769584E-002	6.66556952755419704E-003	5.20229499794813352E-003	1.46327452960606460E-003	4.66704047842276138E-003	2.82663704136867098E-003	-1	1.84040343705409041E-003	-1	OK
79.750000000000000	1.11337098451846812E-002	6.55269686740619917E-003	5.11288634523870619E-003	1.43981052216749341E-003	4.58101297777848294E-003	2.77392958459809092E-003	-1	1.80708339318039202E-003	-1	OK
80.000000000000000	1.09388379208093488E-002	6.44203321985824078E-003	5.02525184882103917E-003	1.41678137103720203E-003	4.49680470095110713E-003	2.72234708788116411E-003	-1	1.77445761306994302E-003	-1	OK
80.250000000000000	1.07475820877205898E-002	6.33352945596655538E-003	4.93935148914787740E-003	1.39417796681868015E-003	4.41405263175403354E-003	2.67186213644894990E-003	-1	1.74219049530508364E-003	-1	OK
80.500000000000000	1.05604966498817291E-002	6.22713751728568542E-003	4.85514623803633052E-003	1.37199127924935555E-003	4.33335913259604369E-003	2.62244845802258285E-003	-1	1.71091067457346084E-003	-1	OK
80.750000000000000	1.03771686436382425E-002	6.12281055739222809E-003	4.77259804839078906E-003	1.35021250900144011E-003	4.25435808624601529E-003	2.57408063625148885E-003	-1	1.68027744999452644E-003	-1	OK
81.000000000000000	1.01985737080755763E-002	6.02050302896582189E-003	4.69166987899531131E-003	1.32883314997050950E-003	4.17807067910975442E-003	2.52673425579999847E-003	-1	1.65133642330975595E-003	-1	OK
81.250000000000000	1.00224795898086333E-002	5.92017035763484599E-003	4.61232557204981596E-003	1.30784478558502938E-003	4.10230923217378644E-003	2.48038564200865879E-003	-1	1.62192359016512765E-003	-1	OK
81.500000000000000	9.84989798347036052E-003	5.82176933220954380E-003	4.53452993909623896E-003	1.28723939311330615E-003	4.02812865126081585E-003	2.43500409978517811E-003	-1	1.59312455147563774E-003	-1	OK
81.750000000000000	9.67993511217264159E-003	5.72525782380902890E-003	4.45824864513948583E-003	1.26700917866954350E-003	3.95467728836361269E-003	2.39056700419766838E-003	-1	1.56411028416594431E-003	-1	OK
82.000000000000000	9.51413516728653007E-003	5.63059461100508425E-003	4.38344816808086592E-003	1.24714644292421768E-003	3.88354055628144582E-003	2.34705729175880076E-003	-1	1.53648326452264505E-003	-1	OK
82.250000000000000	9.35161107754683106E-003	5.53773917218924709E-003	4.31009577395162404E-003	1.22764339823762348E-003	3.81387190535758397E-003	2.30445306500153598E-003	-1	1.50941884035604799E-003	-1	OK
82.500000000000000	9.19228568255147857E-003	5.44665205642962634E-003	4.23815956377643441E-003	1.20849249265319236E-003	3.74563362612185136E-003	2.26273936855361617E-003	-1	1.48289425756823520E-003	-1	OK
82.750000000000000	9.03582433632906662E-003	5.35729482315672276E-003	4.16760846036132605E-003	1.18968636279539650E-003	3.67852951317234429E-003	2.22189136260213596E-003	-1	1.45663815057020833E-003	-1	OK
83.000000000000000	8.88269286114633239E-003	5.26963040735150406E-003	4.09841223292755491E-003	1.17121817442394872E-003	3.61306245379482745E-003	2.18188669211115795E-003	-1	1.43117576168366950E-003	-1	OK
83.250000000000000	8.73255289036337437E-003	5.18362227388655984E-003	4.03054130142495737E-003	1.15308097246160203E-003	3.54893061647681366E-003	2.14270498822481193E-003	-1	1.40622562825200173E-003	-1	OK
83.500000000000000	8.58533554403548976E-003	5.09923499972940279E-003	3.96396686765232518E-003	1.13526813207707761E-003	3.48610054430608610E-003	2.10433099102931131E-003	-1	1.38176955327677480E-003	-1	OK
83.750000000000000	8.44097858227370670E-003	5.01643406933807798E-003	3.89866083668013097E-003	1.11777323265794637E-003	3.42454451293562829E-003	2.06674329534922100E-003	-1	1.35780121758640729E-003	-1	OK
84.000000000000000	8.29941907244514596E-003	4.93518559438832667E-003	3.83459574300639783E-003	1.10058985138192862E-003	3.36423347805681972E-003	2.02992341272099485E-003	-1	1.33431006533582487E-003	-1	OK
84.250000000000000	8.16059245970647898E-003	4.85545628201239279E-003	3.77174473049437771E-003	1.08371155151801291E-003	3.30513617769408706E-003	1.99385346485238127E-003	-1	1.31128271284170579E-003	-1	OK
84.500000000000000	8.02444134381241625E-003	4.77721360611412828E-003	3.71008160388073801E-003	1.06713200223338940E-003	3.24722773769828884E-003	1.95850186859926681E-003	-1	1.28872586909902203E-003	-1	OK
84.750000000000000	7.89090726850050737E-003	4.70042601005703220E-003	3.64958085546286930E-003	1.05084515459416376E-003	3.19048125844347474E-003	1.92386681522426872E-003	-1	1.26661444321920602E-003	-1	OK
85.000000000000000	7.75993269233992734E-003	4.62506266533722378E-003	3.59021758244398251E-003	1.03484508289324213E-003	3.13487002700270313E-003	1.88993178947128313E-003	-1	1.24493823753142000E-003	-1	OK
85.250000000000000	7.63127614772006729E-003	4.55109366259917776E-003	3.53196752560355244E-003	1.01912613699562489E-003	3.08018248512088953E-003	1.85668080122132506E-003	-1	1.22350168389956447E-003	-1	OK
85.500000000000000	7.50526633222944536E-003	4.47848984967127561E-003	3.47480700780635442E-003	1.00368284186492076E-003	3.02677648255816932E-003	1.82409871856078760E-003	-1	1.20267776399738172E-003	-1	OK
85.750000000000000	7.38165336606210788E-003	4.40722261161726261E-003	3.41871287750491982E-003	9.88509734112342792E-004	2.97443075444484527E-003	1.79217100361478377E-003	-1	1.18225975083006149E-003	-1	OK
86.000000000000000	7.26038457406461869E-003	4.33726379457939626E-003	3.36366249326248415E-003	9.73601301316912764E-004	2.92312077948522287E-003	1.76088014371231097E-003	-1	1.16224063577291190E-003	-1	OK
86.250000000000000	7.14140982082987763E-003	4.26858596806188595E-003	3.30963377215605370E-003	9.58952195905833768E-004	2.87282385276799212E-003	1.73020958550817354E-003	-1	1.14261426725981857E-003	-1	OK
86.500000000000000	7.02468003547326511E-003	4.20116242869933171E-003	3.25660517148584081E-003	9.44557257213490473E-004	2.82351760677393296E-003	1.70014933592964389E-003	-1	1.12336827084428908E-003	-1	OK
86.750000000000000	6.91014746451576803E-003	4.13496715764395065E-003	3.20455567998957245E-003	9.30411477654377117E-004	2.77518030687181694E-003	1.67068587788829514E-003	-1	1.10449442898352180E-003	-1	OK
87.000000000000000	6.79776494862530979E-003	4.06997478844631048E-003	3.15346478360690411E-003	9.16510004839406374E-004	2.72779016017899974E-003	1.64180584959104344E-003	-1	1.08598431058795630E-003	-1	OK
87.250000000000000	6.68748655396149243E-003	4.00616048248457306E-003	3.10331246060704512E-003	9.02848021877528258E-004	2.68132607147691937E-003	1.61349626539820132E-003	-1	1.06782980607871805E-003	-1	OK
87.500000000000000	6.57926759125682450E-003	3.94350030452830704E-003	3.05407919800040678E-003	8.89421106527900698E-004	2.63576728672851703E-003	1.58574622761244502E-003	-1	1.05002105911607200E-003	-1	OK
87.750000000000000	6.47306423467737362E-003	3.88197049456453060E-003	3.00574584556540653E-003	8.76224648999124616E-004	2.59109374011284345E-003	1.55854098315957304E-003	-1	1.03255275695327041E-003	-1	OK
88.000000000000000	6.36883318263904794E-003	3.82154777639848869E-003	2.95829369086633535E-003	8.63254085532152472E-004	2.54728540624055925E-003	1.53186308473594228E-003	-1	1.01542232150461697E-003	-1	OK
88.250000000000000	6.26632770916625906E-003	3.76220933440592036E-003	2.91170444301861722E-003	8.50504891387301727E-004	2.50411837476033870E-003	1.50570734137359086E-003	-1	9.98411033386747840E-004	-1	OK
88.500000000000000	6.16576195997891284E-003	3.70393288604525112E-003	2.86596025523385431E-003	8.37972630811396478E-004	2.46182907393366172E-003	1.48006250292564761E-003	-1	9.81766571008014111E-004	-1	OK
88.750000000000000	6.06706015730118942E-003	3.64669686163253664E-003	2.82104373834901612E-003	8.25653123283520522E-004	2.42036329566865278E-003	1.45491656731705542E-003	-1	9.65446728351597363E-004	-1	OK
89.000000000000000	5.97032015377598445E-003	3.59048025555290962E-003	2.77693792150904457E-003	8.13542334043866025E-004	2.37983989822307439E-003	1.43026128233008872E-003	-1	9.49578615892985667E-004	-1	OK
89.250000000000000	5.87517944608170230E-003	3.53526243213085276E-003	2.73362619294361363E-003	8.01636239187238368E-004	2.33991701395084911E-003	1.40608390559924016E-003	-1	9.33833108351608951E-004	-1	OK
89.500000000000000	5.78195454051209489E-003	3.48102323382239783E-003	2.69109233332901019E-003	7.89930900493388184E-004	2.30093130668969706E-003	1.38237331624849755E-003	-1	9.18557990441199509E-004	-1	OK
89.750000000000000	5.69043112615764957E-003	3.42774296124618953E-003	2.64932047913322066E-003	7.78422482112970391E-004	2.26268816491145960E-003	1.35911936453351448E-003	-1	9.03568800377945120E-004	-1	OK
90.000000000000000	5.60057272000974611E-003	3.37540236397340220E-003	2.60829515305629686E-003	7.67107210917105774E-004	2.22517035603634391E-003	1.33631214602587443E-003	-1	8.88858210010469484E-004	-1	OK
90.250000000000000	5.51234426287955728E-003	3.32398262014049588E-003	2.56800121353068043E-003	7.55981406609815233E-004	2.18836164273906184E-003	1.31394186466755707E-003	-1	8.74419778071504773E-004	-1	OK
90.500000000000000	5.42571414928001705E-003	3.27346532052879852E-003	2.52842387155059051E-003	7.45041448978208559E-004	2.15224882875121809E-003	1.29199914077003219E-003	-1	8.60249687981185906E-004	-1	OK
90.750000000000000	5.34065225573739262E-003	3.22383260623448908E-003	2.48954870129955994E-003	7.34283904934929471E-004	2.11681964950290397E-003	1.27047486150197236E-003	-1	8.46344788000931610E-004	-1	OK
91.000000000000000	5.25712490478412627E-003	3.17506695313718793E-003	2.45136157735152292E-003	7.23705375785666091E-004	2.08205795164693834E-003	1.24936003784684884E-003	-1	8.32697913800089498E-004	-1	OK
91.250000000000000	5.17509860512921187E-003	3.12715114718926154E-003	2.41384867162156708E-003	7.13302475567693158E-004	2.04794745793995033E-003	1.22864642862670001E-003	-1	8.19301029313250322E-004	-1	OK
91.500000000000000	5.09454424080126728E-003	3.08006835639324048E-003	2.37699646955150546E-003	7.03071886841735673E-004	2.01447588440802679E-003	1.20832615670569098E-003	-1	8.06149727702335818E-004	-1	OK
91.750000000000000	5.01543079773126687E-003	3.03380209071832125E-003	2.34079175635964034E-003	6.93010334358681456E-004	1.98162870701294562E-003	1.18838518954101670E-003	-1	7.93243517471928922E-004	-1	OK
92.000000000000000	4.93772723998065974E-003	2.98833616443580164E-003	2.30522159729489896E-003	6.83114567140903216E-004	1.94939107554485832E-003	1.16882016949716163E-003	-1	7.80570906047696684E-004	-1	OK
92.250000000000000	4.86140751131678046E-003	2.94365483556597533E-003	2.27027338305997063E-003	6.73381452506004912E-004	1.91775267575080514E-003	1.14962380396040282E-003	-1	7.68128871790402321E-004	-1	OK
92.500000000000000	4.78644370928050372E-003	2.89974277751650633E-003	2.23593478213391641E-003	6.63807995382590136E-004	1.88670093176399739E-003	1.13078751879346073E-003	-1	7.55913412970536658E-004	-1	OK
92.750000000000000	4.71268728975289715E-003	2.85658491023127025E-003	2.20219373224680168E-003	6.54391177984468028E-004	1.85610237952162733E-003	1.11230347765949901E-003	-1	7.43798901862128322E-004	-1	OK
93.000000000000000	4.64035789097051905E-003	2.81416661660656518E-003	2.16903846901058241E-003	6.45128147595983416E-004	1.82619127436395409E-003	1.09416426650572559E-003	-1	7.32027007858228503E-004	-1	OK
93.250000000000000	4.56930402768546649E-003	2.77247357857070796E-003	2.13645747242103721E-003	6.36016106149669990E-004	1.79683044911475810E-003	1.07636265270403641E-003	-1	7.20467796410721685E-004	-1	OK
93.500000000000000	4.49949879302574858E-003	2.73149179917189528E-003	2.10443947859326663E-003	6.27052320578628435E-004	1.76800699385385308E-003	1.05889156494966036E-003	-1	7.09115428904192723E-004	-1	OK
93.750000000000000	4.43077468536254813E-003	2.69120755193410447E-003	2.07297345978755447E-003	6.18234092146549672E-004	1.73956713342844388E-003	1.04174409766949602E-003	-1	6.97823035758947862E-004	-1	OK
94.000000000000000	4.36339803453422020E-003	2.65160732375193959E-003	2.04204861262515143E-003	6.09558711126788159E-004	1.71179071078228083E-003	1.02491354037335947E-003	-1	6.86877170408921366E-004	-1	OK
94.250000000000000	4.29719775000979558E-003	2.61267788299611144E-003	2.01165436940829766E-003	6.01023513587813779E-004	1.68451986701368393E-003	1.00839329035288974E-003	-1	6.76126576660794187E-004	-1	OK
94.500000000000000	4.23215129972085401E-003	2.57440625727080406E-003	1.98178039248926661E-003	5.92625864781537773E-004	1.65774504245005038E-003	9.92176889406788014E-004	-1	6.65568153043262370E-004	-1	OK
94.750000000000000	4.16823611923205356E-003	2.53677989264161890E-003	1.95241659657800900E-003	5.84363296063610004E-004	1.63145622659043510E-003	9.76258229788733861E-004	-1	6.55197996801701234E-004	-1	OK
95.000000000000000	4.10542993597362744E-003	2.49978644987571734E-003	1.92355310091941252E-003	5.76233348956305255E-004	1.60564348609791010E-003	9.60632070855813838E-004	-1	6.45011415242096263E-004	-1	OK
95.250000000000000	4.04371096214092580E-003	2.46341390574710906E-003	1.89518025125962053E-003	5.68233654487488855E-004	1.58029705639381674E-003	9.45294540144015513E-004	-1	6.35002516249801225E-004	-1	OK
95.500000000000000	3.98305772232774614E-003	2.42765041215347276E-003	1.86728858151476813E-003	5.60361830638704409E-004	1.55540731017427339E-003	9.30236343638198601E-004	-1	6.25170966536074788E-004	-1	OK
95.750000000000000	3.92344870662148654E-003	2.39248435904160141E-003	1.83986882914390147E-003	5.52615529897699295E-004	1.53096434757988556E-003	9.15450142596125390E-004	-1	6.15514204983760166E-004	-1	OK
96.000000000000000	3.86486424099750751E-003	2.35790443339583362E-003	1.81291194565203384E-003	5.44992487743799344E-004	1.50695980760167368E-003	9.00928949091895086E-004	-1	6.06030858509778590E-004	-1	OK
96.250000000000000	3.80728442241453063E-003	2.32389953398709406E-003	1.78640905962465187E-003	5.37490474362441423E-004	1.48338488842743635E-003	8.86669648000054200E-004	-1	5.96715240427382154E-004	-1	OK
96.500000000000000	3.75068873835212972E-003	2.29045876926379892E-003	1.76035150160720353E-003	5.30107267656595603E-004	1.46022996908833080E-003	8.72667801292720800E-004	-1	5.87562167795610004E-004	-1	OK
96.750000000000000	3.69505847339690391E-003	2.25757152930055986E-003	1.73473078816464431E-003	5.22840741135915444E-004	1.43748694409634404E-003	8.58918398081314188E-004	-1	5.78568546015029855E-004	-1	OK
97.000000000000000	3.64037610235551238E-003	2.22522736898007585E-003	1.70953861430651541E-003	5.15688754673561097E-004	1.41514873337543652E-003	8.45416522126351037E-004	-1	5.69732211249085485E-004	-1	OK
97.250000000000000	3.58662305400425565E-003	2.19341625151521155E-003	1.68476687936742250E-003	5.08649372147789163E-004	1.39320680248904410E-003	8.32157078499329034E-004	-1	5.61049723989715064E-004	-1	OK
97.500000000000000	3.53378601678511293E-003	2.16212817115686226E-003	1.66040761246018438E-003	5.01720558696678101E-004	1.37165784562825088E-003	8.19134550373816516E-004	-1	5.52523295254434368E-004	-1	OK
97.750000000000000	3.48184275080625459E-003	2.13135331251289176E-003	1.63645301927287340E-003	4.94900293240018905E-004	1.35048943829336283E-003	8.06344269905581571E-004	-1	5.44145168387781260E-004	-1	OK
98.000000000000000	3.43077601267610752E-003	2.10108212310475360E-003	1.61289547389677885E-003	4.88186649207973992E-004	1.32969388957135371E-003	7.93781716903826690E-004	-1	5.35912172667527020E-004	-1	OK
98.250000000000000	3.38049075119340424E-003	2.07130517419438706E-003	1.58972750820395524E-003	4.81577665990432467E-004	1.30918557699901740E-003	7.81442327183698134E-004	-1	5.27743249815319261E-004	-1	OK
98.500000000000000	3.33112828583184825E-003	2.04201335534433866E-003	1.56694183254025838E-003	4.75071522804080063E-004	1.28911493048750958E-003	7.69321709469556131E-004	-1	5.19793221017953453E-004	-1	OK
98.750000000000000	3.28259315751969205E-003	2.01319767046936448E-003	1.54453129160341636E-003	4.68666378865947419E-004	1.26939548705032757E-003	7.57418145148343043E-004	-1	5.11977341901984529E-004	-1	OK
99.000000000000000	3.23486953360740091E-003	1.98484941734489292E-003	1.52248891057032661E-003	4.62360506774565764E-004	1.25002011626250777E-003	7.45726036834156651E-004	-1	5.04294079428351124E-004	-1	OK
99.250000000000000	3.18794235114381631E-003	1.95696007175755800E-003	1.50080784497977110E-003	4.56152226777787012E-004	1.23098227938625809E-003	7.34239682114427796E-004	-1	4.96742597271830296E-004	-1	OK
99.500000000000000	3.14179653960306154E-003	1.92952116630768899E-003	1.47948137937969925E-003	4.50039786927989628E-004	1.21227537329537255E-003	7.22956104897373307E-004	-1	4.89319268397999242E-004	-1	OK
99.750000000000000	3.09641808179217035E-003	1.90252448254198082E-003	1.45850294821384054E-003	4.44021534328139741E-004	1.19389359925018953E-003	7.11870166779590544E-004	-1	4.82023432470598981E-004	-1	OK
100.00000000000000	3.05179164314239469E-003	1.87596190177636581E-003	1.43786611012661192E-003	4.38095791649754105E-004	1.17582974136602888E-003	7.00977970507588445E-004	-1	4.74851770858440432E-004	-1	OK
