#pt	totcs	totdirect	directLO	directNLO	totfrag	fragLO	err_fragLO	fragNLO	err_fragNLO	errmess
0.50000000000000000	30712599.796770021	7478196.8338989243	5294360.5259134173	2183836.3079855102	23234402.962871097	5525014.3900731476	-1	17709388.572797950	-1	Error
0.75000000000000000	3186441.9061849914	1142652.2393287630	606063.99860313290	536588.24072563043	2043789.6668562284	542962.18210818537	-1	1500827.4847480431	-1	Error
1.0000000000000000	462587.28501698800	227905.35500838020	116815.94009436369	111089.41491401654	234681.93000860780	66460.317349525620	-1	168221.61265908217	-1	Error
1.2500000000000000	101399.86555195451	57467.798833464003	29001.190206188690	28466.608627275298	43932.066718490503	12767.298211970430	-1	31164.768506520071	-1	Error
1.5000000000000000	28076.061984207419	17201.198380183636	8576.7556574022492	8624.4427227813831	10874.863604023783	3181.7868818251336	-1	7693.0767221986498	-1	Error
1.7500000000000000	9037.7319734002194	5824.8055223653137	2869.0677941657514	2955.7377281995618	3212.9264510349058	932.54897836507803	-1	2280.3774726698275	-1	Error
2.0000000000000000	3226.5192431732157	2158.8290851684251	1048.9889007349357	1109.8401844334896	1067.6901580047909	306.96522986621017	-1	760.72492813858071	-1	Error
2.2500000000000000	1240.0082310388407	854.74104473441969	409.08175235701776	445.65929237740210	385.26718630442093	109.71733833243725	-1	275.54984797198370	-1	Error
2.5000000000000000	502.55888192181123	354.98003574859064	167.09846657686796	187.88156917172276	147.57884617322057	41.405967271334902	-1	106.17287890188567	-1	Error
2.7500000000000000	211.65483686739333	152.69711479649908	70.583372778532137	82.113742017966928	58.957722070894249	16.240440871151236	-1	42.717281199743013	-1	Error
3.0000000000000000	91.565263815382437	67.347281968653178	30.517410093196915	36.829871875456249	24.217981846729263	6.5811026314803973	-1	17.636879215248864	-1	Error
3.2500000000000000	40.357706484024156	30.193197588942819	13.390508397809677	16.802689191133148	10.164508895081338	2.7084704215727347	-1	7.4560384735086043	-1	Error
3.5000000000000000	17.966893200238157	13.659517652421128	5.9200562921139399	7.7394613603071862	4.3073755478170304	1.1281866615316136	-1	3.1791888862854165	-1	Error
3.7500000000000000	8.0253416819877614	6.1973274286987072	2.6208703363763184	3.5764570923223884	1.8280142532890533	0.47135854020333895	-1	1.3566557130857144	-1	Error
4.0000000000000000	3.5818439926626322	2.8045800034908752	1.1555703455062816	1.6490096579845936	0.77726398917175721	0.19627988182766104	-1	0.58098410734409622	-1	OK
4.2500000000000000	1.5881624241843015	1.2603735106265204	0.50517281641897771	0.75520069420754288	0.32778891355778117	8.11164950463526269E-002	-1	0.24667241851142854	-1	OK
4.5000000000000000	0.69666413012024131	0.56006028511440364	0.21801242580566449	0.34204785930873916	0.13660384500583769	3.30194607133675322E-002	-1	0.10358438429247016	-1	OK
4.7500000000000000	0.30066525482567530	0.24496809411141005	9.24521067351683212E-002	0.15251598737624178	5.56971607142652397E-002	1.31604482758163593E-002	-1	4.25367124384488787E-002	-1	OK
5.0000000000000000	0.12714911559111752	0.10493848841808957	3.83273966397391780E-002	6.66110917783503953E-002	2.22106271730279359E-002	5.14991550913030099E-003	-1	1.70607116638976340E-002	-1	OK
5.2500000000000000	5.23300409683182671E-002	4.37658569371657466E-002	1.54386590778186270E-002	2.83271978593471162E-002	8.56418403115251706E-003	1.93617337717193541E-003	-1	6.62801065398058165E-003	-1	OK
5.5000000000000000	2.08055613748152693E-002	1.76402709163466162E-002	5.99763420758271052E-003	1.16426367087639031E-002	3.16529045846865136E-003	6.95652209601771107E-004	-1	2.46963824886688036E-003	-1	OK
5.7500000000000000	7.92829043170246127E-003	6.81543394013532991E-003	2.22823120482411145E-003	4.58720273531121759E-003	1.11285649156713136E-003	2.38554898738233120E-004	-1	8.74301592828898239E-004	-1	OK
6.0000000000000000	2.86503009476347503E-003	2.49744014781297461E-003	7.83061100343627223E-004	1.71437904746934750E-003	3.67589946950500578E-004	7.60899839760319300E-005	-1	2.91499962974468634E-004	-1	OK
6.2500000000000000	9.68152876613622088E-004	8.55923168678185214E-004	2.56642851747755185E-004	5.99280316930430029E-004	1.12229707935436888E-004	2.24730785855757975E-005	-1	8.97566293498610972E-005	-1	OK
6.5000000000000000	3.00615504738316200E-004	2.69524051283623008E-004	7.70171769977517261E-005	1.92506874285871269E-004	3.10914534546932189E-005	6.05804266231787307E-006	-1	2.50334107923753449E-005	-1	OK
6.7500000000000000	8.37076114854183611E-005	7.61250069284742675E-005	2.06459635997619230E-005	5.54790433287123376E-005	7.58260455694409620E-006	1.42350818006326344E-006	-1	6.15909637688083254E-006	-1	OK
7.0000000000000000	2.02159462462273615E-005	1.86473756881922488E-005	4.77618102188984854E-006	1.38711946663023969E-005	1.56857055803511315E-006	2.80774040480666775E-007	-1	1.28779651755444632E-006	-1	OK
