#pt	totcs	totdirect	directLO	directNLO	totfrag	fragLO	err_fragLO	fragNLO	err_fragNLO	errmess
0.50000000000000000	20704162.699217979	5753051.5563950967	3899066.1226942786	1853985.4337008183	14951111.142822882	3620869.8143470911	-1	11330241.328475792	-1	Error
0.75000000000000000	1694848.3556450843	783044.66729984363	435476.28260270052	347568.38469714334	911803.68834524066	237810.33825165543	-1	673993.35009358521	-1	Error
1.0000000000000000	275807.62374822021	151779.49603152744	78639.811584429728	73139.684447097708	124028.12771669278	33116.546639068103	-1	90911.581077624665	-1	Error
1.2500000000000000	63287.551119696182	37939.569698588370	18884.105908688380	19055.463789899986	25347.981421107812	6799.0128457670244	-1	18548.968575340787	-1	Error
1.5000000000000000	17838.571200981743	11272.033935311654	5448.7163891869095	5823.3175461247456	6566.5372656700893	1755.2528941908231	-1	4811.2843714792662	-1	Error
1.7500000000000000	5778.7068934685067	3790.7887853148559	1786.3489525216858	2004.4398327931699	1987.9181081536508	526.47888507234813	-1	1461.4392230813028	-1	Error
2.0000000000000000	2062.3569997290538	1393.3566579861574	641.00471865403824	752.35193933211929	669.00034174289647	174.19014936755832	-1	494.81019237533815	-1	Error
2.2500000000000000	789.60007047817919	546.47164980004663	245.51599450498455	300.95565529506200	243.12842067813258	62.439897820310726	-1	180.68852285782185	-1	Error
2.5000000000000000	317.80724475158070	224.71532313756705	98.578004240732255	126.13731889683484	93.091921614013614	23.544197876868164	-1	69.547723737145446	-1	Error
2.7500000000000000	132.67514249293839	95.583333088044029	40.922529091959923	54.660803996084105	37.091809404894377	9.2084892900156561	-1	27.883320114878721	-1	Error
3.0000000000000000	56.767697134448035	41.614153692310026	17.378164876090064	24.235988816219965	15.153543442138007	3.7115368458239293	-1	11.442006596314078	-1	Error
3.2500000000000000	24.710074284970521	18.385340047531102	7.4840348225743227	10.901305224956777	6.3247342374394178	1.5176257809532694	-1	4.8071084564861479	-1	Error
3.5000000000000000	10.840647607084570	8.1834900936211969	3.2447893231950493	4.9387007704261459	2.6571575134633725	0.62790879591563864	-1	2.0292487175477341	-1	Error
3.7500000000000000	4.7650549674730369	3.6472024424142302	1.4074705981783526	2.2397318442358780	1.1178525250588065	0.25955751688187650	-1	0.85829500817693005	-1	Error
4.0000000000000000	2.0892046578172256	1.6191163148738326	0.60756489192763430	1.0115514229461982	0.47008834294339324	0.10718856419388376	-1	0.36289977874950952	-1	OK
4.2500000000000000	0.90869586331647334	0.71278000507429151	0.25981170148637422	0.45296830358791729	0.19591585824218180	4.38367592344914916E-002	-1	0.15207909900769032	-1	OK
4.5000000000000000	0.39046207965770657	0.30979478377258768	0.10956155060987414	0.20023323316271352	8.06672958851188809E-002	1.76147088267601289E-002	-1	6.30525870583587555E-002	-1	OK
4.7500000000000000	0.16479873711757345	0.13232938747128320	4.53473310991790307E-002	8.69820563721041690E-002	3.24693496462902451E-002	6.93568668057967935E-003	-1	2.55336629657105657E-002	-1	OK
5.0000000000000000	6.80405945595617401E-002	5.52708331194383326E-002	1.83260258384015523E-002	3.69448072810367942E-002	1.27697614401234040E-002	2.67905226529546693E-003	-1	1.00907091748279366E-002	-1	OK
5.2500000000000000	2.72892997046713867E-002	2.24388262154782692E-002	7.18675908389597787E-003	1.52520671315822930E-002	4.85047348919311581E-003	9.94618487926741393E-004	-1	3.85585500126637420E-003	-1	OK
5.5000000000000000	1.05536943338448014E-002	8.78798828255236350E-003	2.71413588005759701E-003	6.07385240249476606E-003	1.76570605129243701E-003	3.51835548390380410E-004	-1	1.41387050290205660E-003	-1	OK
5.7500000000000000	3.90038858243259724E-003	3.29173267832149393E-003	9.78397832350132602E-004	2.31333484597136176E-003	6.08655904111103413E-004	1.18838373492941371E-004	-1	4.89817530618162069E-004	-1	OK
6.0000000000000000	1.36392502773711815E-003	1.16669222348404116E-003	3.32961238230220489E-004	8.33730985253820452E-004	1.97232804253076962E-004	3.72124343731912810E-005	-1	1.60020369879885674E-004	-1	OK
6.2500000000000000	4.44625577552179834E-004	3.85711308366349281E-004	1.05433722667317716E-004	2.80277585699031538E-004	5.89142691858305528E-005	1.07941061114190276E-005	-1	4.81201630744115252E-005	-1	OK
6.5000000000000000	1.32766753356232414E-004	1.16800016817694474E-004	3.04891257751979237E-005	8.63108910424965334E-005	1.59667365385379499E-005	2.84899764781532786E-006	-1	1.31177388907226225E-005	-1	OK
6.7500000000000000	3.54042157740074620E-005	3.16092416389758321E-005	7.85186045305996036E-006	2.37573811859158768E-005	3.79497413503162691E-006	6.53530191369091120E-007	-1	3.14144394366253557E-006	-1	OK
7.0000000000000000	8.14993454285256475E-006	7.38761991685822314E-006	1.73889226159661165E-006	5.64872765526161191E-006	7.62314625994341820E-007	1.25828651248375404E-007	-1	6.36485974745966363E-007	-1	OK
