#pt	totcs	totdirect	directLO	directNLO	totfrag	fragLO	err_fragLO	fragNLO	err_fragNLO	errmess
0.50000000000000000	14172821.178750165	-15314729.001998909	1096839.2817214541	-16411568.283720361	29487550.180749074	19223941.190815043	-1	10263608.989934031	-1	Error
0.75000000000000000	12711007.184935333	-674961.35745981382	263755.20450541517	-938716.56196522946	13385968.542395147	4233344.5812763637	-1	9152623.9611187838	-1	Error
1.0000000000000000	7322125.7920335308	-126847.02877238626	308452.51874504099	-435299.54751742748	7448972.8208059175	2807871.1471782788	-1	4641101.6736276392	-1	Error
1.2500000000000000	3446725.6105076363	14445.850098794792	220875.84580920497	-206429.99571041061	3432279.7604088415	1465857.2149336147	-1	1966422.5454752268	-1	Error
1.5000000000000000	1726059.2852167524	42314.179892002838	145399.93550323683	-103085.75561123391	1683745.1053247496	767880.91034201917	-1	915864.19498273043	-1	Error
1.7500000000000000	910600.56877555000	40818.704126005119	95232.190384386646	-54413.486258381541	869781.86464954494	422378.33457336132	-1	447403.53007618361	-1	Error
2.0000000000000000	514687.94116773922	33232.462797272077	63462.726451187475	-30230.263653915430	481455.47837046714	244763.97458718531	-1	236691.50378328183	-1	Error
2.2500000000000000	306711.61628678441	25688.475791211327	43197.589281234927	-17509.113490023603	281023.14049557305	148606.76997518074	-1	132416.37052039232	-1	Error
2.5000000000000000	191546.11829059507	19522.073132161968	29991.395243719995	-10469.322111558018	172024.04515843312	93505.486309604064	-1	78518.558848829052	-1	Error
2.7500000000000000	124754.61535503066	14830.507985554796	21280.023438130102	-6449.5154525753114	109924.10736947587	61105.068592945841	-1	48819.038776530026	-1	Error
3.0000000000000000	84216.973615731840	11340.759666338621	15425.556882529690	-4084.7972161910770	72876.213949393219	41277.719654118475	-1	31598.494295274744	-1	Error
3.2500000000000000	58481.309158629505	8751.8269956155491	11399.541860828924	-2647.7148652133837	49729.482163013956	28670.275064398549	-1	21059.207098615407	-1	Error
3.5000000000000000	41619.141856640650	6820.1314028929519	8569.1324236836535	-1749.0010207906987	34799.010453747702	20405.110730196364	-1	14393.899723551338	-1	Error
3.7500000000000000	30268.173020107919	5366.9378411710186	6540.5478892433557	-1173.6100480723335	24901.235178936899	14770.132297435228	-1	10131.102881501671	-1	Error
4.0000000000000000	22454.681045047924	4263.6291564438452	5061.2478644045250	-797.61870796068456	18191.051888604081	10898.755638580680	-1	7292.2962500234007	-1	OK
4.2500000000000000	16956.901901631602	3418.4038000257606	3965.8193906762867	-547.41559065052559	13538.498101605841	8174.7485472738808	-1	5363.7495543319601	-1	OK
4.5000000000000000	13004.633891808055	2764.6624395732370	3142.9840140024621	-378.32157442922505	10239.971452234817	6226.6216074600488	-1	4013.3498447747679	-1	OK
4.7500000000000000	10111.407530319926	2254.2271588486428	2516.7510487062204	-262.52388985757665	7857.1803714712833	4805.2057670646373	-1	3051.9746044066460	-1	OK
5.0000000000000000	7969.4393941302969	1852.0794267259394	2034.4118214848031	-182.33239475886467	6117.3599674043580	3754.0801183864987	-1	2363.2798490178593	-1	OK
5.2500000000000000	6347.8377855978415	1532.5400091377464	1658.8147468237694	-126.27473768602324	4815.2977764600955	2965.1836085688442	-1	1850.1141678912513	-1	OK
5.5000000000000000	5105.0803121200133	1276.6070035357739	1363.3901547297314	-86.783151193957877	3828.4733085842390	2365.3170937657324	-1	1463.1562148185067	-1	OK
5.7500000000000000	4144.3241055459221	1070.1089825025429	1128.8880212262604	-58.779038723717818	3074.2151230433797	1904.3723742349862	-1	1169.8427488083935	-1	OK
6.0000000000000000	3390.1705273062339	902.30037751173404	941.13617466140045	-38.835797149665815	2487.8701497944999	1546.7534135280782	-1	941.11673626642164	-1	OK
6.2500000000000000	2793.8652794790423	765.00708200275540	789.60810037410067	-24.601018371345354	2028.8581974762869	1265.9335551545894	-1	762.92464232169755	-1	OK
6.5000000000000000	2319.8126156585190	651.96463229811002	666.40352352038826	-14.438891222278173	1667.8479833604090	1043.4512656502875	-1	624.39671771012149	-1	OK
6.7500000000000000	1939.0669084336844	558.33077629016157	565.53266182283755	-7.2018855326758979	1380.7361321435228	865.88193078223060	-1	514.85420136129221	-1	OK
7.0000000000000000	1630.3010153993948	480.33489571473297	482.41166671593083	-2.0767710011976654	1149.9661196846619	721.34584788670327	-1	428.62027179795859	-1	OK
7.2500000000000000	1378.2811779228728	415.01925011397839	413.50168209779525	1.5175680161831369	963.26192780889437	605.76076418950390	-1	357.50116361939047	-1	OK
7.5000000000000000	1172.2624484443570	360.04696701395204	356.04801617458145	3.9989508393703779	812.21548143040491	511.48349503275170	-1	300.73198639765320	-1	OK
7.7500000000000000	1001.9529137518455	313.56113437444111	307.89036569733918	5.6707686771017363	688.39177937740442	433.89986512719315	-1	254.49191425021127	-1	OK
8.0000000000000000	860.39101087316340	274.07582419688623	267.32179744952043	6.7540267473657751	586.31518667627711	369.79007643839446	-1	216.52511023788264	-1	OK
8.2500000000000000	742.09943312237988	240.39267329598653	232.98359968364460	7.4090736123418512	501.70675982639335	316.82808995899120	-1	184.87866986740215	-1	OK
8.5000000000000000	642.66333609289097	211.54197173652437	203.78820431832364	7.7537674182006890	431.12136435636660	272.40553535745335	-1	158.71582899891325	-1	OK
8.7500000000000000	558.77724662919377	186.73483044493514	178.85980062768101	7.8750298172540525	372.04241618425863	235.15098814973638	-1	136.89142803452225	-1	OK
9.0000000000000000	487.66779390399245	165.32612122563214	157.48900718173266	7.8371140438994997	322.34167267836034	203.76391284701137	-1	118.57775983134897	-1	OK
9.2500000000000000	427.12533744856790	146.78577045206970	139.09809459747643	7.6876758545931718	280.33956699649821	177.20210123386468	-1	103.13746576263352	-1	OK
9.5000000000000000	375.39047408461499	130.67595280732880	123.21407358517631	7.4618792221525316	244.71452127728620	154.63200110596478	-1	90.082520171321420	-1	OK
9.7500000000000000	330.92234252156067	116.63345446155409	109.44781419720938	7.1856402643447286	214.28888806000657	135.37024687204266	-1	78.918641187963914	-1	OK
10.000000000000000	292.57760907192977	104.35578902927374	97.477684541665084	6.8781044876086606	188.22182004265605	118.87352220304548	-1	69.348297839610566	-1	OK
10.250000000000000	259.40240743948596	93.590042705268345	87.036696195786490	6.5533465094818499	165.81236473421760	104.70338852230833	-1	61.108976211909265	-1	OK
10.500000000000000	230.62170645274114	84.123739310786377	77.902205800788025	6.2215335099983671	146.49796714195475	92.483399032809075	-1	54.014568109145671	-1	OK
10.750000000000000	205.56659212269551	75.777969652484146	69.887862797757109	5.8901068547270325	129.78862247021138	81.909322420050032	-1	47.879300050161348	-1	OK
11.000000000000000	183.70726703121355	68.401309867118840	62.837041818118969	5.5642680489998613	115.30595716409471	72.727673033913092	-1	42.578284130181615	-1	OK
11.250000000000000	164.54539905525954	61.865295373886170	56.617544106227918	5.2477512676582743	102.68010368137337	64.731960147797821	-1	37.948143533575546	-1	OK
11.500000000000000	147.66176940524809	56.060511676634903	51.117512741686483	4.9429989349484433	91.601257728613206	57.749263883418955	-1	33.851993845194251	-1	OK
11.750000000000000	132.83391767099985	50.893418482383680	46.241954710125093	4.6514637722585688	81.940499188616172	51.634257862599668	-1	30.306241326016504	-1	OK
12.000000000000000	119.73786671654946	46.284001223777310	41.909960258661407	4.3740409651159338	73.453865492772152	46.266852173432625	-1	27.187013319339528	-1	OK
12.250000000000000	108.15875611932066	42.163415253904844	38.052341736977176	4.1110735169276680	65.995340865415812	41.544276362176376	-1	24.451064503239436	-1	OK
12.500000000000000	97.885371460560606	38.472440187759666	34.609805112742634	3.8626350750170455	59.412931272800940	37.378904305120010	-1	22.034026967680930	-1	OK
12.750000000000000	88.752405203458849	35.159825467886549	31.531346611803176	3.6284788560833623	53.592579735572301	33.693583792900483	-1	19.898995942671817	-1	OK
13.000000000000000	80.612822811563319	32.181264535396295	28.773006565710787	3.4082579696855051	48.431558276167031	30.425888853256630	-1	18.005669422910401	-1	OK
13.250000000000000	73.342808742698054	29.498208435108687	26.296763286114697	3.2014451489939848	43.844600307589374	27.523390538205845	-1	16.321209769383529	-1	OK
13.500000000000000	66.834890225723854	27.077146594729122	24.069668509694772	3.0074780850343439	39.757743630994725	24.939301828815303	-1	14.818441802179422	-1	OK
13.750000000000000	60.997496242832327	24.888803946562287	22.063084913356544	2.8257190332057318	36.108692296270043	22.634830630973273	-1	13.473861665296770	-1	OK
14.000000000000000	55.739197592938211	22.907606797277442	20.252074128534222	2.6555326687432217	32.831590795660766	20.576779362945846	-1	12.254811432714920	-1	OK
14.250000000000000	51.024023774666176	21.111113584889321	18.614855747162441	2.4962578377268807	29.912910189776852	18.734438350778795	-1	11.178471838998057	-1	OK
14.500000000000000	46.772392007946863	19.479632101674273	17.132376219148629	2.3472558825256393	27.292759906272593	17.082484364686547	-1	10.210275541586046	-1	OK
14.750000000000000	42.933142811307384	17.995804556405393	15.787921047302813	2.2078835091025844	24.937338254901992	15.598354417574429	-1	9.3389838373275627	-1	OK
15.000000000000000	39.461333395558711	16.644352573927328	14.566808740406501	2.0775438335208256	22.816980821631386	14.229738374125580	-1	8.5872424475058065	-1	OK
15.250000000000000	36.315850859928275	15.411754263570423	13.456106117667119	1.9556481459032984	20.904096596357856	13.028468433228069	-1	7.8756281631297878	-1	OK
15.500000000000000	33.462547596665729	14.286049938321627	12.444405145703691	1.8416447926179358	19.176497658344104	11.944205642339647	-1	7.2322920160044575	-1	OK
15.750000000000000	30.870726054732494	13.256632981516182	11.521620901768765	1.7350120797474162	17.614093073216310	10.964119323837872	-1	6.6499737493784377	-1	OK
16.000000000000000	28.512539975435743	12.314073965791895	10.678821332837488	1.6352526329544057	16.198466009643848	10.076740397880174	-1	6.1217256117636740	-1	OK
16.250000000000000	26.356894422756049	11.449987366118396	9.9080827499472157	1.5419046161711827	14.906907056637651	9.2726882771003254	-1	5.6342187795373260	-1	OK
16.500000000000000	24.397583719553925	10.656892290705123	9.2023617800484718	1.4545305106566540	13.740691428848802	8.5429794720364782	-1	5.1977119568123236	-1	OK
16.750000000000000	22.608270630641776	9.9281035064146756	8.5553771807031378	1.3727263257115405	12.680167124227099	7.8794262753236204	-1	4.8007408489034784	-1	OK
17.000000000000000	20.961666614393415	9.2576484324750794	7.9615366913902657	1.2961117410848120	11.704018181918334	7.2753941555606740	-1	4.4286240263576602	-1	OK
17.250000000000000	19.464135194520381	8.6401809906142084	7.4158505971889950	1.2243303934252119	10.823954203906174	6.7250640038921752	-1	4.0988902000139991	-1	OK
17.500000000000000	18.091599888649000	8.0709087938213706	6.9138555927939782	1.1570532010273944	10.020691094827630	6.2227881151531106	-1	3.7979029796745190	-1	OK
17.750000000000000	16.832041650716040	7.5455292038815713	6.4515538264293415	1.0939753774522283	9.2865124468344682	5.7637955450341227	-1	3.5227169018003455	-1	OK
18.000000000000000	15.674596370551345	7.0601641137507158	6.0253566140497439	1.0348074997009711	8.6144322568006295	5.3438321123529171	-1	3.2706001444477124	-1	OK
18.250000000000000	14.610018850211736	6.6113266004712168	5.6320413218790080	0.97928527859220815	7.9986922497405191	4.9591420755607558	-1	3.0395501741797633	-1	OK
18.500000000000000	13.629887237254145	6.1958703613841974	5.2687077942330731	0.92716256715112555	7.4340168758699487	4.6063799598966568	-1	2.8276369159732919	-1	OK
18.750000000000000	12.726384438737483	5.8109506559031008	4.9327431854377979	0.87820747046530279	6.9154337828343824	4.2825551796964803	-1	2.6328786031379021	-1	OK
19.000000000000000	11.892649523917994	5.4539993659749744	4.6217913344137020	0.83220803156127277	6.4386501579430195	3.9851983101339319	-1	2.4534518478090876	-1	OK
19.250000000000000	11.122489715254904	5.1226920127050191	4.3337238735066030	0.78896813919841702	5.9997977025498841	3.7116556724039227	-1	2.2881420301459614	-1	OK
19.500000000000000	10.410433153132537	4.8149182404167750	4.0666153386027402	0.74830290181403403	5.5955149127157631	3.4597524343666759	-1	2.1357624783490872	-1	OK
19.750000000000000	9.7469415455291841	4.5287626298812391	3.8187227814682374	0.71003984841300205	5.2181789156479450	3.2275303298866427	-1	1.9906485857613023	-1	OK
20.000000000000000	9.1368208398791371	4.2624915548473741	3.5884669887224638	0.67402456612491057	4.8743292850317630	3.0133059186977476	-1	1.8610233663340154	-1	OK
20.250000000000000	8.5713044798879157	4.0145226193037828	3.3744135619107403	0.64010905739304180	4.5567818605841328	2.8090464146039351	-1	1.7477354459801977	-1	OK
20.500000000000000	8.0463718722361719	3.7834140179999998	3.1752590844366653	0.60815493356333405	4.2629578542361717	2.6265092334802116	-1	1.6364486207559601	-1	OK
20.750000000000000	7.5589181227291196	3.5678567057397625	2.9898191508564271	0.57803755488333430	3.9910614169893575	2.4576240555505100	-1	1.5334373614388475	-1	OK
21.000000000000000	7.1059102141584098	3.3666528750422291	2.8170140452847416	0.54963882975748801	3.7392573391161807	2.3013105311811266	-1	1.4379468079350541	-1	OK
21.250000000000000	6.6862282571402805	3.1787064306513741	2.6558594061131906	0.52284702453818488	3.5075218264889063	2.1565029312945727	-1	1.3510188951943336	-1	OK
21.500000000000000	6.2937832916619083	3.0030174877124569	2.5054578052666159	0.49755968244584176	3.2907658039494518	2.0222011273248994	-1	1.2685646766245524	-1	OK
21.750000000000000	5.9282163663235563	2.8386737316712236	2.3649898987195801	0.47368383295164251	3.0895426346523327	1.8975341080197601	-1	1.1920085266325726	-1	OK
22.000000000000000	5.5849006145195883	2.6848360284131219	2.2337056033457880	0.45113042506733370	2.9000645861064664	1.7817812287234585	-1	1.1182833573830080	-1	OK
22.250000000000000	5.2670907792792940	2.5407347582848914	2.1109185999610589	0.42981615832383324	2.7263560209944027	1.6741611837010775	-1	1.0521948372933252	-1	OK
22.500000000000000	4.9702880043038604	2.4056647285260149	1.9960006533981216	0.40966407512789327	2.5646232757778460	1.5740493049660127	-1	0.99057397081183329	-1	OK
22.750000000000000	4.6928607000095255	2.2789801575858473	1.8883759665601549	0.39060419102569183	2.4138805424236787	1.4808399195528639	-1	0.93304062287081480	-1	OK
23.000000000000000	4.4335050925761550	2.1600846575792074	1.7875153822656500	0.37256927531355721	2.2734204349969476	1.3939901487197131	-1	0.87943028627723452	-1	OK
23.250000000000000	4.1909317773248738	2.0484295228433393	1.6929330762023040	0.35549644664103580	2.1425022544815340	1.3130079020816234	-1	0.82949435239991054	-1	OK
23.500000000000000	3.9636975490924060	1.9435103083124279	1.6041827589723354	0.33932754934009191	2.0201872407799781	1.2374434063895716	-1	0.78274383439040651	-1	OK
23.750000000000000	3.7507789401758660	1.8448638024865243	1.5208539863320929	0.32400981615443114	1.9059151376893417	1.1668893553218509	-1	0.73902578236749084	-1	OK
24.000000000000000	3.5511254049605010	1.7520602248977999	1.4425681708776175	0.30949205402018204	1.7990651800627011	1.1009687686590228	-1	0.69809641140367829	-1	OK
24.250000000000000	3.3638542769986812	1.6647032408911886	1.3689766577241858	0.29572658316700307	1.6991510361074926	1.0393240133446668	-1	0.65982702276282579	-1	OK
24.500000000000000	3.1880594650909360	1.5824275381248571	1.2997580618402937	0.28266947628456351	1.6056319269660788	0.98163471903455668	-1	0.62399720793152214	-1	OK
24.750000000000000	3.0229439806620855	1.5048952665281337	1.2346157163245033	0.27027955020363026	1.5180487141339520	0.92762995988047015	-1	0.59041875425348189	-1	OK
25.000000000000000	2.8677282224845184	1.4317944613617992	1.1732756217912592	0.25851883957054039	1.4359337611227192	0.87705371951351763	-1	0.55888004160920157	-1	OK
25.250000000000000	2.7218084897497681	1.3628349213330659	1.1154841709967596	0.24735075033630652	1.3589735684167019	0.82966297235824626	-1	0.52931059605845565	-1	OK
25.500000000000000	2.5845227512339202	1.2977482625904440	1.0610069240843105	0.23674133850613349	1.2867744886434760	0.78522335185201819	-1	0.50155113679145780	-1	OK
25.750000000000000	2.4552783183389835	1.2362852506937902	1.0096265598512937	0.22665869084249674	1.2189930676451932	0.74352373741810063	-1	0.47546933022709259	-1	OK
26.000000000000000	2.3335410318096974	1.1782154079644240	0.96114162182805252	0.21707378613637129	1.1553256238452736	0.70437118563544565	-1	0.45095443820982795	-1	OK
26.250000000000000	2.2187992227122106	1.1233238233877576	0.91536560679117229	0.20795821659658548	1.0954753993244530	0.66758912493147260	-1	0.42788627439298044	-1	OK
26.500000000000000	2.1106029743279073	1.0714115549022116	0.87212574562375955	0.19928580927845219	1.0391914194256955	0.63301481164999729	-1	0.40617660777569820	-1	OK
26.750000000000000	2.0085048339648752	1.0222936648441734	0.83126166392168677	0.19103200092248648	0.98621116912070161	0.60050080095694747	-1	0.38571036816375415	-1	OK
27.000000000000000	1.9121721391980451	0.97579877125894232	0.79262453229379215	0.18317423896515000	0.93637336793910286	0.56990663822841425	-1	0.36646672971068861	-1	OK
27.250000000000000	1.8211882676604487	0.93176699443965816	0.75607586043909503	0.17569113400056302	0.88942127322079068	0.54109791215451131	-1	0.34832336106627937	-1	OK
27.500000000000000	1.7352361231745816	0.89004901959304028	0.72148674487008657	0.16856227472295385	0.84518710358154137	0.51396171280514347	-1	0.33122539077639790	-1	OK
27.750000000000000	1.6540314049999050	0.85050565600401062	0.68873722967027762	0.16176842633373292	0.80352574899589446	0.48838909221642735	-1	0.31513665677946712	-1	OK
28.000000000000000	1.5772040840776491	0.81300740117307524	0.65771572755594754	0.15529167361712770	0.76419668290457388	0.46427775109228497	-1	0.29991893181228890	-1	OK
28.250000000000000	1.5045169877686690	0.77743375596930520	0.62831827264957729	0.14911548331972793	0.72708323179936385	0.44152615255392780	-1	0.28555707924543605	-1	OK
28.500000000000000	1.4357276717695244	0.74367190847363807	0.60044785241054466	0.14322405606309357	0.69205576329588647	0.42005726409899175	-1	0.27199849919689473	-1	OK
28.750000000000000	1.3705872141053961	0.71161616101525982	0.57401389587290208	0.13760226514235799	0.65897105309013615	0.39978853556296234	-1	0.25918251752717381	-1	OK
29.000000000000000	1.3088818874348305	0.68116788480030421	0.54893192405136193	0.13223596074894239	0.62771400263452626	0.38064272524844617	-1	0.24707127738608009	-1	OK
29.250000000000000	1.2503972114712059	0.65223526425161560	0.52512313422737489	0.12711213002424049	0.59816194721959015	0.36254866272709196	-1	0.23561328449249819	-1	OK
29.500000000000000	1.1941696674401121	0.62473205854662839	0.50251379659849726	0.12221826194813128	0.56943760889348372	0.34543971428448034	-1	0.22399789460900338	-1	OK
29.750000000000000	1.1411352270049546	0.59857776903264481	0.48103502850628321	0.11754274052636154	0.54255745797230981	0.32925759886802264	-1	0.21329985910428717	-1	OK
30.000000000000000	1.0912749422581980	0.57369672526033033	0.46062233625695737	0.11307438900337297	0.51757821699786777	0.31394601041073444	-1	0.20363220658713332	-1	OK
30.250000000000000	1.0439307653156544	0.55001825973727847	0.44121539958235112	0.10880286015492735	0.49391250557837596	0.29945050626349418	-1	0.19446199931488178	-1	OK
30.500000000000000	0.99898285346359206	0.52747590375297337	0.42275768480581127	0.10471821894716221	0.47150694971061863	0.28572635496051968	-1	0.18578059475009895	-1	OK
30.750000000000000	0.95627539340927759	0.50600747124461365	0.40519628356939474	0.10081118767521885	0.45026792216466394	0.27271980793540873	-1	0.17754811422925521	-1	OK
31.000000000000000	0.91548083377073897	0.48555472909774977	0.38848161157470207	9.70731175230476195E-002	0.42992610467298925	0.26039287030706509	-1	0.16953323436592416	-1	OK
31.250000000000000	0.87691791583360545	0.46606276505725130	0.37256710734764303	9.34956577096080627E-002	0.41085515077635415	0.24870669240464219	-1	0.16214845837171196	-1	OK
31.500000000000000	0.84021467783782400	0.44748004335010194	0.35740908645528374	9.00709568948181299E-002	0.39273463448772206	0.23762154085359635	-1	0.15511309363412570	-1	OK
31.750000000000000	0.80528820036696325	0.42975805645482601	0.34296654063580700	8.67915158190188801E-002	0.37553014391213724	0.22710366159205167	-1	0.14842648232008557	-1	OK
32.000000000000000	0.77204363671056597	0.41285132858054524	0.32920098850243451	8.36503400781108963E-002	0.35919230813002073	0.21712042656416439	-1	0.14207188156585634	-1	OK
32.250000000000000	0.74038758224438361	0.39671712926137437	0.31607628450593706	8.06408447554374103E-002	0.34367045298300924	0.20763989394254367	-1	0.13603055904046557	-1	OK
32.500000000000000	0.71022954089499124	0.38131519286954141	0.30355843069899846	7.77567621705430312E-002	0.32891434802544978	0.19862971055895728	-1	0.13028463746649249	-1	OK
32.750000000000000	0.68149846951337778	0.36660759683631772	0.29161544057776873	7.49921562585489920E-002	0.31489087267706006	0.19006709008899980	-1	0.12482378258806026	-1	OK
33.000000000000000	0.65411063392377933	0.35255848139626922	0.28021719772041170	7.23412836758576261E-002	0.30155215252751011	0.18192699821403818	-1	0.11962515431347193	-1	OK
33.250000000000000	0.62799721060982516	0.33913423605221943	0.26933541138263012	6.97988246695893516E-002	0.28886297455760573	0.17418643918268689	-1	0.11467653537491884	-1	OK
33.500000000000000	0.60294969694296352	0.32630325725058129	0.25894345221216669	6.73598050384147107E-002	0.27664643969238217	0.16682439502240698	-1	0.10982204466997519	-1	OK
33.750000000000000	0.57918926251087033	0.31403570456015484	0.24901621635993612	6.50194882002186614E-002	0.26515355795071555	0.15845688961117435	-1	0.10669666833954120	-1	OK
34.000000000000000	0.55653866852200518	0.30230331890534590	0.23953001718174810	6.27733017235978658E-002	0.25423534961665928	0.15177702608045263	-1	0.10245832353620665	-1	OK
34.250000000000000	0.53489006410980044	0.29107944775694361	0.23046252986138632	6.06169178955572804E-002	0.24381061635285683	0.14548187194755727	-1	9.83287444052995674E-002	-1	OK
34.500000000000000	0.51421601142767392	0.28033894758790506	0.22179270820475525	5.85462393831498798E-002	0.23387706383976883	0.13948593773575169	-1	9.43911261040171479E-002	-1	OK
34.750000000000000	0.49446720488121365	0.27005813723786215	0.21350070941510449	5.65574278227576957E-002	0.22440906764335150	0.13377286890191994	-1	9.06361987414315562E-002	-1	OK
35.000000000000000	0.47559658858242715	0.26021461353289216	0.20556778583362786	5.46468276992643429E-002	0.21538197504953499	0.12832772424362579	-1	8.70542508059092002E-002	-1	OK
35.250000000000000	0.45755902736099652	0.25078715192956652	0.19797622662371681	5.28109253058496528E-002	0.20677187543143002	0.12313662407605755	-1	8.36352513553724752E-002	-1	OK
35.500000000000000	0.44031294441938873	0.24175567419526184	0.19070930018125223	5.10463740140096670E-002	0.19855727022412689	0.11818645990401745	-1	8.03708103201094398E-002	-1	OK
35.750000000000000	0.42381880862553645	0.23310125526859693	0.18375121273605033	4.93500425325465800E-002	0.19071755335693955	0.11346515731335195	-1	7.72523960435875928E-002	-1	OK
36.000000000000000	0.40804002496862113	0.22480596064169595	0.17708702276106353	4.77189378806324380E-002	0.18323406432692518	0.10895978233507315	-1	7.42742819918520286E-002	-1	OK
36.250000000000000	0.39293287597215132	0.21685280034713084	0.17070259755010045	4.61502027970304013E-002	0.17608007562502051	0.10465903276435407	-1	7.14210428606664449E-002	-1	OK
36.500000000000000	0.37829037189329817	0.20922568150682758	0.16458456515159389	4.46411163552336634E-002	0.16906469038647057	0.10055322755943570	-1	6.85114628270348663E-002	-1	OK
36.750000000000000	0.36446101466413766	0.20190935498747142	0.15872027148691453	4.31890835005568074E-002	0.16255165967666624	9.66318470716678035E-002	-1	6.59198126049984345E-002	-1	OK
37.000000000000000	0.35120334827720989	0.19488938845100678	0.15309774485905631	4.17916435919504434E-002	0.15631395982620308	9.28865100268188582E-002	-1	6.34274497993842223E-002	-1	OK
37.250000000000000	0.33841441987747534	0.18815216154225889	0.14770565840153110	4.04465031407277922E-002	0.15026225833521645	8.93072846267765064E-002	-1	6.09549737084399412E-002	-1	OK
37.500000000000000	0.32625878030264255	0.18168471526942462	0.14253326538516004	3.91514498842645622E-002	0.14457406503321790	8.58853561282526407E-002	-1	5.86887089049652616E-002	-1	OK
37.750000000000000	0.31460514001976225	0.17547472908267467	0.13757037578195122	3.79043533007235381E-002	0.13913041093708758	8.26143137746204181E-002	-1	5.65160971624671660E-002	-1	OK
38.000000000000000	0.30343509859751844	0.16951048784872508	0.13280732375837290	3.67031640903521944E-002	0.13392461074879336	7.94858102156736079E-002	-1	5.44388005331197522E-002	-1	OK
38.250000000000000	0.29272273173832786	0.16378090901097936	0.12823495834625376	3.55459506647255521E-002	0.12894182272734850	7.64928913854858172E-002	-1	5.24489313418626812E-002	-1	OK
38.500000000000000	0.28244767194310427	0.15827550326708717	0.12384460387683072	3.44308993902564878E-002	0.12417216867601708	7.36289005082692988E-002	-1	5.05432681677477763E-002	-1	OK
38.750000000000000	0.27258887660208853	0.15298430385264350	0.11962802584430750	3.33562780083360225E-002	0.11960457274944500	7.08876589817775959E-002	-1	4.87169137676674024E-002	-1	OK
39.000000000000000	0.26299625780739683	0.14789784022502520	0.11557740404393491	3.23204361810903312E-002	0.11509841758237162	6.82632475699733593E-002	-1	4.68351700123982584E-002	-1	OK
39.250000000000000	0.25391935548434730	0.14300706975911456	0.11168530328520444	3.13217664739100995E-002	0.11091228572523276	6.57499719964118323E-002	-1	4.51623137288209298E-002	-1	OK
39.500000000000000	0.24512217482998164	0.13830340412889799	0.10794466434028735	3.03587397886106169E-002	0.10681877070108364	6.33424597553614160E-002	-1	4.34763109457222269E-002	-1	OK
39.750000000000000	0.23675274842281901	0.13377869321849337	0.10434878708631322	2.94299061321801649E-002	0.10297405520432563	6.10358423232665523E-002	-1	4.19382128810590823E-002	-1	OK
40.000000000000000	0.22871290666324817	0.12942519947643782	0.10089130635837247	2.85338931180653919E-002	9.92877071868103617E-002	5.88256144292965341E-002	-1	4.04620927575138276E-002	-1	OK
40.250000000000000	0.22098385372399298	0.12523555657045110	9.75661696137042622E-002	2.76693869567468421E-002	9.57482971535418975E-002	5.67070170740847992E-002	-1	3.90412800794570983E-002	-1	OK
40.500000000000000	0.21356069469612715	0.12120276692656287	9.43676227104182086E-002	2.68351442161446491E-002	9.23579277695642936E-002	5.46757916439702327E-002	-1	3.76821361255940609E-002	-1	OK
40.750000000000000	0.20642524144877872	0.11732014179439237	9.12901833051038697E-002	2.60299584892885322E-002	8.91050996543863438E-002	5.27277879316072062E-002	-1	3.63773117227791376E-002	-1	OK
41.000000000000000	0.19956483943084896	0.11358129644254561	8.83286349067640975E-002	2.52526615357815121E-002	8.59835429883033381E-002	5.08590686173320122E-002	-1	3.51244743709713259E-002	-1	OK
41.250000000000000	0.19296743040953687	0.10998017973842390	8.54780194114720115E-002	2.45021603269519120E-002	8.29872506711129693E-002	4.90660874366412800E-002	-1	3.39211632344716893E-002	-1	OK
41.500000000000000	0.18662145272241182	0.10651101348918646	8.27336085679141742E-002	2.37774049212722410E-002	8.01104392332253473E-002	4.73454113687846248E-002	-1	3.27650278644407225E-002	-1	OK
41.750000000000000	0.18051623719014115	0.10316827093865819	8.00908884645531310E-002	2.30773824741050543E-002	7.73479662514829774E-002	4.56940577913711315E-002	-1	3.16539084601118459E-002	-1	OK
42.000000000000000	0.17464184580942374	9.99467169714160775E-002	7.75455797817990039E-002	2.24011371896170944E-002	7.46951288380076628E-002	4.41086863981573971E-002	-1	3.05864424398502657E-002	-1	OK
42.250000000000000	0.16898795976132391	9.68413677588912114E-002	7.50936058080832886E-002	2.17477619508079367E-002	7.21465920024326884E-002	4.25861643753042765E-002	-1	2.95604276271284119E-002	-1	OK
42.500000000000000	0.16354496061376742	9.38474547095362044E-002	7.27310769682490005E-002	2.11163777412871866E-002	6.96975059042312106E-002	4.11236436152763937E-002	-1	2.85738622889548169E-002	-1	OK
42.750000000000000	0.15830383901169290	9.09604119162402136E-002	7.04542831223577554E-002	2.05061287938824721E-002	6.73434270954526848E-002	3.97185473003872636E-002	-1	2.76248797950654212E-002	-1	OK
43.000000000000000	0.15325228631332832	8.81759085745006665E-002	6.82596932069792495E-002	1.99162153675214171E-002	6.50763777388276426E-002	3.83683452493144700E-002	-1	2.67080324895131727E-002	-1	OK
43.250000000000000	0.14838713528786523	8.54898177687671290E-002	6.61439399073466827E-002	1.93458778614204498E-002	6.28973175190981060E-002	3.70707518536466177E-002	-1	2.58265656654514883E-002	-1	OK
43.500000000000000	0.14367330437612516	8.28981870809815530E-002	6.41038065274164431E-002	1.87943805535651064E-002	6.07751172951436006E-002	3.58232022454536905E-002	-1	2.49519150496899100E-002	-1	OK
43.750000000000000	0.13915988521175271	8.03972236136703544E-002	6.21362201256936350E-002	1.82610034879767055E-002	5.87626615980823552E-002	3.46236160584523917E-002	-1	2.41390455396299636E-002	-1	OK
44.000000000000000	0.13481002463368638	7.79833229359363361E-002	6.02382523527852029E-002	1.77450705831511540E-002	5.68267016977500455E-002	3.34698681048452365E-002	-1	2.33568335929048090E-002	-1	OK
44.250000000000000	0.13061313885623396	7.56530450070608540E-002	5.84071076249231338E-002	1.72459373821377271E-002	5.49600938491731084E-002	3.23597454996736936E-002	-1	2.26003483494994148E-002	-1	OK
44.500000000000000	0.12657028623980013	7.34030964249993423E-002	5.66401154500243698E-002	1.67629809749749691E-002	5.31671898148007790E-002	3.12915176797754074E-002	-1	2.18756721350253716E-002	-1	OK
44.750000000000000	0.12267159840988900	7.12303326628314359E-002	5.49347259014307671E-002	1.62956067614006828E-002	5.14412657470575685E-002	3.02633621646675247E-002	-1	2.11779035823900438E-002	-1	OK
45.000000000000000	0.11891119300123693	6.91317531080724718E-002	5.32885030599274806E-002	1.58432500481450050E-002	4.97794398931644608E-002	2.92734926611229809E-002	-1	2.05059472320414798E-002	-1	OK
45.250000000000000	0.11528359688856260	6.71044800943604997E-002	5.16991162417190508E-002	1.54053638526414488E-002	4.81791167942020940E-002	2.83206046850789407E-002	-1	1.98585121091231533E-002	-1	OK
45.500000000000000	0.11178355630787414	6.51457510110928367E-002	5.01643368210009447E-002	1.49814141900918990E-002	4.66378052967812984E-002	2.74031301544743235E-002	-1	1.92346751423069749E-002	-1	OK
45.750000000000000	0.10839658770861904	6.32529383033193088E-002	4.86820377610605662E-002	1.45709005422587391E-002	4.51436494052997322E-002	2.65195878145355092E-002	-1	1.86240615907642230E-002	-1	OK
46.000000000000000	0.10513693132955304	6.14235271073877986E-002	4.72501842309814221E-002	1.41733428764063835E-002	4.37134042221652350E-002	2.56685643386600319E-002	-1	1.80448398835052030E-002	-1	OK
46.250000000000000	0.10199008439916593	5.96551146175317570E-002	4.58668303268732966E-002	1.37882842906584587E-002	4.23349697816341741E-002	2.48487112735850529E-002	-1	1.74862585080491212E-002	-1	OK
46.500000000000000	9.89596632177310864E-002	5.79453841242638240E-002	4.45301100762531335E-002	1.34152740480107009E-002	4.10142790934672555E-002	2.40387928223062299E-002	-1	1.69754862711610256E-002	-1	OK
46.750000000000000	9.60253147631610071E-002	5.62921194229638877E-002	4.32382391622944326E-002	1.30538802606694499E-002	3.97331953401971125E-002	2.32783324119165067E-002	-1	1.64548629282806058E-002	-1	OK
47.000000000000000	9.31861817209011234E-002	5.46932055600340000E-002	4.19895114511638565E-002	1.27036941088701522E-002	3.84929761608671164E-002	2.25453235334322453E-002	-1	1.59476526274348711E-002	-1	OK
47.250000000000000	9.04452625860876491E-002	5.31466190785998965E-002	4.07822935831472153E-002	1.23643254954526587E-002	3.72986435074877457E-002	2.18387663268123332E-002	-1	1.54598771806754125E-002	-1	OK
47.500000000000000	8.78000070396629528E-002	5.16504091168735469E-002	3.96150191187749218E-002	1.20353899980986129E-002	3.61495979227893990E-002	2.11575048436429304E-002	-1	1.49920930791464686E-002	-1	OK
47.750000000000000	8.52411263014448140E-002	5.02027111714232060E-002	3.84861891270137577E-002	1.17165220444094397E-002	3.50384151300216079E-002	2.05004851296162853E-002	-1	1.45379300004053226E-002	-1	OK
48.000000000000000	8.27704130761594131E-002	4.88017419106989078E-002	3.73943687985432149E-002	1.14073731121557033E-002	3.39686711654605053E-002	1.98666885553218445E-002	-1	1.41019826101386608E-002	-1	OK
48.250000000000000	8.03864475106918774E-002	4.74457990545040925E-002	3.63381844702872076E-002	1.11076145842168676E-002	3.29406484561877849E-002	1.92552626954674358E-002	-1	1.36853857607203491E-002	-1	OK
48.500000000000000	7.80745915366544418E-002	4.61332380492965183E-002	3.53163161215061527E-002	1.08169219277903569E-002	3.19413534873579305E-002	1.86653344568668347E-002	-1	1.32760190304910958E-002	-1	OK
48.750000000000000	7.58396917136674870E-002	4.48624747712589034E-002	3.43274976154695904E-002	1.05349771557893060E-002	3.09772169424085801E-002	1.80960315788650794E-002	-1	1.28811853635435007E-002	-1	OK
49.000000000000000	7.36780538180561023E-002	4.36319992809350993E-002	3.33705176279397234E-002	1.02614816529953551E-002	3.00460545371210030E-002	1.75465319204831660E-002	-1	1.24995226166378370E-002	-1	OK
49.250000000000000	7.15893540321315691E-002	4.24403638451423260E-002	3.24442147376424947E-002	9.99614910749982606E-003	2.91489901869892501E-002	1.70161234690100922E-002	-1	1.21328667179791579E-002	-1	OK
49.500000000000000	6.95686989267852024E-002	4.12861784606802090E-002	3.15474746151702193E-002	9.73870384550997413E-003	2.82825204661049968E-002	1.65040260074070001E-002	-1	1.17784944586979967E-002	-1	OK
49.750000000000000	6.76135790403773473E-002	4.01681076543217025E-002	3.06792281712325865E-002	9.48887948308909865E-003	2.74454713860556518E-002	1.60096515683584469E-002	-1	1.14358198176972049E-002	-1	OK
50.000000000000000	6.57215532351083237E-002	3.90848721108949110E-002	2.98384503614108829E-002	9.24642174948402985E-003	2.66366811242134162E-002	1.55321617479089111E-002	-1	1.11045193763045051E-002	-1	OK
50.250000000000000	6.38887238869410845E-002	3.80352443797367101E-002	2.90241570291778286E-002	9.01108735055887976E-003	2.58534795072043674E-002	1.50708604219837675E-002	-1	1.07826190852205999E-002	-1	OK
50.500000000000000	6.21161328452604633E-002	3.70180402620834265E-002	2.82354022874903091E-002	8.78263797459310526E-003	2.50980925831770368E-002	1.46251435824182492E-002	-1	1.04729490007587876E-002	-1	OK
50.750000000000000	6.03999497303529462E-002	3.60321199988915541E-002	2.74712778694725969E-002	8.56084212941895378E-003	2.43678297314613920E-002	1.41944462117029307E-002	-1	1.01733835197584613E-002	-1	OK
51.000000000000000	5.87380528814119285E-002	3.50763926391397252E-002	2.67309126999326525E-002	8.34547993920707436E-003	2.36616602422722068E-002	1.37782131570956048E-002	-1	9.88344708517660195E-003	-1	OK
51.250000000000000	5.71286483967105435E-002	3.41498126616399389E-002	2.60134709864162580E-002	8.13634167522367044E-003	2.29788357350706081E-002	1.33758785395461533E-002	-1	9.60295719552445477E-003	-1	OK
51.500000000000000	5.55698704840656768E-002	3.32513762603471874E-002	2.53181496039396429E-002	7.93322665640753925E-003	2.23184942237184894E-002	1.29869109474206757E-002	-1	9.33158327629781369E-003	-1	OK
51.750000000000000	5.40580417817031478E-002	3.23801147467279102E-002	2.46441760663891063E-002	7.73593868033880128E-003	2.16779270349752376E-002	1.26107553619311547E-002	-1	9.06717167304408288E-003	-1	OK
52.000000000000000	5.25939058314161337E-002	3.15350939241761941E-002	2.39908075915710034E-002	7.54428633260519326E-003	2.10588119072399396E-002	1.22470252132745941E-002	-1	8.81178669396534553E-003	-1	OK
52.250000000000000	5.11749485308800531E-002	3.07154182922066005E-002	2.33573309323248206E-002	7.35808735988176948E-003	2.04595302386734526E-002	1.18952324573703694E-002	-1	8.56429778130308322E-003	-1	OK
52.500000000000000	4.98014154544736756E-002	2.99202283927091847E-002	2.27430606704379992E-002	7.17716772227117855E-003	1.98811870617644909E-002	1.15548597079100195E-002	-1	8.32632735385447145E-003	-1	OK
52.750000000000000	4.84702001606395830E-002	2.91486944555027008E-002	2.21473371749181594E-002	7.00135728058453189E-003	1.93215057051368821E-002	1.12255229181024950E-002	-1	8.09598278703438715E-003	-1	OK
53.000000000000000	4.71797922312895690E-002	2.84000186057912357E-002	2.15695262356294312E-002	6.83049237016180189E-003	1.87797736254983333E-002	1.09068748811543600E-002	-1	7.87289874434397331E-003	-1	OK
53.250000000000000	4.59287962630014202E-002	2.76734326078242887E-002	2.10090180253454904E-002	6.66441458247878614E-003	1.82553636551771280E-002	1.05985132549328044E-002	-1	7.65685040024432356E-003	-1	OK
53.500000000000000	4.47158460185973355E-002	2.69681990350235795E-002	2.04652262734367381E-002	6.50297276158683796E-003	1.77476469835737560E-002	1.03000869029629127E-002	-1	7.44756008061084329E-003	-1	OK
53.750000000000000	4.35396346349189028E-002	2.62836071196590124E-002	1.99375863932552584E-002	6.34602072640375221E-003	1.72560275152598940E-002	1.00111803456847427E-002	-1	7.24484716957515124E-003	-1	OK
54.000000000000000	4.23977660109794360E-002	2.56189700895963594E-002	1.94255548617910806E-002	6.19341522780527450E-003	1.67787959213830766E-002	9.73146542913501389E-003	-1	7.04733049224806271E-003	-1	OK
54.250000000000000	4.12913092028140694E-002	2.49736278613573656E-002	1.89286090749679094E-002	6.04501878638944844E-003	1.63176813414567072E-002	9.46060151739076122E-003	-1	6.85707982406594599E-003	-1	OK
54.500000000000000	4.02165173011511390E-002	2.43469472595962133E-002	1.84462464510387579E-002	5.90070080855744673E-003	1.58695700415549291E-002	9.19831503394967324E-003	-1	6.67125500760525590E-003	-1	OK
54.750000000000000	3.91751397201248672E-002	2.37383192473242452E-002	1.79779831726886059E-002	5.76033607463563493E-003	1.54368204728006237E-002	8.94431034194146692E-003	-1	6.49251013085915679E-003	-1	OK
55.000000000000000	3.81647143458812010E-002	2.31471551238437295E-002	1.75233530607593370E-002	5.62380206308439427E-003	1.50175592220374698E-002	8.69830157910484771E-003	-1	6.31925764293262207E-003	-1	OK
55.250000000000000	3.71841738259926016E-002	2.25728882410829099E-002	1.70819071392342946E-002	5.49098110184861269E-003	1.46112855849096935E-002	8.46003042134652918E-003	-1	6.15125516356316432E-003	-1	OK
55.500000000000000	3.62324797323241993E-002	2.20149697254218776E-002	1.66532123509724635E-002	5.36175737444941590E-003	1.42175100069023234E-002	8.22920520888150916E-003	-1	5.98830479802081421E-003	-1	OK
55.750000000000000	3.53087158972683335E-002	2.14728730064395711E-002	1.62368520873835340E-002	5.23602091905603622E-003	1.38358428908287642E-002	8.00558560193283253E-003	-1	5.83025728889593163E-003	-1	OK
56.000000000000000	3.44119308551976213E-002	2.09460901516384801E-002	1.58324248328793778E-002	5.11366531875910666E-003	1.34658407035591430E-002	7.78891834621368677E-003	-1	5.67692235734545622E-003	-1	OK
56.250000000000000	3.35412400720357939E-002	2.04341303237978653E-002	1.54395435277814227E-002	4.99458679601644685E-003	1.31071097482379304E-002	7.57893979293165765E-003	-1	5.52816995530627277E-003	-1	OK
56.500000000000000	3.26957819734642191E-002	1.99365196698880406E-002	1.50578350786173890E-002	4.87868459127065255E-003	1.27592623035761819E-002	7.37540067120996418E-003	-1	5.38386163236621775E-003	-1	OK
56.750000000000000	3.18747325781682800E-002	1.94528025549007832E-002	1.46869402493264439E-002	4.76586230557434105E-003	1.24219300232674950E-002	7.17808965168670928E-003	-1	5.24384037158078572E-003	-1	OK
57.000000000000000	3.10765627332218672E-002	1.89825426668730410E-002	1.43265134308141438E-002	4.65602923605889629E-003	1.20940200663488245E-002	6.98679446858936105E-003	-1	5.10722559775946341E-003	-1	OK
57.250000000000000	3.03020333353901800E-002	1.85253169248412661E-002	1.39762208399912043E-002	4.54909608485007042E-003	1.17767164105489156E-002	6.80130329329382659E-003	-1	4.97541311725508903E-003	-1	OK
57.500000000000000	2.95495637793820529E-002	1.80807190995096768E-002	1.36357407444025087E-002	4.44497835510717157E-003	1.14688446798723778E-002	6.62141452151217974E-003	-1	4.84743015836019801E-003	-1	OK
57.750000000000000	2.88184779466593918E-002	1.76483527281981745E-002	1.33047619115170910E-002	4.34359081668108001E-003	1.11701252184612191E-002	6.44693538809476899E-003	-1	4.72318983036645011E-003	-1	OK
58.000000000000000	2.81081067362079703E-002	1.72278373970639886E-002	1.29829847611741996E-002	4.24485263588979082E-003	1.08802693391439800E-002	6.27768376463484334E-003	-1	4.60258557450913663E-003	-1	OK
58.250000000000000	2.74170612872269848E-002	1.68188059971083430E-002	1.26701201278592770E-002	4.14868586924906774E-003	1.05982552901186418E-002	6.11348405127803887E-003	-1	4.48477123884060292E-003	-1	OK
58.500000000000000	2.67461651563878494E-002	1.64209029184844597E-002	1.23658886468969668E-002	4.05501427158748862E-003	1.03252622379033879E-002	5.95416690885582252E-003	-1	4.37109532904756543E-003	-1	OK
58.750000000000000	2.60940572370286505E-002	1.60337834608348488E-002	1.20700206260087872E-002	3.96376283482605812E-003	1.00602737761938000E-002	5.79959663434453238E-003	-1	4.26067714184926762E-003	-1	OK
59.000000000000000	2.54609531179238943E-002	1.56571157472899965E-002	1.17822562639122597E-002	3.87485948337773804E-003	9.80383737063389785E-003	5.64960195353852307E-003	-1	4.15423541709537478E-003	-1	OK
59.250000000000000	2.48446083005396667E-002	1.52905848480234252E-002	1.15023458832809750E-002	3.78823896474245365E-003	9.55402345251624326E-003	5.50401628470550790E-003	-1	4.05000716781073536E-003	-1	OK
59.500000000000000	2.42453389445940817E-002	1.49338829795164062E-002	1.12300474616201015E-002	3.70383551789630000E-003	9.31145596507767723E-003	5.36269107816034294E-003	-1	3.94876488691733429E-003	-1	OK
59.750000000000000	2.36619931400630958E-002	1.45867134971850894E-002	1.09651274274062960E-002	3.62158606977879037E-003	9.07527964287800637E-003	5.22547893482416901E-003	-1	3.84980070805383736E-003	-1	OK
60.000000000000000	2.30953060880409802E-002	1.42487891832941971E-002	1.07073599255076805E-002	3.54142925778651741E-003	8.84651690474678315E-003	5.09224541967390979E-003	-1	3.75427148507287336E-003	-1	OK
60.250000000000000	2.25441517054041050E-002	1.39198303977058537E-002	1.04565264367094159E-002	3.46330396099643742E-003	8.62432130769825132E-003	4.96284747069184427E-003	-1	3.66147383700640705E-003	-1	OK
60.500000000000000	2.20080431029514093E-002	1.35995673058955900E-002	1.02124159800087641E-002	3.38715132588682808E-003	8.40847579705581924E-003	4.83718713985649765E-003	-1	3.57128865719932159E-003	-1	OK
60.750000000000000	2.14865164102969533E-002	1.32877389493432640E-002	9.97482477067853854E-003	3.31291417866472595E-003	8.19877746095369099E-003	4.71514317950183677E-003	-1	3.48363428145185422E-003	-1	OK
61.000000000000000	2.09791266748934266E-002	1.29840944114165899E-002	9.74355630654131014E-003	3.24053810487527237E-003	7.99503226347683671E-003	4.59659754512684298E-003	-1	3.39843471834999373E-003	-1	OK
61.250000000000000	2.04854531928858087E-002	1.26883912512674307E-002	9.51842065709650013E-003	3.16997059417093059E-003	7.79706194161837712E-003	4.48143692889785110E-003	-1	3.31562501272052602E-003	-1	OK
61.500000000000000	2.00043898785734857E-002	1.24003952475257896E-002	9.29923432155254151E-003	3.10116092597324507E-003	7.60399463104769607E-003	4.36955207212651273E-003	-1	3.23444255892118334E-003	-1	OK
61.750000000000000	1.95365616369948432E-002	1.21198795823290635E-002	9.08581983521187901E-003	3.03405974711718233E-003	7.41668205466578054E-003	4.26085241054479334E-003	-1	3.15582964412098720E-003	-1	OK
62.000000000000000	1.90815876786937164E-002	1.18466251657405337E-002	8.87800575665265677E-003	2.96861940908787559E-003	7.23496251295318357E-003	4.15521412684432233E-003	-1	3.07974838610886124E-003	-1	OK
62.250000000000000	1.86387283971306515E-002	1.15804210690602996E-002	8.67562644435799883E-003	2.90479462470230295E-003	7.05830732807035191E-003	4.05251328654181175E-003	-1	3.00579404152854016E-003	-1	OK
62.500000000000000	1.82083368575979565E-002	1.13210614388300334E-002	8.47852123104655096E-003	2.84254020778348200E-003	6.88727541876792311E-003	3.95269112001496621E-003	-1	2.93458429875295690E-003	-1	OK
62.750000000000000	1.77876404844046765E-002	1.10683462649326884E-002	8.28653463691257641E-003	2.78181162802011109E-003	6.71929421947198898E-003	3.85565995162447843E-003	-1	2.86363426784751055E-003	-1	OK
63.000000000000000	1.73789585354322922E-002	1.08220827325984301E-002	8.09951650658345505E-003	2.72256622601497241E-003	6.55687580283386123E-003	3.76133237512917039E-003	-1	2.79554342770469083E-003	-1	OK
63.250000000000000	1.69810002791920024E-002	1.05820848280267707E-002	7.91732172107163616E-003	2.66476310695513844E-003	6.39891545116523172E-003	3.66962562383000429E-003	-1	2.72928982733522743E-003	-1	OK
63.500000000000000	1.65950567866830941E-002	1.03481726950141392E-002	7.73980986989728555E-003	2.60836282511685237E-003	6.24688409166895484E-003	3.58045660538633794E-003	-1	2.66642748628261690E-003	-1	OK
63.750000000000000	1.62176340161576567E-002	1.01201716403822670E-002	7.56684501996721798E-003	2.55332662041504906E-003	6.09746237577539051E-003	3.49374658653708696E-003	-1	2.60371578923830355E-003	-1	OK
64.000000000000000	1.58500091572251409E-002	9.89791242578432623E-003	7.39829566216730714E-003	2.49961676361701995E-003	5.95209673144081550E-003	3.40941935915012448E-003	-1	2.54267737229069103E-003	-1	OK
64.250000000000000	1.54880687154193182E-002	9.68123239070238853E-003	7.23403483647849614E-003	2.44719755422389326E-003	5.80683632471693054E-003	3.32740126078401614E-003	-1	2.47943506393291440E-003	-1	OK
64.500000000000000	1.51392387283396379E-002	9.46997372749786188E-003	7.07393947671481390E-003	2.39603425078304885E-003	5.66926500084177602E-003	3.24762135584877494E-003	-1	2.42164364499300108E-003	-1	OK
64.750000000000000	1.47993623330236468E-002	9.26398351447309081E-003	6.91789045547866379E-003	2.34609305899442962E-003	5.53537881855055511E-003	3.17001106023791397E-003	-1	2.36536775831264114E-003	-1	OK
65.000000000000000	1.44682473302825618E-002	9.06311345070058560E-003	6.76577233972855061E-003	2.29734111097203240E-003	5.40513387958197703E-003	3.09450490313103099E-003	-1	2.31062897645094604E-003	-1	OK
65.250000000000000	1.41455901037471632E-002	8.86721938935976575E-003	6.61747333937526532E-003	2.24974604998449956E-003	5.27837071438739831E-003	3.02103798629423234E-003	-1	2.25733272809316597E-003	-1	OK
65.500000000000000	1.38296119069272958E-002	8.67616245325168733E-003	6.47288536080474052E-003	2.20327709244694768E-003	5.15344945367560842E-003	2.94954767235273757E-003	-1	2.20390178132287085E-003	-1	OK
65.750000000000000	1.35231873810012417E-002	8.48980737858531093E-003	6.33190353839347461E-003	2.15790384019183849E-003	5.03338000241593080E-003	2.87997536474752071E-003	-1	2.15340463766841008E-003	-1	OK
66.000000000000000	1.32215939744726035E-002	8.30802301268467221E-003	6.19442631043435471E-003	2.11359670225031706E-003	4.91357096178793046E-003	2.81226364028625388E-003	-1	2.10130732150167658E-003	-1	OK
66.250000000000000	1.29305169805682216E-002	8.13068311868004288E-003	6.06035555161337641E-003	2.07032756706666994E-003	4.79983386188817876E-003	2.74635667621844813E-003	-1	2.05347718566973063E-003	-1	OK
66.500000000000000	1.26467466189876983E-002	7.95766529596083835E-003	5.92959614879517549E-003	2.02806914716566200E-003	4.68908132302686079E-003	2.68220133243760213E-003	-1	2.00687999058925867E-003	-1	OK
66.750000000000000	1.23667515575054190E-002	7.78885088209269223E-003	5.80205595833527873E-003	1.98679492375741220E-003	4.57790067541272768E-003	2.61974488474672014E-003	-1	1.95815579066600754E-003	-1	OK
67.000000000000000	1.20970193647331886E-002	7.62412470047814199E-003	5.67764564620685391E-003	1.94647905427128808E-003	4.47289466425504576E-003	2.55893734557292515E-003	-1	1.91395731868212061E-003	-1	OK
67.250000000000000	1.18340267690949484E-002	7.46337488933726187E-003	5.55627863896751388E-003	1.90709625036974799E-003	4.37065187975768654E-003	2.49972994066006374E-003	-1	1.87092193909762280E-003	-1	OK
67.500000000000000	1.15775457955151380E-002	7.30649389425153291E-003	5.43787122045850859E-003	1.86862267379302367E-003	4.27105190126360508E-003	2.44207500770442882E-003	-1	1.82897689355917626E-003	-1	OK
67.750000000000000	1.13274052336645274E-002	7.15337715928129718E-003	5.32234210393666644E-003	1.83103505534463248E-003	4.17402807438323024E-003	2.38592691432502847E-003	-1	1.78810116005820178E-003	-1	OK
68.000000000000000	1.10834294886084355E-002	7.00392260802439222E-003	5.20961231605947261E-003	1.79431029196491960E-003	4.07950688058404329E-003	2.33124354433736402E-003	-1	1.74826333624667927E-003	-1	OK
68.250000000000000	1.08452824203541520E-002	6.85803103974482950E-003	5.09960528633400783E-003	1.75842575341082167E-003	3.98725138060932165E-003	2.27798150142855893E-003	-1	1.70926987918076272E-003	-1	OK
68.500000000000000	1.06131277994106765E-002	6.71560600129832846E-003	4.99224680102346857E-003	1.72335920027486141E-003	3.89752179811234719E-003	2.22609548957132530E-003	-1	1.67142630854102189E-003	-1	OK
68.750000000000000	1.03866387359516262E-002	6.57655453538976906E-003	4.88746506817953289E-003	1.68908946721023725E-003	3.81008420056185709E-003	2.17554630814084052E-003	-1	1.63453789242101657E-003	-1	OK
69.000000000000000	1.01656625499121599E-002	6.44078749130982953E-003	4.78519063593911033E-003	1.65559685537071898E-003	3.72487505860232991E-003	2.12629752611109141E-003	-1	1.59857753249123850E-003	-1	OK
69.250000000000000	9.95004288934786540E-003	6.30821770692746586E-003	4.68535594092653416E-003	1.62286176600093235E-003	3.64182518242039998E-003	2.07831266199877537E-003	-1	1.56351252042162461E-003	-1	OK
69.500000000000000	9.73962691170805576E-003	6.17876036178387298E-003	4.58789542194699106E-003	1.59086493983688236E-003	3.56086654992418278E-003	2.03155529750249442E-003	-1	1.52931125242168836E-003	-1	OK
69.750000000000000	9.53427942707389502E-003	6.05233308480157724E-003	4.49274547541785203E-003	1.55958760938372412E-003	3.48194634227231821E-003	1.98598882328801128E-003	-1	1.49595751898430693E-003	-1	OK
70.000000000000000	9.33386557736489396E-003	5.92885550848384034E-003	4.39984416584571648E-003	1.52901134263812408E-003	3.40501006888105405E-003	1.94157999136810103E-003	-1	1.46343007751295303E-003	-1	OK
70.250000000000000	9.13825086714781937E-003	5.80824966050620152E-003	4.30913147684671045E-003	1.49911818365949237E-003	3.33000120664161698E-003	1.89829589821350199E-003	-1	1.43170530842811499E-003	-1	OK
70.500000000000000	8.94730542410046917E-003	5.69043989627711702E-003	4.22054928399305355E-003	1.46989061228406477E-003	3.25686552782335128E-003	1.85610481354566174E-003	-1	1.40076071427768954E-003	-1	OK
70.750000000000000	8.76090358252530101E-003	5.57535345492134356E-003	4.13404133035019314E-003	1.44131212457114868E-003	3.18555012760395788E-003	1.81497555908148481E-003	-1	1.37057456852247308E-003	-1	OK
71.000000000000000	8.57892418671318477E-003	5.46292003859572776E-003	4.04955303850089432E-003	1.41336700009483127E-003	3.11600414811745658E-003	1.77487823285899437E-003	-1	1.34112591525846220E-003	-1	OK
71.250000000000000	8.40124971810842294E-003	5.35307066894099258E-003	3.96703127113650928E-003	1.38603939780448417E-003	3.04817904916743123E-003	1.73578385791432603E-003	-1	1.31239519125310520E-003	-1	OK
71.500000000000000	8.22776544801428165E-003	5.24573788529384202E-003	3.88642437630525852E-003	1.35931350898858458E-003	2.98202756272044006E-003	1.69766271919540262E-003	-1	1.28436484352503744E-003	-1	OK
71.750000000000000	8.05835997403504117E-003	5.14085666602708165E-003	3.80768234065695854E-003	1.33317432537012311E-003	2.91750330800795866E-003	1.66048864055342140E-003	-1	1.25701466745453726E-003	-1	OK
72.000000000000000	7.89292593841527286E-003	5.03836447897515471E-003	3.73075671637437042E-003	1.30760776260078365E-003	2.85456145944011815E-003	1.62423605365201256E-003	-1	1.23032540578810559E-003	-1	OK
72.250000000000000	7.73135845315276599E-003	4.93819985436953768E-003	3.65560029791992588E-003	1.28259955644961267E-003	2.79315859878322874E-003	1.58887707825278689E-003	-1	1.20428152053044185E-003	-1	OK
72.500000000000000	7.57355710325648222E-003	4.84030360210547031E-003	3.58216735755249828E-003	1.25813624455297399E-003	2.73325350115101191E-003	1.55439123741144859E-003	-1	1.17886226373956331E-003	-1	OK
72.750000000000000	7.41943459780067434E-003	4.74461778264493542E-003	3.51041336284929097E-003	1.23420441979564337E-003	2.67481681515573935E-003	1.52075202497702088E-003	-1	1.15406479017871847E-003	-1	OK
73.000000000000000	7.26886902094892040E-003	4.65108581635207026E-003	3.44029501700361933E-003	1.21079079934845115E-003	2.61778320459685057E-003	1.48793657729977117E-003	-1	1.12984662729707940E-003	-1	OK
73.250000000000000	7.12177847944418969E-003	4.55965306950602712E-003	3.37177035907089027E-003	1.18788271043513598E-003	2.56212540993816301E-003	1.45592241319418710E-003	-1	1.10620299674397591E-003	-1	OK
73.500000000000000	6.97806438597105110E-003	4.47026638072882832E-003	3.30479861491102603E-003	1.16546776581780273E-003	2.50779800524222234E-003	1.42469712132258950E-003	-1	1.08310088391963284E-003	-1	OK
73.750000000000000	6.83953298518909583E-003	4.38287427333917783E-003	3.23934021295083910E-003	1.14353406038833851E-003	2.45665871184991801E-003	1.39423087210586560E-003	-1	1.06242783974405241E-003	-1	OK
74.000000000000000	6.70226724916814232E-003	4.29742688480279616E-003	3.17535671472258781E-003	1.12207017008020748E-003	2.40484036436534659E-003	1.36450350743057649E-003	-1	1.04033685693477010E-003	-1	OK
74.250000000000000	6.56814018314024264E-003	4.21387554656447137E-003	3.11281072806972965E-003	1.10106481849474194E-003	2.35426463657577084E-003	1.33549341807918075E-003	-1	1.01877121849659009E-003	-1	OK
74.500000000000000	6.43706541929114570E-003	4.13217258922840558E-003	3.05166585795959427E-003	1.08050673126881087E-003	2.30489283006273969E-003	1.30717561443269184E-003	-1	9.97717215630047850E-004	-1	OK
74.750000000000000	6.30896596768421893E-003	4.05227216779916171E-003	2.99188686113250647E-003	1.06038530666665632E-003	2.25669379988505722E-003	1.27953590041686958E-003	-1	9.77157899468187631E-004	-1	OK
75.000000000000000	6.18376362376346286E-003	3.97412961737756820E-003	2.93343941881781325E-003	1.04069019855975516E-003	2.20963400638589510E-003	1.25255203382737827E-003	-1	9.57081972558516828E-004	-1	OK
75.250000000000000	6.06138446043429004E-003	3.89770122365643359E-003	2.87629012300792729E-003	1.02141110064850479E-003	2.16368323677785645E-003	1.22621157261218992E-003	-1	9.37471664165666525E-004	-1	OK
75.500000000000000	5.94175929786457720E-003	3.82294470590356043E-003	2.82040654519581137E-003	1.00253816070774884E-003	2.11881459196101678E-003	1.20049733994268860E-003	-1	9.18317252018328173E-004	-1	OK
75.750000000000000	5.82481854902977807E-003	3.74981882541402384E-003	2.76575713394726537E-003	9.84061691466758467E-004	2.07499972361575424E-003	1.17539302363593398E-003	-1	8.99606699979820261E-004	-1	OK
76.000000000000000	5.71049312855188493E-003	3.67828343252254476E-003	2.71231122367335611E-003	9.65972208849187890E-004	2.03220969602933973E-003	1.15088214381666690E-003	-1	8.81327552212672833E-004	-1	OK
76.250000000000000	5.59843678961011431E-003	3.60829968082269524E-003	2.66003902378114101E-003	9.48260657041553358E-004	1.99013710878741907E-003	1.12694895174110846E-003	-1	8.63188157046310611E-004	-1	OK
76.500000000000000	5.48915457300698170E-003	3.53982960373681876E-003	2.60891154394274523E-003	9.30918059794073210E-004	1.94932496927016250E-003	1.10357851160946554E-003	-1	8.45746457660696968E-004	-1	OK
76.750000000000000	5.38229605069436706E-003	3.47283621346888144E-003	2.55890057618205066E-003	9.13935637286830672E-004	1.90945983722548541E-003	1.08075503923639200E-003	-1	8.28704797989093410E-004	-1	OK
77.000000000000000	5.27780090086437271E-003	3.40728391349823289E-003	2.50997877911396383E-003	8.97305134384269163E-004	1.87051698736614004E-003	1.05846424941533502E-003	-1	8.12052737950805020E-004	-1	OK
77.250000000000000	5.17561069292529850E-003	3.34313808744308777E-003	2.46211952770447216E-003	8.81018559738614739E-004	1.83247260548221073E-003	1.03420285025500346E-003	-1	7.98269755227207266E-004	-1	OK
77.500000000000000	5.07566828980114768E-003	3.28036463985508040E-003	2.41529686193697008E-003	8.65067777918110316E-004	1.79530364994606728E-003	1.01299472019444415E-003	-1	7.82308929751623135E-004	-1	OK
77.750000000000000	4.97791829923205885E-003	3.21893077139291054E-003	2.36948559163323996E-003	8.49445179759670253E-004	1.75898752783914853E-003	9.92277734377192697E-004	-1	7.66709793461955828E-004	-1	OK
78.000000000000000	4.88230652777957557E-003	3.15880416809988284E-003	2.32466111749157203E-003	8.34143050608311676E-004	1.72350235967969252E-003	9.72035243435799405E-004	-1	7.51467116243893112E-004	-1	OK
78.250000000000000	4.78878016190821976E-003	3.09995334256672620E-003	2.28079950681798994E-003	8.19153835748736257E-004	1.68882681934149357E-003	9.52259166707867025E-004	-1	7.36567652633626541E-004	-1	OK
78.500000000000000	4.69728824594732672E-003	3.04234795716123909E-003	2.23787755875843415E-003	8.04470398402805484E-004	1.65494028878608763E-003	9.32937487121943587E-004	-1	7.22002801664144048E-004	-1	OK
78.750000000000000	4.60778065588729815E-003	2.98595833468086975E-003	2.19587266056351727E-003	7.90085674117352917E-004	1.62182232120642797E-003	9.14058530742693862E-004	-1	7.07763790463734107E-004	-1	OK
79.000000000000000	4.52020758771677373E-003	2.93075582467179109E-003	2.15476284078419634E-003	7.75992983887594748E-004	1.58945176304498264E-003	8.95610950109487097E-004	-1	6.93840812935495543E-004	-1	OK
79.250000000000000	4.43452448964745585E-003	2.87671249292811805E-003	2.11452669591531217E-003	7.62185797012805656E-004	1.55781199671933780E-003	8.77586792389376089E-004	-1	6.80225204329961710E-004	-1	OK
79.500000000000000	4.35047880647733941E-003	2.82380079132338487E-003	2.07514332346895019E-003	7.48657467854434459E-004	1.52667801515395476E-003	8.59971855690747056E-004	-1	6.66706159463207704E-004	-1	OK
79.750000000000000	4.26844287038460456E-003	2.77199387826815302E-003	2.03659240116147279E-003	7.35401477106681421E-004	1.49644899211645132E-003	8.42756124691415131E-004	-1	6.53692867425036193E-004	-1	OK
80.000000000000000	4.18816148866294619E-003	2.72126610207013443E-003	1.99885423965770947E-003	7.22411862412424737E-004	1.46689538659281176E-003	8.25928910970233463E-004	-1	6.40966475622578298E-004	-1	OK
80.250000000000000	4.10959485016188994E-003	2.67159231689895107E-003	1.96190961639912051E-003	7.09682700499831101E-004	1.43800253326293931E-003	8.09480370315160814E-004	-1	6.28522162947778491E-004	-1	OK
80.500000000000000	4.03270340868594653E-003	2.62294800089515759E-003	1.92573979292966473E-003	6.97208207965492317E-004	1.40975540779078915E-003	7.93401605915869238E-004	-1	6.16353801874919911E-004	-1	OK
80.750000000000000	3.95744311652294466E-003	2.57530907837035796E-003	1.89032649749177922E-003	6.84982580878578740E-004	1.38213403815258692E-003	7.77683314004618898E-004	-1	6.04450724147968018E-004	-1	OK
81.000000000000000	3.88377612936199445E-003	2.52865222343140591E-003	1.85565196402793847E-003	6.73000259403466251E-004	1.35512390593058854E-003	7.62316488735562841E-004	-1	5.92807417195025696E-004	-1	OK
81.250000000000000	3.81166586445675325E-003	2.48295453957536648E-003	1.82169886809678831E-003	6.61255671478577951E-004	1.32871132488138676E-003	7.47292377383833913E-004	-1	5.81418947497552852E-004	-1	OK
81.500000000000000	3.74107491894721828E-003	2.43819391171469849E-003	1.78845036801285047E-003	6.49743543701848886E-004	1.30288100723251958E-003	7.32602720899785129E-004	-1	5.70278286332734450E-004	-1	OK
81.750000000000000	3.67130435504686367E-003	2.39434880410646601E-003	1.75589006332680492E-003	6.38458740779661413E-004	1.27695555094039788E-003	7.18240701310530571E-004	-1	5.58714849629867306E-004	-1	OK
82.000000000000000	3.60365939726660714E-003	2.35139823917486631E-003	1.72400197716005336E-003	6.27396262014812416E-004	1.25226115809174104E-003	7.04202168154030323E-004	-1	5.48058989937710720E-004	-1	OK
82.250000000000000	3.53742836568033282E-003	2.30932165882154292E-003	1.69277053473820827E-003	6.16551124083335525E-004	1.22810670685878989E-003	6.90472743151534694E-004	-1	5.37633963707255199E-004	-1	OK
82.500000000000000	3.47188188084502974E-003	2.26809942203239903E-003	1.66218063310676610E-003	6.05918788925633367E-004	1.20378245881263071E-003	6.77045394276181182E-004	-1	5.26737064536449530E-004	-1	OK
82.750000000000000	3.40839063682243665E-003	2.22771214121979082E-003	1.63221748448388816E-003	5.95494656735902545E-004	1.18067849560264562E-003	6.63912716077291764E-004	-1	5.16765779525353857E-004	-1	OK
83.000000000000000	3.34602241981197136E-003	2.18814070752123158E-003	1.60286664153743525E-003	5.85274065983795678E-004	1.15788171229073999E-003	6.51067480796932723E-004	-1	5.06814231493807267E-004	-1	OK
83.250000000000000	3.28440509283138343E-003	2.14936647554014176E-003	1.57411402371006640E-003	5.75252451830075796E-004	1.13503861729124167E-003	6.38502664760953959E-004	-1	4.96535952530287707E-004	-1	OK
83.500000000000000	3.22479144798883035E-003	2.11137137826295992E-003	1.54594593818511983E-003	5.65425440077839772E-004	1.11342006972587021E-003	6.26211430248015382E-004	-1	4.87208639477854826E-004	-1	OK
83.750000000000000	3.16640437494919522E-003	2.07413783497485855E-003	1.51834904176068302E-003	5.55788793214175968E-004	1.09226653997433645E-003	6.14187121559938418E-004	-1	4.78079418414398033E-004	-1	OK
84.000000000000000	3.10921579486796639E-003	2.03764875677122205E-003	1.49131034344876100E-003	5.46338413322460296E-004	1.07156703809674434E-003	6.02423217877781181E-004	-1	4.69143820218963161E-004	-1	OK
84.250000000000000	3.05320123081246524E-003	2.00188735303266814E-003	1.46481715179197394E-003	5.37070201240693657E-004	1.05131387777979710E-003	5.90913343468788877E-004	-1	4.60400534311008222E-004	-1	OK
84.500000000000000	2.99833054909178203E-003	1.96683721491169210E-003	1.43885709180604669E-003	5.27980123105645303E-004	1.03149333418008993E-003	5.79651501115149197E-004	-1	4.51841833064940733E-004	-1	OK
84.750000000000000	2.94457643142114010E-003	1.93248242664706329E-003	1.41341812601839326E-003	5.19064300628669490E-004	1.01209400477407659E-003	5.68631728246838373E-004	-1	4.43462276527238218E-004	-1	OK
85.000000000000000	2.89191375442327068E-003	1.89880751610656414E-003	1.38848852850295733E-003	5.10318987603606807E-004	9.93106238316706757E-004	5.57848226390647551E-004	-1	4.35258011926059206E-004	-1	OK
85.250000000000000	2.84025677668716878E-003	1.86579737395182717E-003	1.36405686952944822E-003	5.01740504422378518E-004	9.74459402735341714E-004	5.47295345107174226E-004	-1	4.27164057628167488E-004	-1	OK
85.500000000000000	2.78970494170234853E-003	1.83343737181044901E-003	1.34011202697690819E-003	4.93325344833541249E-004	9.56267569891899524E-004	5.36967557668265906E-004	-1	4.19300012223633618E-004	-1	OK
85.750000000000000	2.74015793806919091E-003	1.80171330132612435E-003	1.31664315213183463E-003	4.85070149194289887E-004	9.38444636743066343E-004	5.26859818874644381E-004	-1	4.11584817868421962E-004	-1	OK
86.000000000000000	2.69162190314337427E-003	1.77061116621265091E-003	1.29363963786638110E-003	4.76971528346269646E-004	9.21010736930723576E-004	5.16966819024478877E-004	-1	4.04043917906244700E-004	-1	OK
86.250000000000000	2.64405929563409125E-003	1.74011727838522005E-003	1.27109112210041205E-003	4.69026156284808600E-004	9.03942017248871303E-004	5.07283279895299729E-004	-1	3.96658737353571575E-004	-1	OK
86.500000000000000	2.59744822287254207E-003	1.71021822522448869E-003	1.24898749652604512E-003	4.61230728698443085E-004	8.87229997648053157E-004	4.97804290742069979E-004	-1	3.89425706905983178E-004	-1	OK
86.750000000000000	2.55176828640290209E-003	1.68090095320889564E-003	1.22731890410625452E-003	4.53582049102640799E-004	8.70867333194006452E-004	4.88524999802866853E-004	-1	3.82342333391139599E-004	-1	OK
87.000000000000000	2.50699872659756193E-003	1.65215271449126004E-003	1.20607573588419649E-003	4.46076978607063551E-004	8.54846012106301781E-004	4.79440654179400243E-004	-1	3.75405357926901538E-004	-1	OK
87.250000000000000	2.46311906785188746E-003	1.62396112015636201E-003	1.18524861837937230E-003	4.38712501776989381E-004	8.39157947695525343E-004	4.70546741416189094E-004	-1	3.68611206279336248E-004	-1	OK
87.500000000000000	2.42010853356542776E-003	1.59631400156037156E-003	1.16482839714530028E-003	4.31485604415071222E-004	8.23794532005055983E-004	4.61838805570735395E-004	-1	3.61955726434320588E-004	-1	OK
87.750000000000000	2.37780540560685689E-003	1.56919952555118446E-003	1.14480615394511203E-003	4.24393371606072696E-004	8.08605880055672543E-004	4.53312508386237933E-004	-1	3.55293371669434610E-004	-1	OK
88.000000000000000	2.33636662442732006E-003	1.54260611780542272E-003	1.12517318682704443E-003	4.17432930978378289E-004	7.93760506621897445E-004	4.44963621111314929E-004	-1	3.48796885510582516E-004	-1	OK
88.250000000000000	2.29585142858541261E-003	1.51652257019171391E-003	1.10592102796166266E-003	4.10601542230050920E-004	7.79328858393698492E-004	4.36787824089300222E-004	-1	3.42541034304398269E-004	-1	OK
88.500000000000000	2.25613116215358806E-003	1.49093801053138721E-003	1.08704142598308471E-003	4.03896584548302500E-004	7.65193151622201072E-004	4.28780355099847067E-004	-1	3.36412796522354005E-004	-1	OK
88.750000000000000	2.21718869843207534E-003	1.46584180824254739E-003	1.06852632019703337E-003	3.97315488045514511E-004	7.51346890189527735E-004	4.20938285949150792E-004	-1	3.30408604240376943E-004	-1	OK
89.000000000000000	2.17900739696794566E-003	1.44122346390907624E-003	1.05036781601064292E-003	3.90855647898433211E-004	7.37783933058869528E-004	4.13257803312571184E-004	-1	3.24526129746298343E-004	-1	OK
89.250000000000000	2.14157223261595125E-003	1.41707284190979374E-003	1.03255823547928455E-003	3.84514606430508808E-004	7.24499390706157508E-004	4.05735100885163617E-004	-1	3.18764289820993891E-004	-1	OK
89.500000000000000	2.10486592762260723E-003	1.39337999452551482E-003	1.01509006700213579E-003	3.78289927523378817E-004	7.11485933097092630E-004	3.98366418066012189E-004	-1	3.13119515031080441E-004	-1	OK
89.750000000000000	2.06887133409331108E-003	1.37013525659294023E-003	9.97955990409719971E-004	3.72179266183220528E-004	6.98736077500371070E-004	3.91148471366192406E-004	-1	3.07587606134178664E-004	-1	OK
90.000000000000000	2.03353561616193522E-003	1.34732909181830662E-003	9.81148836253381042E-004	3.66180255564925851E-004	6.86206524343628489E-004	3.84077821629120022E-004	-1	3.02128702714508468E-004	-1	OK
90.250000000000000	1.99891821611114040E-003	1.32495216411093394E-003	9.64661604397044686E-004	3.60290559713889367E-004	6.73966052000206351E-004	3.77151114646344387E-004	-1	2.96814937353861964E-004	-1	OK
90.500000000000000	1.96496737137490281E-003	1.30299543987439075E-003	9.48487472953592876E-004	3.54507966920797877E-004	6.61971931500512163E-004	3.70365146883421654E-004	-1	2.91606784617090510E-004	-1	OK
90.750000000000000	1.93166857050435176E-003	1.28145003148894552E-003	9.32619771952456910E-004	3.48830259536488661E-004	6.50218539015406135E-004	3.63716741473992650E-004	-1	2.86501797541413486E-004	-1	OK
91.000000000000000	1.89900808501822205E-003	1.26030726641894074E-003	9.17051986576117566E-004	3.43255279842823169E-004	6.38700818599281317E-004	3.57202708110043840E-004	-1	2.81498110489237477E-004	-1	OK
91.250000000000000	1.86697172484569175E-003	1.23955861755632550E-003	9.01777763221162034E-004	3.37780854335163088E-004	6.27413107289366253E-004	3.50819300128613358E-004	-1	2.76593807160752895E-004	-1	OK
91.500000000000000	1.83554581597901749E-003	1.21919599720875607E-003	8.86790938042980028E-004	3.32405059165776092E-004	6.16349818770261528E-004	3.44563820656151746E-004	-1	2.71785998114109782E-004	-1	OK
91.750000000000000	1.80471775275208566E-003	1.19921136315327324E-003	8.72085462796425405E-004	3.27125900356847613E-004	6.05506389598812426E-004	3.38434227268770405E-004	-1	2.67072162330042021E-004	-1	OK
92.000000000000000	1.77447487432316406E-003	1.17959696100810598E-003	8.57655445839578608E-004	3.21941515168527154E-004	5.94877913315058080E-004	3.32427411647026518E-004	-1	2.62450501668031562E-004	-1	OK
92.250000000000000	1.74480476543900295E-003	1.16034510352304530E-003	8.43495105421072900E-004	3.16849998101972668E-004	5.84459661915957547E-004	3.26540559459456085E-004	-1	2.57919102456501462E-004	-1	OK
92.500000000000000	1.71569521735038047E-003	1.14144822370876569E-003	8.29598790374057511E-004	3.11849433334707962E-004	5.74246993641614671E-004	3.20771038840563817E-004	-1	2.53475954801050854E-004	-1	OK
92.750000000000000	1.68713432961132355E-003	1.12289901127635649E-003	8.15960998946826423E-004	3.06938012329530119E-004	5.64235318334967064E-004	3.15116195973127100E-004	-1	2.49119122361839964E-004	-1	OK
93.000000000000000	1.65911142544109122E-003	1.10469029345772597E-003	8.02576348343388146E-004	3.02113945114337770E-004	5.54421131983365246E-004	3.09573141285278235E-004	-1	2.44847990698087012E-004	-1	OK
93.250000000000000	1.63161534634413382E-003	1.08681517993717744E-003	7.89439599658704923E-004	2.97375580278472251E-004	5.44800166406956480E-004	3.04139518737105933E-004	-1	2.40660647669850548E-004	-1	OK
93.500000000000000	1.60463449277179469E-003	1.06926680276051554E-003	7.76545602884322664E-004	2.92721199876193089E-004	5.35367690011279151E-004	2.98813387626688167E-004	-1	2.36554302384590985E-004	-1	OK
93.750000000000000	1.57815756053231236E-003	1.05203840169113450E-003	7.63889320688154435E-004	2.88149081002980008E-004	5.26119158841177863E-004	2.93592209293604546E-004	-1	2.32526949547573318E-004	-1	OK
94.000000000000000	1.55217520814546293E-003	1.03512338020397463E-003	7.51465838006981938E-004	2.83657542196992908E-004	5.17051827941488189E-004	2.88473644772232649E-004	-1	2.28578183169255540E-004	-1	OK
94.250000000000000	1.52667598818341131E-003	1.01851540402574407E-003	7.39270382015877470E-004	2.79245022009866871E-004	5.08160584157667239E-004	2.83455448033219414E-004	-1	2.24705136124447825E-004	-1	OK
94.500000000000000	1.50164993175674693E-003	1.00220829063861483E-003	7.27298276770288574E-004	2.74910013868326418E-004	4.99441641118132098E-004	2.78535384940699652E-004	-1	2.20906256177432446E-004	-1	OK
94.750000000000000	1.47708356403317555E-003	9.86195939021957887E-004	7.15544948165003141E-004	2.70650990856954854E-004	4.90887625011217658E-004	2.73711041226674956E-004	-1	2.17176583784542702E-004	-1	OK
95.000000000000000	1.45297386114083982E-003	9.70472402556639500E-004	7.04005928234404223E-004	2.66466474322234897E-004	4.82501458584200270E-004	2.68980593653703659E-004	-1	2.13520864930496612E-004	-1	OK
95.250000000000000	1.42905188138160071E-003	9.55031853387301429E-004	6.92676844965852637E-004	2.62355008421448683E-004	4.74020027994299226E-004	2.64341760622002471E-004	-1	2.09678267372296755E-004	-1	OK
95.500000000000000	1.40582587341155562E-003	9.39868627165607704E-004	6.81553436112388496E-004	2.58315191053218882E-004	4.65957246245948028E-004	2.59792660461668221E-004	-1	2.06164585784279807E-004	-1	OK
95.750000000000000	1.38302570784216072E-003	9.24977160823469780E-004	6.70631524834861751E-004	2.54345635988607974E-004	4.58048547018690831E-004	2.55330726138110371E-004	-1	2.02717820880580460E-004	-1	OK
96.000000000000000	1.36064287825794620E-003	9.10351989207902330E-004	6.59907021376910383E-004	2.50444967830991785E-004	4.50290889050043871E-004	2.50954930021970090E-004	-1	1.99335959028073780E-004	-1	OK
96.250000000000000	1.33866880695162976E-003	8.95987734314339476E-004	6.49375924528588014E-004	2.46611809785751300E-004	4.42681072637290225E-004	2.46663415568910114E-004	-1	1.96017657068380110E-004	-1	OK
96.500000000000000	1.31709518447168088E-003	8.81879158535542351E-004	6.39034327399736033E-004	2.42844831135806698E-004	4.35216025936138425E-004	2.42454377442106805E-004	-1	1.92761648494031620E-004	-1	OK
96.750000000000000	1.29588142749358093E-003	8.68021131137993764E-004	6.28878408075719082E-004	2.39142723062274790E-004	4.27860296355587273E-004	2.38166853690347928E-004	-1	1.89693442665239345E-004	-1	OK
97.000000000000000	1.27508491185887455E-003	8.54408728074149007E-004	6.18904451785983172E-004	2.35504276288165808E-004	4.20676183784725430E-004	2.34120002845351194E-004	-1	1.86556180939374236E-004	-1	OK
97.250000000000000	1.25466493038621529E-003	8.41037110302225678E-004	6.09108818667378703E-004	2.31928291634846893E-004	4.13627820083989556E-004	2.30150311677887069E-004	-1	1.83477508406102487E-004	-1	OK
97.500000000000000	1.23461386528412784E-003	8.27901486572842917E-004	5.99487935703693782E-004	2.28413550869149351E-004	4.06712378711284871E-004	2.26256189198160540E-004	-1	1.80456189513124332E-004	-1	OK
97.750000000000000	1.21492416463522411E-003	8.14997155658525921E-004	5.90038315802492315E-004	2.24958839856033579E-004	3.99927008976698136E-004	2.22436090259287277E-004	-1	1.77490918717410859E-004	-1	OK
98.000000000000000	1.19558871981913250E-003	8.02319628462338716E-004	5.80756566959192682E-004	2.21563061503146197E-004	3.93269091356793731E-004	2.18688449298734560E-004	-1	1.74580642058059170E-004	-1	OK
98.250000000000000	1.17660036766626189E-003	7.89864455367179225E-004	5.71639356121779723E-004	2.18225099245399556E-004	3.86735912299082771E-004	2.15011738356658507E-004	-1	1.71724173942424264E-004	-1	OK
98.500000000000000	1.15795237498904986E-003	7.77627290802915629E-004	5.62683425494466070E-004	2.14943865308449533E-004	3.80325084186134180E-004	2.11404466525359547E-004	-1	1.68920617660774634E-004	-1	OK
98.750000000000000	1.13963783928493212E-003	7.65603885243325375E-004	5.53885590117094459E-004	2.11718295126230781E-004	3.74033954041606690E-004	2.07865213007494729E-004	-1	1.66168741034111961E-004	-1	OK
99.000000000000000	1.12164998174159878E-003	7.53790078318598194E-004	5.45242730813205994E-004	2.08547347505392037E-004	3.67859903423000583E-004	2.04392387170365664E-004	-1	1.63467516252634919E-004	-1	OK
99.250000000000000	1.10398227966457133E-003	7.42181758929503404E-004	5.36751790896676626E-004	2.05429968032826697E-004	3.61800520735067980E-004	2.00984122539518299E-004	-1	1.60816398195549681E-004	-1	OK
99.500000000000000	1.08662856400029402E-003	7.30774952175034681E-004	5.28409786655494409E-004	2.02365165519540326E-004	3.55853611825259451E-004	1.97640334720808428E-004	-1	1.58213277104451023E-004	-1	OK
99.750000000000000	1.06958252949627573E-003	7.19565712239834520E-004	5.20213786245032461E-004	1.99351925994801951E-004	3.50016817256441318E-004	1.94359019889299314E-004	-1	1.55657797367142004E-004	-1	OK
100.00000000000000	1.05283791143599681E-003	7.08550164227111684E-004	5.12160921018759200E-004	1.96389243208352457E-004	3.44287747208885130E-004	1.91138879709400850E-004	-1	1.53148867499484280E-004	-1	OK
