#pt	totcs	totdirect	directLO	directNLO	totfrag	fragLO	err_fragLO	fragNLO	err_fragNLO	errmess
0.50000000000000000	57148198.251951076	-27147198.195574634	5652074.9836869063	-32799273.179261543	84295396.447525710	56506391.514636695	-1	27789004.932889014	-1	Error
0.75000000000000000	24656912.679484699	-6254288.1226453446	2921317.5900258631	-9175605.7126712054	30911200.802130044	17236545.411413476	-1	13674655.390716568	-1	Error
1.0000000000000000	8681194.6867102906	-1741487.5746473027	1343583.1236477245	-3085070.6982950293	10422682.261357592	5883890.0978238555	-1	4538792.1635337370	-1	Error
1.2500000000000000	3531642.1207324872	-561720.99399695755	657974.78103890829	-1219695.7750358654	4093363.1147294450	2357046.8163646515	-1	1736316.2983647934	-1	Error
1.5000000000000000	1641990.6632026881	-198188.30046275689	347565.21075713891	-545753.51121989533	1840178.9636654451	1073998.4842690406	-1	766180.47939640447	-1	Error
1.7500000000000000	850072.87520637945	-72828.900551918254	197305.69559353005	-270134.59614544839	922901.77575829776	546717.10514671437	-1	376184.67061158339	-1	Error
2.0000000000000000	477177.69966926565	-25774.816069801571	118674.92133745264	-144449.73740725432	502952.51573906722	300088.62689561682	-1	202863.88884345040	-1	Error
2.2500000000000000	285194.15543367161	-7274.0982528484310	74863.260330063873	-82137.358582912377	292468.25368652004	175193.66850511980	-1	117274.58518140024	-1	Error
2.5000000000000000	178999.54333124874	38.082462959035183	49134.846279658879	-49096.763816699851	178961.46086828972	107538.06496958004	-1	71423.395898709685	-1	Error
2.7500000000000000	117346.49524852898	2753.8611712375568	33339.882698314454	-30586.021527076900	114592.63407729143	68971.818167888428	-1	45620.815909402998	-1	Error
3.0000000000000000	79577.388165320153	3547.5500679363613	23276.126194524935	-19728.576126588585	76029.838097383792	45833.851318342968	-1	30195.986779040824	-1	Error
3.2500000000000000	55499.946711913712	3546.1772447327639	16654.110559550147	-13107.933314817379	51953.769467180944	31379.506570746897	-1	20574.262896434047	-1	Error
3.5000000000000000	39726.115390010840	3238.6306602581099	12173.001023320187	-8934.3703630620785	36487.484729752730	22056.093161131339	-1	14431.391568621391	-1	Error
3.7500000000000000	29031.696481527928	2839.0573160306321	9065.7089388436907	-6226.6516228130595	26192.639165497298	15848.702071929703	-1	10343.937093567594	-1	Error
4.0000000000000000	21625.937043640548	2439.4054015568981	6864.4793290014031	-4425.0739274445059	19186.531642083650	11606.995131247846	-1	7579.5365108358037	-1	OK
4.2500000000000000	16384.947379047560	2075.8512445856668	5275.2518284752923	-3199.4005838896264	14309.096134461894	8647.8269422229914	-1	5661.2691922389022	-1	OK
4.5000000000000000	12602.300612107509	1759.1248743284714	4108.0941526374518	-2348.9692783089804	10843.175737779038	6542.1802511611440	-1	4300.9954866178941	-1	OK
4.7500000000000000	9821.9040609868025	1489.2290418079729	3237.6549736423781	-1748.4259318344054	8332.6750191788306	5017.1863932882652	-1	3315.4886258905653	-1	OK
5.0000000000000000	7745.0639716693022	1261.8492239847083	2579.4417149717351	-1317.5924909870257	6483.2147476845939	3895.9631877681704	-1	2587.2515599164235	-1	OK
5.2500000000000000	6174.1003926804642	1071.3442792820797	2075.4119759777309	-1004.0676966956501	5102.7561133983845	3059.8439014464557	-1	2042.9122119519288	-1	OK
5.5000000000000000	4966.0070194317223	912.06024140343789	1684.9986001324946	-772.93835872905618	4053.9467780282844	2427.8514197153600	-1	1626.0953583129244	-1	OK
5.7500000000000000	4035.1492082727355	778.89643617364186	1379.4094815939318	-600.51304542028981	3256.2527720990938	1943.3142371580429	-1	1312.9385349410509	-1	OK
6.0000000000000000	3303.8795349116290	667.41921094546183	1137.8978972571610	-470.47868631169894	2636.4603239661669	1570.5691228844896	-1	1065.8912010816773	-1	OK
6.2500000000000000	2725.6442576375616	573.87851239222618	945.31823864251396	-371.43972625028783	2151.7657452453354	1279.5730955889417	-1	872.19264965639377	-1	OK
6.5000000000000000	2264.7092323166835	495.16688953636594	790.48508455012859	-295.31819501376265	1769.5423427803178	1050.3004104545098	-1	719.24193232580797	-1	OK
6.7500000000000000	1894.0024228952423	428.72548652474347	665.04365830401537	-236.31817177927201	1465.2769363704988	868.01740491171120	-1	597.25953145878759	-1	OK
7.0000000000000000	1593.7778783653557	372.45625625418802	562.68850104793557	-190.23224479374775	1221.3216221111677	721.94213311349120	-1	499.37948899767650	-1	OK
7.2500000000000000	1348.5903331738009	324.64110257114157	478.61444943734523	-153.97334686620357	1023.9492306026593	603.99471979094062	-1	419.95451081171871	-1	OK
7.5000000000000000	1147.2143180043481	283.87159012212550	409.12626015891493	-125.25467003678955	863.34272788222256	507.15823356083439	-1	356.18449432138817	-1	OK
7.7500000000000000	980.77859925481437	248.99213173288763	351.35826868814991	-102.36613695526228	731.78646752192674	428.92426760879420	-1	302.86219991313254	-1	OK
8.0000000000000000	842.35607072414871	219.05210778543938	303.07049832057152	-84.018390535132198	623.30396293870933	364.54998981809979	-1	258.75397312060954	-1	OK
8.2500000000000000	726.61775828694033	193.26828947587876	262.49914636614778	-69.230856890269095	533.34946881106157	311.46194425577187	-1	221.88752455528970	-1	OK
8.5000000000000000	629.34002973127053	170.99376509105571	228.24529521606581	-57.251530125010184	458.34626464021488	267.10279159977227	-1	191.24347304044261	-1	OK
8.7500000000000000	546.94683970281358	151.69159398801949	199.19240141471869	-47.500807426699190	395.25524571479411	229.97969469174518	-1	165.27555102304893	-1	OK
9.0000000000000000	477.27964742855806	134.91479595194230	174.44383383979135	-39.529037887849078	342.36485147661574	198.78215629511544	-1	143.58269518150030	-1	OK
9.2500000000000000	417.91059211133984	120.29061387488073	153.27525818063876	-32.984644305758025	297.61997823645908	172.44432199327107	-1	125.17565624318800	-1	OK
9.5000000000000000	367.10655925116555	107.50704443497381	135.09824332523343	-27.591198890259637	259.59951481619174	150.12299378376142	-1	109.47652103243033	-1	OK
9.7500000000000000	323.48060654039352	96.302003997807020	119.43222716942805	-23.130223171621058	227.17860254258653	131.12604465308709	-1	96.052557889499440	-1	OK
10.000000000000000	285.88015954844542	86.454779740561349	105.88277960834164	-19.427999867780308	199.42537980788407	114.89653370118521	-1	84.528846106698865	-1	OK
10.250000000000000	253.35303580966158	77.779019718088335	94.124681709184344	-16.345661991096073	175.57401609157324	100.97629687991761	-1	74.597719211655630	-1	OK
10.500000000000000	225.12604902030131	70.116568314440983	83.888465199191103	-13.771896884750181	155.00948070586034	88.994071095456178	-1	66.015409610404163	-1	OK
10.750000000000000	200.53675597096699	63.333213040504262	74.949981204493994	-11.616768163989722	137.20354293046273	78.648559434183127	-1	58.554983496279604	-1	OK
11.000000000000000	179.07692811006740	57.314388517270672	67.121955602188720	-9.8075670849180412	121.76253959279671	69.690178201505233	-1	52.072361391291480	-1	OK
11.250000000000000	160.21267050075195	51.962232697322385	60.247321795840683	-8.2850890985182719	108.25043780342958	61.907942051011197	-1	46.342495752418380	-1	OK
11.500000000000000	143.72047791018028	47.192847125807319	54.193859235799636	-7.0010121099923124	96.527630784372960	55.127047255323227	-1	41.400583529049733	-1	OK
11.750000000000000	129.20256288199931	42.933975522016425	48.849817600839415	-5.9158420788229842	86.268587359982874	49.200915012588517	-1	37.067672347394357	-1	OK
12.000000000000000	116.39217849158587	39.123494821322232	44.120494287117118	-4.9969994657948584	77.268683670263641	44.008237285125261	-1	33.260446385138380	-1	OK
12.250000000000000	105.06281307328371	35.707598047336027	39.925300215679400	-4.2177021683433615	69.355215025947686	39.446047217589225	-1	29.909167808358461	-1	OK
12.500000000000000	95.014130796899082	32.639806468086839	36.195497850005495	-3.5556913819186513	62.374324328812243	35.430517999496800	-1	26.943806329315443	-1	OK
12.750000000000000	86.084033941235191	29.879650896712981	32.872229972796177	-2.9925790760831972	56.204383044522203	31.886109206610119	-1	24.318273837912084	-1	OK
13.000000000000000	78.131234815682916	27.392013948574849	29.904964088206729	-2.5129501396318776	50.739220867108074	28.750274428962079	-1	21.988946438145994	-1	OK
13.250000000000000	71.034026896705768	25.146167517943908	27.250174701394595	-2.1040071834506899	45.887859378761853	25.969736277701717	-1	19.918123101060136	-1	OK
13.500000000000000	64.670969112019023	23.115339546010919	24.870344022886830	-1.7550044768759083	41.555629566008108	23.499091609271577	-1	18.056537956736531	-1	OK
13.750000000000000	58.988165111579377	21.276036541504293	22.732993243820516	-1.4569567023162302	37.712128570075087	21.299326937940240	-1	16.412801632134848	-1	OK
14.000000000000000	53.887641566836571	19.607672854946145	20.809948740322529	-1.2022758853763833	34.279968711890426	19.337764315025609	-1	14.942204396864817	-1	OK
14.250000000000000	49.275962055774457	18.092110785284607	19.076696494231278	-0.98458570894666797	31.183851270489853	17.584206366206843	-1	13.599644904283011	-1	OK
14.500000000000000	45.146262095040086	16.713386821440288	17.511870694834371	-0.79848387339407856	28.432875273599798	16.014368188022935	-1	12.418507085576863	-1	OK
14.750000000000000	41.418339701548994	15.457381781391444	16.096796117547349	-0.63941433615590404	25.960957920157551	14.605690626702804	-1	11.355267293454746	-1	OK
15.000000000000000	38.049969205641233	14.311637773572265	14.815125227192050	-0.50348745361978353	23.738331432068971	13.339654992711052	-1	10.398676439357919	-1	OK
15.250000000000000	35.001049902634520	13.265095544333770	13.652507396363196	-0.38741185202943024	21.735954358300749	12.200192248554435	-1	9.5357621097463134	-1	OK
15.500000000000000	32.237551098010897	12.307950142146964	12.596324941538855	-0.28837479939188521	19.929600955863933	11.172723787702040	-1	8.7568771681618927	-1	OK
15.750000000000000	29.727824905103461	11.431483751273712	11.635459882448432	-0.20397613117471919	18.296341153829751	10.245019136271319	-1	8.0513220175584319	-1	OK
16.000000000000000	27.445006138133529	10.627927756441077	10.760095962025440	-0.13216820558436854	16.817078381692454	9.3847450925173259	-1	7.4323332891751281	-1	OK
16.250000000000000	25.366690796755094	9.8903564823547558	9.9615507440160727	-7.11942616613120138E-002	15.476334314400340	8.6267968765588705	-1	6.8495374378414695	-1	OK
16.500000000000000	23.471585142702430	9.2125787965304760	9.2321311571511249	-1.95523606206451199E-002	14.259006346171955	7.9395274054672091	-1	6.3194789407047454	-1	OK
16.750000000000000	21.741302294575746	8.5890616112282814	8.5650087941549202	2.40528170733644645E-002	13.152240683347465	7.3154232114122903	-1	5.8368174719351744	-1	OK
17.000000000000000	20.159703790754605	8.0148410507372319	7.9541108576282049	6.07301931090266436E-002	12.144862740017373	6.7477493115163547	-1	5.3971134285010187	-1	OK
17.250000000000000	18.703112776968666	7.4854637029629947	7.3940296449530232	9.14340580099740341E-002	11.217649074005672	6.2307454859106119	-1	4.9869035880950605	-1	OK
17.500000000000000	17.377188092149485	6.9969288536418315	6.8799403874994027	0.11698846614242901	10.380259238507653	5.7593078890047646	-1	4.6209513495028887	-1	OK
17.750000000000000	16.160652479169343	6.5456392210963017	6.4075332972363981	0.13810592385990225	9.6150132580730414	5.3288691944320838	-1	4.2861440636409576	-1	OK
18.000000000000000	15.043134200215931	6.1283455153075410	5.9729499980703160	0.15539551723722642	8.9147886849083910	4.9354242671061224	-1	3.9793644178022687	-1	OK
18.250000000000000	14.015521168475757	5.7421228123137018	5.5727342567672542	0.16938855554644816	8.2733983561620548	4.5754478187141236	-1	3.6979505374479311	-1	OK
18.500000000000000	13.065609392895926	5.3843283045417900	5.2037836725543665	0.18054463198742321	7.6812810883541367	4.2457607437596723	-1	3.4355203445944644	-1	OK
18.750000000000000	12.194522945305296	5.0525672588431503	4.8633099218797664	0.18925733696338423	7.1419556864621461	3.9434163031882239	-1	3.1985393832739222	-1	OK
19.000000000000000	11.391002421241399	4.7446764207585126	4.5488047104607849	0.19587171029772821	6.6463260004828868	3.6658675959548224	-1	2.9804584045280644	-1	OK
19.250000000000000	10.649096657010460	4.4586947507495749	4.2580073731948493	0.20068737755472535	6.1904019062608855	3.4108231737614161	-1	2.7795787324994694	-1	OK
19.500000000000000	9.9633144082201071	4.1928384153422993	3.9888775478569203	0.20396086748537859	5.7704759928778069	3.1763485657491857	-1	2.5941274271286212	-1	OK
19.750000000000000	9.3292291755688392	3.9454863076543965	3.7395724855780581	0.20591382207633704	5.3837428679144423	2.9604844400789290	-1	2.4232584278355134	-1	OK
20.000000000000000	8.7398226662981795	3.7151717226100760	3.5084262625470348	0.20674546006304101	5.0246509436881031	2.7615119892166220	-1	2.2631389544714811	-1	OK
20.250000000000000	8.1954910637079017	3.5005517648512932	3.2939288740144352	0.20662289083685842	4.6949392988566094	2.5779383947041419	-1	2.1170009041524676	-1	OK
20.500000000000000	7.6905970169255191	3.3004017564798920	3.0947112520105584	0.20569050446933423	4.3901952604456271	2.4084199105798816	-1	1.9817753498657456	-1	OK
20.750000000000000	7.2218735199175619	3.1136102741446243	2.9095317187135135	0.20407855543111125	4.1082632457729380	2.2518025807978854	-1	1.8564606649750526	-1	OK
21.000000000000000	6.7863888749853167	2.9391549652577869	2.7372583242728923	0.20189664098489515	3.8472339097275299	2.1069726277589007	-1	1.7402612819686292	-1	OK
21.250000000000000	6.3810668972133531	2.7761011999123397	2.5768633227612896	0.19923787715105032	3.6049656973010138	1.9728789426030193	-1	1.6320867546979945	-1	OK
21.500000000000000	6.0042158302651192	2.6235976542835062	2.4274123290868554	0.19618532519665130	3.3806181759816134	1.8485884163190476	-1	1.5320297596625658	-1	OK
21.750000000000000	5.6532027767629245	2.4808668428056571	2.2880537445817501	0.19281309822390666	3.1723359339572679	1.7333143137242200	-1	1.4390216202330479	-1	OK
22.000000000000000	5.3260252935276711	2.3471919111900492	2.1580094231302738	0.18918248805977542	2.9788333823376214	1.6262962950051094	-1	1.3525370873325120	-1	OK
22.250000000000000	5.0208682097541857	2.2219151688164098	2.0365687482892403	0.18534642052716960	2.7989530409377754	1.5268698237601654	-1	1.2720832171776100	-1	OK
22.500000000000000	4.7360283128865746	2.1044337702079128	1.9230824210023487	0.18135134920556373	2.6315945426786613	1.4344223833823677	-1	1.1971721592962936	-1	OK
22.750000000000000	4.4692197210243272	1.9941953556067276	1.8169563513527336	0.17723900425399469	2.4750243654176001	1.3483870007697414	-1	1.1266373646478587	-1	OK
23.000000000000000	4.2206655926629315	1.8906884395588455	1.7176454572358357	0.17304298232301038	2.3299771531040863	1.2682783180146455	-1	1.0616988350894407	-1	OK
23.250000000000000	3.9881681325975888	1.7934425921650592	1.6246502975466224	0.16879229461843745	2.1947255404325294	1.1936436601546638	-1	1.0010818802778656	-1	OK
23.500000000000000	3.7705423026622995	1.7020251165376945	1.5375128050725291	0.16451231146516535	2.0685171861246050	1.1240668683033443	-1	0.94445031782126065	-1	OK
23.750000000000000	3.5666977102813764	1.6160386564161122	1.4558123925406590	0.16022626387545380	1.9506590538652644	1.0591501711007723	-1	0.89150888276449214	-1	OK
24.000000000000000	3.3756302311565261	1.5351134953681296	1.3791617201340201	0.15595177523410933	1.8405167357883967	0.99854441186876730	-1	0.84197232391962940	-1	OK
24.250000000000000	3.1964331116005624	1.4589087182716849	1.3072046935565109	0.15170402471517386	1.7375243933288773	0.94192601943977550	-1	0.79559837388910182	-1	OK
24.500000000000000	3.0282701881750156	1.3871102485785904	1.2396136323115121	0.14749661626707861	1.6411599395964251	0.88900548712216498	-1	0.75215445247426016	-1	OK
24.750000000000000	2.8697599743698596	1.3194272061688013	1.1760864889326139	0.14334071723618738	1.5503327682010581	0.83948388372553595	-1	0.71084888447552219	-1	OK
25.000000000000000	2.7214669885554414	1.2555909991358600	1.1163447293423492	0.13924626979351096	1.4658759894195812	0.79313164432723482	-1	0.67274434509234637	-1	OK
25.250000000000000	2.5820718509976763	1.1953511870426237	1.0601309168497899	0.13522027019283342	1.3867206639550527	0.74971943719917489	-1	0.63700122675587778	-1	OK
25.500000000000000	2.4509666460252455	1.1384763968290099	1.0072074909674247	0.13126890586158524	1.3124902491962356	0.70903533217918968	-1	0.60345491701704590	-1	OK
25.750000000000000	2.3275874070866847	1.0847518713090594	0.95735486706976147	0.12739700423929765	1.2428355357776255	0.67088762107740352	-1	0.57194791470022199	-1	OK
26.000000000000000	2.2114139809322335	1.0339793346284725	0.91037003995338917	0.12360929467508353	1.1774346463037608	0.63509246418900855	-1	0.54234218211475227	-1	OK
26.250000000000000	2.1019636567539424	0.98597264522965755	0.86606466530987558	0.11990797991978205	1.1159910115242848	0.60148934651448260	-1	0.51450166500980221	-1	OK
26.500000000000000	1.9980552573431383	0.94055965463070412	0.82426452294685104	0.11629513168385318	1.0574956027124340	0.56992723659767119	-1	0.48756836611476284	-1	OK
26.750000000000000	1.9014668469499352	0.89758030265097266	0.78480812781260045	0.11277217483837201	1.0038865442989626	0.54026424870157019	-1	0.46362229559739243	-1	OK
27.000000000000000	1.8084990398846599	0.85688625052600176	0.74754581036089385	0.10934044016510774	0.95161278935865823	0.51237955714443140	-1	0.43923323221422683	-1	OK
27.250000000000000	1.7212064705955081	0.81833892008564169	0.71233848865126903	0.10600043143437256	0.90286755050986645	0.48615202900767229	-1	0.41671552150219415	-1	OK
27.500000000000000	1.6394463479232946	0.78180877970656204	0.67905688883607918	0.10275189087048292	0.85763756821673243	0.46146513074291501	-1	0.39617243747381742	-1	OK
27.750000000000000	1.5621881550641528	0.74717505238491333	0.64758088199953889	9.95941703853747973E-002	0.81501310267923943	0.43821691143328506	-1	0.37679619124595437	-1	OK
28.000000000000000	1.4891514444581628	0.71432538888172536	0.61779886953593866	9.65265193457869736E-002	0.77482605557643736	0.41631348072884905	-1	0.35851257484758831	-1	OK
28.250000000000000	1.4200428096389668	0.68315526911515645	0.58960700959134804	9.35482595238082970E-002	0.73688754052381034	0.39566712247329883	-1	0.34122041805051151	-1	OK
28.500000000000000	1.3546717524055949	0.65356668907334248	0.56290852738949682	9.06581616838455506E-002	0.70110506333225231	0.37619636293316477	-1	0.32490870039908754	-1	OK
28.750000000000000	1.2927950391897496	0.62546773055773341	0.53761318900341781	8.78545415543156849E-002	0.66732730863201628	0.35782561614567276	-1	0.30950169248634352	-1	OK
29.000000000000000	1.2341977582984769	0.59877267434298065	0.51363694886503652	8.51357254779443462E-002	0.63542508395549613	0.34048480672505765	-1	0.29494027723043847	-1	OK
29.250000000000000	1.1786795366707066	0.57340177311645413	0.49090150349255690	8.25002696238973099E-002	0.60527776355425245	0.32410857220565181	-1	0.28116919134860063	-1	OK
29.500000000000000	1.1259683451891427	0.54927996653853661	0.46933366759369194	7.99462989448448264E-002	0.57668837865060607	0.30863701010848588	-1	0.26805136854212019	-1	OK
29.750000000000000	1.0760711293919301	0.52633727247442552	0.44886516891926953	7.74721035551559911E-002	0.54973385691750454	0.29401624465002019	-1	0.25571761226748435	-1	OK
30.000000000000000	1.0286943061525919	0.50450780234573389	0.42943215075954577	7.50756515861881607E-002	0.52418650380685794	0.28019035895277217	-1	0.24399614485408577	-1	OK
30.250000000000000	0.98377250306651431	0.48373007572437604	0.41097496499406094	7.27551107303150979E-002	0.50004242734213822	0.26711159246375604	-1	0.23293083487838218	-1	OK
30.500000000000000	0.94109322578456422	0.46394616884916579	0.39343776530829677	7.05084035408689719E-002	0.47714705693539844	0.25428584413642702	-1	0.22286121279897142	-1	OK
30.750000000000000	0.90056320139699075	0.44510192941113769	0.37676835266651582	6.83335767446219128E-002	0.45546127198585307	0.24258703182808070	-1	0.21287424015777237	-1	OK
31.000000000000000	0.86208396247360775	0.42714664384224776	0.36091785783325414	6.62287860089936509E-002	0.43493731863135998	0.23001631288718366	-1	0.20492100574417632	-1	OK
31.250000000000000	0.82531407997619199	0.41003241095930953	0.34584044012953141	6.41919708297781916E-002	0.41528166901688252	0.21957442079815562	-1	0.19570724821872690	-1	OK
31.500000000000000	0.79054488498011244	0.39371427572759776	0.33149313882155762	6.22211369060402322E-002	0.39683060925251468	0.20967607975004426	-1	0.18715452950247041	-1	OK
31.750000000000000	0.75742922264844059	0.37814987939859135	0.31783566869292151	6.03142107056698906E-002	0.37927934324984924	0.20029069018896767	-1	0.17898865306088158	-1	OK
32.000000000000000	0.72596027865496304	0.36329954883345705	0.30483027228441473	5.84692765490421665E-002	0.36266072982150604	0.19138580563005839	-1	0.17127492419144766	-1	OK
32.250000000000000	0.69600370657504596	0.34912599427613222	0.29244152054230549	5.66844737338267138E-002	0.34687771229891379	0.18293408378985898	-1	0.16394362850905481	-1	OK
32.500000000000000	0.66746997722031509	0.33559406911072709	0.28063612645548730	5.49579426552397748E-002	0.33187590810958800	0.17491026138925336	-1	0.15696564672033464	-1	OK
32.750000000000000	0.64027115409997959	0.32267064628729142	0.26938280456904146	5.32878417182499481E-002	0.31760050781268817	0.16728911999493296	-1	0.15031138781775522	-1	OK
33.000000000000000	0.61434768701254439	0.31032435976289402	0.25865212574883817	5.16722340140559552E-002	0.30402332724965042	0.16004833718537217	-1	0.14397499006427825	-1	OK
33.250000000000000	0.58966011757452041	0.29852585707963930	0.24841648059766061	5.01093764819786139E-002	0.29113426049488111	0.15316638829171250	-1	0.13796787220316861	-1	OK
33.500000000000000	0.56611962233260626	0.28724753625357458	0.23864990485998488	4.85976313935898088E-002	0.27887208607903169	0.14662303849017469	-1	0.13224904758885700	-1	OK
33.750000000000000	0.54366573245188854	0.27646332759652903	0.22932794707083873	4.71353805256903499E-002	0.26720240485535957	0.14040086049017925	-1	0.12680154436518032	-1	OK
34.000000000000000	0.52224122364475623	0.26614852272437539	0.22042755954555293	4.57209631788224394E-002	0.25609270092038083	0.13448145804499562	-1	0.12161124287538522	-1	OK
34.250000000000000	0.50179082898392702	0.25627980432158676	0.21192703804353485	4.43527662780518542E-002	0.24551102466234029	0.12884842207263111	-1	0.11666260258970917	-1	OK
34.500000000000000	0.48226721356843000	0.24683517165019919	0.20380594425220713	4.30292273979919898E-002	0.23543204191823081	0.12348586612053360	-1	0.11194617579769721	-1	OK
34.750000000000000	0.46351288882579267	0.23779392091503271	0.19604502702364110	4.17488938913915669E-002	0.22571896791075993	0.11837938281312813	-1	0.10733958509763181	-1	OK
35.000000000000000	0.44570548981614511	0.22913643798410493	0.18862610260440743	4.05103353796975388E-002	0.21656905183204014	0.11351578687444851	-1	0.10305326495759164	-1	OK
35.250000000000000	0.42869014528512112	0.22084406958306962	0.18153196959977339	3.93120999832962115E-002	0.20784607570205149	0.10888130841466341	-1	9.89647672873880807E-002	-1	OK
35.500000000000000	0.41251777854625304	0.21289924394157683	0.17474644323317792	3.81528007083988333E-002	0.19961853460467618	0.10446354094623979	-1	9.51549936584363959E-002	-1	OK
35.750000000000000	0.39685291134192735	0.20528540230223910	0.16825426520717957	3.70311370950594937E-002	0.19156750903968828	0.10025106773688970	-1	9.13164413027985761E-002	-1	OK
36.000000000000000	0.38198474464814225	0.19798685310613751	0.16204101508453114	3.59458380216063494E-002	0.18399789154200474	9.62330924086972350E-002	-1	8.77647991333075084E-002	-1	OK
36.250000000000000	0.36775981752963227	0.19098873619879597	0.15609306473162735	3.48956714671685986E-002	0.17677108133083633	9.23995030557631936E-002	-1	8.43715782750731336E-002	-1	OK
36.500000000000000	0.35414635463919841	0.18427695255084864	0.15039752694064548	3.38794256102031219E-002	0.16986940208834980	8.87403798261917481E-002	-1	8.11290222621580542E-002	-1	OK
36.750000000000000	0.34111459106189657	0.17783813099528420	0.14494221614067926	3.28959148546049546E-002	0.16327646006661234	8.52468948730277232E-002	-1	7.80295651935846157E-002	-1	OK
37.000000000000000	0.32863652002512722	0.17165963376157764	0.13971561827558013	3.19440154859975331E-002	0.15697688626354961	8.19108642764790895E-002	-1	7.50660219870705192E-002	-1	OK
37.250000000000000	0.31668547566990407	0.16572955598549738	0.13470685018807080	3.10227057974266154E-002	0.15095591968440669	7.87241993678534369E-002	-1	7.22317203165532551E-002	-1	OK
37.500000000000000	0.30516403913847190	0.16003653679516794	0.12990559097773380	3.01309458174341474E-002	0.14512750234330399	7.56787049920965155E-002	-1	6.94487973512074724E-002	-1	OK
37.750000000000000	0.29419515592389178	0.15456977920258591	0.12530206294234916	2.92677162602367272E-002	0.13962537672130587	7.27676665277264684E-002	-1	6.68577101935794033E-002	-1	OK
38.000000000000000	0.28368110755917453	0.14931899475481106	0.12088699538984211	2.84319993649689261E-002	0.13436211280436350	6.99849785285359127E-002	-1	6.43771342758275855E-002	-1	OK
38.250000000000000	0.27351945502814579	0.14427445872359790	0.11665162073439540	2.76228379892025089E-002	0.12924499630454792	6.73240906960013569E-002	-1	6.19209056085465587E-002	-1	OK
38.500000000000000	0.26385503104825514	0.13942697897772949	0.11258763640123960	2.68393425764899482E-002	0.12442805207052565	6.47789600818389488E-002	-1	5.96490919886867033E-002	-1	OK
38.750000000000000	0.25458451952346239	0.13476783227710146	0.10868717004687940	2.60806622302220785E-002	0.11981668724636094	6.23438946194881313E-002	-1	5.74727926268728054E-002	-1	OK
39.000000000000000	0.24568948897531820	0.13028870557358063	0.10494274687522642	2.53459586983542373E-002	0.11540078340173757	6.00135307488514971E-002	-1	5.53872526528860695E-002	-1	OK
39.250000000000000	0.23715263080187543	0.12598165961273464	0.10134726674485191	2.46343928678827255E-002	0.11117097118914079	5.77827794414332088E-002	-1	5.33881917477075849E-002	-1	OK
39.500000000000000	0.22897829511789350	0.12183915741085516	9.78939940544231585E-002	2.39451633564319623E-002	0.10713913770703834	5.56467817875567067E-002	-1	5.14923559194816333E-002	-1	OK
39.750000000000000	0.22110948940035730	0.11785404639428895	9.45765401406132300E-002	2.32775062536757088E-002	0.10325544300606833	5.36010686258531696E-002	-1	4.96543743802151591E-002	-1	OK
40.000000000000000	0.21340874668069276	0.11401953137737353	9.13888403645622821E-002	2.26306910128112222E-002	9.93892153033192477E-002	5.16413392729355297E-002	-1	4.77478760303837180E-002	-1	OK
40.250000000000000	0.20615325973538484	0.11032914866041901	8.83251342940771372E-002	2.20040143663418793E-002	9.58241110749658426E-002	4.97637397995997280E-002	-1	4.60603712753661146E-002	-1	OK
40.500000000000000	0.19918206126003216	0.10677676661586107	8.53799498204773216E-002	2.13968167953837683E-002	9.24052946441710904E-002	4.79642782855383074E-002	-1	4.44410163586327830E-002	-1	OK
40.750000000000000	0.19248387375635573	0.10335650683941555	8.25480751839483273E-002	2.08084316554672487E-002	8.91273669169401761E-002	4.62391954079932402E-002	-1	4.28881715089469359E-002	-1	OK
41.000000000000000	0.18604559503565832	0.10006275748488716	7.98245553042543909E-002	2.02382021806327660E-002	8.59828375507711573E-002	4.45849842144828076E-002	-1	4.13978533362883497E-002	-1	OK
41.250000000000000	0.17985557900792795	9.68902080658108622E-002	7.72046849579505756E-002	1.96855231078603039E-002	8.29653709421170893E-002	4.29983807245404165E-002	-1	3.99669902175766728E-002	-1	OK
41.500000000000000	0.17390275263474844	9.38337945472771939E-002	7.46839867769389654E-002	1.91498077703382182E-002	8.00689580874712481E-002	4.14763047865887649E-002	-1	3.85926533008824832E-002	-1	OK
41.750000000000000	0.16817677122372396	9.08886770235161207E-002	7.22581984602204130E-002	1.86304785632957180E-002	7.72880942002078380E-002	4.00161615465668558E-002	-1	3.72719326536409823E-002	-1	OK
42.000000000000000	0.16266746692527401	8.80502621218054726E-002	6.99232675727189529E-002	1.81269945490865024E-002	7.46172048034685481E-002	3.86149237108441915E-002	-1	3.60022810926243567E-002	-1	OK
42.250000000000000	0.15736528705211428	8.53141750322755077E-002	6.76753342917618961E-002	1.76388407405135839E-002	7.20511120198387700E-002	3.72698378887928380E-002	-1	3.47812741310459320E-002	-1	OK
42.500000000000000	0.15226188847705885	8.26762187013231342E-002	6.55107168814624552E-002	1.71655018198606721E-002	6.95856697757357284E-002	3.59782862717107077E-002	-1	3.36073835040250207E-002	-1	OK
42.750000000000000	0.14734920209475949	8.01323708699714227E-002	6.34259060550528830E-002	1.67064648149185362E-002	6.72168312247880678E-002	3.47378689530838600E-002	-1	3.24789622717042079E-002	-1	OK
43.000000000000000	0.14261905052236823	7.76788256012187761E-002	6.14175653637817343E-002	1.62612602374370280E-002	6.49402249211494670E-002	3.35463032213706991E-002	-1	3.13939216997787679E-002	-1	OK
43.250000000000000	0.13806376699979250	7.53119593469443044E-002	5.94825156971746788E-002	1.58294436497696048E-002	6.27518076528481850E-002	3.24013907591470321E-002	-1	3.03504168937011529E-002	-1	OK
43.500000000000000	0.13366457959698277	7.30282967205835576E-002	5.76177214939762247E-002	1.54105752266073329E-002	6.06362828763992168E-002	3.12748273853191427E-002	-1	2.93614554910800740E-002	-1	OK
43.750000000000000	0.12943773458250923	7.08244925402367609E-002	5.58202835058336927E-002	1.50042090344030682E-002	5.86132420422724731E-002	3.02177708353304278E-002	-1	2.83954712069420454E-002	-1	OK
44.000000000000000	0.12536493557156814	6.86973742068748977E-002	5.40874420431504133E-002	1.46099321637245035E-002	5.66675613646932252E-002	2.92014640337165503E-002	-1	2.74660973309766750E-002	-1	OK
44.250000000000000	0.12143961544840461	6.66439187575502134E-002	5.24165650023797752E-002	1.42273537551704382E-002	5.47956966908543924E-002	2.82240092649665951E-002	-1	2.65716874258877973E-002	-1	OK
44.500000000000000	0.11765575650916357	6.46612263795455083E-002	5.08051383879603094E-002	1.38560879915852215E-002	5.29945301296180712E-002	2.72839047206305772E-002	-1	2.57106254089874940E-002	-1	OK
44.750000000000000	0.11400764730668587	6.27465276850081022E-002	4.92507635315470940E-002	1.34957641534609908E-002	5.12611196216777726E-002	2.63795294825542627E-002	-1	2.48815901391235099E-002	-1	OK
45.000000000000000	0.11048022327948839	6.08971840671106296E-002	4.77511513155156261E-002	1.31460327515949948E-002	4.95830392123777705E-002	2.55093703777859657E-002	-1	2.40736688345918048E-002	-1	OK
45.250000000000000	0.10708755464937805	5.91106645752075971E-002	4.63041127054998614E-002	1.28065518697077548E-002	4.79768900741704488E-002	2.46721280462762586E-002	-1	2.33047620278941901E-002	-1	OK
45.500000000000000	0.10381468835713011	5.73845325855828342E-002	4.49075550950574429E-002	1.24769774905254018E-002	4.64301557715472712E-002	2.38662433864865013E-002	-1	2.25639123850607699E-002	-1	OK
45.750000000000000	0.10065670637567500	5.57164752789486989E-002	4.35594834475587916E-002	1.21569918313899107E-002	4.49402310967263116E-002	2.30901549956256461E-002	-1	2.18500761011006656E-002	-1	OK
46.000000000000000	9.76093571928609849E-002	5.41042821888330708E-002	4.22579908549571698E-002	1.18462913338759010E-002	4.35050750040279141E-002	2.23428551620409067E-002	-1	2.11622198419870074E-002	-1	OK
46.250000000000000	9.46680606121481777E-002	5.25458398015331979E-002	4.10012540855423033E-002	1.15445857159909068E-002	4.21222208106149798E-002	2.16231568121589765E-002	-1	2.04990639984560033E-002	-1	OK
46.500000000000000	9.18285090644409274E-002	5.10391032541633038E-002	3.97875251937469254E-002	1.12515780604163784E-002	4.07894058102776166E-002	2.09298376675970781E-002	-1	1.98595681426805386E-002	-1	OK
46.750000000000000	8.90866919562798010E-002	4.95821186709860112E-002	3.86151344204613209E-002	1.09669842505246799E-002	3.95045732852937828E-002	2.02618409565064050E-002	-1	1.92427323287873778E-002	-1	OK
47.000000000000000	8.64389095766780746E-002	4.81730274082323578E-002	3.74824870774695743E-002	1.06905403307627871E-002	3.82658821684457168E-002	1.96181701838304169E-002	-1	1.86477119846152999E-002	-1	OK
47.250000000000000	8.38812893810213511E-002	4.68100492802779947E-002	3.63880568571519555E-002	1.04219924231260409E-002	3.70712401007433634E-002	1.89978501301182982E-002	-1	1.80733899706250652E-002	-1	OK
47.500000000000000	8.14106095252189882E-002	4.54914624957507979E-002	3.53303802897503086E-002	1.01610822060004807E-002	3.59191470294681903E-002	1.83998718184139980E-002	-1	1.75192752110541923E-002	-1	OK
47.750000000000000	7.90236885515796655E-002	4.42156240182105115E-002	3.43080583373072678E-002	9.90756568090323496E-003	3.48080645333691541E-002	1.78232856432141325E-002	-1	1.69847788901550216E-002	-1	OK
48.000000000000000	7.67171845887989756E-002	4.29809647288592889E-002	3.33197529876501919E-002	9.66121174120909698E-003	3.37362198599396798E-002	1.72673308438734269E-002	-1	1.64688890160662529E-002	-1	OK
48.250000000000000	7.44880106429127997E-002	4.17859885481606796E-002	3.23641839292978101E-002	9.42180461886287651E-003	3.27020220947521131E-002	1.67312047609301344E-002	-1	1.59708173338219787E-002	-1	OK
48.500000000000000	7.23333010738912430E-002	4.06292446277325067E-002	3.14401207186692233E-002	9.18912390906328515E-003	3.17040564461587293E-002	1.62140576948753209E-002	-1	1.54899987512834084E-002	-1	OK
48.750000000000000	7.02473288964693687E-002	3.95093342532651243E-002	3.05463840499206746E-002	8.96295020334444623E-003	3.07379946432042445E-002	1.57151340761072095E-002	-1	1.50228605670970350E-002	-1	OK
49.000000000000000	6.82334369969394006E-002	3.84249296276924085E-002	2.96818471658653361E-002	8.74308246182706195E-003	2.98085073692469990E-002	1.52337115901917345E-002	-1	1.45747957790552645E-002	-1	OK
49.250000000000000	6.62858465967997024E-002	3.73747555934262551E-002	2.88454298437371172E-002	8.52932574968914316E-003	2.89110910033734403E-002	1.47690999317458861E-002	-1	1.41419910716275542E-002	-1	OK
49.500000000000000	6.44020729570705802E-002	3.63575870727717784E-002	2.80360963070839034E-002	8.32149076568787678E-003	2.80444858842988053E-002	1.43206370344371413E-002	-1	1.37238488498616640E-002	-1	OK
49.750000000000000	6.25797483966521462E-002	3.53722480215890381E-002	2.72528537464823140E-002	8.11939427510671372E-003	2.72075003750631116E-002	1.38877377443685137E-002	-1	1.33197626306945979E-002	-1	OK
50.000000000000000	6.08165815448304253E-002	3.44176139760078853E-002	2.64947509164975871E-002	7.92286305951029127E-003	2.63989675688225400E-002	1.34697708222455484E-002	-1	1.29291967465769916E-002	-1	OK
50.250000000000000	5.91104424845577403E-002	3.34926035332013886E-002	2.57608743721686358E-002	7.73172916103274672E-003	2.56178389513563483E-002	1.30660951481742227E-002	-1	1.25517438031821256E-002	-1	OK
50.500000000000000	5.74592912330228051E-002	3.25961728802181827E-002	2.50503467809441160E-002	7.54582609927407708E-003	2.48631183528046258E-002	1.26761610945367881E-002	-1	1.21869572582678377E-002	-1	OK
50.750000000000000	5.58609979051272326E-002	3.17273164733011190E-002	2.43623261051095566E-002	7.36499036819157106E-003	2.41336814318261136E-002	1.22994837174135903E-002	-1	1.18341977144125234E-002	-1	OK
51.000000000000000	5.43137075648367287E-002	3.08850733441981759E-002	2.36960054328065710E-002	7.18906791139159798E-003	2.34286342206385528E-002	1.19355571901948176E-002	-1	1.14930770304437352E-002	-1	OK
51.250000000000000	5.28155901286537083E-002	3.00685224613342419E-002	2.30506110064959691E-002	7.01791145483826768E-003	2.27470676673194698E-002	1.15838966680224306E-002	-1	1.11631709992970393E-002	-1	OK
51.500000000000000	5.13649109861856051E-002	2.92767811716089406E-002	2.24254000385813446E-002	6.85138113302758475E-003	2.20881298145766646E-002	1.12441041534928569E-002	-1	1.08440256610838077E-002	-1	OK
51.750000000000000	4.99599458115499995E-002	2.85089970015413446E-002	2.18196581523795938E-002	6.68933884916175260E-003	2.14509488100086583E-002	1.09156108645001634E-002	-1	1.05353379455084949E-002	-1	OK
52.000000000000000	4.85990666119190812E-002	2.77643449668091361E-002	2.12326983509671247E-002	6.53164661584200532E-003	2.08347216451099451E-002	1.05980217737692319E-002	-1	1.02366998713407133E-002	-1	OK
52.250000000000000	4.72806599143451023E-002	2.70420361414481017E-002	2.06638616586311795E-002	6.37817448281691266E-003	2.02386237728970041E-002	1.02909642237130877E-002	-1	9.94765954918391641E-003	-1	OK
52.500000000000000	4.60032795757854690E-002	2.63413131739219687E-002	2.01125150550553466E-002	6.22879811886661947E-003	1.96619664018635038E-002	9.99404630411646934E-003	-1	9.66792009774703441E-003	-1	OK
52.750000000000000	4.47654799265647663E-002	2.56614440805659413E-002	1.95780495401279078E-002	6.08339454043803612E-003	1.91040358459988249E-002	9.70686857195948889E-003	-1	9.39716727403933604E-003	-1	OK
53.000000000000000	4.35658885863199410E-002	2.50017254930268579E-002	1.90598799636719912E-002	5.94184552935486405E-003	1.85641630932930832E-002	9.42908225078488947E-003	-1	9.13508084250819370E-003	-1	OK
53.250000000000000	4.24031733779462183E-002	2.43614792645838393E-002	1.85574438566072572E-002	5.80403540797657866E-003	1.80416941133623825E-002	9.16035562561577123E-003	-1	8.88133848774661123E-003	-1	OK
53.500000000000000	4.12759912603909568E-002	2.37400554419882753E-002	1.80702010143183010E-002	5.66985442766996910E-003	1.75359358184026780E-002	8.90035163876575809E-003	-1	8.63558417963691989E-003	-1	OK
53.750000000000000	4.01831179408709549E-002	2.31368280265829285E-002	1.75976314692535170E-002	5.53919655732940455E-003	1.70462899142880299E-002	8.64874632176364753E-003	-1	8.39754359252438236E-003	-1	OK
54.000000000000000	3.91233929691189308E-002	2.25511906836962303E-002	1.71392347191923235E-002	5.41195596450390858E-003	1.65722022854227005E-002	8.40523729592347439E-003	-1	8.16696498949922613E-003	-1	OK
54.250000000000000	3.80956985763517275E-002	2.19825612737732760E-002	1.66945299032464842E-002	5.28803137052679534E-003	1.61131373025784515E-002	8.16961492562291378E-003	-1	7.94352237695553770E-003	-1	OK
54.500000000000000	3.70989473122427110E-002	2.14303824072000215E-002	1.62630549395067631E-002	5.16732746769326106E-003	1.56685649050426930E-002	7.94150710301017027E-003	-1	7.72705780203252271E-003	-1	OK
54.750000000000000	3.61320966478579295E-002	2.08941183596420797E-002	1.58443651914867041E-002	5.04975316815537301E-003	1.52379782882158515E-002	7.72057426078669954E-003	-1	7.51740402742915193E-003	-1	OK
55.000000000000000	3.51941484681915356E-002	2.03732497337765148E-002	1.54380322101791943E-002	4.93521752359732998E-003	1.48208987344150243E-002	7.50663199878919170E-003	-1	7.31426673562583264E-003	-1	OK
55.250000000000000	3.42840059842067571E-002	1.98672764564278882E-002	1.50436435489313073E-002	4.82363290749658179E-003	1.44167295277788671E-002	7.29944412200763532E-003	-1	7.11728540577123182E-003	-1	OK
55.500000000000000	3.34009084606790713E-002	1.93757136127392926E-002	1.46608015289050337E-002	4.71491208383426324E-003	1.40251948479397821E-002	7.09876056334725943E-003	-1	6.92643428459252270E-003	-1	OK
55.750000000000000	3.25438680116540840E-002	1.88980967833466164E-002	1.42891239537300870E-002	4.60897282961653110E-003	1.36457712283074677E-002	6.90434499686755528E-003	-1	6.74142623143991239E-003	-1	OK
56.000000000000000	3.17120175973918672E-002	1.84339788995429577E-002	1.39282428126965667E-002	4.50573608684638575E-003	1.32780386978489113E-002	6.71598321636281571E-003	-1	6.56205548148609558E-003	-1	OK
56.250000000000000	3.09045074740216773E-002	1.79829274784699192E-002	1.35778034247860981E-002	4.40512405368382633E-003	1.29215799955517581E-002	6.53346127829269267E-003	-1	6.38811871725906543E-003	-1	OK
56.500000000000000	3.01205044454160784E-002	1.75445245899355541E-002	1.32374639532364807E-002	4.30706063669906904E-003	1.25759798554805242E-002	6.35657730723881986E-003	-1	6.21940254824170438E-003	-1	OK
56.750000000000000	2.93592662391856038E-002	1.71183684992540774E-002	1.29068954264583719E-002	4.21147307279570813E-003	1.22408977399315264E-002	6.18513836116389108E-003	-1	6.05575937876763528E-003	-1	OK
57.000000000000000	2.86200514857521265E-002	1.67040749975316954E-002	1.25857815870237290E-002	4.11829341050796386E-003	1.19159764882204294E-002	6.01895634634913752E-003	-1	5.89702014187129184E-003	-1	OK
57.250000000000000	2.79021545467192100E-002	1.63012711960979773E-002	1.22738170890888502E-002	4.02745410700912701E-003	1.16008833506212328E-002	5.85784872140878744E-003	-1	5.74303462921244533E-003	-1	OK
57.500000000000000	2.72048415305389743E-002	1.59095992765107865E-002	1.19707077289340370E-002	3.93889154757675209E-003	1.12952422540281861E-002	5.70163869563248757E-003	-1	5.59360355839569855E-003	-1	OK
57.750000000000000	2.65274905270256045E-002	1.55287087456808630E-002	1.16761688905281259E-002	3.85253985515274103E-003	1.09987817813447398E-002	5.55015768467621157E-003	-1	5.44862409666852822E-003	-1	OK
58.000000000000000	2.58674464435431489E-002	1.51582644144978400E-002	1.13899269773130290E-002	3.76833743718481187E-003	1.07091820290453107E-002	5.40324087493336894E-003	-1	5.30594115411194174E-003	-1	OK
58.250000000000000	2.52281534507472968E-002	1.47979432328392210E-002	1.11117180275200570E-002	3.68622520531916228E-003	1.04302102179080741E-002	5.26073605809947078E-003	-1	5.16947415980860327E-003	-1	OK
58.500000000000000	2.46069420341140169E-002	1.44474312442745036E-002	1.08412869617160266E-002	3.60614428255847915E-003	1.01595107898395133E-002	5.12250207612834768E-003	-1	5.03700871371116563E-003	-1	OK
58.750000000000000	2.40032303042787207E-002	1.41064239175037985E-002	1.05783876429699584E-002	3.52803627453384446E-003	9.89680638677492390E-003	4.98839391221210429E-003	-1	4.90841247456281961E-003	-1	OK
59.000000000000000	2.34164795914276469E-002	1.37746287835733283E-002	1.03227832378798290E-002	3.45184554569349716E-003	9.64185080785431858E-003	4.85827599212401706E-003	-1	4.78357481573030152E-003	-1	OK
59.250000000000000	2.28461635297857561E-002	1.34517695632911643E-002	1.00742463637175806E-002	3.37752319957358585E-003	9.39439396649459184E-003	4.73201396237541653E-003	-1	4.66238000411917531E-003	-1	OK
59.500000000000000	2.22917185410646881E-002	1.31375749167085085E-002	9.83255644893215805E-003	3.30501846777635439E-003	9.15414362435617961E-003	4.60947850016299714E-003	-1	4.54466512419318246E-003	-1	OK
59.750000000000000	2.17526510513530100E-002	1.28317832774759930E-002	9.59750074827652247E-003	3.23428252919946788E-003	8.92086777387701528E-003	4.49054616319118256E-003	-1	4.43032161068583272E-003	-1	OK
60.000000000000000	2.12285028837549059E-002	1.25341416172777415E-002	9.36887367115100261E-003	3.16526794612674274E-003	8.69436126647716266E-003	4.37509820165579624E-003	-1	4.31926306482136643E-003	-1	OK
60.250000000000000	2.07188124995547410E-002	1.22444028124284315E-002	9.14647624474347783E-003	3.09792656768495328E-003	8.47440968712630943E-003	4.26302248833876178E-003	-1	4.21138719878754765E-003	-1	OK
60.500000000000000	2.02231216198254064E-002	1.19623286210782543E-002	8.93011649748731880E-003	3.03221212359093507E-003	8.26079299874715213E-003	4.15422044296617256E-003	-1	4.10657255578097957E-003	-1	OK
60.750000000000000	1.97409893071515893E-002	1.16876886767032125E-002	8.71960913608872505E-003	2.96807954061448828E-003	8.05330063044837861E-003	4.04857557982196258E-003	-1	4.00472505062641603E-003	-1	OK
61.000000000000000	1.92719968703774364E-002	1.14202621715682462E-002	8.51477570154030722E-003	2.90548647002794244E-003	7.85173469880918844E-003	3.94597579662295337E-003	-1	3.90575890218623507E-003	-1	OK
61.250000000000000	1.88157389588202648E-002	1.11598358145297942E-002	8.31544370635616849E-003	2.84439210817362268E-003	7.65590314429047056E-003	3.84632593058620601E-003	-1	3.80957721370426454E-003	-1	OK
61.500000000000000	1.83718264290775417E-002	1.09062031997929649E-002	8.12144650842025126E-003	2.78475669137271320E-003	7.46562322928457766E-003	3.74953328059368651E-003	-1	3.71608994869089115E-003	-1	OK
61.750000000000000	1.79398821927780269E-002	1.06591641497037325E-002	7.93262292261993386E-003	2.72654122708379781E-003	7.28071804307429352E-003	3.65550845115160698E-003	-1	3.62520959192268654E-003	-1	OK
62.000000000000000	1.75195427720450103E-002	1.04185247909939303E-002	7.74881697088036173E-003	2.66970782011356766E-003	7.10101798105108005E-003	3.56416130718196535E-003	-1	3.53685667386911470E-003	-1	OK
62.250000000000000	1.71086849182498051E-002	1.01840992152760976E-002	7.56987839315082390E-003	2.61422082212527497E-003	6.92458570297370749E-003	3.47540524585257180E-003	-1	3.44918045712113569E-003	-1	OK
62.500000000000000	1.67105574939743207E-002	9.95570566701933432E-003	7.39566148014038013E-003	2.56004418687895332E-003	6.75485182695498808E-003	3.38915764302606627E-003	-1	3.36569418392892181E-003	-1	OK
62.750000000000000	1.63230126604038649E-002	9.73316727214700549E-003	7.22602526822942095E-003	2.50714200391758714E-003	6.58984538825686025E-003	3.30533943692244443E-003	-1	3.28450595133441582E-003	-1	OK
63.000000000000000	1.59457350107542785E-002	9.51631405621053070E-003	7.06083378716962969E-003	2.45548026904090144E-003	6.42942095454374692E-003	3.22387373907605723E-003	-1	3.20554721546768969E-003	-1	OK
63.250000000000000	1.55784045874418249E-002	9.30498218710752202E-003	6.89995569370776326E-003	2.40502649339976050E-003	6.27342240033430375E-003	3.14468599225157944E-003	-1	3.12873640808272431E-003	-1	OK
63.500000000000000	1.52207297133630445E-002	9.09901336285797932E-003	6.74326396211848318E-003	2.35574940073949917E-003	6.12171635050506435E-003	3.06770651741804495E-003	-1	3.05400983308701940E-003	-1	OK
63.750000000000000	1.48724361882345661E-002	8.89825370100856550E-003	6.59063562657406180E-003	2.30761807443450500E-003	5.97418248722599975E-003	2.99286740169095932E-003	-1	2.98131508553504043E-003	-1	OK
64.000000000000000	1.45332547731219126E-002	8.70255379598244144E-003	6.44195172314531144E-003	2.26060207283713087E-003	5.83070097713947032E-003	2.92009969316076208E-003	-1	2.91060128397870824E-003	-1	OK
64.250000000000000	1.42029092645254429E-002	8.51177033443631208E-003	6.29709751243937455E-003	2.21467282199693926E-003	5.69113893008913081E-003	2.84933913319794768E-003	-1	2.84179979689118314E-003	-1	OK
64.500000000000000	1.38811355992447746E-002	8.32576411701959999E-003	6.15596175958956458E-003	2.16980235743003541E-003	5.55537148222517378E-003	2.78052351139048857E-003	-1	2.77484797083468520E-003	-1	OK
64.750000000000000	1.35676795587538184E-002	8.14440034392346912E-003	6.01843685867105727E-003	2.12596348525240925E-003	5.42327921483034929E-003	2.71359592776267752E-003	-1	2.70968328706767177E-003	-1	OK
65.000000000000000	1.32591037636212231E-002	7.96754827282523601E-003	5.88441857116906233E-003	2.08312970165617541E-003	5.29155549079598619E-003	2.64849622106688590E-003	-1	2.64305926972910029E-003	-1	OK
65.250000000000000	1.29616428999269635E-002	7.79508052889909230E-003	5.75380595631798126E-003	2.04127457258111190E-003	5.16656237102787116E-003	2.58516696499785795E-003	-1	2.58139540603001321E-003	-1	OK
65.500000000000000	1.26717942034869913E-002	7.62687489237875299E-003	5.62650154193281970E-003	2.00037335044593242E-003	5.04491931110823740E-003	2.52355450428451986E-003	-1	2.52136480682371754E-003	-1	OK
65.750000000000000	1.23893402463456995E-002	7.46281199919502682E-003	5.50241072879279359E-003	1.96040127040223366E-003	4.92652824715067352E-003	2.46361422381067207E-003	-1	2.46291402334000145E-003	-1	OK
66.000000000000000	1.21140696442033832E-002	7.30277613712497324E-003	5.38144194288378650E-003	1.92133419424118696E-003	4.81129350707840912E-003	2.40529422462648504E-003	-1	2.40599928245192407E-003	-1	OK
66.250000000000000	1.18457735560335547E-002	7.14665625591935291E-003	5.26350680878095827E-003	1.88314944713839443E-003	4.69911730011420177E-003	2.34853838112658109E-003	-1	2.35057891898762068E-003	-1	OK
66.500000000000000	1.15842516806255354E-002	6.99434453340141895E-003	5.14851964823419793E-003	1.84582488516722145E-003	4.58990714722411642E-003	2.29329957022754091E-003	-1	2.29660757699657551E-003	-1	OK
66.750000000000000	1.13294002041925343E-002	6.84573644870735062E-003	5.03639749979707153E-003	1.80933894891028039E-003	4.48366375548518280E-003	2.23952043599710913E-003	-1	2.24414331948807368E-003	-1	OK
67.000000000000000	1.10786312974420695E-002	6.70073056006192935E-003	4.92705995196276308E-003	1.77367060809916432E-003	4.37790073738014100E-003	2.18717017579714811E-003	-1	2.19073056158299289E-003	-1	OK
67.250000000000000	1.08363498461512067E-002	6.55922818526460949E-003	4.82042908617600404E-003	1.73879909908860415E-003	4.27712166088659810E-003	2.13619988473495726E-003	-1	2.14092177615164084E-003	-1	OK
67.500000000000000	1.06001110605679020E-002	6.42113472575443420E-003	4.71642963753449856E-003	1.70470508821993563E-003	4.17897633481346779E-003	2.08657115756072809E-003	-1	2.09240517725273970E-003	-1	OK
67.750000000000000	1.03670625325958683E-002	6.28635814438852948E-003	4.61498851110206214E-003	1.67136963328646756E-003	4.08070438820733877E-003	2.03824875505327283E-003	-1	2.04245563315406595E-003	-1	OK
68.000000000000000	1.01424597791414522E-002	6.15480827568541406E-003	4.51603466144244806E-003	1.63877361424296709E-003	3.98765150345603819E-003	1.99119423720284933E-003	-1	1.99645726625318886E-003	-1	OK
68.250000000000000	9.92339980446768112E-003	6.02639755661019995E-003	4.41949925366689079E-003	1.60689830294331024E-003	3.89700224785748074E-003	1.94536952268943813E-003	-1	1.95163272516804260E-003	-1	OK
68.500000000000000	9.70972999204720161E-003	5.90104080294734119E-003	4.32531560464904149E-003	1.57572519829829948E-003	3.80868918909985955E-003	1.90073915814721411E-003	-1	1.90795003095264545E-003	-1	OK
68.750000000000000	9.50130080490786330E-003	5.77865613958354011E-003	4.23341927015469764E-003	1.54523686942884203E-003	3.72264466532432363E-003	1.85726786107892595E-003	-1	1.86537680424539768E-003	-1	OK
69.000000000000000	9.29796707695574980E-003	5.65916529012252135E-003	4.14374795454713549E-003	1.51541733557538434E-003	3.63880178683322845E-003	1.81492224347789568E-003	-1	1.82387954335533277E-003	-1	OK
69.250000000000000	9.09958707675778342E-003	5.54249145991185174E-003	4.05624102033482880E-003	1.48625043957702143E-003	3.55709561684593254E-003	1.77366739590351574E-003	-1	1.78342822094241680E-003	-1	OK
69.500000000000000	8.90602644152341943E-003	5.42855990376774847E-003	3.97083966364813936E-003	1.45772024011960868E-003	3.47746653775567096E-003	1.73347355354206345E-003	-1	1.74399298421360751E-003	-1	OK
69.750000000000000	8.71715665766214197E-003	5.31729823495736935E-003	3.88748687973502561E-003	1.42981135522234309E-003	3.39985842270477305E-003	1.69431315508268457E-003	-1	1.70554526762208849E-003	-1	OK
70.000000000000000	8.53231231593200128E-003	5.20863579253789521E-003	3.80612726223146557E-003	1.40250853030643029E-003	3.32367652339410650E-003	1.65616284483388154E-003	-1	1.66751367856022496E-003	-1	OK
70.250000000000000	8.35245225270022859E-003	5.10250377961517319E-003	3.72670705905932742E-003	1.37579672055584642E-003	3.24994847308505454E-003	1.61897980269743911E-003	-1	1.63096867038761543E-003	-1	OK
70.500000000000000	8.17690847772360209E-003	4.99883529973066138E-003	3.64917414142702052E-003	1.34966115830364042E-003	3.17807317799294027E-003	1.58273984202667354E-003	-1	1.59533333596626674E-003	-1	OK
70.750000000000000	8.00556580643102533E-003	4.89756620217529724E-003	3.57347811007118757E-003	1.32408809210410967E-003	3.10799960425572723E-003	1.54741586695220524E-003	-1	1.56058373730352199E-003	-1	OK
71.000000000000000	7.83831235321531122E-003	4.79863472808451322E-003	3.49957012027437208E-003	1.29906460781013962E-003	3.03967762513079887E-003	1.51298412937913760E-003	-1	1.52669349575166127E-003	-1	OK
71.250000000000000	7.67503742767221882E-003	4.70198005360831107E-003	3.42740258525480596E-003	1.27457746835350446E-003	2.97305737406390776E-003	1.47941952684595970E-003	-1	1.49363784721794806E-003	-1	OK
71.500000000000000	7.51563390073707940E-003	4.60754247000031130E-003	3.35692922744961798E-003	1.25061324255069288E-003	2.90809143073676854E-003	1.44669747290136264E-003	-1	1.46139395783540589E-003	-1	OK
71.750000000000000	7.36000254188285546E-003	4.51526459199088834E-003	3.28810528822390345E-003	1.22715930376698424E-003	2.84473794989196756E-003	1.41479428297351987E-003	-1	1.42994366691844769E-003	-1	OK
72.000000000000000	7.20804620930829733E-003	4.42509136526900854E-003	3.22088745163909935E-003	1.20420391362990897E-003	2.78295484403928879E-003	1.38368688702656013E-003	-1	1.39926795701272866E-003	-1	OK
72.250000000000000	7.05966044457868869E-003	4.33696852501858944E-003	3.15523350483216079E-003	1.18173502018642886E-003	2.72269191956009968E-003	1.35335488025863353E-003	-1	1.36933703930146615E-003	-1	OK
72.500000000000000	6.91475140075075486E-003	4.25084424312518420E-003	3.09110264188829434E-003	1.15974160123689051E-003	2.66390715762557066E-003	1.32377998946700049E-003	-1	1.34012716815857017E-003	-1	OK
72.750000000000000	6.77322723675962725E-003	4.16666742321796912E-003	3.02845505163374176E-003	1.13821237158422714E-003	2.60655981354165770E-003	1.29494074842849785E-003	-1	1.31161906511315985E-003	-1	OK
73.000000000000000	6.63463239357233673E-003	4.08438803648290567E-003	2.96725202162255106E-003	1.11713601486035461E-003	2.55024435708943106E-003	1.26681238874261186E-003	-1	1.28343196834681920E-003	-1	OK
73.250000000000000	6.49961849108104429E-003	4.00395786979236990E-003	2.90745606613977822E-003	1.09650180365259212E-003	2.49566062128867439E-003	1.23937563233311211E-003	-1	1.25628498895556228E-003	-1	OK
73.500000000000000	6.36772910144256174E-003	3.92532995498562701E-003	2.84903076317765194E-003	1.07629919180797571E-003	2.44239914645693517E-003	1.21261104319606927E-003	-1	1.22978810326086589E-003	-1	OK
73.750000000000000	6.23888229397375794E-003	3.84845887806621947E-003	2.79194078871748816E-003	1.05651808934873088E-003	2.39042341590753804E-003	1.18650068010706317E-003	-1	1.20392273580047487E-003	-1	OK
74.000000000000000	6.11299774296497709E-003	3.77330075009469669E-003	2.73615185733398032E-003	1.03714889276071594E-003	2.33969699287028040E-003	1.16103488089239421E-003	-1	1.17866211197788619E-003	-1	OK
74.250000000000000	5.99000113003414665E-003	3.69981257984384505E-003	2.68163060096172435E-003	1.01818197888212071E-003	2.29018855019030116E-003	1.13619118576238024E-003	-1	1.15399736442792092E-003	-1	OK
74.500000000000000	5.86981880470707242E-003	3.62795224881663552E-003	2.62834455480321066E-003	9.99607694013425517E-004	2.24186655589043689E-003	1.11194884255840865E-003	-1	1.12991771333202824E-003	-1	OK
74.750000000000000	5.75237827438156331E-003	3.55767944306580562E-003	2.57626232671979592E-003	9.81417116346010570E-004	2.19469883131575725E-003	1.08829109157954789E-003	-1	1.10640773973620936E-003	-1	OK
75.000000000000000	5.63761078630065603E-003	3.48895478390606924E-003	2.52535333499096133E-003	9.63601448915108990E-004	2.14865600239458679E-003	1.06520236582934046E-003	-1	1.08345363656524632E-003	-1	OK
75.250000000000000	5.52544671370106162E-003	3.42173968041025334E-003	2.47558781549441853E-003	9.46151864915834918E-004	2.10370703329080828E-003	1.04266763071697252E-003	-1	1.06103940257383576E-003	-1	OK
75.500000000000000	5.41581947909522236E-003	3.35599699177471528E-003	2.42693691311820928E-003	9.29060078656506003E-004	2.05982248732050708E-003	1.02067203217712644E-003	-1	1.03915045514338064E-003	-1	OK
75.750000000000000	5.30866398648036000E-003	3.29169033928031251E-003	2.37937252722106611E-003	9.12317812059247157E-004	2.01697364720004749E-003	9.96815466091597029E-004	-1	1.02015818110845046E-003	-1	OK
76.000000000000000	5.20391713327657181E-003	3.22878425055011988E-003	2.33286734758677812E-003	8.95916902963340999E-004	1.97513288272645193E-003	9.75905126542278068E-004	-1	9.99227756184173973E-004	-1	OK
76.250000000000000	5.10118322039436987E-003	3.16724446647822589E-003	2.28739486728263665E-003	8.79849599195589344E-004	1.93393875391614420E-003	9.55490648750882145E-004	-1	9.78448105165262167E-004	-1	OK
76.500000000000000	5.00108302994880204E-003	3.10703752284375526E-003	2.24292930079573755E-003	8.64108222048018361E-004	1.89404550710504721E-003	9.35558721982954720E-004	-1	9.58486785122092486E-004	-1	OK
76.750000000000000	4.90339042739065204E-003	3.04813075761541704E-003	2.19944555254435528E-003	8.48685205071061000E-004	1.85525966977523500E-003	9.16096842093475387E-004	-1	9.39162827681759614E-004	-1	OK
77.000000000000000	4.80766833808290127E-003	2.99049280775269153E-003	2.15691932240721527E-003	8.33573485345476695E-004	1.81717553033020930E-003	8.97092606718656051E-004	-1	9.20082923611553250E-004	-1	OK
77.250000000000000	4.71409781962146140E-003	2.93409313461820550E-003	2.11532694318661285E-003	8.18766191431592326E-004	1.78000468500325634E-003	8.78533974121905995E-004	-1	9.01470710881350341E-004	-1	OK
77.500000000000000	4.62259500427940687E-003	2.87890165894083821E-003	2.07464535472289598E-003	8.04256304217942117E-004	1.74369334533856887E-003	8.60409254050417552E-004	-1	8.83284091288151323E-004	-1	OK
77.750000000000000	4.53310831106757371E-003	2.82488962476294464E-003	2.03485221160402355E-003	7.90037413158921949E-004	1.70821868630462908E-003	8.42706950653468847E-004	-1	8.65511735651160229E-004	-1	OK
78.000000000000000	4.44558871094881750E-003	2.77202850687120576E-003	1.99592566364783543E-003	7.76102843223370554E-004	1.67356020407761217E-003	8.25414954947794894E-004	-1	8.48145249129817272E-004	-1	OK
78.250000000000000	4.35998757815792958E-003	2.72029049654152382E-003	1.95784445830554567E-003	7.62446038235978143E-004	1.63969708161640555E-003	8.08523544274792889E-004	-1	8.31173537341612658E-004	-1	OK
78.500000000000000	4.27625765308970417E-003	2.66964889890641171E-003	1.92058802133437479E-003	7.49060877572036809E-004	1.60660875418329203E-003	7.92022050745746012E-004	-1	8.14586703437546016E-004	-1	OK
78.750000000000000	4.19407259165830749E-003	2.62007757071389168E-003	1.88413629914386030E-003	7.35941271570030617E-004	1.57399502094441625E-003	7.75901714874467738E-004	-1	7.98093306069948510E-004	-1	OK
79.000000000000000	4.11395263629668433E-003	2.57155130919782234E-003	1.84846981058651083E-003	7.23081498611312054E-004	1.54240132709886220E-003	7.60152034377872452E-004	-1	7.82249292720989752E-004	-1	OK
79.250000000000000	4.03556571235827791E-003	2.52404552807469979E-003	1.81356958223089057E-003	7.10475945843809867E-004	1.51152018428357812E-003	7.44763252778358749E-004	-1	7.66756931505219370E-004	-1	OK
79.500000000000000	3.95887224891359590E-003	2.47753590204866266E-003	1.77941707725003920E-003	6.98118824798624215E-004	1.48133634686493324E-003	7.29726316826698434E-004	-1	7.51610030038234807E-004	-1	OK
79.750000000000000	3.88383253763769937E-003	2.43199870653597414E-003	1.74599427866764371E-003	6.86004427868330867E-004	1.45183383110172501E-003	7.15032237406042952E-004	-1	7.36801593695682062E-004	-1	OK
80.000000000000000	3.81040671199952066E-003	2.38741140203761401E-003	1.71328375946069324E-003	6.74127642576920227E-004	1.42299530996190665E-003	7.00672283490255850E-004	-1	7.22323026471650802E-004	-1	OK
80.250000000000000	3.73855688837391271E-003	2.34375186698694647E-003	1.68126850067365236E-003	6.62483366313294320E-004	1.39480502138696625E-003	6.86637888832887099E-004	-1	7.08167132554079148E-004	-1	OK
80.500000000000000	3.66824490938197096E-003	2.30099847592521705E-003	1.64993190672796212E-003	6.51066569197254817E-004	1.36724643345675413E-003	6.72920653168185799E-004	-1	6.94325780288568327E-004	-1	OK
80.750000000000000	3.59943322545376761E-003	2.25912998715090216E-003	1.61925780206978042E-003	6.39872185081121099E-004	1.34030323830286566E-003	6.59512806162886782E-004	-1	6.80790432139978877E-004	-1	OK
81.000000000000000	3.53208611931860733E-003	2.21812593116019717E-003	1.58923048100278151E-003	6.28895450157415225E-004	1.31396018815841038E-003	6.46406549275032770E-004	-1	6.67553638883377608E-004	-1	OK
81.250000000000000	3.46609463873678988E-003	2.17796608206243967E-003	1.55983460984019306E-003	6.18131472222247262E-004	1.28812855667435021E-003	6.33594303720294593E-004	-1	6.54534252954055615E-004	-1	OK
81.500000000000000	3.40157885519996352E-003	2.13863095444977386E-003	1.53105529241530911E-003	6.07575662034465290E-004	1.26294790075018944E-003	6.21068733239866621E-004	-1	6.41879167510322817E-004	-1	OK
81.750000000000000	3.33842478382260317E-003	2.10010157403614072E-003	1.50287802922151521E-003	5.97223544814625405E-004	1.23832320978646245E-003	6.08822681695235816E-004	-1	6.29500528091226632E-004	-1	OK
82.000000000000000	3.27660005904784665E-003	2.06235947482925506E-003	1.47528869982902844E-003	5.87070775000226837E-004	1.21424058421859137E-003	5.96849018108847528E-004	-1	6.17391566109743838E-004	-1	OK
82.250000000000000	3.21607406794044426E-003	2.02538651416592132E-003	1.44827353827473851E-003	5.77112975891183252E-004	1.19068755377452293E-003	5.85141009422245387E-004	-1	6.05546544352277547E-004	-1	OK
82.500000000000000	3.15681628166600541E-003	1.98916546587302092E-003	1.42181921824766403E-003	5.67346247625356999E-004	1.16765081579298428E-003	5.73692196398685288E-004	-1	5.93958619394298988E-004	-1	OK
82.750000000000000	3.09879779846247098E-003	1.95367930209846196E-003	1.39591268601543220E-003	5.57766616083029657E-004	1.14511849636400901E-003	5.62496172826460394E-004	-1	5.82622323537548619E-004	-1	OK
83.000000000000000	3.04177738563440447E-003	1.91891116979915101E-003	1.37054117809673384E-003	5.48369991702417174E-004	1.12286621583525324E-003	5.51546702333910303E-004	-1	5.71319513501342938E-004	-1	OK
83.250000000000000	2.98615621769970268E-003	1.88484459592491173E-003	1.34569225334242788E-003	5.39152342582483639E-004	1.10131162177479094E-003	5.40837607236906658E-004	-1	5.60474014537884284E-004	-1	OK
83.500000000000000	2.93152851323600066E-003	1.85146361491086466E-003	1.32135381704502077E-003	5.30109797865843994E-004	1.08006489832513579E-003	5.30361504245925315E-004	-1	5.49703394079210472E-004	-1	OK
83.750000000000000	2.87818700636123092E-003	1.81875271957990031E-003	1.29751409052368625E-003	5.21238629056214060E-004	1.05943428678133039E-003	5.20114603078698757E-004	-1	5.39319683702631637E-004	-1	OK
84.000000000000000	2.82545507660438011E-003	1.78669685404960485E-003	1.27416161552191859E-003	5.12535238527686370E-004	1.03875822255477526E-003	5.10091578749786979E-004	-1	5.28666643804988280E-004	-1	OK
84.250000000000000	2.77429741956642870E-003	1.75528122918485255E-003	1.25128519900147544E-003	5.03996030183377110E-004	1.01901619038157615E-003	5.00286378112221397E-004	-1	5.18729812269354751E-004	-1	OK
84.500000000000000	2.72366151544875448E-003	1.72449135204928283E-003	1.22887392437078251E-003	4.95617427678500533E-004	9.99170163399471650E-004	4.90693718979118374E-004	-1	5.08476444420353276E-004	-1	OK
84.750000000000000	2.67458924663513788E-003	1.69431320326225861E-003	1.20691718251580201E-003	4.87396020746456765E-004	9.80276043372879267E-004	4.81308461436266916E-004	-1	4.98967581936612297E-004	-1	OK
85.000000000000000	2.62652063760100522E-003	1.66473315975377298E-003	1.18540464235031544E-003	4.79328517403457646E-004	9.61787477847232458E-004	4.72125600279713520E-004	-1	4.89661877567518938E-004	-1	OK
85.250000000000000	2.57943053328770627E-003	1.63573791217407971E-003	1.16432623871876592E-003	4.71411673455313302E-004	9.43692621113626558E-004	4.63140349206634706E-004	-1	4.80552271906991852E-004	-1	OK
85.500000000000000	2.53272526174997542E-003	1.60731459090274653E-003	1.14367217961672415E-003	4.63642411286022170E-004	9.25410670847228779E-004	4.54347910897532823E-004	-1	4.71062759949695956E-004	-1	OK
85.750000000000000	2.48753628156547172E-003	1.57945070123492455E-003	1.12343291693458593E-003	4.56017784300338292E-004	9.08085580330547388E-004	4.45743644372655838E-004	-1	4.62341935957891550E-004	-1	OK
86.000000000000000	2.44325159997521059E-003	1.55213394461340272E-003	1.10359911940805053E-003	4.48534825205352508E-004	8.91117655361807980E-004	4.37323231322948956E-004	-1	4.53794424038859025E-004	-1	OK
86.250000000000000	2.39986862617768250E-003	1.52535225878907155E-003	1.08416166431159981E-003	4.41190594477471640E-004	8.74516367388611057E-004	4.29082134157057597E-004	-1	4.45434233231553460E-004	-1	OK
86.500000000000000	2.35735853559802724E-003	1.49909381495195396E-003	1.06511165604208013E-003	4.33982158909873832E-004	8.58264720646073165E-004	4.21016091125620744E-004	-1	4.37248629520452421E-004	-1	OK
86.750000000000000	2.31570031270196455E-003	1.47334713200506450E-003	1.04644042507910369E-003	4.26906706925960812E-004	8.42353180696900046E-004	4.13120956587380219E-004	-1	4.29232224109519828E-004	-1	OK
87.000000000000000	2.27487545491576650E-003	1.44810095938862444E-003	1.02813951588539925E-003	4.19961443503225410E-004	8.26774495527142278E-004	4.05391968038562893E-004	-1	4.21382527488579385E-004	-1	OK
87.250000000000000	2.23486524674139028E-003	1.42334436179450711E-003	1.01020068052829729E-003	4.13143681266209338E-004	8.11520884946883387E-004	3.97824951090672220E-004	-1	4.13695933856211167E-004	-1	OK
87.500000000000000	2.19564956714624841E-003	1.39906659307382987E-003	9.92615866898070983E-004	4.06450726175759214E-004	7.96582974072418642E-004	3.90416938237619741E-004	-1	4.06166035834798901E-004	-1	OK
87.750000000000000	2.15721694116070492E-003	1.37525721669016403E-003	9.75377237145881961E-004	3.99879979544281799E-004	7.81959724470540998E-004	3.83164369564491225E-004	-1	3.98795354906049772E-004	-1	OK
88.000000000000000	2.11954570955086644E-003	1.35190604349124483E-003	9.58477148309160639E-004	3.93428895182084196E-004	7.67639666059621818E-004	3.76063607859586390E-004	-1	3.91576058200035428E-004	-1	OK
88.250000000000000	2.08261850584252027E-003	1.32900323120637028E-003	9.41908168912750305E-004	3.87095062293619867E-004	7.53615274636150099E-004	3.69111110225428052E-004	-1	3.84504164410722046E-004	-1	OK
88.500000000000000	2.04641876845684150E-003	1.30653923065142700E-003	9.25663058990789105E-004	3.80876171660637897E-004	7.39879537805414604E-004	3.62303427273578406E-004	-1	3.77576110531836198E-004	-1	OK
88.750000000000000	2.01086039705263963E-003	1.28450468770963566E-003	9.09734743302584347E-004	3.74769944407051371E-004	7.26355709343004074E-004	3.55637222739122946E-004	-1	3.70718486603881128E-004	-1	OK
89.000000000000000	1.97607172399547493E-003	1.26289033170622110E-003	8.94116288950318888E-004	3.68774042755902378E-004	7.13181392289253722E-004	3.49109221417323937E-004	-1	3.64072170871929785E-004	-1	OK
89.250000000000000	1.94196394782926267E-003	1.24168725971265828E-003	8.78800963495940911E-004	3.62886296216717369E-004	7.00276688116604389E-004	3.42716191761877661E-004	-1	3.57560496354726728E-004	-1	OK
89.500000000000000	1.90852192769625862E-003	1.22088672754229314E-003	8.63782179303460972E-004	3.57104548238831897E-004	6.87635200153965368E-004	3.36455022693844244E-004	-1	3.51180177460121124E-004	-1	OK
89.750000000000000	1.87573120693837470E-003	1.20048024443034258E-003	8.49053519461298307E-004	3.51426724969044330E-004	6.75250962508032113E-004	3.30322653528947023E-004	-1	3.44928308979085090E-004	-1	OK
90.000000000000000	1.84357823029220567E-003	1.18045940271184827E-003	8.34608694372891463E-004	3.45850708338956965E-004	6.63118827580357517E-004	3.24316150653257721E-004	-1	3.38802676927099796E-004	-1	OK
90.250000000000000	1.81204849248755824E-003	1.16081596542198426E-003	8.20441563873443693E-004	3.40374401548540354E-004	6.51232527065573981E-004	3.18432631873797538E-004	-1	3.32799895191776443E-004	-1	OK
90.500000000000000	1.78112836748814353E-003	1.14154198582510887E-003	8.06546148302244182E-004	3.34995837522864199E-004	6.39586381663034549E-004	3.12669287592327568E-004	-1	3.26917094070706981E-004	-1	OK
90.750000000000000	1.75080459144329485E-003	1.12262962038000473E-003	7.92916598629913932E-004	3.29713021750091073E-004	6.28174971063290115E-004	3.07022533806954913E-004	-1	3.21152437256335202E-004	-1	OK
91.000000000000000	1.72106431763117268E-003	1.10407121232130234E-003	7.79547202867634918E-004	3.24524009453667584E-004	6.16993105309870450E-004	3.01490193540062735E-004	-1	3.15502911769807715E-004	-1	OK
91.250000000000000	1.69189484183085177E-003	1.08585923639284605E-003	7.66432396702589774E-004	3.19426839690256442E-004	6.06035605438005605E-004	2.96069733346888790E-004	-1	3.09965872091116815E-004	-1	OK
91.500000000000000	1.66328387950688962E-003	1.06798661740172799E-003	7.53566790394491286E-004	3.14419827007236428E-004	5.95297262105161634E-004	2.90758554968742684E-004	-1	3.04538707136418950E-004	-1	OK
91.750000000000000	1.63521974452704270E-003	1.05044627892743499E-003	7.40945089774108410E-004	3.09501189153326686E-004	5.84773465599607825E-004	2.85554745699703738E-004	-1	2.99218719899904087E-004	-1	OK
92.000000000000000	1.60769074986488736E-003	1.03323142738277968E-003	7.28562142861620518E-004	3.04669284521158837E-004	5.74459322482107787E-004	2.80455958559767786E-004	-1	2.94003363922340001E-004	-1	OK
92.250000000000000	1.58068453597800022E-003	1.01633527676056319E-003	7.16412886024771060E-004	2.99922390735792455E-004	5.64349259217437026E-004	2.75460039838064483E-004	-1	2.88889219379372543E-004	-1	OK
92.500000000000000	1.55419082627461643E-003	9.99751146395635743E-004	7.04492373802359539E-004	2.95258772593276204E-004	5.54439679878980800E-004	2.70564617253716449E-004	-1	2.83875062625264351E-004	-1	OK
92.750000000000000	1.52819848852564976E-003	9.83472615967448480E-004	6.92795798024811445E-004	2.90676817942637469E-004	5.44725872558201284E-004	2.65767616847979683E-004	-1	2.78958255710221601E-004	-1	OK
93.000000000000000	1.50269642246908487E-003	9.67493382470885083E-004	6.81318453456077793E-004	2.86174929014807020E-004	5.35203039998199677E-004	2.61066329948910706E-004	-1	2.74136710049288970E-004	-1	OK
93.250000000000000	1.47767521108265409E-003	9.51807404797243295E-004	6.70055762878830116E-004	2.81751641918413179E-004	5.25867806285410791E-004	2.56458346280027103E-004	-1	2.69409460005383687E-004	-1	OK
93.500000000000000	1.45312473826711246E-003	9.36408626940900789E-004	6.59003221409312670E-004	2.77405405531588010E-004	5.16716111326211559E-004	2.51941708520018310E-004	-1	2.64774402806193250E-004	-1	OK
93.750000000000000	1.42903489034686831E-003	9.21291074529390118E-004	6.48156422699926811E-004	2.73134651829463199E-004	5.07743815817478196E-004	2.47514548327162974E-004	-1	2.60229267490315222E-004	-1	OK
94.000000000000000	1.40539597082624734E-003	9.06448937080434969E-004	6.37511072294868011E-004	2.68937864785566741E-004	4.98947033745812478E-004	2.43173902892588180E-004	-1	2.55773130853224299E-004	-1	OK
94.250000000000000	1.38219858183947597E-003	8.91876660796647866E-004	6.27063004642054722E-004	2.64813656154593360E-004	4.90321921042828103E-004	2.38918840646923239E-004	-1	2.51403080395904864E-004	-1	OK
94.500000000000000	1.35943349750487124E-003	8.77568810457753546E-004	6.16808135583121601E-004	2.60760674874632053E-004	4.81864687047117745E-004	2.34747507091361517E-004	-1	2.47117179955756228E-004	-1	OK
94.750000000000000	1.33709170941726831E-003	8.63520010369389700E-004	6.06742469973638198E-004	2.56777540395751284E-004	4.73571699047878499E-004	2.30658347525200796E-004	-1	2.42913351522677703E-004	-1	OK
95.000000000000000	1.31516437080473583E-003	8.49725016614451528E-004	5.96862106349841455E-004	2.52862910264609964E-004	4.65439354190284307E-004	2.26650048277872348E-004	-1	2.38789305912411959E-004	-1	OK
95.250000000000000	1.29364288773063619E-003	8.36178711004436780E-004	5.87163231211424276E-004	2.49015479793012449E-004	4.57464176726199358E-004	2.22720013093838468E-004	-1	2.34744163632360890E-004	-1	OK
95.500000000000000	1.27251897830122675E-003	8.22876132162964871E-004	5.77642129825176715E-004	2.45234002337787994E-004	4.49642846138261767E-004	2.18866633327379813E-004	-1	2.30776212810881955E-004	-1	OK
95.750000000000000	1.25178425166032141E-003	8.09812388651626755E-004	5.68295157947144316E-004	2.41517230704482413E-004	4.41971863008694713E-004	2.15088205089301605E-004	-1	2.26883657919393108E-004	-1	OK
96.000000000000000	1.23143037273033070E-003	7.96982663463359888E-004	5.59118746655546794E-004	2.37863916807813175E-004	4.34447709266970754E-004	2.11383087143584739E-004	-1	2.23064622123386014E-004	-1	OK
96.250000000000000	1.21144964764236559E-003	7.84382209330363508E-004	5.50109403890456793E-004	2.34272805439906607E-004	4.27067438312002032E-004	2.07749699967261608E-004	-1	2.19317738344740424E-004	-1	OK
96.500000000000000	1.19183440897033949E-003	7.72006407204323098E-004	5.41263721917950276E-004	2.30742685286373201E-004	4.19828001766016281E-004	2.04186510516237926E-004	-1	2.15641491249778355E-004	-1	OK
96.750000000000000	1.17257740905281848E-003	7.59850737964612227E-004	5.32578367587668443E-004	2.27272370376943811E-004	4.12726671088206305E-004	2.00557197118123390E-004	-1	2.12169473970082916E-004	-1	OK
97.000000000000000	1.15367141618574580E-003	7.47910876563059619E-004	5.24050104773399238E-004	2.23860771789660462E-004	4.05760539622686289E-004	1.97131974735150444E-004	-1	2.08628564887535845E-004	-1	OK
97.250000000000000	1.13510928998482395E-003	7.36182569556521568E-004	5.15675762197909983E-004	2.20506807358611856E-004	3.98926720428302269E-004	1.93772489822209039E-004	-1	2.05154230606093230E-004	-1	OK
97.500000000000000	1.11688399148092790E-003	7.24661592556591176E-004	5.07452225216772131E-004	2.17209367339818882E-004	3.92222398924336774E-004	1.90476904145242613E-004	-1	2.01745494779094161E-004	-1	OK
97.750000000000000	1.09898867404237158E-003	7.13343804648670031E-004	4.99376457486524735E-004	2.13967347162145568E-004	3.85644869393701490E-004	1.87244430182416691E-004	-1	1.98400439211284798E-004	-1	OK
98.000000000000000	1.08141656097576191E-003	7.02225277952330104E-004	4.91445508959744651E-004	2.10779768992585208E-004	3.79191283023431753E-004	1.84073770438050852E-004	-1	1.95117512585380902E-004	-1	OK
98.250000000000000	1.06397152691640345E-003	6.91302100145330047E-004	4.83656477845784594E-004	2.07645622299545561E-004	3.72669426771073348E-004	1.80963237507699267E-004	-1	1.91706189263374081E-004	-1	OK
98.500000000000000	1.04702976327711913E-003	6.80570453635078853E-004	4.76006528475684881E-004	2.04563925159394081E-004	3.66459309642040167E-004	1.77911683700305190E-004	-1	1.88547625941734977E-004	-1	OK
98.750000000000000	1.03039220673312106E-003	6.70026593297002129E-004	4.68492888149046535E-004	2.01533705147955458E-004	3.60365613436118928E-004	1.74917941746652929E-004	-1	1.85447671689465999E-004	-1	OK
99.000000000000000	1.01405277889750041E-003	6.59666857783563956E-004	4.61112842463655274E-004	1.98554015319908682E-004	3.54385921113936565E-004	1.71980793587810907E-004	-1	1.82405127526125659E-004	-1	OK
99.250000000000000	9.98005465777502664E-004	6.49487625737957350E-004	4.53863731672068732E-004	1.95623894065888700E-004	3.48517840039545260E-004	1.69099064766413615E-004	-1	1.79418775273131644E-004	-1	OK
99.500000000000000	9.82244247849371407E-004	6.39485410891124477E-004	4.46742961576936104E-004	1.92742449314188265E-004	3.42758836958246930E-004	1.66271399270485415E-004	-1	1.76487437687761515E-004	-1	OK
99.750000000000000	9.66763550754727347E-004	6.29656732713819878E-004	4.39747979961207494E-004	1.89908752752612303E-004	3.37106818040907468E-004	1.63496813225001453E-004	-1	1.73610004815906015E-004	-1	OK
100.00000000000000	9.51557784768794338E-004	6.19998167476274245E-004	4.32876289898778709E-004	1.87121877577495590E-004	3.31559617292520093E-004	1.60774188651953057E-004	-1	1.70785428640567036E-004	-1	OK
