#pt	totcs	totdirect	directLO	directNLO	totfrag	fragLO	err_fragLO	fragNLO	err_fragNLO	errmess
0.50000000000000000	88104106.750047892	-98348762.916933239	28488764.446224101	-126837527.36315738	186452869.66698113	138058058.18704009	-1	48394811.479941040	-1	Error
0.75000000000000000	23768150.250627473	-16686311.658832872	7819794.1934374934	-24506105.852270361	40454461.909460343	27205840.170095146	-1	13248621.739365198	-1	Error
1.0000000000000000	8008275.6755099697	-4176451.7358850101	2773511.2459768252	-6949962.9818618335	12184727.411394980	7935975.0619869148	-1	4248752.3494080650	-1	Error
1.2500000000000000	3277377.0176020861	-1325681.9821454424	1180948.6219201582	-2506630.6040656008	4603058.9997475287	2975780.9601731203	-1	1627278.0395744084	-1	Error
1.5000000000000000	1564518.4513770666	-490555.94563275785	571954.73389671138	-1062510.6795294692	2055074.3970098244	1300295.8733482154	-1	754778.52366160904	-1	Error
1.7500000000000000	823758.27697833022	-201112.43709486903	304664.67531710811	-505777.11241197697	1024870.7140731992	639108.46265155543	-1	385762.25142164377	-1	Error
2.0000000000000000	465859.02167097805	-88212.268133381382	174521.22434227203	-262733.49247565342	554071.28980435943	343732.66441402648	-1	210338.62539033295	-1	Error
2.2500000000000000	281611.19901141874	-40221.239141933358	105893.10948926858	-146114.34863120195	321832.43815335206	197730.30814813182	-1	124102.13000522024	-1	Error
2.5000000000000000	178302.95799845475	-18515.515819622146	67313.605511788235	-85829.121331410352	196818.47381807689	119967.41142745144	-1	76851.062390625448	-1	Error
2.7500000000000000	117538.70733743467	-8266.7102078921525	44465.314218377935	-52732.024426270109	125805.41754532681	76063.796727870314	-1	49741.620817456496	-1	Error
3.0000000000000000	79932.251824561710	-3298.3691511361030	30337.102794341165	-33635.471945477271	83230.620975697806	49977.697973887181	-1	33252.923001810625	-1	Error
3.2500000000000000	55949.020099063273	-870.93026490872944	21276.230838316267	-22147.161103224993	56819.950363971999	33868.568108026760	-1	22951.382255945238	-1	Error
3.5000000000000000	40106.352504204624	294.23665517631161	15280.157032088577	-14985.920376912269	39812.115849028312	23567.843832254854	-1	16244.272016773459	-1	Error
3.7500000000000000	29362.117760366229	820.06745395825965	11203.238575221883	-10383.171121263624	28542.050306407971	16783.397291496960	-1	11758.653014911011	-1	Error
4.0000000000000000	21894.481896947429	1019.9724494845195	8364.8241267370486	-7344.8516772525309	20874.509447462911	12197.641159165480	-1	8676.8682882974317	-1	OK
4.2500000000000000	16586.290744064634	1055.4270585551512	6347.0432855089293	-5291.6162269537799	15530.863685509483	9027.2011536987629	-1	6503.6625318107199	-1	OK
4.5000000000000000	12753.584600079026	1011.0065401240654	4885.8614127355931	-3874.8548726115241	11742.578059954960	6788.1206715498720	-1	4954.4573884050878	-1	OK
4.7500000000000000	9953.1931544582076	931.04296332676040	3810.0260636401845	-2878.9831003134241	9022.1501911314481	5174.4701819993688	-1	3847.6800091320792	-1	OK
5.0000000000000000	7851.0420522835921	838.74751895308282	3005.9833842647986	-2167.2358653117162	7012.2945333305097	3999.0197738837319	-1	3013.2747594467778	-1	OK
5.2500000000000000	6257.6967740968212	746.02467699296221	2396.8912666018109	-1650.8665896088496	5511.6720971038594	3126.8989671509244	-1	2384.7731299529351	-1	OK
5.5000000000000000	5036.2542818857783	658.65830173941231	1929.7769544758057	-1271.1186527363934	4377.5959801463659	2471.0218107926557	-1	1906.5741693537102	-1	OK
5.7500000000000000	4089.2360771927083	579.14053734670415	1567.5054317569763	-988.36489441027175	3510.0955398460042	1971.3149506089330	-1	1538.7805892370711	-1	OK
6.0000000000000000	3347.0991290572724	508.20822720411070	1283.6415024089299	-775.43327520481944	2838.8909018531617	1586.6630339536046	-1	1252.2278678995572	-1	OK
6.2500000000000000	2759.8770676861786	445.69281857864894	1059.1007419960754	-613.40792341742645	2314.1842491075295	1287.6035879151568	-1	1026.5806611923726	-1	OK
6.5000000000000000	2291.2250534961713	390.99601145245674	879.92727063146651	-488.93125917900994	1900.2290420437148	1052.9870763711260	-1	847.24196567258878	-1	OK
6.7500000000000000	1914.3709958897048	343.34581369394198	735.79220508340393	-392.44639138946172	1571.0251821957629	867.20976858695656	-1	703.81541360880635	-1	OK
7.0000000000000000	1608.9536542395385	301.92444554001543	618.96779824516443	-317.04335270514872	1307.0292086995232	718.91069853688566	-1	588.11851016263756	-1	OK
7.2500000000000000	1359.1036718004748	265.94713894010908	523.61346715509228	-257.66632821498314	1093.1565328603656	599.62327472062998	-1	493.53325813973561	-1	OK
7.5000000000000000	1154.6841490813347	234.69482048587571	445.27247909927354	-210.57765861339786	919.98932859545891	503.00230315167181	-1	416.98702544378710	-1	OK
7.7500000000000000	985.89032109404582	207.52682925569297	380.51390987487690	-172.98708061918416	778.36349183835284	424.20108004465379	-1	354.16241179369905	-1	OK
8.0000000000000000	845.67988139754721	183.88078328334865	326.67449438251202	-142.79371109916352	661.79909811419850	359.53886547897463	-1	302.26023263522387	-1	OK
8.2500000000000000	728.55650824322322	163.26922768790462	281.67092747728441	-118.40169978937979	565.28728055531860	306.34571509647230	-1	258.94156545884630	-1	OK
8.5000000000000000	630.23783268631189	145.27185015777420	243.86149466974888	-98.589644511974626	484.96598252853772	262.06742435855335	-1	222.89855816998437	-1	OK
8.7500000000000000	547.29132912198997	129.52795022239499	211.94358581206814	-82.415635589673158	417.76337889959495	225.12543864138792	-1	192.63794025820704	-1	OK
9.0000000000000000	476.96715216463997	115.72845872876073	184.87687214491444	-69.148413416153701	361.23869343587927	194.16275834956076	-1	167.07593508631851	-1	OK
9.2500000000000000	417.11401696049506	103.60900191682177	161.82545329635025	-58.216451379528444	313.50501504367332	168.09291159472795	-1	145.41210344894537	-1	OK
9.5000000000000000	365.80946727741753	92.943456740138288	142.11378087681095	-49.170324136672612	272.86601053727924	146.04281574098343	-1	126.82319479629581	-1	OK
9.7500000000000000	321.96094686925505	83.538121462884362	125.19286133467827	-41.654739871793900	238.42282540637066	127.31565823355440	-1	111.10716717281626	-1	OK
10.000000000000000	284.20883032144917	75.227122254201547	110.61422484335033	-35.387102589148775	208.98170806724764	111.35092167291883	-1	97.630786394328808	-1	OK
10.250000000000000	251.59979480342182	67.868428809084520	98.009790842540724	-30.141362033456208	183.73136599433730	97.694954624942397	-1	86.036411369394898	-1	OK
10.500000000000000	223.33848889782035	61.339759923282983	87.075851495505631	-25.736091572222641	161.99872897453736	85.959566471855297	-1	76.039162502682061	-1	OK
10.750000000000000	198.77113597555871	55.536227787922556	77.560763544236707	-22.024535756314123	143.23490818763614	75.836161693335882	-1	67.398746494300255	-1	OK
11.000000000000000	177.35742555980482	50.367277294153155	69.255296587201684	-18.888019293048526	126.99014826565165	67.085273907371757	-1	59.904874358279898	-1	OK
11.250000000000000	158.60868966310039	45.754871255179580	61.984671393115725	-16.229800137936117	112.85381840792080	59.495298207369117	-1	53.358520200551681	-1	OK
11.500000000000000	142.16074599374733	41.631555790320959	55.602316631016230	-13.970760840695254	100.52919020342637	52.892788425060289	-1	47.636401778366078	-1	OK
11.750000000000000	127.65435699632809	37.938720506624485	49.984799937956680	-12.046079431332204	89.715636489703598	47.133133247712053	-1	42.582503241991546	-1	OK
12.000000000000000	114.90351438555460	34.625684763166319	45.027890985424506	-10.402206222258201	80.277829622388282	42.095596043436814	-1	38.182233578951468	-1	OK
12.250000000000000	103.63277490668511	31.648211332106690	40.643193726820130	-8.9949823947134355	71.984563574578416	37.592337819026277	-1	34.392225755552140	-1	OK
12.500000000000000	93.646203766418495	28.967914260793613	36.755564812423017	-7.7876505516294081	64.678289505624875	33.717266022114195	-1	30.961023483510679	-1	OK
12.750000000000000	84.737366388059954	26.551137864057548	33.300867835950811	-6.7497299718932684	58.186228524002402	30.301745488982199	-1	27.884483035020203	-1	OK
13.000000000000000	76.849627965128320	24.368591110621779	30.224243564710552	-5.8556524540887818	52.481036854506534	27.283380534712911	-1	25.197656319793623	-1	OK
13.250000000000000	69.803254973731129	22.394494927951222	27.478588903035579	-5.0840939750843575	47.408760045779914	24.610738816224771	-1	22.798021229555143	-1	OK
13.500000000000000	63.522493032879012	20.606300220258071	25.023377163027334	-4.4170769427692758	42.916192812620942	22.238913226393237	-1	20.677279586227705	-1	OK
13.750000000000000	57.898580353791246	18.984125463593262	22.823624570336253	-3.8394991067430002	38.914454890197980	20.130449797600274	-1	18.784005092597706	-1	OK
14.000000000000000	52.852556098959425	17.510495485730711	20.849069170794099	-3.3385736850633876	35.342060613228711	18.252101296693773	-1	17.089959316534937	-1	OK
14.250000000000000	48.317130697526231	16.169948077865094	19.073450390316431	-2.9035023124513324	32.147182619661137	16.575487577424077	-1	15.571695042237060	-1	OK
14.500000000000000	44.218065056802416	14.948833461539591	17.473941311824273	-2.5251078502846847	29.269231595262823	15.076192813117181	-1	14.193038782145642	-1	OK
14.750000000000000	40.538796252029449	13.835036255319723	16.030641410024582	-2.1956051547048587	26.703759996709728	13.732888778822877	-1	12.970871217886851	-1	OK
15.000000000000000	37.215540742163384	12.817843040910628	14.726174436787520	-1.9083313958768877	24.397697701252756	12.527619990671406	-1	11.870077710581350	-1	OK
15.250000000000000	34.209496623420861	11.887713888143271	13.545325035357681	-1.6576111472144150	22.321782735277594	11.444106870027833	-1	10.877675865249762	-1	OK
15.500000000000000	31.490595678543492	11.036172935994136	12.474746943844508	-1.4385740078503717	20.454422742549355	10.468456813063733	-1	9.9859659294856211	-1	OK
15.750000000000000	29.005181213535053	10.255665979972067	11.502708023498093	-1.2470420435260268	18.749515233562988	9.5885723070630604	-1	9.1609429264999278	-1	OK
16.000000000000000	26.761156650996494	9.5394466740748740	10.618873596835519	-1.0794269227606472	17.221709976921620	8.7938157565961692	-1	8.4278942203254505	-1	OK
16.250000000000000	24.718522179324943	8.8814877591342167	9.8141225268184158	-0.93263476768420350	15.837034420190726	8.0748376207742663	-1	7.7621967994164596	-1	OK
16.500000000000000	22.857035666422135	8.2763906978891129	9.0803914682338096	-0.80400077034469930	14.580644968533020	7.4234219248077657	-1	7.1572230437252546	-1	OK
16.750000000000000	21.157835443887464	7.7193236005565682	8.4105382558503550	-0.69121465529378623	13.438511843330895	6.8323536461165597	-1	6.6061581972143353	-1	OK
17.000000000000000	19.605230071038214	7.2059413509216323	7.7982241357956807	-0.59228278487405073	12.399288720116582	6.2954676021730940	-1	6.1038211179434878	-1	OK
17.250000000000000	18.184911425101049	6.7323405693559337	7.2378166932022614	-0.50547612384632945	11.452570855745115	5.8071990410691976	-1	5.6453718146759178	-1	OK
17.500000000000000	16.883989256255845	6.2950080178608179	6.7242998482701575	-0.42929183040933816	10.588981238395027	5.3625218759000504	-1	5.2264593624949764	-1	OK
17.750000000000000	15.691341417330332	5.8907758890427733	6.2531966173186939	-0.36242072827592070	9.8005655282875583	4.9569674323060458	-1	4.8435980959815126	-1	OK
18.000000000000000	14.591294130690670	5.5167810833990227	5.8205111493823543	-0.30373006598333174	9.0745130472916475	4.5866188156136785	-1	4.4878942316779691	-1	OK
18.250000000000000	13.585810919394564	5.1704466680877337	5.4226728630916528	-0.25222619500391702	8.4153642513068299	4.2482959927335253	-1	4.1670682585733045	-1	OK
18.500000000000000	12.660880992831736	4.8494419411608352	5.0564827332333833	-0.20704079207254894	7.8114390516709005	3.9386831258552770	-1	3.8727559258156234	-1	OK
18.750000000000000	11.809136446675165	4.5516505916577206	4.7190705651232792	-0.16741997346555779	7.2574858550174444	3.6550136424139139	-1	3.6024722126035305	-1	OK
19.000000000000000	11.024082272062596	4.2751602699073343	4.4078590587889517	-0.13269878888161671	6.7489220021552621	3.3948256160540597	-1	3.3540963861012023	-1	OK
19.250000000000000	10.299747905938727	4.0182356797228147	4.1205292551350077	-0.10229357541219285	6.2815122262159120	3.1559437804246304	-1	3.1255684457912816	-1	OK
19.500000000000000	9.6307444519051444	3.7792952694882196	3.8549916548186380	-7.56963853304184892E-002	5.8514491824169248	2.9364886230751139	-1	2.9149605593418109	-1	OK
19.750000000000000	9.0121981806875482	3.5569004686089944	3.6093623446577658	-5.24618760487717342E-002	5.4552977120785542	2.7346626071944562	-1	2.7206351048840980	-1	OK
20.000000000000000	8.4397742744958073	3.3497509099305711	3.3819410364032878	-3.21901264727166778E-002	5.0900233645652371	2.5487374890737962	-1	2.5412858754914409	-1	OK
20.250000000000000	7.9096065239916733	3.1566522914612851	3.1711888327294271	-1.45365412681420243E-002	4.7529542325303877	2.3773495631454344	-1	2.3756046693849533	-1	OK
20.500000000000000	7.4181367358027606	2.9765148824628280	2.9757127787653519	8.02103697475903829E-004	4.4416218533399325	2.2192281299911136	-1	2.2223937233488189	-1	OK
20.750000000000000	6.9621676007709112	2.8083510954177249	2.7942518109187340	1.40992844989910673E-002	4.1538165053531859	2.0731533248401703	-1	2.0806631805130156	-1	OK
21.000000000000000	6.5387437744023709	2.6512520350587812	2.6256599977629613	2.55920372958204946E-002	3.8874917393435897	1.9381336973154419	-1	1.9493580420281478	-1	OK
21.250000000000000	6.1446605266851453	2.5043837496002013	2.4688964535836972	3.54872960165051599E-002	3.6402767770849440	1.8132124145952913	-1	1.8270643624896528	-1	OK
21.500000000000000	5.7787384807847566	2.3669869649623689	2.3230157399734805	4.39712249888876347E-002	3.4117515158223877	1.6975139071237197	-1	1.7142376086986679	-1	OK
21.750000000000000	5.4381541924349248	2.2383677780727425	2.1871573230292558	5.12104550434857100E-002	3.1997864143621824	1.5902889071116912	-1	1.6094975072504911	-1	OK
22.000000000000000	5.1208600894660732	2.1178848866096649	2.0605359730132111	5.73489135964536934E-002	3.0029752028564083	1.4908735666223090	-1	1.5121016362340993	-1	OK
22.250000000000000	4.8250164273755223	2.0049500765674018	1.9424357123703557	6.25143641970459102E-002	2.8200663508081205	1.3986165235971924	-1	1.4214498272109282	-1	OK
22.500000000000000	4.5489677552823125	1.8990241716855039	1.8322032630484495	6.68209086370540467E-002	2.6499435835968086	1.3129230317022875	-1	1.3370205518945211	-1	OK
22.750000000000000	4.2912560659815329	1.7996129702574974	1.7292416718448302	7.03712984126676488E-002	2.4916430957240356	1.2332640748520398	-1	1.2583790208719958	-1	OK
23.000000000000000	4.0504742105840341	1.7062577189571300	1.6330038877817408	7.32538311753888199E-002	2.3442164916269039	1.1591590978814617	-1	1.1850573937454423	-1	OK
23.250000000000000	3.8253521609397909	1.6185368574257777	1.5429894717794574	7.55473856463206722E-002	2.2068153035140132	1.0901712118909792	-1	1.1166440916230340	-1	OK
23.500000000000000	3.6147271856951240	1.5360625508351680	1.4587400095597503	7.73225412754175723E-002	2.0786646348599560	1.0259012025959595	-1	1.0527634322639965	-1	OK
23.750000000000000	3.4175495189432956	1.4584787215408574	1.3798351309435481	7.86435905973087990E-002	1.9590707974024379	0.96598460656390261	-1	0.99308619083853533	-1	OK
24.000000000000000	3.2327988843146782	1.3854531816401923	1.3058881356755061	7.95650459646861374E-002	1.8473457026744859	0.91008801943732776	-1	0.93725768323715819	-1	OK
24.250000000000000	3.0596832164373842	1.3166798109233695	1.2365440243712476	8.01357865521215434E-002	1.7430034055140149	0.85790731604603809	-1	0.88509608946797680	-1	OK
24.500000000000000	2.8973225573546180	1.2518768024022449	1.1714765592700289	8.04002431322154015E-002	1.6454457549523731	0.80916402426045864	-1	0.83628173069191447	-1	OK
24.750000000000000	2.7449662047335535	1.1907828580917870	1.1103853518061138	8.03975062856730621E-002	1.5541833466417665	0.76359586122062473	-1	0.79058748542114177	-1	OK
25.000000000000000	2.6002791324897965	1.1331567760936809	1.0529937364486850	8.01630396449962562E-002	1.4671223563961158	0.72097347051656602	-1	0.74614888587954975	-1	OK
25.250000000000000	2.4656882887902207	1.0787731790861781	0.99904627652614730	7.97269025600305381E-002	1.3869151097040426	0.68108164305460150	-1	0.70583346664944113	-1	OK
25.500000000000000	2.3394900637549050	1.0274241497387155	0.94830759057213421	7.91165591665812934E-002	1.3120659140161894	0.64372512630812140	-1	0.66834078770806804	-1	OK
25.750000000000000	2.2207840289150682	0.97891651605859498	0.90056032276164022	7.83561932969547847E-002	1.2418675128564731	0.60872965737904239	-1	0.63313785547743073	-1	OK
26.000000000000000	2.1090608139614742	0.93307200707368287	0.85560374556010754	7.74682615135753871E-002	1.1759888068877913	0.57592087902415146	-1	0.60006792786363983	-1	OK
26.250000000000000	2.0038542792351421	0.88972277743638639	0.81325181945815461	7.64709579782314186E-002	1.1141315017987556	0.54514287549837392	-1	0.56898862630038172	-1	OK
26.500000000000000	1.9047187252511972	0.84871383755885577	0.77333267865721289	7.53811589016430000E-002	1.0560048876923414	0.51625427132088020	-1	0.53975061637146116	-1	OK
26.750000000000000	1.8112144690346259	0.80990110700153894	0.73568720149791189	7.42139055036267897E-002	1.0013133620330870	0.48912325550225177	-1	0.51219010653083519	-1	OK
27.000000000000000	1.7230763774164239	0.77315107303780040	0.70016805481745348	7.29830182203467376E-002	0.94992530437862355	0.46362434863766144	-1	0.48630095574096210	-1	OK
27.250000000000000	1.6399115851866841	0.73833884606505107	0.66663846317733555	7.17003828877154498E-002	0.90157273912163305	0.43964854932997571	-1	0.46192418979165734	-1	OK
27.500000000000000	1.5613967236472392	0.70534761051451500	0.63497143040332737	7.03761801111877500E-002	0.85604911313272425	0.41709992571873467	-1	0.43894918741398958	-1	OK
27.750000000000000	1.4859717394952026	0.67406847470220210	0.60504907899793725	6.90193957042648659E-002	0.81190326479300046	0.39587866447857095	-1	0.41602460031442950	-1	OK
28.000000000000000	1.4158675754287111	0.64440018657632248	0.57676201866145438	6.76381679148684439E-002	0.77146738885238864	0.37523333084548116	-1	0.39623405800690747	-1	OK
28.250000000000000	1.3496005153823907	0.61624859177674485	0.55000856357824501	6.62400281984997508E-002	0.73335192360564572	0.35644761857820323	-1	0.37690430502744249	-1	OK
28.500000000000000	1.2869244182989776	0.58952526726656829	0.52469403309803309	6.48312341685352012E-002	0.69739915103240924	0.33874932900581939	-1	0.35864982202658985	-1	OK
28.750000000000000	1.2276137075363440	0.56414721639050414	0.50073023243286985	6.34169839576342459E-002	0.66346649114584000	0.32023416519350978	-1	0.34323232595233022	-1	OK
29.000000000000000	1.1714679080665173	0.54003712314846197	0.47803511082848293	6.20020123199788512E-002	0.63143078491805549	0.30455503376275145	-1	0.32687575115530404	-1	OK
29.250000000000000	1.1182963860539459	0.51712311500941377	0.45653229641087434	6.05908185985396114E-002	0.60117327104453211	0.28975807025524919	-1	0.31141520078928292	-1	OK
29.500000000000000	1.0679185017505519	0.49533741552662125	0.43615046228121351	5.91869532454079375E-002	0.57258108622393056	0.27578785823547047	-1	0.29679322798846008	-1	OK
29.750000000000000	1.0201666322370393	0.47461691116870780	0.41682314831799366	5.77937628507142268E-002	0.54554972106833155	0.26259077711956824	-1	0.28295894394876331	-1	OK
30.000000000000000	0.97466034641067034	0.45490210917622065	0.39848824179465381	5.64138673815668956E-002	0.51975823723444969	0.25011626964892608	-1	0.26964196758552361	-1	OK
30.250000000000000	0.93172061127583472	0.43613755641284863	0.38108778299335078	5.50497734194977731E-002	0.49558305486298615	0.23832266190829846	-1	0.25726039295468772	-1	OK
30.500000000000000	0.89096972470383706	0.41827093517986941	0.36456754684887432	5.37033883309951457E-002	0.47269878952396766	0.22716619072282346	-1	0.24553259880114420	-1	OK
30.750000000000000	0.85228228608904266	0.40125336476800127	0.34887689936710331	5.23764654008978675E-002	0.45102892132104139	0.21660744033878473	-1	0.23442148098225665	-1	OK
31.000000000000000	0.81553902123096322	0.38503903843084358	0.33396844031718531	5.10705981136582859E-002	0.43049998280011970	0.20661015234482183	-1	0.22388983045529787	-1	OK
31.250000000000000	0.78062592123838093	0.36958454695484644	0.31979769222380361	4.97868547310429746E-002	0.41104137428353449	0.19714169756051461	-1	0.21389967672301988	-1	OK
31.500000000000000	0.74744427430703897	0.35484928695999218	0.30632309838269572	4.85261885772965557E-002	0.39259498734704679	0.18816990595155045	-1	0.20442508139549634	-1	OK
31.750000000000000	0.71589654515025813	0.34079497914730750	0.29350572705756611	4.72892520897414334E-002	0.37510156600295058	0.17966551642816497	-1	0.19543604957478561	-1	OK
32.000000000000000	0.68588980266293909	0.32738580720509913	0.28130912348194603	4.60766837231530307E-002	0.35850399545783995	0.17160041483859081	-1	0.18690358061924914	-1	OK
32.250000000000000	0.65733736267527898	0.31458810848250285	0.26969910934063490	4.48889991418679815E-002	0.34274925419277613	0.16394910960042289	-1	0.17880014459235324	-1	OK
32.500000000000000	0.63010382412086541	0.30237015236238945	0.25864359908295942	4.37265532794301054E-002	0.32773367175847601	0.15668867749511237	-1	0.17104499426336364	-1	OK
32.750000000000000	0.60422486740962944	0.29070200865719564	0.24811245853327626	4.25895501239193508E-002	0.31352285875243380	0.14979681083899460	-1	0.16372604791343920	-1	OK
33.000000000000000	0.57957630414078065	0.27955530603370526	0.23807736073931712	4.14779452943881966E-002	0.30002099810707544	0.14325228073631674	-1	0.15676871737075870	-1	OK
33.250000000000000	0.55606227377473139	0.26890354383014303	0.22851175884669067	4.03917849834524167E-002	0.28715872994458835	0.13703569870846030	-1	0.15012303123612805	-1	OK
33.500000000000000	0.53367880308541582	0.25872180298008973	0.21939070570432634	3.93310972757635047E-002	0.27495700010532609	0.13112819083324062	-1	0.14382880927208547	-1	OK
33.750000000000000	0.51222371113130649	0.24898654682284466	0.21069072622965898	3.82958205931857518E-002	0.26323716430846184	0.12551262609394537	-1	0.13772453821451647	-1	OK
34.000000000000000	0.49182276625868726	0.23967544914221880	0.20238970847923171	3.72857406629870797E-002	0.25214731711646843	0.12017255197411778	-1	0.13197476514235065	-1	OK
34.250000000000000	0.47240517838458917	0.23076743276498973	0.19446684311504686	3.63005896499427327E-002	0.24163774561959947	0.11509265892315387	-1	0.12654508669644560	-1	OK
34.500000000000000	0.45387302491335357	0.22224260994732739	0.18690255162747879	3.53400583198484608E-002	0.23163041496602618	0.11025869980536122	-1	0.12137171516066496	-1	OK
34.750000000000000	0.43606033476576156	0.21408228542206939	0.17967840722545739	3.44038781966119409E-002	0.22197804934369220	0.10565772196361106	-1	0.11632032738008113	-1	OK
35.000000000000000	0.41917462767624381	0.20626875784756776	0.17277702760997465	3.34917302375931161E-002	0.21290586982867601	0.10127654455570136	-1	0.11162932527297466	-1	OK
35.250000000000000	0.40304418293304223	0.19878523252561986	0.16618201940195504	3.26032131236648134E-002	0.20425895040742237	9.71031985565822542E-002	-1	0.10715575185084011	-1	OK
35.500000000000000	0.38763091667603211	0.19161582907156310	0.15987792241417109	3.17379066573920537E-002	0.19601508760446898	9.31266275134905730E-002	-1	0.10288846009097841	-1	OK
35.750000000000000	0.37289930288846079	0.18474557121629048	0.15385016475219215	3.08954064640982913E-002	0.18815373167217031	8.93368506377412580E-002	-1	9.88168810344290521E-002	-1	OK
36.000000000000000	0.35881487281388480	0.17816027266472373	0.14808498630339370	3.00752863613299899E-002	0.18065460014916104	8.57240536045507789E-002	-1	9.49305465446102642E-002	-1	OK
36.250000000000000	0.34534479092530690	0.17184650652732800	0.14256939184887144	2.92771146784565131E-002	0.17349828439797893	8.22787749025784693E-002	-1	9.12195094954004609E-002	-1	OK
36.500000000000000	0.33238647774733382	0.16579151229479067	0.13729109786193616	2.85004144328545074E-002	0.16659496545254315	7.89919773180354917E-002	-1	8.76029881345076616E-002	-1	OK
36.750000000000000	0.32007749925283580	0.15998318058524011	0.13223849706597815	2.77446835192619590E-002	0.16009431866759569	7.58554753019902855E-002	-1	8.42388433656054009E-002	-1	OK
37.000000000000000	0.30827352964480292	0.15441008339697504	0.12740063348720743	2.70094499097676584E-002	0.15386344624782791	7.28614984167017393E-002	-1	8.10019478311261726E-002	-1	OK
37.250000000000000	0.29689169101197577	0.14906148060619259	0.12276716054830190	2.62943200578906536E-002	0.14783021040578315	7.00027209376803822E-002	-1	7.78274894681027646E-002	-1	OK
37.500000000000000	0.28607313940259771	0.14392709195071163	0.11832826901026607	2.55988229404455724E-002	0.14214604745188611	6.72721054649586675E-002	-1	7.48739419869274420E-002	-1	OK
37.750000000000000	0.27571070656689234	0.13899715253568937	0.11407467235206364	2.49224801836257295E-002	0.13671355403120294	6.46633967405923910E-002	-1	7.20501572906105531E-002	-1	OK
38.000000000000000	0.26577960245084670	0.13426233845967450	0.10999756834571398	2.42647701139605300E-002	0.13151726399117220	6.21704602694791233E-002	-1	6.93468037216930788E-002	-1	OK
38.250000000000000	0.25625939535661929	0.12971384699873112	0.10608864021260932	2.36252067861217330E-002	0.12654554835788817	5.97874495879615817E-002	-1	6.67580987699265826E-002	-1	OK
38.500000000000000	0.24713220612248910	0.12534336760006215	0.10234001967944290	2.30033479206192271E-002	0.12178883852242695	5.75088859945873943E-002	-1	6.42799525278395512E-002	-1	OK
38.750000000000000	0.23837920094522794	0.12114302840300924	9.87442529595557728E-002	2.23987754434534676E-002	0.11723617254221870	5.53296105556780327E-002	-1	6.19065619865406674E-002	-1	OK
39.000000000000000	0.22998366493864927	0.11710530517992111	9.52942631999814105E-002	2.18110419799397506E-002	0.11287835975872816	5.32446807472929037E-002	-1	5.96336790114352575E-002	-1	OK
39.250000000000000	0.22192873747704173	0.11322301183095176	9.19833333011628729E-002	2.12396785297888982E-002	0.10870572564608995	5.12492534760492086E-002	-1	5.74564721700407399E-002	-1	OK
39.500000000000000	0.21419885071435496	0.10948933032179267	8.88050952566717400E-002	2.06842350651209421E-002	0.10470952039256227	4.93393374932712958E-002	-1	5.53701828992909789E-002	-1	OK
39.750000000000000	0.20677910261988780	0.10589779136131576	8.57535126005929821E-002	2.01442787607227711E-002	0.10088131125857204	4.75106772756777040E-002	-1	5.33706339828943360E-002	-1	OK
40.000000000000000	0.19965575428293747	0.10244224589791051	8.28228586956118451E-002	1.96193872022986764E-002	9.72135083850269449E-002	4.57588808775808778E-002	-1	5.14546275074460671E-002	-1	OK
40.250000000000000	0.19281516350247313	9.91168519184632280E-002	8.00076992573608287E-002	1.91091526611023889E-002	9.36983115840099023E-002	4.40809057365325607E-002	-1	4.96174058474773416E-002	-1	OK
40.500000000000000	0.18624454995667694	9.59160758122759027E-002	7.73028752955186166E-002	1.86132005167572931E-002	9.03284741444010247E-002	4.24731683888070616E-002	-1	4.78553057555939632E-002	-1	OK
40.750000000000000	0.17993190057764691	9.28345963989395950E-002	7.47034742858564693E-002	1.81311221130831153E-002	8.70973041787073132E-002	4.09322986765197072E-002	-1	4.61650055021876060E-002	-1	OK
41.000000000000000	0.17386533025306825	8.98673345841812937E-002	7.22048287648116432E-002	1.76625058193696644E-002	8.39979956688869517E-002	3.94226035920144380E-002	-1	4.45753920768725137E-002	-1	OK
41.250000000000000	0.16803417593568198	8.70094918665208911E-002	6.98025102354473542E-002	1.72069816310735542E-002	8.10246840691610931E-002	3.80075597692561620E-002	-1	4.30171242999049311E-002	-1	OK
41.500000000000000	0.16242809497753935	8.42564917198900254E-002	6.74923065445417747E-002	1.67641851753482785E-002	7.81716032576493386E-002	3.66505529772301678E-002	-1	4.15210502804191708E-002	-1	OK
41.750000000000000	0.15702195584543688	8.16039524562776203E-002	6.52702095402151045E-002	1.63337429160625505E-002	7.54180033891592438E-002	3.53490598067276313E-002	-1	4.00689435824316126E-002	-1	OK
42.000000000000000	0.15183739601403701	7.90477300707555647E-002	6.31324135430716832E-002	1.59153165276838815E-002	7.27896659432814286E-002	3.41003449110826792E-002	-1	3.86893210321987494E-002	-1	OK
42.250000000000000	0.14684987912488118	7.65838768997350178E-002	6.10752946471861957E-002	1.55085822525488116E-002	7.02660022251461736E-002	3.29018915323333605E-002	-1	3.73641106928128131E-002	-1	OK
42.500000000000000	0.14205085412361018	7.42085944625365951E-002	5.90953964353589239E-002	1.51131980271776503E-002	6.78422596610736006E-002	3.17511582749803803E-002	-1	3.60911013860932203E-002	-1	OK
42.750000000000000	0.13743219062884393	7.19182404651555751E-002	5.71894264349042600E-002	1.47288140302513082E-002	6.55139501636883698E-002	3.06463028951675445E-002	-1	3.48676472685208252E-002	-1	OK
43.000000000000000	0.13298613121056918	6.97093777388690244E-002	5.53542572051392151E-002	1.43551205337298093E-002	6.32767534717001423E-002	2.95853456552148050E-002	-1	3.36914078164853373E-002	-1	OK
43.250000000000000	0.12869217014261905	6.75787378925568755E-002	5.35869109137070143E-002	1.39918269788498698E-002	6.11134322500621677E-002	2.85663211581965518E-002	-1	3.25471110918656159E-002	-1	OK
43.500000000000000	0.12457063304193999	6.55231817269558287E-002	5.18845449705918199E-002	1.36386367563640053E-002	5.90474513149841576E-002	2.75873635304308765E-002	-1	3.14600877845532811E-002	-1	OK
43.750000000000000	0.12060088046662187	6.35396784836533557E-002	5.02444446627469607E-002	1.32952338209063846E-002	5.70612019829685180E-002	2.66467658772457476E-002	-1	3.04144361057227704E-002	-1	OK
44.000000000000000	0.11677650087993836	6.16253595652073438E-002	4.86640283501597534E-002	1.29613312150475852E-002	5.51511413147310198E-002	2.57428659327420678E-002	-1	2.94082753819889520E-002	-1	OK
44.250000000000000	0.11309189275357734	5.97774956034903410E-002	4.71408356035078746E-002	1.26366599999824629E-002	5.33143971500869909E-002	2.48740842241356279E-002	-1	2.84403129259513630E-002	-1	OK
44.500000000000000	0.10954152326293826	5.79934644821474485E-002	4.56725167210741759E-002	1.23209477610732761E-002	5.15480587807908147E-002	2.40387946327174189E-002	-1	2.75092641480733958E-002	-1	OK
44.750000000000000	0.10611943088672277	5.62707617966490131E-002	4.42568311807044826E-002	1.20139306159445340E-002	4.98486690900737592E-002	2.32355259735782180E-002	-1	2.66131431164955412E-002	-1	OK
45.000000000000000	0.10282019445173884	5.46070058341190656E-002	4.28916426663370418E-002	1.17153631677820239E-002	4.82131886176197719E-002	2.24629063387053254E-002	-1	2.57502822789144464E-002	-1	OK
45.250000000000000	9.96390395776939608E-002	5.29999123039355882E-002	4.15749091120581893E-002	1.14250031918773989E-002	4.66391272737583656E-002	2.17193818055256942E-002	-1	2.49197454682326715E-002	-1	OK
45.500000000000000	9.65712416499609760E-002	5.14472754788137254E-002	4.03046786249523642E-002	1.11425968538613786E-002	4.51239661711472576E-002	2.10040504255066957E-002	-1	2.41199157456405619E-002	-1	OK
45.750000000000000	9.36119567360858829E-002	4.99470057711610127E-002	3.90790920130404187E-002	1.08679137581205836E-002	4.36649509649248771E-002	2.03156820128170511E-002	-1	2.33492689521078260E-002	-1	OK
46.000000000000000	9.07568201535597363E-002	4.84971090230074120E-002	3.78963734503020219E-002	1.06007355727053866E-002	4.22597111305523312E-002	1.96530590673135649E-002	-1	2.26066520632387663E-002	-1	OK
46.250000000000000	8.80017804311578611E-002	4.70956773398712517E-002	3.67548252644756060E-002	1.03408520753956422E-002	4.09061030912866094E-002	1.90151117840004352E-002	-1	2.18909913072861742E-002	-1	OK
46.500000000000000	8.53428650121974830E-002	4.57408586919480636E-002	3.56528200598605696E-002	1.00880386320875166E-002	3.96020063202494263E-002	1.84008012623034685E-002	-1	2.12012050579459578E-002	-1	OK
46.750000000000000	8.27762924056782701E-002	4.44308862561490908E-002	3.45888046576567632E-002	9.84208159849233113E-003	3.83454061495291723E-002	1.78091299772165298E-002	-1	2.05362761723126425E-002	-1	OK
47.000000000000000	8.02984139843769817E-002	4.31640852136953787E-002	3.35612972713523056E-002	9.60278794234308355E-003	3.71343287706816100E-002	1.72391523339585490E-002	-1	1.98951764367230610E-002	-1	OK
47.250000000000000	7.79057179717540516E-002	4.19388497402828492E-002	3.25688798571167060E-002	9.36996988316616056E-003	3.59668682314712024E-002	1.66899745478801820E-002	-1	1.92768936835910204E-002	-1	OK
47.500000000000000	7.55948323724510707E-002	4.07536212576476153E-002	3.16101927513047359E-002	9.14342850634287593E-003	3.48412111148034623E-002	1.61607433048117470E-002	-1	1.86804678099917153E-002	-1	OK
47.750000000000000	7.33626799388652634E-002	3.96069147175130490E-002	3.06839371817890783E-002	8.92297753572396900E-003	3.37557652213522144E-002	1.56506516684998681E-002	-1	1.81051135528523463E-002	-1	OK
48.000000000000000	7.12062342503189810E-002	3.84973143218379360E-002	2.97888720166751275E-002	8.70844230516281542E-003	3.27089199284810450E-002	1.51589227718759989E-002	-1	1.75499971566050461E-002	-1	OK
48.250000000000000	6.91225492593846719E-002	3.74234722587681520E-002	2.89238102473759265E-002	8.49966201139224116E-003	3.16990770006165198E-002	1.46848201476306242E-002	-1	1.70142568529858956E-002	-1	OK
48.500000000000000	6.71087718949738010E-002	3.63840764568097025E-002	2.80876108383542322E-002	8.29646561845547720E-003	3.07246954381640916E-002	1.42274737948767625E-002	-1	1.64972216432873291E-002	-1	OK
48.750000000000000	6.51598821542227619E-002	3.53778612105063450E-002	2.72791808701083431E-002	8.09868034039798804E-003	2.97820209437164203E-002	1.37863131888586454E-002	-1	1.59957077548577749E-002	-1	OK
49.000000000000000	6.32783155558412358E-002	3.44036303547923389E-002	2.64974774108201160E-002	7.90615294397222640E-003	2.88746852010488934E-002	1.33606820398344955E-002	-1	1.55140031612143979E-002	-1	OK
49.250000000000000	6.14591117891780808E-002	3.34602331200993738E-002	2.57415005837318828E-002	7.71873253636748413E-003	2.79988786690787035E-002	1.29499874832423780E-002	-1	1.50488911858363255E-002	-1	OK
49.500000000000000	5.96999340193513084E-002	3.25465629551019153E-002	2.50102920431486270E-002	7.53627091195328228E-003	2.71533710642493965E-002	1.25536710666850817E-002	-1	1.45996999975643148E-002	-1	OK
49.750000000000000	5.79985502547980813E-002	3.16615585940228580E-002	2.43029339149787409E-002	7.35862467904410851E-003	2.63369916607752198E-002	1.21711658947991127E-002	-1	1.41658257659761071E-002	-1	OK
50.000000000000000	5.63528133596583464E-002	3.08042076196779063E-002	2.36185473345521743E-002	7.18566028512573549E-003	2.55486057399804435E-002	1.18019197183427231E-002	-1	1.37466860216377204E-002	-1	OK
50.250000000000000	5.47606647718678757E-002	2.99735341314614143E-002	2.29562881916439109E-002	7.01724593981750602E-003	2.47871306404064649E-002	1.14454277965837774E-002	-1	1.33417028438226875E-002	-1	OK
50.500000000000000	5.32200925899499466E-002	2.91685957820203359E-002	2.23153461754478193E-002	6.85324960657251060E-003	2.40514968079296072E-002	1.11011966379710638E-002	-1	1.29503001699585434E-002	-1	OK
50.750000000000000	5.17292305028233118E-002	2.83884840322097542E-002	2.16949438597171841E-002	6.69354017249257274E-003	2.33407464706135541E-002	1.07687634969645344E-002	-1	1.25719829736490197E-002	-1	OK
51.000000000000000	5.02862504565916996E-002	2.76323323009654842E-002	2.10943367930454227E-002	6.53799550792005888E-003	2.26539181556262154E-002	1.04476623093603949E-002	-1	1.22062558462658205E-002	-1	OK
51.250000000000000	4.88894374775942081E-002	2.68993099071315120E-002	2.05128114472460342E-002	6.38649845988547172E-003	2.19901275704626926E-002	1.01374429837920218E-002	-1	1.18526845866706709E-002	-1	OK
51.500000000000000	4.75371277633833550E-002	2.61886221112805836E-002	1.99496833739882876E-002	6.23893873729229088E-003	2.13485056521027713E-002	9.83769618928407967E-003	-1	1.15108094628186917E-002	-1	OK
51.750000000000000	4.62277080491573233E-002	2.54995008689901034E-002	1.94042943534541851E-002	6.09520651553591836E-003	2.07282071801672164E-002	9.54803878729993880E-003	-1	1.11801683928672776E-002	-1	OK
52.000000000000000	4.49596926270130898E-002	2.48312004748838314E-002	1.88760112950749730E-002	5.95518917980885926E-003	2.01284921521292584E-002	9.26808728498310259E-003	-1	1.08604048671461558E-002	-1	OK
52.250000000000000	4.37316277777798357E-002	2.41830095165045354E-002	1.83642274737327894E-002	5.81878204277174165E-003	1.95486182612753037E-002	8.99747082594893645E-003	-1	1.05511474353263673E-002	-1	OK
52.500000000000000	4.25420028686032264E-002	2.35542448444415846E-002	1.78683602321400847E-002	5.68588461230150333E-003	1.89877580241616453E-002	8.73584580090865440E-003	-1	1.02519122232529909E-002	-1	OK
52.750000000000000	4.13894762728941462E-002	2.29442457526248811E-002	1.73878491962092714E-002	5.55639655641560620E-003	1.84452305202692651E-002	8.48294941336367493E-003	-1	9.96228110690559020E-003	-1	OK
53.000000000000000	4.02727448615559508E-002	2.23523779512866810E-002	1.69221562378715530E-002	5.43022171341512282E-003	1.79203669102692663E-002	8.23840443177877545E-003	-1	9.68196247849049084E-003	-1	OK
53.250000000000000	3.91905547311165725E-002	2.17780289967360770E-002	1.64707641899463075E-002	5.30726480678977118E-003	1.74125257343804921E-002	8.00189467958298088E-003	-1	9.41063105479751118E-003	-1	OK
53.500000000000000	3.81416968293792832E-002	2.12206127336704159E-002	1.60331767443993370E-002	5.18743598927108064E-003	1.69210840957088673E-002	7.77310924963061419E-003	-1	9.14797484607825229E-003	-1	OK
53.750000000000000	3.71250532676143663E-002	2.06795650531025159E-002	1.56089163753260849E-002	5.07064867777643011E-003	1.64454882145118504E-002	7.55177563042666589E-003	-1	8.89371258408518453E-003	-1	OK
54.000000000000000	3.61395012656657022E-002	2.01543384085488692E-002	1.51975234826423351E-002	4.95681492590653236E-003	1.59851628571168296E-002	7.33761646528412713E-003	-1	8.64754639183270245E-003	-1	OK
54.250000000000000	3.51839290465945642E-002	1.96444077021662653E-002	1.47985568029323222E-002	4.84585089923394476E-003	1.55395213444283024E-002	7.13036726160779042E-003	-1	8.40915408282051288E-003	-1	OK
54.500000000000000	3.42573154447251005E-002	1.91492711288127754E-002	1.44115925923122921E-002	4.73767853650048677E-003	1.51080443159123234E-002	6.92977552808380151E-003	-1	8.17826878782852186E-003	-1	OK
54.750000000000000	3.33586605830469632E-002	1.86684469002253994E-002	1.40362232643302196E-002	4.63222363589518502E-003	1.46902136828215620E-002	6.73559432574009735E-003	-1	7.95461935708146467E-003	-1	OK
55.000000000000000	3.24870098119960371E-002	1.82014665247126721E-002	1.36720560278724753E-002	4.52941049684019506E-003	1.42855432872833615E-002	6.54760330092813043E-003	-1	7.73793998635523110E-003	-1	OK
55.250000000000000	3.16414225323310982E-002	1.77478787663992062E-002	1.33187128850504322E-002	4.42916588134877488E-003	1.38935437659318921E-002	6.36557839521967577E-003	-1	7.52796537071221631E-003	-1	OK
55.500000000000000	3.08210079698916090E-002	1.73072456498461098E-002	1.29758294663977099E-002	4.33141618344839736E-003	1.35137623200455009E-002	6.18931013517870499E-003	-1	7.32445218486679588E-003	-1	OK
55.750000000000000	3.00249414507145415E-002	1.68791484400178798E-002	1.26430558803383893E-002	4.23609255967948885E-003	1.31457930106966617E-002	6.01859225591232921E-003	-1	7.12720075478433246E-003	-1	OK
56.000000000000000	2.92524151112659656E-002	1.64631849232653032E-002	1.23200554961960008E-002	4.14312942706930327E-003	1.27892301880006640E-002	5.85322744077862358E-003	-1	6.93600274722204046E-003	-1	OK
56.250000000000000	2.85026475362560872E-002	1.60589656903192060E-002	1.20065039397371665E-002	4.05246175058203428E-003	1.24436818459368811E-002	5.69302720695630086E-003	-1	6.75065463898058028E-003	-1	OK
56.500000000000000	2.77748949935509026E-002	1.56661140962262163E-002	1.17020885996949077E-002	3.96402549653130602E-003	1.21087808973246881E-002	5.53780526705408525E-003	-1	6.57097563027060280E-003	-1	OK
56.750000000000000	2.70684415523172670E-002	1.52842681497373269E-002	1.14065087462060892E-002	3.87775940353124069E-003	1.17841734025799401E-002	5.38738321560841039E-003	-1	6.39679018697152969E-003	-1	OK
57.000000000000000	2.63802353960073260E-002	1.49130820490064007E-002	1.11194754595137172E-002	3.79360658949269049E-003	1.14671533470009270E-002	5.24160447452863294E-003	-1	6.22554887247229408E-003	-1	OK
57.250000000000000	2.57143072097022300E-002	1.45522200529811414E-002	1.08407098683082782E-002	3.71151018467286457E-003	1.11620871567210886E-002	5.10030855885481096E-003	-1	6.06177859786627762E-003	-1	OK
57.500000000000000	2.50676109958458473E-002	1.42013597162671569E-002	1.05699431246126276E-002	3.63141659165452935E-003	1.08662512795786887E-002	4.96333977801470191E-003	-1	5.90291150156398679E-003	-1	OK
57.750000000000000	2.44395184277209285E-002	1.38601836630435175E-002	1.03069149060605620E-002	3.55326875698296074E-003	1.05793347646774127E-002	4.83055120738574463E-003	-1	5.74878355729166804E-003	-1	OK
58.000000000000000	2.38294254524650737E-002	1.35283902667897304E-002	1.00513757176643528E-002	3.47701454912537804E-003	1.03010351856753432E-002	4.70179855617576699E-003	-1	5.59923662949957622E-003	-1	OK
58.250000000000000	2.32367537744308308E-002	1.32056892582638856E-002	9.80308495840521293E-003	3.40260429985867353E-003	1.00310645161669470E-002	4.57694728315738431E-003	-1	5.45411723300956268E-003	-1	OK
58.500000000000000	2.26609329207215736E-002	1.28917976502888557E-002	9.56181005572241671E-003	3.32998759456643902E-003	9.76913527043271786E-003	4.45586488693732602E-003	-1	5.31327038349539184E-003	-1	OK
58.750000000000000	2.21014360107231467E-002	1.25864408168795093E-002	9.32732666866752276E-003	3.25911414821198784E-003	9.51499519384363564E-003	4.33841870562548006E-003	-1	5.17657648821815558E-003	-1	OK
59.000000000000000	2.15577331913449494E-002	1.22893556706478117E-002	9.09941915456793406E-003	3.18993651607987587E-003	9.26837752069713944E-003	4.22449416272227367E-003	-1	5.04388335797486577E-003	-1	OK
59.250000000000000	2.10293303886327915E-002	1.20002947520748120E-002	8.87788065822464612E-003	3.12241409385016072E-003	9.02903563655797770E-003	4.11399433579788185E-003	-1	4.91504130076009585E-003	-1	OK
59.500000000000000	2.05157668306699889E-002	1.17190139253180500E-002	8.66251038335184506E-003	3.05650354196620403E-003	8.79675290535193895E-003	4.00678718374550442E-003	-1	4.78996572160643452E-003	-1	OK
59.750000000000000	2.00165451861656733E-002	1.14452778109571107E-002	8.45311474342524266E-003	2.99216306753186763E-003	8.57126737520856261E-003	3.90275067418450724E-003	-1	4.66851670102405580E-003	-1	OK
60.000000000000000	1.95312134012889105E-002	1.11788588627720724E-002	8.24950675005613893E-003	2.92935211271593042E-003	8.35235453851683810E-003	3.80177454432499258E-003	-1	4.55057999419184595E-003	-1	OK
60.250000000000000	1.90593292231269265E-002	1.09195342315155861E-002	8.05150538333467523E-003	2.86802884818091342E-003	8.13979499161134219E-003	3.70374705668357609E-003	-1	4.43604793492776567E-003	-1	OK
60.500000000000000	1.86004654393389021E-002	1.06670893306719007E-002	7.85893610220852849E-003	2.80815322846337352E-003	7.93337610866700141E-003	3.60858791586478409E-003	-1	4.32478819280221732E-003	-1	OK
60.750000000000000	1.81542233528873866E-002	1.04213166706519991E-002	7.67163052593267461E-003	2.74968614471932365E-003	7.73290668223538830E-003	3.51619123235362560E-003	-1	4.21671544988176314E-003	-1	OK
61.000000000000000	1.77202272222486586E-002	1.01820179844149313E-002	7.48942665284609618E-003	2.69259133156883601E-003	7.53820923783372725E-003	3.42646842315767709E-003	-1	4.11174081467604972E-003	-1	OK
61.250000000000000	1.72980857226748760E-002	9.94900183725604646E-003	7.31216790479810065E-003	2.63683393245794451E-003	7.34908388541882958E-003	3.33934507725116821E-003	-1	4.00973880816766180E-003	-1	OK
61.500000000000000	1.68874380374210327E-002	9.72208270824037428E-003	7.13970301268004523E-003	2.58237969556033078E-003	7.16535532918065755E-003	3.25473587853492485E-003	-1	3.91061945064573313E-003	-1	OK
61.750000000000000	1.64860264958238446E-002	9.50108059627252297E-003	6.97188574222080883E-003	2.52919485405171370E-003	6.98494589955132167E-003	3.17255841516462557E-003	-1	3.81238748438669610E-003	-1	OK
62.000000000000000	1.60973586356716949E-002	9.28582182139339220E-003	6.80857494575881281E-003	2.47724687563457982E-003	6.81153681427830102E-003	3.09273418913425706E-003	-1	3.71880262514404395E-003	-1	OK
62.250000000000000	1.57191585852731637E-002	9.07613930423771705E-003	6.64963437504478665E-003	2.42650492919293127E-003	6.64301928103544666E-003	3.01519181174517105E-003	-1	3.62782746929027561E-003	-1	OK
62.500000000000000	1.53511072116562872E-002	8.87186922673976856E-003	6.49493181473195184E-003	2.37693741200781673E-003	6.47923798491651867E-003	2.93985511833546849E-003	-1	3.53938286658105018E-003	-1	OK
62.750000000000000	1.49928937758255099E-002	8.67285194503139220E-003	6.34433938523532286E-003	2.32851255979606977E-003	6.32004183079411773E-003	2.86665346980742022E-003	-1	3.45338836098669751E-003	-1	OK
63.000000000000000	1.46442064257682053E-002	8.47893457635758019E-003	6.19773387717211920E-003	2.28120069918546099E-003	6.16527184941062598E-003	2.79551467239292804E-003	-1	3.36975717701769794E-003	-1	OK
63.250000000000000	1.43047585164828694E-002	8.28996985473410761E-003	6.05499631792155539E-003	2.23497353681254961E-003	6.01478866174876177E-003	2.72637793650615592E-003	-1	3.28841072524260584E-003	-1	OK
63.500000000000000	1.39742942511399473E-002	8.10581558412328852E-003	5.91601168930368151E-003	2.18980389481960832E-003	5.86847866701665881E-003	2.65919716274424936E-003	-1	3.20928150427240945E-003	-1	OK
63.750000000000000	1.36525319494786267E-002	7.92633347444225179E-003	5.78066865848727608E-003	2.14566481595497831E-003	5.72619847503637400E-003	2.59389032884766411E-003	-1	3.13230814618870989E-003	-1	OK
64.000000000000000	1.33392124866247297E-002	7.75138897581260401E-003	5.64885951127142624E-003	2.10252946454117474E-003	5.58782351081212481E-003	2.53039594306590223E-003	-1	3.05742756774622258E-003	-1	OK
64.250000000000000	1.30340895670107773E-002	7.58085324797705407E-003	5.52048044375261313E-003	2.06037280422444267E-003	5.45323631903372238E-003	2.46866391727201991E-003	-1	2.98457240176170247E-003	-1	OK
64.500000000000000	1.27369390094564973E-002	7.41460104944502603E-003	5.39543081384418789E-003	2.01917023560083814E-003	5.32233796001147126E-003	2.40863946645248402E-003	-1	2.91369849355898724E-003	-1	OK
64.750000000000000	1.24475155383718429E-002	7.25251117802917442E-003	5.27361331276920108E-003	1.97889786525997291E-003	5.19500436034266936E-003	2.35026970254120695E-003	-1	2.84473465780146241E-003	-1	OK
65.000000000000000	1.21655911395355844E-002	7.09446603813226016E-003	5.15493369623570494E-003	1.93953234189655414E-003	5.07112510140332335E-003	2.29350391276863597E-003	-1	2.77762118863468738E-003	-1	OK
65.250000000000000	1.18909516140117723E-002	6.94035082716658140E-003	5.03930070798732244E-003	1.90105011917925852E-003	4.95060078684519175E-003	2.23829364338505024E-003	-1	2.71230714346014151E-003	-1	OK
65.500000000000000	1.16233842186007769E-002	6.79005587709841443E-003	4.92662633931653573E-003	1.86342953778187849E-003	4.83332834150236330E-003	2.18458881491987540E-003	-1	2.64873952658248790E-003	-1	OK
65.750000000000000	1.13626805114917830E-002	6.64347378888306521E-003	4.81682513749093037E-003	1.82664865139213505E-003	4.71920672260871862E-003	2.13234435580250681E-003	-1	2.58686236680621181E-003	-1	OK
66.000000000000000	1.11060206198452562E-002	6.50050046648992588E-003	4.70981441585563432E-003	1.79068605063429417E-003	4.60552015335533114E-003	2.08151583948110522E-003	-1	2.52400431387422592E-003	-1	OK
66.250000000000000	1.08581665350967194E-002	6.36103630578966316E-003	4.60551445839743265E-003	1.75552184739222704E-003	4.49713022930705707E-003	2.03206026298437823E-003	-1	2.46506996632267885E-003	-1	OK
66.500000000000000	1.06169640383527684E-002	6.22498448865956011E-003	4.50384797036815481E-003	1.72113651829140465E-003	4.39197954969320833E-003	1.98393579315041171E-003	-1	2.40804375654279663E-003	-1	OK
66.750000000000000	1.03818695401475935E-002	6.09225117382404101E-003	4.40474013890333402E-003	1.68751103492070505E-003	4.28961836632355247E-003	1.93710159829630756E-003	-1	2.35251676802724491E-003	-1	OK
67.000000000000000	1.01527074045631958E-002	5.96274529602094233E-003	4.30811846581014100E-003	1.65462683021080025E-003	4.18996210854225351E-003	1.89152907900021986E-003	-1	2.29843302954203365E-003	-1	OK
67.250000000000000	9.92931165183613858E-003	5.83637814565028581E-003	4.21391270688264985E-003	1.62246543876763596E-003	4.09293350618585277E-003	1.84717516986397960E-003	-1	2.24575833632187317E-003	-1	OK
67.500000000000000	9.71152421681207266E-003	5.71306490527629871E-003	4.12205507159231314E-003	1.59100983368398513E-003	3.99845931153577396E-003	1.80401628702685202E-003	-1	2.19444302450892172E-003	-1	OK
67.750000000000000	9.49918083031145097E-003	5.59272298729868687E-003	4.03247971064134118E-003	1.56024327665734591E-003	3.90645784301276409E-003	1.76199969687660957E-003	-1	2.14445814613615452E-003	-1	OK
68.000000000000000	9.29043013333587762E-003	5.47527122734739295E-003	3.94512259580197255E-003	1.53014863154542018E-003	3.81515890598848467E-003	1.72109175911603989E-003	-1	2.09406714687244457E-003	-1	OK
68.250000000000000	9.08855696691358850E-003	5.36063088806853095E-003	3.85992173174516803E-003	1.50070915632336270E-003	3.72792607884505842E-003	1.68125963451301575E-003	-1	2.04666644433204245E-003	-1	OK
68.500000000000000	8.89168117845665074E-003	5.24872533469716764E-003	3.77681708561111848E-003	1.47190824908604960E-003	3.64295584375948309E-003	1.64247060931982077E-003	-1	2.00048523443966232E-003	-1	OK
68.750000000000000	8.69749933119995031E-003	5.13948109190954724E-003	3.69575068883810616E-003	1.44373040307143935E-003	3.55801823929040350E-003	1.60469523677044326E-003	-1	1.95332300251996023E-003	-1	OK
69.000000000000000	8.51025371143694295E-003	5.03282812574276650E-003	3.61666654494516900E-003	1.41616158079759772E-003	3.47742558569417732E-003	1.56790385530284878E-003	-1	1.90952173039132854E-003	-1	OK
69.250000000000000	8.32759565211203985E-003	4.92869752629538325E-003	3.53951012054371222E-003	1.38918740575166930E-003	3.39889812581665703E-003	1.53206465822805960E-003	-1	1.86683346758859743E-003	-1	OK
69.500000000000000	8.14881036277589205E-003	4.82702220553787691E-003	3.46422855673210591E-003	1.36279364880577164E-003	3.32178815723801427E-003	1.49715316767917868E-003	-1	1.82463498955883559E-003	-1	OK
69.750000000000000	7.97497310454914864E-003	4.72773737716282016E-003	3.39077064698670117E-003	1.33696673017611877E-003	3.24723572738632804E-003	1.46314224557042745E-003	-1	1.78409348181590060E-003	-1	OK
70.000000000000000	7.80536020201194267E-003	4.63077955743117393E-003	3.31908658173219817E-003	1.31169297569897533E-003	3.17458064458076917E-003	1.43000572721034211E-003	-1	1.74457491737042706E-003	-1	OK
70.250000000000000	7.63985315622079351E-003	4.53608681121938327E-003	3.24912803751551673E-003	1.28695877370386806E-003	3.10376634500141024E-003	1.39771882922704168E-003	-1	1.70604751577436856E-003	-1	OK
70.500000000000000	7.47834540286490719E-003	4.44359893416975890E-003	3.18084817257208077E-003	1.26275076159767770E-003	3.03474646869514829E-003	1.36625717699315977E-003	-1	1.66848929170198852E-003	-1	OK
70.750000000000000	7.32072415712281283E-003	4.35325834641417039E-003	3.11420174023685319E-003	1.23905660617731634E-003	2.96746581070864244E-003	1.33559885702852791E-003	-1	1.63186695368011453E-003	-1	OK
71.000000000000000	7.16688516278001474E-003	4.26500981256296586E-003	3.04914493005438913E-003	1.21586488250857651E-003	2.90187535021704844E-003	1.30572181630346138E-003	-1	1.59615353391358706E-003	-1	OK
71.250000000000000	7.01672574917303060E-003	4.17879874917578137E-003	2.98563503461672869E-003	1.19316371455905268E-003	2.83792699999724923E-003	1.27660201466497816E-003	-1	1.56132498533227107E-003	-1	OK
71.500000000000000	6.87014645451835149E-003	4.09457138769924508E-003	2.92363050311467403E-003	1.17094088458457105E-003	2.77557506681910642E-003	1.24821724067481431E-003	-1	1.52735782614429210E-003	-1	OK
71.750000000000000	6.72681332252012508E-003	4.01227619458082926E-003	2.86309118906221587E-003	1.14918500551861426E-003	2.71453712793929625E-003	1.22054701539412412E-003	-1	1.49399011254517213E-003	-1	OK
72.000000000000000	6.58706525840975672E-003	3.93186386063546726E-003	2.80397827566222085E-003	1.12788558497324554E-003	2.65520139777428946E-003	1.19357115189387664E-003	-1	1.46163024588041282E-003	-1	OK
72.250000000000000	6.45066932379692419E-003	3.85328565736925508E-003	2.74625392560118786E-003	1.10703173176806679E-003	2.59738366642766954E-003	1.16726980252713510E-003	-1	1.43011386390053444E-003	-1	OK
72.500000000000000	6.31748960747961948E-003	3.77649542463794931E-003	2.68988163187198906E-003	1.08661379276595959E-003	2.54099418284167017E-003	1.14162421183179835E-003	-1	1.39936997100987182E-003	-1	OK
72.750000000000000	6.18743854659354556E-003	3.70144732489189384E-003	2.63482571696455059E-003	1.06662160792734238E-003	2.48599122170165172E-003	1.11661676014662443E-003	-1	1.36937446155502730E-003	-1	OK
73.000000000000000	6.06043032729205663E-003	3.62809636555454229E-003	2.58105148158664947E-003	1.04704488396789390E-003	2.43233396173751478E-003	1.09222943265115742E-003	-1	1.34010452908635736E-003	-1	OK
73.250000000000000	5.93638937607495268E-003	3.55639927374940337E-003	2.52852535191664058E-003	1.02787392183276258E-003	2.37999010232554887E-003	1.06844464654194671E-003	-1	1.31154545578360216E-003	-1	OK
73.500000000000000	5.81523776250741139E-003	3.48631384118585491E-003	2.47721470715222799E-003	1.00909913403362671E-003	2.32892392132155648E-003	1.04524563459322951E-003	-1	1.28367828672832696E-003	-1	OK
73.750000000000000	5.69689951816262138E-003	3.41779930835010241E-003	2.42708792732982369E-003	9.90711381020277851E-004	2.27910020981251897E-003	1.02261620540560275E-003	-1	1.25648400440691622E-003	-1	OK
74.000000000000000	5.58130046494578931E-003	3.35081637901604853E-003	2.37811434497292454E-003	9.72702034043124533E-004	2.23048408592974078E-003	1.00054093662569656E-003	-1	1.22994314930404422E-003	-1	OK
74.250000000000000	5.46836739680057853E-003	3.28532642972395031E-003	2.33026409934539722E-003	9.55062330378552977E-004	2.18304096707662822E-003	9.79004743030959142E-004	-1	1.20403622404566908E-003	-1	OK
74.500000000000000	5.35803086798381217E-003	3.22129162659762734E-003	2.28350814956231399E-003	9.37783477035314329E-004	2.13673924138618482E-003	9.55719023390930742E-004	-1	1.18102021799525408E-003	-1	OK
74.750000000000000	5.25022494319553855E-003	3.15867592743726468E-003	2.23781845045139963E-003	9.20857476985864620E-004	2.09154901575827386E-003	9.35265740586789496E-004	-1	1.15628327517148426E-003	-1	OK
75.000000000000000	5.14454724244541896E-003	3.09744402854077346E-003	2.19316766868374400E-003	9.04276359857030324E-004	2.04710321390464550E-003	9.15307473771812983E-004	-1	1.13179574013283252E-003	-1	OK
75.250000000000000	5.04161580217933614E-003	3.03756129641980649E-003	2.14952920609262806E-003	8.88032090327178867E-004	2.00405450575952921E-003	8.95830844701169058E-004	-1	1.10822366105836016E-003	-1	OK
75.500000000000000	4.94102480221403004E-003	2.97899456451834700E-003	2.10687730560062559E-003	8.72117258917722059E-004	1.96203023769568347E-003	8.76822879426835582E-004	-1	1.08520735826884789E-003	-1	OK
75.750000000000000	4.84271311653388780E-003	2.92171120518376886E-003	2.06518686112372712E-003	8.56524344060041634E-004	1.92100191135011916E-003	8.58270517644817588E-004	-1	1.06273139370530157E-003	-1	OK
76.000000000000000	4.74662124643540888E-003	2.86567936087154217E-003	2.02443347373624377E-003	8.41245887135298720E-004	1.88094188556386650E-003	8.40161733579535192E-004	-1	1.04078015198433120E-003	-1	OK
76.250000000000000	4.65285385259310742E-003	2.81086831964214110E-003	1.98459348116971409E-003	8.26274838472426795E-004	1.84198553295096654E-003	8.22484928825621296E-004	-1	1.01950060412534524E-003	-1	OK
76.500000000000000	4.56103535282800267E-003	2.75724810239454414E-003	1.94564387213470554E-003	8.11604230259838273E-004	1.80378725043345831E-003	8.05228330604914602E-004	-1	9.98558919828543712E-004	-1	OK
76.750000000000000	4.47127457534547343E-003	2.70478939059146323E-003	1.90756224465351578E-003	7.97227145937947669E-004	1.76648518475401063E-003	7.88378291156019710E-004	-1	9.78106893597991030E-004	-1	OK
77.000000000000000	4.38323277633106446E-003	2.65346408827294138E-003	1.87032692611027317E-003	7.83137162162668540E-004	1.72976868805812352E-003	7.71925669116314567E-004	-1	9.57843018941808948E-004	-1	OK
77.250000000000000	4.29744088789279013E-003	2.60324480449374788E-003	1.83391680490205353E-003	7.69327999591694020E-004	1.69419608339904182E-003	7.55861933458549964E-004	-1	9.38334149940491858E-004	-1	OK
77.500000000000000	4.21355591940656901E-003	2.55410457921671167E-003	1.79831132491487552E-003	7.55793254301837122E-004	1.65945134018985691E-003	7.40176257602584604E-004	-1	9.19275082587272304E-004	-1	OK
77.750000000000000	4.13153004689004177E-003	2.50601779039009900E-003	1.76349059102611752E-003	7.42527199363982125E-004	1.62551225649994278E-003	7.24858537933704191E-004	-1	9.00653718566238586E-004	-1	OK
78.000000000000000	4.05131772354993397E-003	2.45895885208777904E-003	1.72943512531890746E-003	7.29523726768872447E-004	1.59235887146215449E-003	7.09899049588098656E-004	-1	8.82459821874055834E-004	-1	OK
78.250000000000000	3.97287307056397223E-003	2.41290281375680128E-003	1.69612598693313367E-003	7.16776826823667390E-004	1.55997025680717073E-003	6.95288374356785224E-004	-1	8.64681882450385507E-004	-1	OK
78.500000000000000	3.89615242683684013E-003	2.36782580948366808E-003	1.66354486158059515E-003	7.04280947903072603E-004	1.52832661735317183E-003	6.81017476761754548E-004	-1	8.47309140591417280E-004	-1	OK
78.750000000000000	3.82111307442463324E-003	2.32370443938572377E-003	1.63167389676762797E-003	6.92030542618095909E-004	1.49740863503890968E-003	6.67077393240978378E-004	-1	8.30331241797931303E-004	-1	OK
79.000000000000000	3.74771399097868167E-003	2.28051617082772676E-003	1.60049575184570804E-003	6.80020418982018606E-004	1.46719782015095491E-003	6.53459472485246680E-004	-1	8.13738347665708228E-004	-1	OK
79.250000000000000	3.67591531992707320E-003	2.23823901632524275E-003	1.56999354190972672E-003	6.68245474415516023E-004	1.43767630360183045E-003	6.40155267832287814E-004	-1	7.97521035769542638E-004	-1	OK
79.500000000000000	3.60567376392782139E-003	2.19685116058126757E-003	1.54015076458332038E-003	6.56700395997946969E-004	1.40882260334655382E-003	6.27156921795084298E-004	-1	7.81665681551469522E-004	-1	OK
79.750000000000000	3.53695435406794784E-003	2.15633130421055263E-003	1.51095138329734023E-003	6.45379920913212294E-004	1.38062304985739543E-003	6.14456783186561380E-004	-1	7.66166266670834052E-004	-1	OK
80.000000000000000	3.46972118070294766E-003	2.11665932129036661E-003	1.48237990909698501E-003	6.34279412193381386E-004	1.35306185941258127E-003	6.02046995621904001E-004	-1	7.51014863790677267E-004	-1	OK
80.250000000000000	3.40393831137138572E-003	2.07781543825033164E-003	1.45442121166908266E-003	6.23394226581248218E-004	1.32612287312105386E-003	5.89920143492888216E-004	-1	7.36202729628165648E-004	-1	OK
80.500000000000000	3.33957177065159413E-003	2.03978028234445309E-003	1.42706053309993200E-003	6.12719749244521419E-004	1.29979148830714126E-003	5.78069021481291854E-004	-1	7.21722466825849406E-004	-1	OK
80.750000000000000	3.27659064735282652E-003	2.00253482491896022E-003	1.40028349463519326E-003	6.02251330283767069E-004	1.27405582243386630E-003	5.66486632476777925E-004	-1	7.07569189957088377E-004	-1	OK
81.000000000000000	3.21470287767633509E-003	1.96606082734980970E-003	1.37407615282286537E-003	5.91984674526944542E-004	1.24864205032652561E-003	5.55165435624084590E-004	-1	6.93476614702441020E-004	-1	OK
81.250000000000000	3.15439609361660867E-003	1.93034860955919557E-003	1.34842942057075308E-003	5.81919188988442920E-004	1.22404748405741332E-003	5.44103126489823923E-004	-1	6.79944357567589396E-004	-1	OK
81.500000000000000	3.09536781559417284E-003	1.89536365654675507E-003	1.32332089596886768E-003	5.72042760577886841E-004	1.20000415904741777E-003	5.33286008794652618E-004	-1	6.66718150252765154E-004	-1	OK
81.750000000000000	3.03759211265004596E-003	1.86109760662925804E-003	1.29874233271512962E-003	5.62355273914128310E-004	1.17649450602078814E-003	5.22711567515970229E-004	-1	6.53782938504817910E-004	-1	OK
82.000000000000000	2.98103908553729903E-003	1.82753395168276786E-003	1.27468119560052271E-003	5.52852756082245259E-004	1.15350513385453096E-003	5.12373723697915825E-004	-1	6.41131410156615131E-004	-1	OK
82.250000000000000	2.92567967477540530E-003	1.79465643352831540E-003	1.25112526290364358E-003	5.43531170624671493E-004	1.13102324124709011E-003	5.02266568374952157E-004	-1	6.28756672872137954E-004	-1	OK
82.500000000000000	2.87148609873370906E-003	1.76244970522997655E-003	1.22806272126556163E-003	5.34386983964415131E-004	1.10903639350373251E-003	4.92384351182605681E-004	-1	6.16652042321126832E-004	-1	OK
82.750000000000000	2.81843097746514986E-003	1.73089858276585318E-003	1.20548199503222437E-003	5.25416587733629355E-004	1.08753239469929646E-003	4.82721477572039181E-004	-1	6.04810917127257281E-004	-1	OK
83.000000000000000	2.76648747327835551E-003	1.69998798006958628E-003	1.18337175740047861E-003	5.16616222669107885E-004	1.06649949320876945E-003	4.73272517233663131E-004	-1	5.93226975975106371E-004	-1	OK
83.250000000000000	2.71562930948124337E-003	1.66970312447317160E-003	1.16172096578612293E-003	5.07982158687048557E-004	1.04592618500807177E-003	4.64032196971625552E-004	-1	5.81893988036446272E-004	-1	OK
83.500000000000000	2.66594139371174096E-003	1.64002969232749664E-003	1.14051888757337556E-003	4.99510804754121408E-004	1.02591170138424410E-003	4.54995371690877760E-004	-1	5.70916329693366338E-004	-1	OK
83.750000000000000	2.61696598939783467E-003	1.61095379609546693E-003	1.11975507621631261E-003	4.91198719879154208E-004	1.00601219330236774E-003	4.46156956329119589E-004	-1	5.59855236973248152E-004	-1	OK
84.000000000000000	2.56921732164811824E-003	1.58246197082578029E-003	1.09941937718086632E-003	4.83042593644914301E-004	9.86755350822338161E-004	4.37510362922835831E-004	-1	5.49244987899502385E-004	-1	OK
84.250000000000000	2.52245599513717085E-003	1.55454099629735287E-003	1.07950187158345283E-003	4.75039124713899923E-004	9.67914998839818097E-004	4.29052709218695190E-004	-1	5.38862289621122852E-004	-1	OK
84.500000000000000	2.47665747156923998E-003	1.52717788099261784E-003	1.05999288283279498E-003	4.67184998159822908E-004	9.49479590576622146E-004	4.20779388739800472E-004	-1	5.28700201836821673E-004	-1	OK
84.750000000000000	2.43180170664892420E-003	1.50036009104558910E-003	1.04088301461561800E-003	4.59477076429971258E-004	9.31441615603335318E-004	4.12685893453589145E-004	-1	5.18755722149746119E-004	-1	OK
85.000000000000000	2.38786671719971866E-003	1.47407545314277551E-003	1.02216311972412035E-003	4.51912333418655104E-004	9.13791264056942930E-004	4.04767807111197316E-004	-1	5.09023456945745614E-004	-1	OK
85.250000000000000	2.34483081367660396E-003	1.44831206889810141E-003	1.00382428982476049E-003	4.44487779073341187E-004	8.96518744778502662E-004	3.97021492714776591E-004	-1	4.99497252063726017E-004	-1	OK
85.500000000000000	2.30267319027830514E-003	1.42305844318022325E-003	9.85857859719525527E-004	4.37200583460697944E-004	8.79614747098082100E-004	3.89442723625210089E-004	-1	4.90172023472871957E-004	-1	OK
85.750000000000000	2.26099416096704926E-003	1.39830342197733702E-003	9.68255382689645495E-004	4.30048039287691305E-004	8.62690738989712463E-004	3.82027685358087943E-004	-1	4.80663053631624521E-004	-1	OK
86.000000000000000	2.22054231392314512E-003	1.37403603979836743E-003	9.51008607634360945E-004	4.23027432164006323E-004	8.46506274124777798E-004	3.74771127453679481E-004	-1	4.71735146671098317E-004	-1	OK
86.250000000000000	2.18091009568933524E-003	1.35024551065438241E-003	9.34109461832404050E-004	4.16136048821978146E-004	8.30664585034952829E-004	3.67669925496934020E-004	-1	4.62994659538018809E-004	-1	OK
86.500000000000000	2.14167513203595335E-003	1.32692125298518098E-003	9.17550076765868451E-004	4.09371176219312371E-004	8.14753879050772261E-004	3.60720370182342274E-004	-1	4.54033508868429986E-004	-1	OK
86.750000000000000	2.10363262450570391E-003	1.30405302304990433E-003	9.01322787615489620E-004	4.02730235434414600E-004	7.99579601455799685E-004	3.53918853912353528E-004	-1	4.45660747543446156E-004	-1	OK
87.000000000000000	2.06635336673656467E-003	1.28163074630298661E-003	8.85420114749549533E-004	3.96210631553437181E-004	7.84722620433578170E-004	3.47261862788568205E-004	-1	4.37460757645009965E-004	-1	OK
87.250000000000000	2.02922256246088843E-003	1.25964462891437813E-003	8.69834762298023851E-004	3.89809866616354058E-004	7.69577933546510516E-004	3.40745970914868568E-004	-1	4.28831962631641948E-004	-1	OK
87.500000000000000	1.99342952944066331E-003	1.23808504417073249E-003	8.54559610031781994E-004	3.83525434138950875E-004	7.55344485269930925E-004	3.34367841180842340E-004	-1	4.20976644089088585E-004	-1	OK
87.750000000000000	1.95822189206914295E-003	1.21694265549399387E-003	8.39587732312305668E-004	3.77354923181688476E-004	7.41279236575148972E-004	3.28124226524935858E-004	-1	4.13155010050213114E-004	-1	OK
88.000000000000000	1.92384572439944384E-003	1.19620836477460227E-003	8.24912379518047759E-004	3.71295985256554404E-004	7.27637359624841570E-004	3.22012183607803704E-004	-1	4.05625176017037866E-004	-1	OK
88.250000000000000	1.89015202282742179E-003	1.17587340499920086E-003	8.10526993498450064E-004	3.65346411500750963E-004	7.14278617828221032E-004	3.16029682270811793E-004	-1	3.98248935557409239E-004	-1	OK
88.500000000000000	1.85712571150825232E-003	1.15592926670678707E-003	7.96425186019940464E-004	3.59504080686846763E-004	7.01196444801465259E-004	3.10172369444912974E-004	-1	3.91024075356552286E-004	-1	OK
88.750000000000000	1.82475223372255456E-003	1.13636759856439022E-003	7.82600711833522297E-004	3.53766886730867973E-004	6.88384635158164346E-004	3.04437356940705575E-004	-1	3.83947278217458771E-004	-1	OK
89.000000000000000	1.79301568170192778E-003	1.11718009798867160E-003	7.69047448528674730E-004	3.48132649459996924E-004	6.75835583713256072E-004	2.98821795551776587E-004	-1	3.77013788161479485E-004	-1	OK
89.250000000000000	1.76190266519049392E-003	1.09835883160104802E-003	7.55759458810251455E-004	3.42599372790796460E-004	6.63543833589445896E-004	2.93323015063451636E-004	-1	3.70220818525994260E-004	-1	OK
89.500000000000000	1.73139906899234591E-003	1.07989600348795786E-003	7.42730932278565367E-004	3.37165071209392659E-004	6.51503065504388155E-004	2.87938194329470599E-004	-1	3.63564871174917555E-004	-1	OK
89.750000000000000	1.70149259424400186E-003	1.06178404838539863E-003	7.29956211438698285E-004	3.31827836946700725E-004	6.39708545858603118E-004	2.82664106186653237E-004	-1	3.57044439671949881E-004	-1	OK
90.000000000000000	1.67217012636899660E-003	1.04401545056546138E-003	7.17429747117221610E-004	3.26585703448239930E-004	6.28154675803535220E-004	2.77498703572372121E-004	-1	3.50655972231163099E-004	-1	OK
90.250000000000000	1.64341882123729454E-003	1.02658284157395229E-003	7.05146122431528810E-004	3.21436719142423430E-004	6.16835979663342133E-004	2.72439542543514101E-004	-1	3.44396437119828033E-004	-1	OK
90.500000000000000	1.61522597183856912E-003	1.00947913134975809E-003	6.93100065243910306E-004	3.16379066105847780E-004	6.05746840488811033E-004	2.67483194065653576E-004	-1	3.38263646423157458E-004	-1	OK
90.750000000000000	1.58757891776211313E-003	9.92697301179138554E-004	6.81286416546767913E-004	3.11410884632370804E-004	5.94881616582974577E-004	2.62628122570649912E-004	-1	3.32253494012324665E-004	-1	OK
91.000000000000000	1.56046623802588410E-003	9.76230497099223786E-004	6.69700138892526781E-004	3.06530358206696843E-004	5.84235740926660309E-004	2.57872269215032673E-004	-1	3.26363471711627637E-004	-1	OK
91.250000000000000	1.53387642167241052E-003	9.60071987659068520E-004	6.58336330028320570E-004	3.01735657630748113E-004	5.73804434013342108E-004	2.53213392591288922E-004	-1	3.20591041422053186E-004	-1	OK
91.500000000000000	1.50779859571614511E-003	9.44215493795072308E-004	6.47190247914840636E-004	2.97025245880231401E-004	5.63583101921072914E-004	2.48649078009651673E-004	-1	3.14934023911421241E-004	-1	OK
91.750000000000000	1.48222093190828277E-003	9.28654701817070607E-004	6.36257230212744691E-004	2.92397471604325862E-004	5.53566230091212161E-004	2.44177150116614821E-004	-1	3.09389079974597340E-004	-1	OK
92.000000000000000	1.45713351958534436E-003	9.13383574650873035E-004	6.25532743908229546E-004	2.87850830742643435E-004	5.43749944934471328E-004	2.39795648461153566E-004	-1	3.03954296473317735E-004	-1	OK
92.250000000000000	1.43252577028268923E-003	8.98396039036238199E-004	6.15012327486209333E-004	2.83383711550028595E-004	5.34129731246450919E-004	2.35502164414587315E-004	-1	2.98627566831863604E-004	-1	OK
92.500000000000000	1.40838730375859736E-003	8.83686117150017290E-004	6.04691626625418087E-004	2.78994490524599420E-004	5.24701186608580073E-004	2.31294397088246939E-004	-1	2.93406789520333133E-004	-1	OK
92.750000000000000	1.38470765434651468E-003	8.69248093745129697E-004	5.94566413094721339E-004	2.74681680650408358E-004	5.15459560601384988E-004	2.27171021289794171E-004	-1	2.88288539311590817E-004	-1	OK
93.000000000000000	1.36147745523681162E-003	8.55076354388896670E-004	5.84632548181745625E-004	2.70443806207151046E-004	5.06401100847915053E-004	2.23130331309531310E-004	-1	2.83270769538383716E-004	-1	OK
93.250000000000000	1.33868736474425159E-003	8.41165528166314016E-004	5.74886007475289848E-004	2.66279520691024168E-004	4.97521836577937467E-004	2.19170476691599582E-004	-1	2.78351359886337885E-004	-1	OK
93.500000000000000	1.31632743198671761E-003	8.27510202378200946E-004	5.65322825849144651E-004	2.62187376529056403E-004	4.88817229608516776E-004	2.15289656256167808E-004	-1	2.73527573352348968E-004	-1	OK
93.750000000000000	1.29438872106133309E-003	8.14105026893831426E-004	5.55939124849770799E-004	2.58165902044060790E-004	4.80283694167501715E-004	2.11486114004113401E-004	-1	2.68797580163388341E-004	-1	OK
94.000000000000000	1.27286271233353985E-003	8.00944815726431980E-004	5.46731128404460195E-004	2.54213687321971568E-004	4.71917896607107923E-004	2.07758135451067516E-004	-1	2.64159761156040407E-004	-1	OK
94.250000000000000	1.25174085637294900E-003	7.88024632432007171E-004	5.37695177263507402E-004	2.50329455168499606E-004	4.63716223940941776E-004	2.04104045963360054E-004	-1	2.59612177977581722E-004	-1	OK
94.500000000000000	1.23101463967270337E-003	7.75339632768143111E-004	5.28827681110742727E-004	2.46511951657400275E-004	4.55675006904560315E-004	2.00522211685253082E-004	-1	2.55152795219307205E-004	-1	OK
94.750000000000000	1.21067574052750805E-003	7.62885015378764707E-004	5.20125127833136083E-004	2.42759887545628678E-004	4.47790725148743401E-004	1.97011038806501064E-004	-1	2.50779686342242336E-004	-1	OK
95.000000000000000	1.19071602707288286E-003	7.50656094089641830E-004	5.11584088505591676E-004	2.39072005584050262E-004	4.40059932983241089E-004	1.93569138170957141E-004	-1	2.46490794812283948E-004	-1	OK
95.250000000000000	1.17112767943248109E-003	7.38648314100634885E-004	5.03201214880606251E-004	2.35447099220028607E-004	4.32479365331846200E-004	1.90194997261335146E-004	-1	2.42284368070511054E-004	-1	OK
95.500000000000000	1.15190302149310625E-003	7.26857271637100857E-004	4.94973247838670491E-004	2.31884023798430258E-004	4.25045749856005340E-004	1.86887029958601248E-004	-1	2.38158719897404092E-004	-1	OK
95.750000000000000	1.13303453388863403E-003	7.15278608382148443E-004	4.86896986822482679E-004	2.28381621559665547E-004	4.17755925506485483E-004	1.83644298247660786E-004	-1	2.34111627258824697E-004	-1	OK
96.000000000000000	1.11451484036540600E-003	7.03908022389294788E-004	4.78969296896696831E-004	2.24938725492597930E-004	4.10606817976111262E-004	1.80464796803967993E-004	-1	2.30142021172143269E-004	-1	OK
96.250000000000000	1.09633675192247356E-003	6.92741268450821224E-004	4.71187110228277217E-004	2.21554158222543791E-004	4.03595483471652389E-004	1.77347081936489530E-004	-1	2.26248401535162860E-004	-1	OK
96.500000000000000	1.07849303410788126E-003	6.81774219913109541E-004	4.63547434664399497E-004	2.18226785248710017E-004	3.96718814194771722E-004	1.74289858787250593E-004	-1	2.22428955407521128E-004	-1	OK
96.750000000000000	1.06097676841852514E-003	6.71002844597310246E-004	4.56047343865716018E-004	2.14955500731594363E-004	3.89973923821214949E-004	1.71181433532694512E-004	-1	2.18792490288520437E-004	-1	OK
97.000000000000000	1.04378106940772319E-003	6.60423292159635720E-004	4.48683999319035305E-004	2.11739292840600415E-004	3.83357777248087420E-004	1.68243157466560565E-004	-1	2.15114619781526855E-004	-1	OK
97.250000000000000	1.02689968927088251E-003	6.50031774045256843E-004	4.41454619099500159E-004	2.08577154945756521E-004	3.76867915225625614E-004	1.65361546295237174E-004	-1	2.11506368930388440E-004	-1	OK
97.500000000000000	1.01032616299869460E-003	6.39824517263502313E-004	4.34356469681122337E-004	2.05468047582379923E-004	3.70501645735192391E-004	1.62535383914984982E-004	-1	2.07966261820207408E-004	-1	OK
97.750000000000000	9.94054142674906036E-004	6.29797828116146594E-004	4.27386888978887659E-004	2.02410939137259043E-004	3.64256314558759550E-004	1.59763420469229931E-004	-1	2.04492894089529619E-004	-1	OK
98.000000000000000	9.78077612873839942E-004	6.19948224161667250E-004	4.20543293239347628E-004	1.99404930922319703E-004	3.58129388712172638E-004	1.57044518594316507E-004	-1	2.01084870117856132E-004	-1	OK
98.250000000000000	9.62365154797755308E-004	6.10272220924482946E-004	4.13823138608918680E-004	1.96449082315564266E-004	3.52092933873272363E-004	1.54377588659765439E-004	-1	1.97715345213506923E-004	-1	OK
98.500000000000000	9.46962330657439232E-004	6.00766420702651400E-004	4.07223939605700714E-004	1.93542481096950687E-004	3.46195909954787832E-004	1.51761525058612676E-004	-1	1.94434384896175155E-004	-1	OK
98.750000000000000	9.31837507559718677E-004	5.91427479987239680E-004	4.00743265532631752E-004	1.90684214454608063E-004	3.40410027572478943E-004	1.49195248212222040E-004	-1	1.91214779360256902E-004	-1	OK
99.000000000000000	9.16984989207697012E-004	5.82252134913518841E-004	3.94378737637840048E-004	1.87873397275678848E-004	3.34732854294178170E-004	1.46677454510433798E-004	-1	1.88055399783744373E-004	-1	OK
99.250000000000000	9.02399023673893267E-004	5.73237155461981383E-004	3.88128025286858715E-004	1.85109130175122695E-004	3.29161868211911830E-004	1.44207328109569933E-004	-1	1.84954540102341897E-004	-1	OK
99.500000000000000	8.88074377549412071E-004	5.64379443838133833E-004	3.81988856794542421E-004	1.82390587043591330E-004	3.23694933711278238E-004	1.41783938079194518E-004	-1	1.81910995632083720E-004	-1	OK
99.750000000000000	8.74005766740090979E-004	5.55675890809932053E-004	3.75958994764040856E-004	1.79716896045891387E-004	3.18329875930158926E-004	1.39406276526878720E-004	-1	1.78923599403280206E-004	-1	OK
100.00000000000000	8.60188078160681281E-004	5.47123433351728687E-004	3.70036250467891238E-004	1.77087182883837530E-004	3.13064644808952648E-004	1.37073382130168254E-004	-1	1.75991262678784394E-004	-1	OK
