5.000000000000000000e-01 1.854975629898156524e+08 2.886767231906117871e+07 1.191968146750796795e+09
7.500000000000000000e-01 2.557520148780078441e+07 5.117255386999345385e+06 1.278206541739854664e+08
1.000000000000000000e+00 5.704902824231204577e+06 1.331720449753576191e+06 2.443900012194265425e+07
1.250000000000000000e+00 1.727681491112346994e+06 4.481113961218317854e+05 6.661029736277132295e+06
1.500000000000000000e+00 6.330973423391559627e+05 1.773440221761489520e+05 2.260083198512274306e+06
1.750000000000000000e+00 2.647682894323871005e+05 7.866220893051194435e+04 8.911807593768276274e+05
2.000000000000000000e+00 1.217757742094971472e+05 3.790220302217931749e+04 3.912526977823614143e+05
2.250000000000000000e+00 6.023491380915133777e+04 1.946893807018885491e+04 1.863606956124390126e+05
2.500000000000000000e+00 3.152690524658487266e+04 1.051351936793527420e+04 9.453977489769340900e+04
2.750000000000000000e+00 1.729303508750049878e+04 5.920623737455136506e+03 5.050972258981344203e+04
3.000000000000000000e+00 9.858299963371757258e+03 3.451899199386354667e+03 2.815437895321288306e+04
3.250000000000000000e+00 5.803050787793284144e+03 2.071789442729058919e+03 1.625425719003057930e+04
3.500000000000000000e+00 3.510921783844994479e+03 1.274886429273806471e+03 9.668760674861610823e+03
3.750000000000000000e+00 2.175711685472503177e+03 8.019251160611681826e+02 5.902946850639016702e+03
4.000000000000000000e+00 1.376227095837045454e+03 5.052512722708996762e+02 3.748631865493977784e+03
4.250000000000000000e+00 8.867342095676509643e+02 3.321002314661869264e+02 2.367651341121164933e+03
4.500000000000000000e+00 5.807899598809694908e+02 2.213184979036402069e+02 1.524124647029741254e+03
4.750000000000000000e+00 3.856646331132355385e+02 1.492150353065984234e+02 9.967977350858105865e+02
5.000000000000000000e+00 2.593942576612738549e+02 1.016144139865656655e+02 6.621637449637711370e+02
5.250000000000000000e+00 1.764248220963839344e+02 6.986425431018166421e+01 4.455170696240382995e+02
5.500000000000000000e+00 1.212776462871043890e+02 4.849119320072770023e+01 3.033183247946820984e+02
5.750000000000000000e+00 8.412167705119736638e+01 3.392106535819949897e+01 2.086153979888312335e+02
6.000000000000000000e+00 5.883420851961818698e+01 2.388714737756987461e+01 1.449090608190512341e+02
6.250000000000000000e+00 4.146753723963514204e+01 1.692646827725443259e+01 1.015898069552550993e+02
6.500000000000000000e+00 2.941279867878713716e+01 1.206725181738750585e+01 7.169094829630849119e+01
6.750000000000000000e+00 2.099782950580568652e+01 8.642754516265775067e+00 5.101485216606438655e+01
7.000000000000000000e+00 1.507450489614783429e+01 6.225546054713070987e+00 3.650132789427389923e+01
7.250000000000000000e+00 1.087868668908635428e+01 4.502433246534293332e+00 2.628485923037287009e+01
7.500000000000000000e+00 7.887544457284018762e+00 3.271887152960524681e+00 1.901451812277171527e+01
7.750000000000000000e+00 5.744320705038362895e+00 2.385495863542175687e+00 1.383243662947942099e+01
8.000000000000000000e+00 4.197889944897680969e+00 1.743626648117373668e+00 1.010668195998275110e+01
8.250000000000000000e+00 3.078322535628276402e+00 1.277905900248317295e+00 7.415310964223226442e+00
8.500000000000000000e+00 2.263896173923240163e+00 9.392434165598493312e-01 5.456759979299468988e+00
8.750000000000000000e+00 1.669796913528735161e+00 6.924121917201750964e-01 4.026823568058858882e+00
9.000000000000000000e+00 1.235048329594380379e+00 5.120272610639825528e-01 2.979029618978164873e+00
9.250000000000000000e+00 9.155496526082645969e-01 3.789651184682172880e-01 2.211895305244073739e+00
9.500000000000000000e+00 6.798658577337058917e-01 2.808270365639778943e-01 1.645915543486801802e+00
9.750000000000000000e+00 5.057275189438972252e-01 2.083095780266090713e-01 1.227789551685806613e+00
1.000000000000000000e+01 3.765857702739832114e-01 1.546336342495578109e-01 9.171151092780760461e-01
1.025000000000000000e+01 2.808679332610234392e-01 1.149590520951615236e-01 6.862164787947043765e-01
1.050000000000000000e+01 2.097373432110090918e-01 8.556462439050645241e-02 5.141114502700179223e-01
1.075000000000000000e+01 1.566392411413750907e-01 6.360152584003457565e-02 3.857745791674314084e-01
1.100000000000000000e+01 1.171060088669573229e-01 4.731877461599170304e-02 2.898176764728224719e-01
1.125000000000000000e+01 8.757368685605729230e-02 3.520889601230450805e-02 2.178185486668662296e-01
1.150000000000000000e+01 6.550394681960515497e-02 2.619829398627540953e-02 1.637803992578096557e-01
1.175000000000000000e+01 4.901572790591698231e-02 1.949581612505037198e-02 1.232337013611776305e-01
1.200000000000000000e+01 3.667195376296403242e-02 1.450489849703716881e-02 9.271572586789718351e-02
1.225000000000000000e+01 2.742091482266165170e-02 1.077442771315977391e-02 6.978621878852039884e-02
1.250000000000000000e+01 2.048569891476975310e-02 7.997336999607451355e-03 5.247545027140881890e-02
1.275000000000000000e+01 1.530461887287337328e-02 5.936511842123530849e-03 3.945605855308555870e-02
1.300000000000000000e+01 1.142398862972459316e-02 4.400822098243448513e-03 2.965525833552049018e-02
1.325000000000000000e+01 8.519573457248071774e-03 3.258405879744375247e-03 2.227565704587424616e-02
1.350000000000000000e+01 6.341795418619607626e-03 2.405684605016381560e-03 1.671805566189370901e-02
1.375000000000000000e+01 4.716763645064809413e-03 1.775556439891103327e-03 1.253007721048256251e-02
1.400000000000000000e+01 3.501875713360079988e-03 1.307005335413844024e-03 9.382619320324525614e-03
1.425000000000000000e+01 2.595900435526762168e-03 9.603825262650498434e-04 7.016682297807929139e-03
1.450000000000000000e+01 1.918385800065539742e-03 7.026057984381399576e-04 5.237935818454705905e-03
1.475000000000000000e+01 1.416267433149666875e-03 5.137886758526306365e-04 3.903965845241149334e-03
1.500000000000000000e+01 1.043126851207179951e-03 3.747824264901999177e-04 2.903320835769920751e-03
1.525000000000000000e+01 7.660267605066156367e-04 2.724572989752820692e-04 2.153720968457135693e-03
1.550000000000000000e+01 5.611388095429057808e-04 1.975561282200689656e-04 1.593859762347996567e-03
1.575000000000000000e+01 4.097537053525708442e-04 1.426770362630294881e-04 1.176770301989145222e-03
1.600000000000000000e+01 2.982202633227410814e-04 1.026373910205945791e-04 8.665002546531977001e-04
1.625000000000000000e+01 2.163061562955978956e-04 7.357437844333872983e-05 6.359327015913343682e-04
1.650000000000000000e+01 1.563101691568528581e-04 5.250617415288868573e-05 4.653332560605114021e-04
1.675000000000000000e+01 1.124883865725492783e-04 3.731760205448004998e-05 3.390795875689496552e-04
1.700000000000000000e+01 8.060843595801171356e-05 2.639003996438742385e-05 2.462186475035792166e-04
1.725000000000000000e+01 5.747174807273419602e-05 1.855586234095934258e-05 1.780031434726121644e-04
1.750000000000000000e+01 4.079061384263029798e-05 1.298271512014292243e-05 1.281607246451130049e-04
1.775000000000000000e+01 2.881779334957511329e-05 9.042401250450084622e-06 9.184122563655084271e-05
1.800000000000000000e+01 2.023062629865925359e-05 6.252037611563864521e-06 6.546317630575288122e-05
1.825000000000000000e+01 1.411372093478601777e-05 4.292096674120191816e-06 4.641021247869473186e-05
1.850000000000000000e+01 9.789045263822626725e-06 2.930817512471451719e-06 3.269579452470315471e-05
1.875000000000000000e+01 6.740614294164842635e-06 1.983982205311532908e-06 2.290135513365901154e-05
1.900000000000000000e+01 4.605433065729467283e-06 1.331932156964489181e-06 1.592424479881358025e-05
1.925000000000000000e+01 3.124127437597718729e-06 8.875736317207467295e-07 1.099646485377078809e-05
1.950000000000000000e+01 2.101321770213422326e-06 5.859833857016902004e-07 7.535287330178198872e-06
1.975000000000000000e+01 1.400339502212104989e-06 3.830319326267638588e-07 5.119548931619877776e-06
2.000000000000000000e+01 9.243553619347310927e-07 2.479412462149459945e-07 3.446110109476340476e-06
