5.000000000000000000e-01 1.129012787133123636e+09
7.500000000000000000e-01 1.794718291786887944e+08
1.000000000000000000e+00 5.509459277955482155e+07
1.250000000000000000e+00 2.184295083027188480e+07
1.500000000000000000e+00 9.928846210262157023e+06
1.750000000000000000e+00 5.168498859162320383e+06
2.000000000000000000e+00 2.917617622938732151e+06
2.250000000000000000e+00 1.751746714000949170e+06
2.500000000000000000e+00 1.084078805095457472e+06
2.750000000000000000e+00 7.138193892101475503e+05
3.000000000000000000e+00 4.864907223955441150e+05
3.250000000000000000e+00 3.414697517319198232e+05
3.500000000000000000e+00 2.449480732566241350e+05
3.750000000000000000e+00 1.794291212317774189e+05
4.000000000000000000e+00 1.339396239674823300e+05
4.250000000000000000e+00 1.016812853156000201e+05
4.500000000000000000e+00 7.831728730844568054e+04
4.750000000000000000e+00 6.114705240929937281e+04
5.000000000000000000e+00 4.829870059458594915e+04
6.000000000000000000e+00 2.083640530908207074e+04
7.000000000000000000e+00 1.016191999360679984e+04
8.000000000000000000e+00 5.424483891337167734e+03
9.000000000000000000e+00 3.101804030750306083e+03
1.000000000000000000e+01 1.875016967767275219e+03
1.100000000000000000e+01 1.184561207785484839e+03
1.200000000000000000e+01 7.766839160424650572e+02
1.300000000000000000e+01 5.259194614475514982e+02
1.400000000000000000e+01 3.659720539551418597e+02
1.500000000000000000e+01 2.607660441238377302e+02
1.600000000000000000e+01 1.900826743855208179e+02
1.700000000000000000e+01 1.407379954012047847e+02
1.800000000000000000e+01 1.058822679316142228e+02
1.900000000000000000e+01 8.081559018216198353e+01
2.000000000000000000e+01 6.246488768550369741e+01
2.250000000000000000e+01 3.449717809776784350e+01
2.500000000000000000e+01 2.020987226734551356e+01
2.750000000000000000e+01 1.241701649661661300e+01
3.000000000000000000e+01 7.936468250888500719e+00
3.250000000000000000e+01 5.249332949922419722e+00
3.500000000000000000e+01 3.573248981730990259e+00
3.750000000000000000e+01 2.493538741181922092e+00
4.000000000000000000e+01 1.778473604104400918e+00
4.250000000000000000e+01 1.292353397723501773e+00
4.500000000000000000e+01 9.557219288926673828e-01
4.750000000000000000e+01 7.177058326983356551e-01
5.000000000000000000e+01 5.464780971085367867e-01
5.250000000000000000e+01 4.213533878108624564e-01
5.500000000000000000e+01 3.285969484872014457e-01
5.750000000000000000e+01 2.589300950220311814e-01
6.000000000000000000e+01 2.059161207870116306e-01
6.250000000000000000e+01 1.652556250468605048e-01
6.500000000000000000e+01 1.337049792041020424e-01
6.750000000000000000e+01 1.089879817384854371e-01
7.000000000000000000e+01 8.946982777555136102e-02
7.250000000000000000e+01 7.392668946009435527e-02
7.500000000000000000e+01 6.145684674176408319e-02
7.750000000000000000e+01 5.131686963056402567e-02
8.000000000000000000e+01 4.313451097252096744e-02
8.250000000000000000e+01 3.642838069389293942e-02
8.500000000000000000e+01 3.091928778481069229e-02
8.750000000000000000e+01 2.636091953134069368e-02
9.000000000000000000e+01 2.256975350245089135e-02
9.250000000000000000e+01 1.940141251507728967e-02
9.500000000000000000e+01 1.674100982288890399e-02
9.750000000000000000e+01 1.449421354716825053e-02
1.000000000000000000e+02 1.259420842883643248e-02
1.050000000000000000e+02 9.602195140682020721e-03
1.100000000000000000e+02 7.406862772060504238e-03
1.150000000000000000e+02 5.776366218489990649e-03
1.200000000000000000e+02 4.550063718609989247e-03
1.250000000000000000e+02 3.617100462148045790e-03
1.300000000000000000e+02 2.899116580333172769e-03
1.350000000000000000e+02 2.341878907464079503e-03
1.400000000000000000e+02 1.906218796376242834e-03
1.450000000000000000e+02 1.562131001818943456e-03
1.500000000000000000e+02 1.288189141068402533e-03
1.600000000000000000e+02 8.913002036924809945e-04
1.700000000000000000e+02 6.299237642598299073e-04
1.800000000000000000e+02 4.536005500209053069e-04
1.900000000000000000e+02 3.319819239786180824e-04
2.000000000000000000e+02 2.467152248688655515e-04
