5.000000000000000000e-01 3.662033051799404621e+08 9.690510695407794416e+07 1.383878156063159227e+09
7.500000000000000000e-01 1.059836141506851166e+08 3.605849532775171846e+07 3.115084632995322943e+08
1.000000000000000000e+00 3.419847955720834434e+07 1.357445688889834099e+07 8.615711211115075648e+07
1.250000000000000000e+00 1.311740252010792680e+07 5.785234941859010607e+06 2.974230962161106616e+07
1.500000000000000000e+00 5.875008722429371439e+06 2.798371868823374156e+06 1.233421757599855959e+07
1.750000000000000000e+00 2.968986419158817735e+06 1.499889366199018201e+06 5.877020369500949979e+06
2.000000000000000000e+00 1.637593721162083792e+06 8.666835741341138491e+05 3.094224092418881599e+06
2.250000000000000000e+00 9.615863293530259980e+05 5.284855263736789348e+05 1.749618906582562486e+06
2.500000000000000000e+00 5.946124378246793058e+05 3.371720868196375086e+05 1.048615721873024013e+06
2.750000000000000000e+00 3.833139684379430255e+05 2.231524873826080584e+05 6.584268906119113090e+05
3.000000000000000000e+00 2.568795899322338810e+05 1.529454363609860011e+05 4.314422534844911424e+05
3.250000000000000000e+00 1.774830664332705783e+05 1.077449725148628495e+05 2.923592454971525003e+05
3.500000000000000000e+00 1.259189979276222293e+05 7.774857710993397632e+04 2.039342021227891382e+05
3.750000000000000000e+00 9.126397620151848241e+04 5.719824512194372801e+04 1.456183373170643463e+05
4.000000000000000000e+00 6.747893327289086301e+04 3.974831711475216434e+04 1.145559552245121158e+05
4.250000000000000000e+00 5.073642119508804171e+04 3.045298406973946840e+04 8.452979286989793763e+04
4.500000000000000000e+00 3.875539981078218261e+04 2.366276765153424640e+04 6.347444375959083118e+04
4.750000000000000000e+00 3.001555723836214747e+04 1.866272230253605085e+04 4.827450474398194638e+04
5.000000000000000000e+00 2.353255732698575230e+04 1.489181703964972257e+04 3.718694991171450965e+04
5.250000000000000000e+00 1.864178709769336274e+04 1.199901764812108922e+04 2.896205642718958916e+04
5.500000000000000000e+00 1.492159985907066948e+04 9.750303719322690085e+03 2.283561094747975949e+04
5.750000000000000000e+00 1.206041141702137429e+04 7.995078968988806082e+03 1.819288141017774615e+04
6.000000000000000000e+00 9.820653968686696317e+03 6.603523592246699081e+03 1.460511846825528846e+04
6.250000000000000000e+00 8.067080891824268292e+03 5.493654258860252412e+03 1.184599376822407976e+04
6.500000000000000000e+00 6.674361673740206243e+03 4.603417788062130057e+03 9.676963031123199471e+03
6.750000000000000000e+00 5.558816594309729226e+03 3.880250696969050750e+03 7.963516881347442904e+03
7.000000000000000000e+00 4.655031443518662854e+03 3.280055372743524003e+03 6.606387782418033567e+03
7.250000000000000000e+00 3.924017846906443992e+03 2.790310384805080957e+03 5.518352419390761497e+03
7.500000000000000000e+00 3.326078459021277922e+03 2.385949385782301306e+03 4.636644004892880730e+03
7.750000000000000000e+00 2.837233953186851522e+03 2.050812159535018509e+03 3.925223705978730777e+03
8.000000000000000000e+00 2.427299537876236627e+03 1.765421289856542444e+03 3.337324116586900345e+03
8.250000000000000000e+00 2.086628408608014524e+03 1.527295334034882671e+03 2.850802997025702552e+03
8.500000000000000000e+00 1.801353761252423055e+03 1.326633931132082353e+03 2.445946313471146368e+03
8.750000000000000000e+00 1.561206718737189021e+03 1.156782913027825998e+03 2.107021456818069510e+03
9.000000000000000000e+00 1.358193472420871558e+03 1.012257460686473223e+03 1.822352099312430710e+03
9.250000000000000000e+00 1.185793658083779974e+03 8.886043789371672119e+02 1.582376401558491125e+03
9.500000000000000000e+00 1.038765336539150212e+03 7.827166792573732437e+02 1.378574716740494750e+03
9.750000000000000000e+00 9.128523803256100564e+02 6.914802031822096069e+02 1.205095192069515178e+03
1.000000000000000000e+01 8.046262581480390281e+02 6.124954045290240856e+02 1.057025751563227459e+03
1.025000000000000000e+01 7.112915539169115391e+02 5.438644527794999703e+02 9.302606046191754103e+02
1.050000000000000000e+01 6.305142472774696216e+02 4.841073032146069863e+02 8.211985511890514999e+02
1.075000000000000000e+01 5.601367823914024484e+02 4.317467776750304438e+02 7.267065585928955898e+02
1.100000000000000000e+01 4.990929634222788422e+02 3.865592757312970775e+02 6.443870365454141620e+02
1.125000000000000000e+01 4.457899383820216030e+02 3.465506592694686674e+02 5.734476730806633213e+02
1.150000000000000000e+01 3.991114150096915409e+02 3.113137517327565433e+02 5.116700457478624458e+02
1.175000000000000000e+01 3.581125627685707400e+02 2.803237198383519058e+02 4.574875350777504650e+02
1.200000000000000000e+01 3.220072052786135828e+02 2.527931857507101654e+02 4.101718167102607140e+02
1.225000000000000000e+01 2.901336786300849440e+02 2.284440769622029563e+02 3.684820924000272839e+02
1.250000000000000000e+01 2.619288412360381813e+02 2.068342908902698696e+02 3.316989536693945411e+02
1.275000000000000000e+01 2.369097535827340266e+02 1.875467876665719302e+02 2.992652235793832460e+02
1.300000000000000000e+01 2.146698535620735981e+02 1.704780688253447636e+02 2.703171519122171276e+02
1.325000000000000000e+01 1.947901506735462078e+02 1.550884657240869160e+02 2.446552206334054915e+02
1.350000000000000000e+01 1.771079984513856971e+02 1.413387529225327057e+02 2.219295307681702525e+02
1.375000000000000000e+01 1.612934849228044527e+02 1.290130909318437205e+02 2.016507634274626639e+02
1.400000000000000000e+01 1.471204555349250427e+02 1.179194971403886854e+02 1.835525842773494105e+02
1.425000000000000000e+01 1.343988984173062420e+02 1.079314149168235133e+02 1.673568711176959596e+02
1.450000000000000000e+01 1.229576770298327517e+02 9.891878090088296460e+01 1.528384216109734837e+02
1.475000000000000000e+01 1.125859511115699831e+02 9.089906068325223032e+01 1.394469457926120413e+02
1.500000000000000000e+01 1.032892328671812123e+02 8.351617075893146591e+01 1.277437115392392286e+02
1.525000000000000000e+01 9.488534844923923117e+01 7.682512087827048219e+01 1.171912161986594896e+02
1.550000000000000000e+01 8.727689806043055398e+01 7.076406606760725992e+01 1.076430080738059587e+02
1.575000000000000000e+01 8.037843969473046002e+01 6.523840758785553362e+01 9.903205499090252317e+01
1.600000000000000000e+01 7.411430012117499189e+01 6.023669058991740854e+01 9.118909801746349331e+01
1.625000000000000000e+01 6.841826567766401013e+01 5.567107530562615381e+01 8.408422241965112676e+01
1.650000000000000000e+01 6.323193511336236128e+01 5.151358065893554539e+01 7.761599110441426319e+01
1.675000000000000000e+01 5.850274977224660944e+01 4.771868307120364960e+01 7.172393516826720372e+01
1.700000000000000000e+01 5.418535936939326803e+01 4.424903924194490656e+01 6.635292472536053765e+01
1.725000000000000000e+01 5.023878814070538112e+01 4.105155729535753295e+01 6.148209715133287290e+01
1.750000000000000000e+01 4.662662187939240965e+01 3.814180005085506053e+01 5.699893201120951147e+01
1.775000000000000000e+01 4.331685344417020644e+01 3.547028650710063147e+01 5.289920034697499318e+01
1.800000000000000000e+01 4.028057936270047179e+01 3.303764883215605863e+01 4.911139657782130286e+01
1.825000000000000000e+01 3.749203278285503416e+01 3.078037451776553368e+01 4.566716760965254451e+01
1.850000000000000000e+01 3.492744223381516377e+01 2.871047560928329290e+01 4.249063086234775710e+01
1.875000000000000000e+01 3.256668166375906992e+01 2.679343009932435749e+01 3.958391108032732575e+01
1.900000000000000000e+01 3.039170072774923170e+01 2.502366423126377981e+01 3.691127984250552174e+01
1.925000000000000000e+01 2.837246514441300960e+01 2.338052652308551416e+01 3.443022455358700995e+01
1.950000000000000000e+01 2.652187673737090989e+01 2.187275305973418327e+01 3.215918653455710086e+01
1.975000000000000000e+01 2.481171181458829267e+01 2.048778115875560957e+01 3.004820475188890683e+01
2.000000000000000000e+01 2.323093415376454729e+01 1.919508620643421537e+01 2.811533617784138883e+01
2.025000000000000000e+01 2.176644772162269703e+01 1.799709999984804298e+01 2.632525498119887075e+01
2.050000000000000000e+01 2.040950181217282022e+01 1.688015523394779649e+01 2.467677331446357414e+01
2.075000000000000000e+01 1.915117226731131339e+01 1.584876248962970280e+01 2.314170582417525068e+01
2.100000000000000000e+01 1.798329606642351308e+01 1.489059483643097614e+01 2.171833569881461301e+01
2.125000000000000000e+01 1.689840022207991055e+01 1.400734838219060840e+01 2.038615177364013675e+01
2.150000000000000000e+01 1.588963377574809854e+01 1.317712285042553333e+01 1.916051511345219893e+01
2.175000000000000000e+01 1.495112752354608965e+01 1.240473857476458086e+01 1.802022774426584206e+01
2.200000000000000000e+01 1.407721109045680308e+01 1.168505726722260896e+01 1.695908437189730833e+01
2.225000000000000000e+01 1.326281219264063793e+01 1.100900399620192083e+01 1.597802919482479922e+01
2.250000000000000000e+01 1.250347214987886346e+01 1.038345392469346429e+01 1.505634030223827402e+01
2.275000000000000000e+01 1.179455823074740195e+01 9.799469517280314790e+00 1.419583005112499841e+01
2.300000000000000000e+01 1.113252751762013837e+01 9.253781877731372063e+00 1.339270479551790238e+01
2.325000000000000000e+01 1.051385905176486979e+01 8.748342874798430202e+00 1.263567669241874114e+01
2.350000000000000000e+01 9.935227861696581897e+00 8.270283441126023760e+00 1.193535304642382933e+01
2.375000000000000000e+01 9.393689163674538989e+00 7.822893408472919141e+00 1.127989242550113680e+01
2.400000000000000000e+01 8.886458330261852723e+00 7.403221625012474938e+00 1.066686176038221845e+01
2.425000000000000000e+01 8.411175144896210654e+00 7.010119243521384824e+00 1.009224877073290649e+01
2.450000000000000000e+01 7.965490782988569940e+00 6.648103484102355409e+00 9.543931373150536857e+00
2.475000000000000000e+01 7.547349285036431432e+00 6.301138759752986651e+00 9.040029652127982374e+00
2.500000000000000000e+01 7.154704361646036403e+00 5.975106606144547250e+00 8.567176768012037869e+00
2.525000000000000000e+01 6.785816491049811106e+00 5.668412541119464798e+00 8.123492268103268188e+00
2.550000000000000000e+01 6.439131462040042386e+00 5.380410812254803332e+00 7.706179961388118116e+00
2.575000000000000000e+01 6.113101927746997788e+00 5.109455420446751717e+00 7.313893967932215467e+00
2.600000000000000000e+01 5.806268800261516816e+00 4.854355350687510118e+00 6.944847450468507155e+00
2.625000000000000000e+01 5.517361240927574073e+00 4.613950455863256472e+00 6.597659717868467055e+00
2.650000000000000000e+01 5.243237189442194079e+00 4.385733530634732702e+00 6.268400948830769259e+00
2.675000000000000000e+01 4.986827681437708826e+00 4.172239044268033048e+00 5.960456738095707863e+00
2.700000000000000000e+01 4.745023561887880881e+00 3.970889902806471916e+00 5.670076268535735764e+00
2.725000000000000000e+01 4.516877640832168694e+00 3.781800133633343552e+00 5.394833915415909509e+00
2.750000000000000000e+01 4.301493742425659406e+00 3.602324692207688361e+00 5.136363320094729623e+00
2.775000000000000000e+01 4.098066190774917850e+00 3.432789844025173842e+00 4.892273418136251273e+00
2.800000000000000000e+01 3.905832984757162230e+00 3.272532325362633721e+00 4.661690027195241726e+00
2.825000000000000000e+01 3.724094508244767177e+00 3.120969436779226225e+00 4.443773060671565744e+00
2.850000000000000000e+01 3.552208040721747118e+00 2.977568884932583870e+00 4.237746447586863141e+00
2.875000000000000000e+01 3.389565033924241355e+00 2.841806011652844521e+00 4.042904783820747028e+00
2.900000000000000000e+01 3.235602251124220619e+00 2.713319878076851488e+00 3.858417878433277437e+00
2.925000000000000000e+01 3.089788473175268724e+00 2.591641962399414467e+00 3.683685072041382735e+00
2.950000000000000000e+01 2.951624830460432669e+00 2.476287388138624923e+00 3.518205997220410719e+00
2.975000000000000000e+01 2.820446459657632410e+00 2.366663809208377600e+00 3.361237113967658896e+00
3.000000000000000000e+01 2.696261158809750924e+00 2.262872653533704703e+00 3.212652830972849483e+00
3.025000000000000000e+01 2.578442233783184268e+00 2.164376900958482342e+00 3.071722097021376552e+00
3.050000000000000000e+01 2.466619443891343355e+00 2.071608212996974174e+00 2.936950839840934080e+00
3.075000000000000000e+01 2.360449255362695897e+00 1.982795621575968559e+00 2.810032777212702282e+00
3.100000000000000000e+01 2.259603071803002017e+00 1.898415372260353617e+00 2.689509428077544673e+00
3.125000000000000000e+01 2.163795818860407838e+00 1.818226624609732500e+00 2.575043331973394078e+00
3.150000000000000000e+01 2.072702586469176378e+00 1.745429271066535337e+00 2.461340647353133182e+00
3.175000000000000000e+01 1.986075000895652254e+00 1.672758990328284012e+00 2.358076645822448025e+00
3.200000000000000000e+01 1.903665245839892162e+00 1.604213885011426033e+00 2.259013839786610411e+00
3.225000000000000000e+01 1.825242076741768971e+00 1.539231525529515254e+00 2.164397352479201508e+00
3.250000000000000000e+01 1.750580397595699500e+00 1.476494971731032724e+00 2.075544981269716871e+00
3.275000000000000000e+01 1.678809370000291512e+00 1.416183924871148747e+00 1.990137616522661190e+00
3.300000000000000000e+01 1.610260660219727580e+00 1.358575838063070140e+00 1.908571697806757950e+00
3.325000000000000000e+01 1.545096763870914325e+00 1.303801095883452277e+00 1.831049243064738485e+00
3.350000000000000000e+01 1.483645863693073608e+00 1.252134737139307008e+00 1.757961809990636670e+00
3.375000000000000000e+01 1.425037254941842857e+00 1.202842223187616577e+00 1.688277264320338311e+00
3.400000000000000000e+01 1.369122021940570422e+00 1.155809724411088091e+00 1.621802508988003710e+00
3.425000000000000000e+01 1.315760406058408716e+00 1.110904509994247169e+00 1.558392670635528887e+00
3.450000000000000000e+01 1.264819655250557728e+00 1.068025894427234057e+00 1.497874507215081419e+00
3.475000000000000000e+01 1.216144435096630616e+00 1.026620405169503591e+00 1.440656429162155971e+00
3.500000000000000000e+01 1.169313979477082821e+00 9.869267858503417701e-01 1.385406903737506967e+00
3.525000000000000000e+01 1.124929079097472640e+00 9.491398207191770187e-01 1.333276094179913773e+00
3.550000000000000000e+01 1.082502417318738086e+00 9.134404757375533812e-01 1.282854783235587881e+00
3.575000000000000000e+01 1.041936757671857894e+00 8.792989057045453860e-01 1.234656611016560213e+00
3.600000000000000000e+01 1.003093893232587464e+00 8.465934925666536159e-01 1.188524796700218156e+00
3.625000000000000000e+01 9.659666755786482373e-01 8.156716651281934460e-01 1.143954924781919402e+00
3.650000000000000000e+01 9.304371820411376781e-01 7.857422806934337700e-01 1.101777734247218143e+00
3.675000000000000000e+01 8.964289732938698352e-01 7.570874550987721774e-01 1.061416219155108198e+00
3.700000000000000000e+01 8.638678280412156463e-01 7.296490398362877050e-01 1.022776134252281643e+00
3.725000000000000000e+01 8.327173362072736174e-01 7.033947162926471597e-01 9.858165635290913054e-01
3.750000000000000000e+01 8.028418429079180463e-01 6.781954868530211122e-01 9.503971011583426387e-01
3.775000000000000000e+01 7.741825203546363054e-01 6.540325332093588351e-01 9.164048336886010393e-01
3.800000000000000000e+01 7.467446337259607825e-01 6.308999413893957575e-01 8.838605164084929466e-01
3.825000000000000000e+01 7.204392644923280908e-01 6.087154984045957118e-01 8.526688332769547518e-01
3.850000000000000000e+01 6.951352503227826718e-01 5.879497957065602520e-01 8.218610156342063267e-01
3.875000000000000000e+01 6.709394108965176518e-01 5.675140120624830864e-01 7.932133542538923887e-01
3.900000000000000000e+01 6.477238803613620810e-01 5.479054449946455518e-01 7.657274243633044319e-01
3.925000000000000000e+01 6.254435125446354826e-01 5.290852146730851135e-01 7.393508201242712241e-01
3.950000000000000000e+01 6.040554099994626114e-01 5.106729439105902602e-01 7.145139422414816810e-01
3.975000000000000000e+01 5.835181576308589024e-01 4.933490939494423189e-01 6.901673570719177864e-01
4.000000000000000000e+01 5.637913857528172867e-01 4.764843600805151458e-01 6.670958236601316482e-01
4.025000000000000000e+01 5.448385471980194961e-01 4.604892243044482747e-01 6.446384124649776615e-01
4.050000000000000000e+01 5.266275049574500322e-01 4.451213988215537709e-01 6.230581807838257991e-01
4.075000000000000000e+01 5.091241619431163823e-01 4.303501059825552977e-01 6.023175286142204987e-01
4.100000000000000000e+01 4.922974831515542493e-01 4.161480365355046396e-01 5.823812457100889795e-01
4.125000000000000000e+01 4.761177856621452986e-01 4.024842455697471566e-01 5.632224076322047690e-01
4.150000000000000000e+01 4.605567734929260082e-01 3.893421114309570386e-01 5.447973270361964326e-01
4.175000000000000000e+01 4.455894174381748729e-01 3.767094566143622258e-01 5.270638298208366601e-01
4.200000000000000000e+01 4.310691264576643755e-01 3.644468191144203950e-01 5.098702527751636238e-01
4.225000000000000000e+01 4.172122267414557495e-01 3.527439152824068946e-01 4.934629191355620059e-01
4.250000000000000000e+01 4.038733534946710169e-01 3.416096402437414636e-01 4.774856047582511365e-01
4.275000000000000000e+01 3.910301363088462545e-01 3.307598115946183137e-01 4.622827869097829168e-01
4.300000000000000000e+01 3.786623507669458211e-01 3.203115320861514848e-01 4.476428774028167190e-01
4.325000000000000000e+01 3.667498137822197135e-01 3.102471049047428320e-01 4.335428881780892252e-01
4.350000000000000000e+01 3.552730554543583885e-01 3.005496555116110025e-01 4.199603680031482877e-01
4.375000000000000000e+01 3.442139069201394785e-01 2.912036513253262737e-01 4.068740662350405213e-01
4.400000000000000000e+01 3.335548443676341068e-01 2.821946004957990861e-01 3.942628030644153569e-01
4.425000000000000000e+01 3.232794353572754908e-01 2.735107040474695772e-01 3.821042166846257415e-01
4.450000000000000000e+01 3.133722946002991949e-01 2.651378962736251066e-01 3.703815878576294240e-01
4.475000000000000000e+01 3.037435572031624287e-01 2.569991736225565315e-01 3.589900591584362921e-01
4.500000000000000000e+01 2.945289093325979546e-01 2.492105101502778697e-01 3.480883626470638315e-01
4.525000000000000000e+01 2.856392300016279973e-01 2.416961522091392589e-01 3.375716533762749272e-01
4.550000000000000000e+01 2.770608088087370691e-01 2.344447764214541430e-01 3.274233401547733124e-01
4.575000000000000000e+01 2.687826429834584974e-01 2.274469984066729011e-01 3.176305234857467186e-01
4.600000000000000000e+01 2.607920770843842884e-01 2.206925446347303144e-01 3.081776395417225589e-01
4.625000000000000000e+01 2.530776202323032908e-01 2.141591512560358512e-01 2.990686201677818512e-01
4.650000000000000000e+01 2.456284066936114396e-01 2.078577504280393340e-01 2.902625187206077650e-01
4.675000000000000000e+01 2.384341051203978934e-01 2.017739886511242808e-01 2.817549618987926774e-01
4.700000000000000000e+01 2.314848249254601309e-01 1.959070790902820436e-01 2.735236746910848504e-01
4.725000000000000000e+01 2.247710574285504692e-01 1.902314132910121747e-01 2.655819424537478879e-01
4.750000000000000000e+01 2.182835343849655885e-01 1.847469533523511676e-01 2.579079141441553147e-01
4.775000000000000000e+01 2.120137428452327777e-01 1.794030569807217868e-01 2.505521807249622146e-01
4.800000000000000000e+01 2.059625368590571881e-01 1.742893839112671095e-01 2.433915688807261335e-01
4.825000000000000000e+01 2.001028785637125884e-01 1.693364975632140057e-01 2.364591366048325038e-01
4.850000000000000000e+01 1.944322915346063940e-01 1.645811718666067569e-01 2.296976960526098122e-01
4.875000000000000000e+01 1.889529176451762993e-01 1.599102004210587180e-01 2.232703416831124943e-01
4.900000000000000000e+01 1.836530507570632020e-01 1.554220857458017135e-01 2.170119059368466607e-01
4.925000000000000000e+01 1.785152546369614956e-01 1.510793599380339525e-01 2.109334865541521720e-01
4.950000000000000000e+01 1.735549404965536224e-01 1.468864677003886010e-01 2.050652986781748288e-01
4.975000000000000000e+01 1.687545783356166895e-01 1.428285614372438450e-01 1.993866452386312826e-01
5.000000000000000000e+01 1.641183418328275023e-01 1.389089919624311165e-01 1.939027110155800704e-01
5.025000000000000000e+01 1.596205817217244416e-01 1.351063790618746707e-01 1.885827322595420852e-01
5.050000000000000000e+01 1.552662390786493374e-01 1.314248621130251760e-01 1.834326063579643784e-01
5.075000000000000000e+01 1.510411120088719639e-01 1.278521553560920676e-01 1.784359243169345854e-01
5.100000000000000000e+01 1.469579394989278531e-01 1.243982108468990322e-01 1.736088954555000119e-01
5.125000000000000000e+01 1.430030435519641097e-01 1.210526092038849144e-01 1.689337437632748851e-01
5.150000000000000000e+01 1.391718133712450678e-01 1.178115376108006124e-01 1.644048964119877165e-01
5.175000000000000000e+01 1.354598414655225902e-01 1.146696268528912960e-01 1.600194328128822230e-01
5.200000000000000000e+01 1.318629331966364726e-01 1.116266473488534278e-01 1.557677630223945897e-01
5.225000000000000000e+01 1.283771846467118005e-01 1.086774716004817176e-01 1.516478189555422462e-01
5.250000000000000000e+01 1.249984937822576081e-01 1.057971727118544730e-01 1.476846974955349501e-01
5.275000000000000000e+01 1.217231414140269169e-01 1.030266303579704251e-01 1.438125570468387904e-01
5.300000000000000000e+01 1.185475002204465639e-01 1.003402073799875976e-01 1.400586083632082146e-01
5.325000000000000000e+01 1.154393478543939006e-01 9.771084261276817562e-02 1.363844858636637791e-01
5.350000000000000000e+01 1.124534779334816770e-01 9.518360167459712085e-02 1.328567576436960329e-01
5.375000000000000000e+01 1.095571883992403073e-01 9.273324159466450611e-02 1.294333868151679723e-01
5.400000000000000000e+01 1.067474816730311776e-01 9.035599862933708926e-02 1.261125438973827173e-01
5.425000000000000000e+01 1.040216098655633165e-01 8.804991610378208600e-02 1.228904671103789592e-01
5.450000000000000000e+01 1.013765374738105352e-01 8.581216477847072865e-02 1.197639329657995272e-01
5.475000000000000000e+01 9.880971254755131772e-02 8.364047459508375248e-02 1.167300800359589719e-01
5.500000000000000000e+01 9.631835342064218319e-02 8.153372533520636400e-02 1.137838994541540416e-01
5.525000000000000000e+01 9.390002224947967269e-02 7.948747540205701456e-02 1.109258299355246752e-01
5.550000000000000000e+01 9.152616102544636201e-02 7.748925408027244888e-02 1.081058044948789709e-01
5.575000000000000000e+01 8.924746771900880782e-02 7.558108962553887478e-02 1.053849651244523206e-01
5.600000000000000000e+01 8.703472711497844960e-02 7.373568373424080336e-02 1.027323995703470355e-01
5.625000000000000000e+01 8.488574464021833577e-02 7.191595118095364669e-02 1.001945955632816271e-01
5.650000000000000000e+01 8.279844106838717133e-02 7.014722981391946499e-02 9.773132683273567933e-02
5.675000000000000000e+01 8.077078899885203889e-02 6.843026789456589654e-02 9.533676480046554547e-02
5.700000000000000000e+01 7.879798166505391777e-02 6.675980390050989532e-02 9.300689264665064349e-02
5.725000000000000000e+01 7.688395535785343127e-02 6.513834875041107919e-02 9.074750442505030712e-02
5.750000000000000000e+01 7.502390607609420170e-02 6.356336821174614349e-02 8.855079019985719058e-02
5.775000000000000000e+01 7.321610509806147915e-02 6.201435635728592272e-02 8.644124297358089792e-02
5.800000000000000000e+01 7.145888504265621166e-02 6.052690115231042917e-02 8.436533432778650643e-02
5.825000000000000000e+01 6.975066324977947929e-02 5.908092565394427315e-02 8.234730532627221322e-02
5.850000000000000000e+01 6.808988186161800404e-02 5.767488699921231865e-02 8.038562801158873061e-02
5.875000000000000000e+01 6.647505871572220726e-02 5.631372071454883443e-02 7.846992482805471847e-02
5.900000000000000000e+01 6.490470228292122279e-02 5.498433838801618234e-02 7.661491439083639721e-02
5.925000000000000000e+01 6.337750523282013881e-02 5.369113660625030732e-02 7.481138272398855926e-02
5.950000000000000000e+01 6.189210273477756957e-02 5.243308331867380101e-02 7.305754570355391109e-02
5.975000000000000000e+01 6.043122506786152009e-02 5.119587056580255507e-02 7.133256887405926838e-02
6.000000000000000000e+01 5.902582487638843162e-02 5.000565271757591995e-02 6.967308320152186540e-02
6.025000000000000000e+01 5.765834785004250729e-02 4.884747486093655999e-02 6.805848380619362870e-02
6.050000000000000000e+01 5.632763751635060795e-02 4.772038830514425956e-02 6.648736233840243925e-02
6.075000000000000000e+01 5.503257711139131897e-02 4.662344321941158665e-02 6.495840578029822565e-02
6.100000000000000000e+01 5.377328785420226742e-02 4.555672376066576684e-02 6.347178304221057221e-02
6.125000000000000000e+01 5.254474748814402796e-02 4.451560254984649606e-02 6.202208507682749339e-02
6.150000000000000000e+01 5.133471943391305220e-02 4.347962084159587293e-02 6.060893283681740434e-02
6.175000000000000000e+01 5.017375643818815234e-02 4.249639316867821065e-02 5.923810581115553781e-02
6.200000000000000000e+01 4.904188102847202579e-02 4.153797252056470879e-02 5.790138393538777489e-02
6.225000000000000000e+01 4.793965357748634221e-02 4.060463159097155161e-02 5.659971030596436942e-02
6.250000000000000000e+01 4.686617217656170037e-02 3.969530781281249698e-02 5.533243638872047121e-02
6.275000000000000000e+01 4.582058793245535194e-02 3.882053291000556183e-02 5.408288143140723564e-02
6.300000000000000000e+01 4.480206700706992895e-02 3.795790756423580298e-02 5.288029127288366993e-02
6.325000000000000000e+01 4.380982361986953538e-02 3.710515350724735012e-02 5.172598585878919464e-02
6.350000000000000000e+01 4.284308192013869948e-02 3.628665727839947008e-02 5.058414872257632061e-02
6.375000000000000000e+01 4.190109153277102316e-02 3.548913697495462843e-02 4.947151780210062855e-02
6.400000000000000000e+01 4.098315268248957366e-02 3.471187724204979896e-02 4.838743788139381746e-02
6.425000000000000000e+01 4.008779241418974210e-02 3.395369252021609996e-02 4.733008345664729138e-02
6.450000000000000000e+01 3.921584376564569985e-02 3.321532790849634348e-02 4.630038295837955037e-02
6.475000000000000000e+01 3.836586065949203206e-02 3.249484731118856135e-02 4.529762057496244942e-02
6.500000000000000000e+01 3.753725608390007934e-02 3.179314285475964841e-02 4.431916658083238231e-02
6.525000000000000000e+01 3.672941465349777862e-02 3.110898903613958794e-02 4.336527616572091737e-02
6.550000000000000000e+01 3.594173454423757463e-02 3.043135899710573342e-02 4.244990446109560278e-02
6.575000000000000000e+01 3.517365059318749987e-02 2.978115188845528727e-02 4.154257366153914222e-02
6.600000000000000000e+01 3.442461032672183147e-02 2.914703720236729023e-02 4.065777896802473534e-02
6.625000000000000000e+01 3.369407534699941920e-02 2.852854326246209368e-02 3.979490656233721640e-02
6.650000000000000000e+01 3.298152593236144958e-02 2.792524143142152346e-02 3.895332670617693976e-02
6.675000000000000000e+01 3.228646406183827838e-02 2.733630364936295506e-02 3.813301809151754124e-02
6.700000000000000000e+01 3.160839194694366194e-02 2.676216607908137382e-02 3.733219644924598568e-02
6.725000000000000000e+01 3.094680459914807974e-02 2.620198453736618388e-02 3.655084650294664061e-02
6.750000000000000000e+01 3.030125395577339467e-02 2.565541315406782291e-02 3.578839232790495539e-02
6.775000000000000000e+01 2.967130442340617374e-02 2.512206517355709129e-02 3.504434448777392352e-02
6.800000000000000000e+01 2.905389121111007222e-02 2.459932896281378373e-02 3.431510655364087420e-02
6.825000000000000000e+01 2.845172146819904130e-02 2.409728452623427150e-02 3.359301557910767538e-02
6.850000000000000000e+01 2.786621846413733783e-02 2.360142189224101114e-02 3.290166732481115269e-02
6.875000000000000000e+01 2.729468404859262606e-02 2.311739221845215964e-02 3.222680872792574314e-02
6.900000000000000000e+01 2.673672632162589491e-02 2.264446329096620261e-02 3.156853510777209160e-02
6.925000000000000000e+01 2.619201048867748904e-02 2.218314780805753783e-02 3.092534113620292943e-02
6.950000000000000000e+01 2.566017204460239662e-02 2.173273422645709274e-02 3.029735800831789838e-02
6.975000000000000000e+01 2.514084314601792991e-02 2.129839223090567932e-02 2.967651206908960768e-02
7.000000000000000000e+01 2.463369941504607932e-02 2.086385964148308389e-02 2.908470231770148712e-02
7.025000000000000000e+01 2.413842296347251323e-02 2.044440533650873637e-02 2.849989782402728711e-02
7.050000000000000000e+01 2.365469441525318989e-02 2.003561169143354415e-02 2.792750111633727703e-02
7.075000000000000000e+01 2.318220903164372806e-02 1.963542671234247070e-02 2.736965299811971314e-02
7.100000000000000000e+01 2.272067349902920363e-02 1.924452730753838450e-02 2.682471728195022498e-02
7.125000000000000000e+01 2.226978605133832223e-02 1.886264832057443427e-02 2.629235101793381962e-02
7.150000000000000000e+01 2.182926892202306443e-02 1.848954761539474065e-02 2.577223583735737886e-02
7.175000000000000000e+01 2.139883314217011154e-02 1.812460435803050010e-02 2.526455478977398736e-02
7.200000000000000000e+01 2.097822224796738397e-02 1.776838170329949132e-02 2.476791730579449777e-02
7.225000000000000000e+01 2.056719109801112208e-02 1.742027865267749970e-02 2.428258227643742898e-02
7.250000000000000000e+01 2.016549668705847412e-02 1.708006467172969167e-02 2.380829724309148701e-02
7.275000000000000000e+01 1.977289555998274981e-02 1.675251555972367273e-02 2.333783230537315317e-02
7.300000000000000000e+01 1.938914621601497273e-02 1.642740824411361572e-02 2.288486323584956392e-02
7.325000000000000000e+01 1.901402489783527924e-02 1.610961949439853463e-02 2.244206593093079141e-02
7.350000000000000000e+01 1.864732211821181970e-02 1.579896296192830410e-02 2.200920547875702404e-02
7.375000000000000000e+01 1.828883661211523279e-02 1.549526780675175228e-02 2.158604477161104110e-02
7.400000000000000000e+01 1.793833801369553935e-02 1.520454900720671736e-02 2.116366427843889911e-02
7.425000000000000000e+01 1.759561913012518131e-02 1.491408886554541381e-02 2.075928441647413233e-02
7.450000000000000000e+01 1.726048106374217586e-02 1.463006455371509279e-02 2.036383403900625388e-02
7.475000000000000000e+01 1.693274063411760039e-02 1.435230901320958333e-02 1.997711344693094138e-02
7.500000000000000000e+01 1.661220810427024505e-02 1.408062629396723137e-02 1.959894768443772375e-02
7.525000000000000000e+01 1.629870290067303440e-02 1.381496045003724644e-02 1.922898854507334998e-02
7.550000000000000000e+01 1.599205247764819496e-02 1.355510684938304386e-02 1.886711372249300425e-02
7.575000000000000000e+01 1.569208989695186976e-02 1.329424649904917266e-02 1.852242512214818601e-02
7.600000000000000000e+01 1.539865198006445772e-02 1.304569172154143412e-02 1.817599923901359188e-02
7.625000000000000000e+01 1.511157154314280750e-02 1.280251509549637685e-02 1.783708847832993563e-02
7.650000000000000000e+01 1.483069526400214791e-02 1.256459091507263273e-02 1.750550602883868545e-02
7.675000000000000000e+01 1.455586886242539978e-02 1.233176761234512468e-02 1.718109884977255669e-02
7.700000000000000000e+01 1.428188464196325329e-02 1.209961698031185827e-02 1.685774262592307574e-02
7.725000000000000000e+01 1.401871781426720746e-02 1.187668458057293021e-02 1.654707993824421422e-02
7.750000000000000000e+01 1.376116766134367550e-02 1.165850168083900490e-02 1.624305940744033561e-02
7.775000000000000000e+01 1.350909821873594145e-02 1.144495550771090428e-02 1.594551718095367498e-02
7.800000000000000000e+01 1.326237628054559477e-02 1.123593512939085638e-02 1.565429335264541602e-02
7.825000000000000000e+01 1.302087292855459190e-02 1.103133140181066819e-02 1.536923564763336206e-02
7.850000000000000000e+01 1.278446460918081229e-02 1.083104742920865636e-02 1.509018739061492899e-02
7.875000000000000000e+01 1.255302986809483934e-02 1.063497908797854559e-02 1.481700693209666089e-02
7.900000000000000000e+01 1.232644835669195055e-02 1.044302028923488335e-02 1.454955797096567707e-02
7.925000000000000000e+01 1.210458941041437676e-02 1.025506905476700897e-02 1.428767412605636174e-02
7.950000000000000000e+01 1.188735523128247804e-02 1.007102291797390761e-02 1.403126728492516857e-02
7.975000000000000000e+01 1.167463651929240114e-02 9.890592376323533233e-03 1.378048277309142262e-02
8.000000000000000000e+01 1.146632077128607180e-02 9.714035309217480818e-03 1.353469571036772061e-02
8.025000000000000000e+01 1.126230977636758640e-02 9.541206354836016465e-03 1.329387676795979953e-02
8.050000000000000000e+01 1.106250215858270436e-02 9.371934892294450301e-03 1.305802434770073420e-02
8.075000000000000000e+01 1.086679882356365520e-02 9.206140179838992466e-03 1.282701700875791932e-02
8.100000000000000000e+01 1.067510445818993861e-02 9.043741354579096225e-03 1.260074240574855613e-02
8.125000000000000000e+01 1.048732788836897155e-02 8.884660726123688040e-03 1.237909354431216725e-02
8.150000000000000000e+01 1.030337898324548175e-02 8.728813661088971956e-03 1.216197556669352219e-02
8.175000000000000000e+01 1.012315932958525282e-02 8.576133296375652859e-03 1.194924930276878607e-02
8.200000000000000000e+01 9.946590013415790993e-03 8.426545181051457375e-03 1.174083218795935434e-02
8.225000000000000000e+01 9.773586409068654723e-03 8.276854352431733258e-03 1.154097767438265303e-02
8.250000000000000000e+01 9.604064661303417239e-03 8.133424785193237028e-03 1.134061732351849573e-02
8.275000000000000000e+01 9.437943743386955145e-03 7.992728986762103610e-03 1.114447671763504032e-02
8.300000000000000000e+01 9.275149424431588727e-03 7.854626928989612636e-03 1.095257580318967187e-02
8.325000000000000000e+01 9.115608711057045579e-03 7.719507457018039316e-03 1.076420000055256301e-02
8.350000000000000000e+01 8.959246950782371807e-03 7.587082311466987819e-03 1.057957494461175992e-02
8.375000000000000000e+01 8.805995316348588439e-03 7.457286207820514740e-03 1.039862911929417995e-02
8.400000000000000000e+01 8.655779213114569992e-03 7.330062021829447140e-03 1.022126600880888907e-02
8.425000000000000000e+01 8.508529026445684970e-03 7.205351810195311478e-03 1.004740200075065863e-02
8.450000000000000000e+01 8.364177561113119927e-03 7.083098168016624396e-03 9.876958445913779777e-03
8.475000000000000000e+01 8.222659545636211778e-03 6.963240663633922869e-03 9.709865459131985718e-03
8.500000000000000000e+01 8.083918502945602533e-03 6.845732540153462095e-03 9.546054856651078196e-03
8.525000000000000000e+01 7.947900439204525977e-03 6.730533521174033966e-03 9.385455282672545974e-03
8.550000000000000000e+01 7.814534830368360593e-03 6.617585524708274707e-03 9.227981170327572910e-03
8.575000000000000000e+01 7.683759921709763276e-03 6.506834675014913291e-03 9.073561798208422055e-03
8.600000000000000000e+01 7.555517843889521939e-03 6.398231308758951449e-03 8.922129747198177460e-03
8.625000000000000000e+01 7.429752143894628388e-03 6.291725782294041794e-03 8.773620915751317861e-03
8.650000000000000000e+01 7.306406956463648399e-03 6.187268024029572711e-03 8.627973187218314355e-03
8.675000000000000000e+01 7.185431864840389343e-03 6.084809724423069326e-03 8.485134855906930479e-03
8.700000000000000000e+01 7.066773779153788515e-03 5.984314055181113277e-03 8.345031892585745917e-03
8.725000000000000000e+01 6.950382318433118156e-03 5.885740954308246557e-03 8.207601175010490607e-03
8.750000000000000000e+01 6.836199862332923219e-03 5.788925892757356209e-03 8.072936054723050051e-03
8.775000000000000000e+01 6.724177593001716760e-03 5.694052074442647153e-03 7.940665752806995090e-03
8.800000000000000000e+01 6.614278587926589702e-03 5.600973521997876757e-03 7.810906633798713437e-03
8.825000000000000000e+01 6.506456727098546174e-03 5.509652915309890681e-03 7.683601815274210961e-03
8.850000000000000000e+01 6.400410009640755682e-03 5.419794597457735542e-03 7.558450335133577551e-03
8.875000000000000000e+01 6.296607743263760507e-03 5.331881107855323751e-03 7.435887685889664908e-03
8.900000000000000000e+01 6.194749484520989564e-03 5.245615039478744406e-03 7.315619024110921360e-03
8.925000000000000000e+01 6.094796698232585880e-03 5.160962235487282293e-03 7.197600970098857326e-03
8.950000000000000000e+01 5.996708832726346111e-03 5.077889733742574005e-03 7.081783715298220309e-03
8.975000000000000000e+01 5.900446937709110176e-03 4.996343390166910377e-03 6.968150774672387214e-03
9.000000000000000000e+01 5.805971370663512085e-03 4.916338328908641774e-03 6.856587423764087114e-03
9.025000000000000000e+01 5.713243803550364930e-03 4.837813887001328993e-03 6.747087738639515574e-03
9.050000000000000000e+01 5.622226327761712869e-03 4.760737890675812746e-03 6.639607053874126141e-03
9.075000000000000000e+01 5.532885711010580680e-03 4.685082261370454061e-03 6.534106037692145874e-03
9.100000000000000000e+01 5.445185978102882497e-03 4.610816782454303826e-03 6.430541861684155140e-03
9.125000000000000000e+01 5.359094306154987657e-03 4.532319039645188972e-03 6.336688024616893636e-03
9.150000000000000000e+01 5.274576655674375475e-03 4.460835196012698928e-03 6.236760085073960944e-03
9.175000000000000000e+01 5.191600005403178113e-03 4.390650451006863214e-03 6.138660072546081765e-03
9.200000000000000000e+01 5.110131963803881718e-03 4.321729346476672722e-03 6.042360961076688811e-03
9.225000000000000000e+01 5.030140402865976475e-03 4.254066011575256302e-03 5.947794981012855323e-03
9.250000000000000000e+01 4.951597077706381550e-03 4.187627701404143289e-03 5.854941118984670866e-03
9.275000000000000000e+01 4.874471627875688953e-03 4.122389440064036167e-03 5.763762496586440770e-03
9.300000000000000000e+01 4.798734730608690546e-03 4.058238319383779442e-03 5.674347636204547102e-03
9.325000000000000000e+01 4.724357192213965440e-03 3.995326896182927780e-03 5.586414193278544695e-03
9.350000000000000000e+01 4.651312068726491840e-03 3.933542632449141610e-03 5.500055797592894730e-03
9.375000000000000000e+01 4.579573141222531042e-03 3.872862214066905614e-03 5.415243041601399548e-03
9.400000000000000000e+01 4.509111546619423011e-03 3.813262420765912118e-03 5.331940133239717293e-03
9.425000000000000000e+01 4.439903923557908354e-03 3.754723518329707455e-03 5.250119417366353423e-03
9.450000000000000000e+01 4.371923516203943955e-03 3.697222898505664844e-03 5.169749229688692937e-03
9.475000000000000000e+01 4.305145130221027343e-03 3.640739056296994451e-03 5.090800056161423094e-03
9.500000000000000000e+01 4.239545264096598702e-03 3.585249157164247316e-03 5.013248245357717313e-03
9.525000000000000000e+01 4.175100561313788150e-03 3.530743420922871894e-03 4.937052234887813126e-03
9.550000000000000000e+01 4.111787827549623006e-03 3.477198647074638150e-03 4.862189611458900274e-03
9.575000000000000000e+01 4.049584389123530442e-03 3.424592469652877526e-03 4.788638026262798802e-03
9.600000000000000000e+01 3.988467813635980519e-03 3.372905272923376434e-03 4.716371855478303232e-03
9.625000000000000000e+01 3.928416914384700448e-03 3.322119131316755326e-03 4.645366057991724869e-03
9.650000000000000000e+01 3.869410517648315916e-03 3.272127535861260855e-03 4.575719494425671205e-03
9.675000000000000000e+01 3.811171350854015462e-03 3.222874866842368857e-03 4.506854180100825120e-03
9.700000000000000000e+01 3.754195939767595875e-03 3.174690688800749488e-03 4.439483570442433885e-03
9.725000000000000000e+01 3.698204465314806726e-03 3.127342055420568277e-03 4.373271623284302398e-03
9.750000000000000000e+01 3.643177608856440139e-03 3.080810153028235281e-03 4.308198957545855169e-03
9.775000000000000000e+01 3.589096371411330030e-03 3.035078160464357161e-03 4.244244161839684330e-03
9.800000000000000000e+01 3.535942413098108923e-03 2.990137455694313797e-03 4.181375917998689414e-03
9.825000000000000000e+01 3.483697201426516100e-03 2.945964951417565092e-03 4.119582680502415807e-03
9.850000000000000000e+01 3.432343544267741579e-03 2.902544855787792151e-03 4.058845871885385231e-03
9.875000000000000000e+01 3.381864106192621587e-03 2.859862167331398211e-03 3.999145470505715942e-03
9.900000000000000000e+01 3.332241842888349070e-03 2.818001959497359703e-03 3.940322206687359510e-03
9.925000000000000000e+01 3.283461030233307716e-03 2.776753091162781611e-03 3.882634135304453230e-03
9.950000000000000000e+01 3.235505268020832589e-03 2.736200277682351335e-03 3.825924010305892936e-03
9.975000000000000000e+01 3.188358984944089040e-03 2.696326171709030432e-03 3.770179262262751685e-03
1.000000000000000000e+02 3.142006202305599929e-03 2.657123216537646705e-03 3.715372668411964438e-03
