5.000000000000000000e-01 2.246885544085705280e+08
7.500000000000000000e-01 2.383216675622059032e+07
1.000000000000000000e+00 4.847664799119588919e+06
1.250000000000000000e+00 1.400725082305186661e+06
1.500000000000000000e+00 5.007419473137501045e+05
1.750000000000000000e+00 2.073847952119523252e+05
2.000000000000000000e+00 9.565657763687171973e+04
2.250000000000000000e+00 4.781660209786657651e+04
2.500000000000000000e+00 2.545017962526961492e+04
2.750000000000000000e+00 1.426269212396803960e+04
3.000000000000000000e+00 8.336292594195834681e+03
3.250000000000000000e+00 5.049060025637442777e+03
3.500000000000000000e+00 3.150691211594763445e+03
3.750000000000000000e+00 2.017421658311237479e+03
4.000000000000000000e+00 1.320593925614370619e+03
4.250000000000000000e+00 8.816619016482203506e+02
4.500000000000000000e+00 5.988363651626164028e+02
4.750000000000000000e+00 4.128708087902118677e+02
5.000000000000000000e+00 2.885732899816091503e+02
5.250000000000000000e+00 2.041481375805254856e+02
5.500000000000000000e+00 1.459794458364605134e+02
5.750000000000000000e+00 1.054424787026458148e+02
6.000000000000000000e+00 7.690212386311122827e+01
6.250000000000000000e+00 5.649914687809535963e+01
6.500000000000000000e+00 4.182525541309450290e+01
6.750000000000000000e+00 3.115624071738545453e+01
7.000000000000000000e+00 2.335942863459054308e+01
7.250000000000000000e+00 1.761410226668276024e+01
7.500000000000000000e+00 1.334542278873208510e+01
7.750000000000000000e+00 1.016108416343325516e+01
8.000000000000000000e+00 7.765843089455458426e+00
8.250000000000000000e+00 5.959444794928693945e+00
8.500000000000000000e+00 4.589946333724295613e+00
8.750000000000000000e+00 3.546092992011072198e+00
9.000000000000000000e+00 2.748540428468516872e+00
9.250000000000000000e+00 2.135295104660806409e+00
9.500000000000000000e+00 1.663766728963268715e+00
9.750000000000000000e+00 1.298691752424562029e+00
1.000000000000000000e+01 1.015753250179873390e+00
1.025000000000000000e+01 7.956298711681983882e-01
1.050000000000000000e+01 6.243475849991517723e-01
1.075000000000000000e+01 4.907126810040095544e-01
1.100000000000000000e+01 3.861298588679653032e-01
1.125000000000000000e+01 3.040934242118575326e-01
1.150000000000000000e+01 2.396944573586836380e-01
1.175000000000000000e+01 1.890422634382361577e-01
1.200000000000000000e+01 1.490906063818805416e-01
1.225000000000000000e+01 1.177177505182644690e-01
1.250000000000000000e+01 9.295619506820446132e-02
1.275000000000000000e+01 7.335713227887961929e-02
1.300000000000000000e+01 5.792480877093931363e-02
1.325000000000000000e+01 4.573668906071056556e-02
1.350000000000000000e+01 3.609903994544535338e-02
1.375000000000000000e+01 2.848103132208530328e-02
1.400000000000000000e+01 2.246865544615232746e-02
1.425000000000000000e+01 1.771471912074994853e-02
1.450000000000000000e+01 1.395421367752430059e-02
1.475000000000000000e+01 1.098308495578589894e-02
1.500000000000000000e+01 8.635584295796205206e-03
1.525000000000000000e+01 6.784926691386364110e-03
1.550000000000000000e+01 5.327575850088223965e-03
1.575000000000000000e+01 4.176499048466165293e-03
1.600000000000000000e+01 3.269578181086104426e-03
1.625000000000000000e+01 2.556585201179623849e-03
1.650000000000000000e+01 1.996387499525085433e-03
1.675000000000000000e+01 1.556130551922544313e-03
1.700000000000000000e+01 1.210008018609207538e-03
1.725000000000000000e+01 9.400111513165050441e-04
1.750000000000000000e+01 7.287477458553186628e-04
1.775000000000000000e+01 5.637081774441920481e-04
1.800000000000000000e+01 4.350976225928813957e-04
1.825000000000000000e+01 3.350537163645689884e-04
1.850000000000000000e+01 2.573320692093497130e-04
1.875000000000000000e+01 1.971451234649945999e-04
1.900000000000000000e+01 1.505796362300698720e-04
1.925000000000000000e+01 1.146702869423149861e-04
1.950000000000000000e+01 8.701982865593045570e-05
1.975000000000000000e+01 6.584040760170043166e-05
2.000000000000000000e+01 4.961829368315925134e-05
2.025000000000000000e+01 3.725498467224052030e-05
2.050000000000000000e+01 2.786397465069770157e-05
2.075000000000000000e+01 2.074906664051329202e-05
2.100000000000000000e+01 1.537553389893252858e-05
2.125000000000000000e+01 1.134752461613894699e-05
2.150000000000000000e+01 8.327439444030482627e-06
2.175000000000000000e+01 6.076150359830472158e-06
2.200000000000000000e+01 4.408503378520757114e-06
2.225000000000000000e+01 3.180318342600761195e-06
2.250000000000000000e+01 2.278571391504697558e-06
2.275000000000000000e+01 1.621106731388522779e-06
2.300000000000000000e+01 1.144602244682727726e-06
2.325000000000000000e+01 8.021012728893338497e-07
2.350000000000000000e+01 5.570443699328873963e-07
2.375000000000000000e+01 3.834280856996410895e-07
2.400000000000000000e+01 2.612666644031418686e-07
2.425000000000000000e+01 1.762195496917859470e-07
2.450000000000000000e+01 1.174644081603382381e-07
2.475000000000000000e+01 7.736420312989816597e-08
2.500000000000000000e+01 5.028471167264553324e-08
2.525000000000000000e+01 3.221507736796101431e-08
2.550000000000000000e+01 2.032350334268680377e-08
2.575000000000000000e+01 1.260870967274809372e-08
2.600000000000000000e+01 7.676774278760217760e-09
2.625000000000000000e+01 4.581767795917323229e-09
2.650000000000000000e+01 2.675652457220928903e-09
2.675000000000000000e+01 1.523934530502593333e-09
2.700000000000000000e+01 8.455055768431571814e-10
2.725000000000000000e+01 4.552647512847446694e-10
2.750000000000000000e+01 2.371316749204235743e-10
2.775000000000000000e+01 1.190923691690757851e-10
2.800000000000000000e+01 5.739244994129931592e-11
2.825000000000000000e+01 2.637765731246897727e-11
2.850000000000000000e+01 1.150419355691255583e-11
2.875000000000000000e+01 4.725998347905892631e-12
2.900000000000000000e+01 1.810188140874251997e-12
2.925000000000000000e+01 6.402009095658921800e-13
2.950000000000000000e+01 2.052528949401185647e-13
2.975000000000000000e+01 5.908662031295334535e-14
3.000000000000000000e+01 1.456336160261309283e-14
