5.000000000000000000e-01 1.687830829661277235e+08 2.842143432003178447e+07 1.002332562627644897e+09
7.500000000000000000e-01 1.742659970975150913e+07 3.772890499715934973e+06 8.049170191045202315e+07
1.000000000000000000e+00 3.493836131630008575e+06 8.824921822289875709e+05 1.383229354378112592e+07
1.250000000000000000e+00 9.963079757230411051e+05 2.796143349293181091e+05 3.549995327457958367e+06
1.500000000000000000e+00 3.510450480397524661e+05 1.064026470047694893e+05 1.158172557001408190e+06
1.750000000000000000e+00 1.436599890979912598e+05 4.618272073299565818e+04 4.468812607848334010e+05
2.000000000000000000e+00 6.539916264129997580e+04 2.202516950075861678e+04 1.941892194761947903e+05
2.250000000000000000e+00 3.223206068024153501e+04 1.127263797693899869e+04 9.216172273252400919e+04
2.500000000000000000e+00 1.693878253695991589e+04 6.112128659144824269e+03 4.694311422995516477e+04
2.750000000000000000e+00 9.366596347948383482e+03 3.469936773874172104e+03 2.528378263430035440e+04
3.000000000000000000e+00 5.401547045522854205e+03 2.046528311586310338e+03 1.425668549016121324e+04
3.250000000000000000e+00 3.226979910919682879e+03 1.246605456075656548e+03 8.353404274565611559e+03
3.500000000000000000e+00 1.985287860546198090e+03 7.800408524420593039e+02 5.052771116913855622e+03
3.750000000000000000e+00 1.253257343813388616e+03 4.998230115619716116e+02 3.142420283759683116e+03
4.000000000000000000e+00 8.088133925745829629e+02 3.133338672163037018e+02 2.087802093721350047e+03
4.250000000000000000e+00 5.319768420938896725e+02 2.112541686234376925e+02 1.339615508504525451e+03
4.500000000000000000e+00 3.557882151217056048e+02 1.442516744591201530e+02 8.775305693616913914e+02
4.750000000000000000e+00 2.415771082569891917e+02 9.971837430802175106e+01 5.852431875146845641e+02
5.000000000000000000e+00 1.661891940905574359e+02 6.969386383216574643e+01 3.962880907131176969e+02
5.250000000000000000e+00 1.157282774798612337e+02 4.918092635773119525e+01 2.723217149477377461e+02
5.500000000000000000e+00 8.148181177054152613e+01 3.503503097236507102e+01 1.895042037966769612e+02
5.750000000000000000e+00 5.787220717922660640e+01 2.515857563703515964e+01 1.331232901303476410e+02
6.000000000000000000e+00 4.145786147682715495e+01 1.818235724400802411e+01 9.452868267662063317e+01
6.250000000000000000e+00 2.993344367736591494e+01 1.322875189916440952e+01 6.773209273375471184e+01
6.500000000000000000e+00 2.176330644685287297e+01 9.682617258258201076e+00 4.891668180890492579e+01
6.750000000000000000e+00 1.592131531240561948e+01 7.121918861787853494e+00 3.559269435616781152e+01
7.000000000000000000e+00 1.171007915911287434e+01 5.258979750752997617e+00 2.607463051993222791e+01
7.250000000000000000e+00 8.656341705996968727e+00 3.898797265955010527e+00 1.921932499165940911e+01
7.500000000000000000e+00 6.429025118363996150e+00 2.903862522995461770e+00 1.423358152985804637e+01
7.750000000000000000e+00 4.793939471075530534e+00 2.169725525585871395e+00 1.059205663634821093e+01
8.000000000000000000e+00 3.588546417316373027e+00 1.625808096096189814e+00 7.920778239544625343e+00
8.250000000000000000e+00 2.695769151871462821e+00 1.222102480416678016e+00 5.946450020872251940e+00
8.500000000000000000e+00 2.030049581708040840e+00 9.205454029966010365e-01 4.476803958585634291e+00
8.750000000000000000e+00 1.532986881338109786e+00 6.951917063544232889e-01 3.380432702050446991e+00
9.000000000000000000e+00 1.159876395582614794e+00 5.252434519540020164e-01 2.561313707053188615e+00
9.250000000000000000e+00 8.796286242566785374e-01 3.976284705969877487e-01 1.945903208213477731e+00
9.500000000000000000e+00 6.683254181019593343e-01 3.016127259655466686e-01 1.480901918350026047e+00
9.750000000000000000e+00 5.084351398933932842e-01 2.289050966203664272e-01 1.129316451643454844e+00
1.000000000000000000e+01 3.872386303287274067e-01 1.737892846286803183e-01 8.628481159771230757e-01
1.025000000000000000e+01 2.952095341571198683e-01 1.319959530567926254e-01 6.602374318231339911e-01
1.050000000000000000e+01 2.250859355363844239e-01 1.002222068056600329e-01 5.055134983659946846e-01
1.075000000000000000e+01 1.717924270586515256e-01 7.616636717778779708e-02 3.874759830124706594e-01
1.100000000000000000e+01 1.311665548388082081e-01 5.785297282899803245e-02 2.973860160848721956e-01
1.125000000000000000e+01 1.000931475583006353e-01 4.388372367548586811e-02 2.282996370639420181e-01
1.150000000000000000e+01 7.639705621790973677e-02 3.330186949857098788e-02 1.752607372091500859e-01
1.175000000000000000e+01 5.830907792947202101e-02 2.525391022447502284e-02 1.346305795325966892e-01
1.200000000000000000e+01 4.447221108492028369e-02 1.912518090521348954e-02 1.034122275017313880e-01
1.225000000000000000e+01 3.391383231757783695e-02 1.448331364805256587e-02 7.941193917452975259e-02
1.250000000000000000e+01 2.583799789808079173e-02 1.095213488916255834e-02 6.095634706269352499e-02
1.275000000000000000e+01 1.966640794057597161e-02 8.267022136017857306e-03 4.678439163723489835e-02
1.300000000000000000e+01 1.494820541884273567e-02 6.227515175400959689e-03 3.588089935558166216e-02
1.325000000000000000e+01 1.134771534972875244e-02 4.687326629632761199e-03 2.747208672090307308e-02
1.350000000000000000e+01 8.609004192948473133e-03 3.524224629279439167e-03 2.103014449716217316e-02
1.375000000000000000e+01 6.518783634183760410e-03 2.642065410703708320e-03 1.608383346496471134e-02
1.400000000000000000e+01 4.926983912077193516e-03 1.976996115048346679e-03 1.227881546407279950e-02
1.425000000000000000e+01 3.718274839849084953e-03 1.476214031283622392e-03 9.365557765788812619e-03
1.450000000000000000e+01 2.800191953984136530e-03 1.099688075624516773e-03 7.130271895241313898e-03
1.475000000000000000e+01 2.103266281290369372e-03 8.160821386334895459e-04 5.420690933660734373e-03
1.500000000000000000e+01 1.576341422718113535e-03 6.043474149400532161e-04 4.111628873639586006e-03
1.525000000000000000e+01 1.178859679636153762e-03 4.462726878451731796e-04 3.114038080578194687e-03
1.550000000000000000e+01 8.790647199709609267e-04 3.285335892454187821e-04 2.352133258801633077e-03
1.575000000000000000e+01 6.536664106881674057e-04 2.411234120474155718e-04 1.772037699839490357e-03
1.600000000000000000e+01 4.844877528109028876e-04 1.762892114144695818e-04 1.331496015782236133e-03
1.625000000000000000e+01 3.579414585455687240e-04 1.283856946293738892e-04 9.979467581306019058e-04
1.650000000000000000e+01 2.635226518898463864e-04 9.310798262977388305e-05 7.458456954779990556e-04
1.675000000000000000e+01 1.931837892666344268e-04 6.719990942378555032e-05 5.553575407380821616e-04
1.700000000000000000e+01 1.410206096082933171e-04 4.827302268758553095e-05 4.119653426925138826e-04
1.725000000000000000e+01 1.025191717450713561e-04 3.451299231717275886e-05 3.045282332724840476e-04
1.750000000000000000e+01 7.416823877895864037e-05 2.454597882250792983e-05 2.241070801596405635e-04
1.775000000000000000e+01 5.338278842856718920e-05 1.735179544359280969e-05 1.642321170551508326e-04
1.800000000000000000e+01 3.821594341370935550e-05 1.219585326633024806e-05 1.197504019691514294e-04
1.825000000000000000e+01 2.719620968343352442e-05 8.512567128244571244e-06 8.688728206221005171e-05
1.850000000000000000e+01 1.924488354914183705e-05 5.907544177521779319e-06 6.269365605919155558e-05
1.875000000000000000e+01 1.352498463987992829e-05 4.067731787640820486e-06 4.496983062275103664e-05
1.900000000000000000e+01 9.432968778218745593e-06 2.777923983763908077e-06 3.203143804183088838e-05
1.925000000000000000e+01 6.530555049453979683e-06 1.882037882787333777e-06 2.266062210755617388e-05
1.950000000000000000e+01 4.484194953088077869e-06 1.263700906586524124e-06 1.591199647993907484e-05
1.975000000000000000e+01 3.051020897281535101e-06 8.395942550096137106e-07 1.108717509690682140e-05
2.000000000000000000e+01 2.056570689582327749e-06 5.524236839523364395e-07 7.656230397272492728e-06
