5.000000000000000000e-01 9.540026449017594755e+07
7.500000000000000000e-01 4.219284384309730679e+07
1.000000000000000000e+00 1.577843009494513460e+07
1.250000000000000000e+00 6.620414013317514211e+06
1.500000000000000000e+00 3.120851561936920043e+06
1.750000000000000000e+00 1.621523342213734053e+06
2.000000000000000000e+00 9.212061817747651367e+05
2.250000000000000000e+00 5.557761040998126846e+05
2.500000000000000000e+00 3.529183828115304350e+05
2.750000000000000000e+00 2.331784509651027329e+05
3.000000000000000000e+00 1.591271850446504541e+05
3.250000000000000000e+00 1.113721682548208046e+05
3.500000000000000000e+00 8.007852911383814353e+04
3.750000000000000000e+00 5.885608043392176478e+04
4.000000000000000000e+00 4.409345525086567795e+04
4.250000000000000000e+00 3.359770706379556941e+04
4.500000000000000000e+00 2.597352987530616520e+04
4.750000000000000000e+00 2.032175390209696707e+04
5.000000000000000000e+00 1.609878268694349390e+04
5.250000000000000000e+00 1.287070621144068900e+04
5.500000000000000000e+00 1.040098509562069012e+04
5.750000000000000000e+00 8.481775022886908118e+03
6.000000000000000000e+00 6.970226854120677672e+03
6.250000000000000000e+00 5.771167476092427933e+03
6.500000000000000000e+00 4.812216248986013852e+03
6.750000000000000000e+00 4.038607966475687590e+03
7.000000000000000000e+00 3.409258400232195982e+03
7.250000000000000000e+00 2.891271294974707416e+03
7.500000000000000000e+00 2.465532403936336323e+03
7.750000000000000000e+00 2.113781510620325207e+03
8.000000000000000000e+00 1.820491381675867615e+03
8.250000000000000000e+00 1.572948786850667830e+03
8.500000000000000000e+00 1.365861967687746983e+03
8.750000000000000000e+00 1.190536084666027818e+03
9.000000000000000000e+00 1.041525246190363077e+03
9.250000000000000000e+00 9.150350436512943588e+02
9.500000000000000000e+00 8.057339097439862599e+02
9.750000000000000000e+00 7.116856890412291250e+02
1.000000000000000000e+01 6.305898541406478444e+02
1.025000000000000000e+01 5.602026170316287335e+02
1.050000000000000000e+01 4.990157008012009214e+02
1.075000000000000000e+01 4.456773836045645680e+02
1.100000000000000000e+01 3.989516593802673015e+02
1.125000000000000000e+01 3.579606793617488165e+02
1.150000000000000000e+01 3.218998352016649278e+02
1.175000000000000000e+01 2.899553966091687585e+02
1.200000000000000000e+01 2.618238694716492319e+02
1.225000000000000000e+01 2.368824121587155673e+02
1.250000000000000000e+01 2.147153835892036682e+02
1.275000000000000000e+01 1.949745855531633367e+02
1.300000000000000000e+01 1.773612892830201133e+02
1.325000000000000000e+01 1.616086507020453098e+02
1.350000000000000000e+01 1.474922473647452250e+02
1.375000000000000000e+01 1.348180672550537906e+02
1.400000000000000000e+01 1.234185839155163791e+02
1.425000000000000000e+01 1.131448780276527799e+02
1.450000000000000000e+01 1.038702434109512751e+02
1.475000000000000000e+01 9.548413111937023245e+01
1.500000000000000000e+01 8.789019288947052644e+01
1.525000000000000000e+01 8.100270165373798648e+01
1.550000000000000000e+01 7.474664645402276619e+01
1.575000000000000000e+01 6.905591850462586478e+01
1.600000000000000000e+01 6.387242692379771114e+01
1.625000000000000000e+01 5.911977123779441001e+01
1.650000000000000000e+01 5.480261188210180734e+01
1.675000000000000000e+01 5.085475718640085319e+01
1.700000000000000000e+01 4.723940112225054122e+01
1.725000000000000000e+01 4.392536376128479958e+01
1.750000000000000000e+01 4.088276933173069949e+01
1.775000000000000000e+01 3.808691277615402981e+01
1.800000000000000000e+01 3.551484515374145445e+01
1.825000000000000000e+01 3.314591983740658776e+01
1.850000000000000000e+01 3.096011266978590726e+01
1.875000000000000000e+01 2.894446153248706111e+01
1.900000000000000000e+01 2.708202713349200152e+01
1.925000000000000000e+01 2.536062175880196889e+01
1.950000000000000000e+01 2.376442922127483115e+01
1.975000000000000000e+01 2.228705656289509918e+01
2.000000000000000000e+01 2.091708357957945097e+01
2.025000000000000000e+01 1.963960055075468958e+01
2.050000000000000000e+01 1.845845788716481906e+01
2.075000000000000000e+01 1.736106679796320762e+01
2.100000000000000000e+01 1.633951856482281784e+01
2.125000000000000000e+01 1.538867614108361082e+01
2.150000000000000000e+01 1.450332494127322569e+01
2.175000000000000000e+01 1.367671280055311556e+01
2.200000000000000000e+01 1.290523693543493877e+01
2.225000000000000000e+01 1.218476072966490875e+01
2.250000000000000000e+01 1.150542673541358774e+01
2.275000000000000000e+01 1.087593717507511215e+01
2.300000000000000000e+01 1.028669409278034230e+01
2.325000000000000000e+01 9.734916121319228566e+00
2.350000000000000000e+01 9.217825931695386998e+00
2.375000000000000000e+01 8.732767899741798345e+00
2.400000000000000000e+01 8.277594100445032410e+00
2.425000000000000000e+01 7.850204961784172042e+00
2.450000000000000000e+01 7.448618972441803265e+00
2.475000000000000000e+01 7.071081743475312820e+00
2.500000000000000000e+01 6.715938379603225705e+00
2.525000000000000000e+01 6.381660763906412903e+00
2.550000000000000000e+01 6.066819431055956890e+00
2.575000000000000000e+01 5.770234019210706222e+00
2.600000000000000000e+01 5.490490524234560077e+00
2.625000000000000000e+01 5.226697063084282391e+00
2.650000000000000000e+01 4.977767869864788253e+00
2.675000000000000000e+01 4.742712584783932428e+00
2.700000000000000000e+01 4.520679873705685914e+00
2.725000000000000000e+01 4.310835240517525868e+00
2.750000000000000000e+01 4.112284419258101842e+00
2.775000000000000000e+01 3.924485558400070850e+00
2.800000000000000000e+01 3.746600600665020764e+00
2.825000000000000000e+01 3.576565257041160351e+00
2.850000000000000000e+01 3.417120394258819527e+00
2.875000000000000000e+01 3.265984619437839687e+00
2.900000000000000000e+01 3.122658790273015850e+00
2.925000000000000000e+01 2.986692457684370972e+00
2.950000000000000000e+01 2.857643925604551605e+00
2.975000000000000000e+01 2.735109791748974839e+00
3.000000000000000000e+01 2.618724373163116237e+00
3.025000000000000000e+01 2.508193626083194072e+00
3.050000000000000000e+01 2.403054273432219112e+00
3.075000000000000000e+01 2.303058948616336199e+00
3.100000000000000000e+01 2.207933506279144087e+00
3.125000000000000000e+01 2.117354914886675044e+00
3.150000000000000000e+01 2.031157363955156114e+00
3.175000000000000000e+01 1.949027818744824669e+00
3.200000000000000000e+01 1.870805808378516844e+00
3.225000000000000000e+01 1.795548134576748556e+00
3.250000000000000000e+01 1.724498557576345847e+00
3.275000000000000000e+01 1.656735540880711621e+00
3.300000000000000000e+01 1.592081482975622464e+00
3.325000000000000000e+01 1.530372359136303428e+00
3.350000000000000000e+01 1.471460445169030518e+00
3.375000000000000000e+01 1.415198734436405426e+00
3.400000000000000000e+01 1.361449651991888166e+00
3.425000000000000000e+01 1.310084531651283912e+00
3.450000000000000000e+01 1.260969378008952146e+00
3.475000000000000000e+01 1.214046312379875037e+00
3.500000000000000000e+01 1.169130275533144525e+00
3.525000000000000000e+01 1.126155856964201618e+00
3.550000000000000000e+01 1.084883906664228181e+00
3.575000000000000000e+01 1.045516612087773689e+00
3.600000000000000000e+01 1.007814528331491433e+00
3.625000000000000000e+01 9.717002056128464238e-01
3.650000000000000000e+01 9.370960955966846084e-01
3.675000000000000000e+01 9.039295368259533392e-01
3.700000000000000000e+01 8.721331370205417377e-01
3.725000000000000000e+01 8.416414928550824959e-01
3.750000000000000000e+01 8.123927668699795213e-01
3.775000000000000000e+01 7.843306040861390827e-01
3.800000000000000000e+01 7.574386251539567683e-01
3.825000000000000000e+01 7.315922285631387689e-01
3.850000000000000000e+01 7.067745496088050361e-01
3.875000000000000000e+01 6.829288402233872901e-01
3.900000000000000000e+01 6.600195043085880231e-01
3.925000000000000000e+01 6.380063960995031591e-01
3.950000000000000000e+01 6.168503182586877465e-01
3.975000000000000000e+01 5.965116618744400467e-01
4.000000000000000000e+01 5.769550019345142111e-01
4.025000000000000000e+01 5.581468484327571922e-01
4.050000000000000000e+01 5.400546527117565665e-01
4.075000000000000000e+01 5.225465969150151491e-01
4.100000000000000000e+01 5.057958102600284001e-01
4.125000000000000000e+01 4.896714331908022522e-01
4.150000000000000000e+01 4.741453843798425494e-01
4.175000000000000000e+01 4.591395832127992405e-01
4.200000000000000000e+01 4.447370896717150468e-01
4.225000000000000000e+01 4.308602148914037477e-01
4.250000000000000000e+01 4.174893364348087887e-01
4.275000000000000000e+01 4.046026143238429795e-01
4.300000000000000000e+01 3.921786813783971204e-01
4.325000000000000000e+01 3.801989848404253025e-01
4.350000000000000000e+01 3.686459094162768957e-01
4.375000000000000000e+01 3.575033061622267527e-01
4.400000000000000000e+01 3.467559517075071152e-01
4.425000000000000000e+01 3.363851619267236304e-01
4.450000000000000000e+01 3.263751990156626426e-01
4.475000000000000000e+01 3.167119919610671963e-01
4.500000000000000000e+01 3.073819960845859400e-01
4.525000000000000000e+01 2.983718884964782769e-01
4.550000000000000000e+01 2.896695886793402841e-01
4.575000000000000000e+01 2.812271561920789975e-01
4.600000000000000000e+01 2.731049979797208760e-01
4.625000000000000000e+01 2.652558180598579840e-01
4.650000000000000000e+01 2.575011160408229860e-01
4.675000000000000000e+01 2.501714769388913573e-01
4.700000000000000000e+01 2.429868851271206609e-01
4.725000000000000000e+01 2.361322573043167505e-01
4.750000000000000000e+01 2.295068700042663390e-01
4.775000000000000000e+01 2.230973907780382792e-01
4.800000000000000000e+01 2.168961108037036067e-01
4.825000000000000000e+01 2.108954138102464293e-01
4.850000000000000000e+01 2.050878022148379942e-01
4.875000000000000000e+01 1.994663817448958931e-01
4.900000000000000000e+01 1.940083614483050778e-01
4.925000000000000000e+01 1.887394176293440973e-01
4.950000000000000000e+01 1.836371546873826199e-01
4.975000000000000000e+01 1.786884214545794158e-01
5.000000000000000000e+01 1.739013458574479309e-01
5.025000000000000000e+01 1.692634121936288372e-01
5.050000000000000000e+01 1.647631611685783093e-01
5.075000000000000000e+01 1.604078820116465465e-01
5.100000000000000000e+01 1.561863733512185437e-01
5.125000000000000000e+01 1.520885006758175007e-01
5.150000000000000000e+01 1.481208096959707177e-01
5.175000000000000000e+01 1.442733363338912222e-01
5.200000000000000000e+01 1.405420395179624860e-01
5.225000000000000000e+01 1.369230150031070514e-01
5.250000000000000000e+01 1.334095158611857401e-01
5.275000000000000000e+01 1.300036643734961139e-01
5.300000000000000000e+01 1.266989745177325155e-01
5.325000000000000000e+01 1.234917123127066002e-01
5.350000000000000000e+01 1.203791178085872188e-01
5.375000000000000000e+01 1.173577722544941748e-01
5.400000000000000000e+01 1.144244486050468995e-01
5.425000000000000000e+01 1.115763206844935240e-01
5.450000000000000000e+01 1.088041688663853451e-01
5.475000000000000000e+01 1.061183875862047876e-01
5.500000000000000000e+01 1.035097363999901154e-01
5.525000000000000000e+01 1.009755793100954313e-01
5.550000000000000000e+01 9.851346278141169532e-02
5.575000000000000000e+01 9.612116896255543108e-02
5.600000000000000000e+01 9.379551617947663733e-02
5.625000000000000000e+01 9.151470023131073883e-02
5.650000000000000000e+01 8.931930752541625274e-02
5.675000000000000000e+01 8.717937429141187078e-02
5.700000000000000000e+01 8.510490804292626665e-02
5.725000000000000000e+01 8.308778583320991507e-02
5.750000000000000000e+01 8.112624609493312988e-02
5.775000000000000000e+01 7.921817776654391241e-02
5.800000000000000000e+01 7.736255216470797058e-02
5.825000000000000000e+01 7.555742996253600463e-02
5.850000000000000000e+01 7.380122458295292065e-02
5.875000000000000000e+01 7.209244798124765652e-02
5.900000000000000000e+01 7.042960657269813074e-02
5.925000000000000000e+01 6.881130687989786554e-02
5.950000000000000000e+01 6.723625857550240281e-02
5.975000000000000000e+01 6.570305353303397544e-02
6.000000000000000000e+01 6.421017527866353103e-02
6.025000000000000000e+01 6.275685782771467380e-02
6.050000000000000000e+01 6.134169152483601173e-02
6.075000000000000000e+01 5.996356667881288377e-02
6.100000000000000000e+01 5.862137853354868616e-02
6.125000000000000000e+01 5.731404727688130946e-02
6.150000000000000000e+01 5.604047765788686131e-02
6.175000000000000000e+01 5.479975236606627470e-02
6.200000000000000000e+01 5.359089900231565201e-02
6.225000000000000000e+01 5.241298457725299120e-02
6.250000000000000000e+01 5.126510122511805656e-02
6.275000000000000000e+01 5.014638169261972228e-02
6.300000000000000000e+01 4.905597480846201480e-02
6.325000000000000000e+01 4.798157389961078129e-02
6.350000000000000000e+01 4.694489996099179829e-02
6.375000000000000000e+01 4.593482539274713200e-02
6.400000000000000000e+01 4.494980851029323904e-02
6.425000000000000000e+01 4.398927586378323373e-02
6.450000000000000000e+01 4.305254499739294416e-02
6.475000000000000000e+01 4.213894466474202988e-02
6.500000000000000000e+01 4.124781551564455501e-02
6.525000000000000000e+01 4.036719595349785167e-02
6.550000000000000000e+01 3.952260756495339783e-02
6.575000000000000000e+01 3.869582694781636967e-02
6.600000000000000000e+01 3.788909882049484174e-02
6.625000000000000000e+01 3.710512825381317298e-02
6.650000000000000000e+01 3.633677739970837123e-02
6.675000000000000000e+01 3.558688119470928418e-02
6.700000000000000000e+01 3.485204131701951508e-02
6.725000000000000000e+01 3.413761068040026270e-02
6.750000000000000000e+01 3.344016108474050231e-02
6.775000000000000000e+01 3.275922577037854166e-02
6.800000000000000000e+01 3.209435245622811739e-02
6.825000000000000000e+01 3.144782935550374109e-02
6.850000000000000000e+01 3.081375348652552401e-02
6.875000000000000000e+01 3.019449192559337664e-02
6.900000000000000000e+01 2.958265380834264671e-02
6.925000000000000000e+01 2.899198757409237465e-02
6.950000000000000000e+01 2.841497934853092280e-02
6.975000000000000000e+01 2.785127931373725108e-02
7.000000000000000000e+01 2.729757009548538019e-02
7.025000000000000000e+01 2.675950344358687602e-02
7.050000000000000000e+01 2.622594685150348229e-02
7.075000000000000000e+01 2.571226464246985713e-02
7.100000000000000000e+01 2.521023103798204767e-02
7.125000000000000000e+01 2.471955194990217361e-02
7.150000000000000000e+01 2.423993095636468517e-02
7.175000000000000000e+01 2.377107157293763262e-02
7.200000000000000000e+01 2.331270966712548423e-02
7.225000000000000000e+01 2.286455687742700027e-02
7.250000000000000000e+01 2.242633894920498597e-02
7.275000000000000000e+01 2.199784350297906768e-02
7.300000000000000000e+01 2.157883152395929927e-02
7.325000000000000000e+01 2.116906500989425635e-02
7.350000000000000000e+01 2.076830598396177743e-02
7.375000000000000000e+01 2.037633225562837311e-02
7.400000000000000000e+01 1.999292095686376960e-02
7.425000000000000000e+01 1.961785669339250263e-02
7.450000000000000000e+01 1.925093091853844265e-02
7.475000000000000000e+01 1.889194452789228276e-02
7.500000000000000000e+01 1.854070389087098675e-02
7.525000000000000000e+01 1.819563703420270379e-02
7.550000000000000000e+01 1.785935593162736243e-02
7.575000000000000000e+01 1.753026976917433297e-02
7.600000000000000000e+01 1.720819159645037635e-02
7.625000000000000000e+01 1.689295999998781730e-02
7.650000000000000000e+01 1.658557289518528335e-02
7.675000000000000000e+01 1.628351778551794318e-02
7.700000000000000000e+01 1.598781821178494461e-02
7.725000000000000000e+01 1.569715971610065319e-02
7.750000000000000000e+01 1.541377655509351859e-02
7.775000000000000000e+01 1.513630843106363207e-02
7.800000000000000000e+01 1.485776118635479849e-02
7.825000000000000000e+01 1.459174468185439610e-02
7.850000000000000000e+01 1.433123288144581321e-02
7.875000000000000000e+01 1.407608711576726832e-02
7.900000000000000000e+01 1.382618867261213927e-02
7.925000000000000000e+01 1.358140109829471774e-02
7.950000000000000000e+01 1.334161879981016208e-02
7.975000000000000000e+01 1.310558760146996772e-02
8.000000000000000000e+01 1.287551638394759425e-02
8.025000000000000000e+01 1.265012724207327868e-02
8.050000000000000000e+01 1.242930037293436124e-02
8.075000000000000000e+01 1.221292841860097990e-02
8.100000000000000000e+01 1.200090962498080380e-02
8.125000000000000000e+01 1.179314364389078516e-02
8.150000000000000000e+01 1.158952268962953024e-02
8.175000000000000000e+01 1.138997608734401354e-02
8.200000000000000000e+01 1.119441919900732857e-02
8.225000000000000000e+01 1.100274382348250847e-02
8.250000000000000000e+01 1.081486091185388139e-02
8.275000000000000000e+01 1.063068265906003812e-02
8.300000000000000000e+01 1.045012700708594817e-02
8.325000000000000000e+01 1.027311461229301996e-02
8.350000000000000000e+01 1.009956594716175660e-02
8.375000000000000000e+01 9.929402765590584351e-03
8.400000000000000000e+01 9.762557642514253439e-03
8.425000000000000000e+01 9.598950099999217431e-03
8.450000000000000000e+01 9.438479155499930259e-03
8.475000000000000000e+01 9.281105677845104263e-03
8.500000000000000000e+01 9.126763343357706393e-03
8.525000000000000000e+01 8.975371435533964146e-03
8.550000000000000000e+01 8.826880528266538642e-03
8.575000000000000000e+01 8.681226081348076065e-03
8.600000000000000000e+01 8.538345401409876828e-03
8.625000000000000000e+01 8.398176816162394864e-03
8.650000000000000000e+01 8.260664453827219755e-03
8.675000000000000000e+01 8.125748559722456230e-03
8.700000000000000000e+01 7.993375806015152671e-03
8.725000000000000000e+01 7.863492195673258550e-03
8.750000000000000000e+01 7.736045916620724189e-03
8.775000000000000000e+01 7.610983615948089392e-03
8.800000000000000000e+01 7.488254704154317931e-03
8.825000000000000000e+01 7.367811310216202704e-03
8.850000000000000000e+01 7.249603501744764089e-03
8.875000000000000000e+01 7.133584573378794202e-03
8.900000000000000000e+01 7.019708459173724588e-03
8.925000000000000000e+01 6.907929317086828301e-03
8.950000000000000000e+01 6.798203670445222835e-03
8.975000000000000000e+01 6.690488636389542269e-03
9.000000000000000000e+01 6.584742522151701416e-03
9.025000000000000000e+01 6.480923647555798459e-03
9.050000000000000000e+01 6.378987396588048017e-03
9.075000000000000000e+01 6.278904135335991628e-03
9.100000000000000000e+01 6.180634407663194822e-03
9.125000000000000000e+01 6.084137377542057391e-03
9.150000000000000000e+01 5.989377232390779952e-03
9.175000000000000000e+01 5.896317703852111888e-03
9.200000000000000000e+01 5.804924706639473866e-03
9.225000000000000000e+01 5.715164617814121918e-03
9.250000000000000000e+01 5.627004807326342617e-03
9.275000000000000000e+01 5.540413935431257736e-03
9.300000000000000000e+01 5.455360886748362483e-03
9.325000000000000000e+01 5.371792506955164713e-03
9.350000000000000000e+01 5.289720174980402922e-03
9.375000000000000000e+01 5.209096715571001623e-03
9.400000000000000000e+01 5.129889343879099131e-03
9.425000000000000000e+01 5.052069934642852873e-03
9.450000000000000000e+01 4.975610581473525681e-03
9.475000000000000000e+01 4.900483648788438520e-03
9.500000000000000000e+01 4.826663846370292561e-03
9.525000000000000000e+01 4.754125618160007227e-03
9.550000000000000000e+01 4.682843818714711379e-03
9.575000000000000000e+01 4.612793053738742204e-03
9.600000000000000000e+01 4.543764219944295898e-03
9.625000000000000000e+01 4.476101963295976531e-03
9.650000000000000000e+01 4.409600515489474522e-03
9.675000000000000000e+01 4.344236401254805008e-03
9.700000000000000000e+01 4.279987226439213588e-03
9.725000000000000000e+01 4.216832542213818334e-03
9.750000000000000000e+01 4.154751256368540910e-03
9.775000000000000000e+01 4.093722630006353669e-03
9.800000000000000000e+01 4.033726419553644062e-03
9.825000000000000000e+01 3.974743011242210487e-03
9.850000000000000000e+01 3.916747277559712130e-03
9.875000000000000000e+01 3.859735083232366734e-03
9.900000000000000000e+01 3.803681574686601854e-03
9.925000000000000000e+01 3.748565523912092672e-03
9.950000000000000000e+01 3.694369010203736158e-03
9.975000000000000000e+01 3.641077031522693686e-03
1.000000000000000000e+02 3.588672229993173594e-03
