5.000000000000000000e-01 1.728659675781236291e+08 1.067941075801772438e+07 2.798154638287140846e+09
7.500000000000000000e-01 1.415085483789429255e+07 1.123996437879310455e+06 1.781559851034491062e+08
1.000000000000000000e+00 2.302809943937506061e+06 2.133964275921649532e+05 2.485015188741689175e+07
1.250000000000000000e+00 5.284088962636227952e+05 5.440723556377776549e+04 5.131963768371118233e+06
1.500000000000000000e+00 1.489401873269395437e+05 1.656235886117362315e+04 1.339373188742266269e+06
1.750000000000000000e+00 4.824835338680649147e+04 5.690453718737898271e+03 4.090892782191845472e+05
2.000000000000000000e+00 1.721930721995074055e+04 2.127568049937273372e+03 1.393631292516305111e+05
2.250000000000000000e+00 6.592634639029408390e+03 8.458964637353135458e+02 5.138079345054481382e+04
2.500000000000000000e+00 2.653478803535224870e+03 3.512745057133778346e+02 2.004401015812911282e+04
2.750000000000000000e+00 1.107749065431827603e+03 1.505573155610443905e+02 8.150437508747617358e+03
3.000000000000000000e+00 4.739724583355835534e+02 6.588300718357153585e+01 3.409830559718208860e+03
3.250000000000000000e+00 2.063126609973984387e+02 2.924013381320328975e+01 1.455701754299338972e+03
3.500000000000000000e+00 9.051218660694388518e+01 1.304732953989418576e+01 6.279028899607814083e+02
3.750000000000000000e+00 3.978503499425666945e+01 5.821252624832821354e+00 2.719086615038777950e+02
4.000000000000000000e+00 1.744346728186880924e+01 3.881109682993560739e+00 7.839885385020500053e+01
4.250000000000000000e+00 7.587005179995699677e+00 1.651773451453169006e+00 3.484899672569509477e+01
4.500000000000000000e+00 3.260098279905098373e+00 6.889716106055410183e-01 1.542623909466887788e+01
4.750000000000000000e+00 1.375959683149041490e+00 2.797293020136584762e-01 6.768204246114936318e+00
5.000000000000000000e+00 5.680936430031877649e-01 1.103741134158508358e-01 2.923968104773795762e+00
5.250000000000000000e+00 2.278474752401170311e-01 4.195865326589902355e-02 1.237276888853058088e+00
5.500000000000000000e+00 8.811631791382470991e-02 1.525254279716503104e-02 5.090617076736476676e-01
5.750000000000000000e+00 3.256564663000566240e-02 5.254909522752421527e-03 2.018153377976559804e-01
6.000000000000000000e+00 1.138786547657402205e-02 1.700125326568703316e-03 7.627877667952961960e-02
6.250000000000000000e+00 3.712327409233638371e-03 5.075551300856979932e-04 2.715246872003919051e-02
6.500000000000000000e+00 1.108513955118701350e-03 1.372933051621721718e-04 8.950204725870878827e-03
6.750000000000000000e+00 2.956016191057865929e-04 3.273764515399565797e-05 2.669108202710716166e-03
7.000000000000000000e+00 6.804652479386646329e-05 6.639517484421523429e-06 6.973894635245029335e-04
