5.000000000000000000e-01 1.377556423257353008e+08
7.500000000000000000e-01 1.663953731349582784e+07
1.000000000000000000e+00 3.468205085281250998e+06
1.250000000000000000e+00 9.903840021790592000e+05
1.500000000000000000e+00 3.427554626131932600e+05
1.750000000000000000e+00 1.351105284073565854e+05
2.000000000000000000e+00 5.855363987912762968e+04
2.250000000000000000e+00 2.730753963625210963e+04
2.500000000000000000e+00 1.348448101983073502e+04
2.750000000000000000e+00 6.970043099193981107e+03
3.000000000000000000e+00 3.743198688671454875e+03
3.250000000000000000e+00 2.076813829918868123e+03
3.500000000000000000e+00 1.183603964675863608e+03
3.750000000000000000e+00 6.899411087701462293e+02
4.000000000000000000e+00 4.105230576823052502e+02
4.250000000000000000e+00 2.485516398449336464e+02
4.500000000000000000e+00 1.527207819945411131e+02
4.750000000000000000e+00 9.506571721098109151e+01
5.000000000000000000e+00 5.985768285373767839e+01
5.250000000000000000e+00 3.807763271439505104e+01
5.500000000000000000e+00 2.443535419782566009e+01
5.750000000000000000e+00 1.580275658716168330e+01
6.000000000000000000e+00 1.028710209776363627e+01
6.250000000000000000e+00 6.732355823313346477e+00
6.500000000000000000e+00 4.431054822705858598e+00
6.750000000000000000e+00 2.928530561382592712e+00
7.000000000000000000e+00 1.941907854634510766e+00
7.250000000000000000e+00 1.290879926773537134e+00
7.500000000000000000e+00 8.603370854300500525e-01
7.750000000000000000e+00 5.741345556644037451e-01
8.000000000000000000e+00 3.836707862400713376e-01
8.250000000000000000e+00 2.564598344649678396e-01
8.500000000000000000e+00 1.715859158765074832e-01
8.750000000000000000e+00 1.147058587335370444e-01
9.000000000000000000e+00 7.660591376098045691e-02
9.250000000000000000e+00 5.111608721590399362e-02
9.500000000000000000e+00 3.406257709146578300e-02
9.750000000000000000e+00 2.262678029984317371e-02
1.000000000000000000e+01 1.499858492515933339e-02
1.025000000000000000e+01 9.909359896531629713e-03
1.050000000000000000e+01 6.515602103503917789e-03
1.075000000000000000e+01 4.270232660688485365e-03
1.100000000000000000e+01 2.784138592978412704e-03
1.125000000000000000e+01 1.805551518585866381e-03
1.150000000000000000e+01 1.163390137908339953e-03
1.175000000000000000e+01 7.445957790978501674e-04
1.200000000000000000e+01 4.729419651415574916e-04
1.225000000000000000e+01 2.979634405682474586e-04
1.250000000000000000e+01 1.859394713948649385e-04
1.275000000000000000e+01 1.149853604269977342e-04
1.300000000000000000e+01 7.025242771899001812e-05
1.325000000000000000e+01 4.245871109280737799e-05
1.350000000000000000e+01 2.530057076369183490e-05
1.375000000000000000e+01 1.486963134453531391e-05
1.400000000000000000e+01 8.597205493708625173e-06
1.425000000000000000e+01 4.887946795884801146e-06
1.450000000000000000e+01 2.725130917575750094e-06
1.475000000000000000e+01 1.485512481672894057e-06
1.500000000000000000e+01 7.910338390159043798e-07
1.525000000000000000e+01 4.098973676091542414e-07
1.550000000000000000e+01 2.062290295689065151e-07
1.575000000000000000e+01 1.002473111282768409e-07
1.600000000000000000e+01 4.687720221340911894e-08
1.625000000000000000e+01 2.098647845578540834e-08
1.650000000000000000e+01 8.932841328742610887e-09
1.675000000000000000e+01 3.584198955146886274e-09
1.700000000000000000e+01 1.343061251115361754e-09
1.725000000000000000e+01 4.639015775711305709e-10
1.750000000000000000e+01 1.454908001142037894e-10
1.775000000000000000e+01 4.053153178112574830e-11
1.800000000000000000e+01 9.770972147442145445e-12
1.825000000000000000e+01 1.959634252234892807e-12
1.850000000000000000e+01 3.087386212104413261e-13
1.875000000000000000e+01 3.487425898946442556e-14
1.900000000000000000e+01 2.387681461188411372e-15
1.925000000000000000e+01 6.840445408153717240e-17
