5.000000000000000000e-01 4.073052205975071788e+08
7.500000000000000000e-01 1.061526365968510658e+08
1.000000000000000000e+00 3.416981450754889846e+07
1.250000000000000000e+00 1.310906858827754855e+07
1.500000000000000000e+00 5.869022272898515686e+06
1.750000000000000000e+00 2.965785703652914148e+06
2.000000000000000000e+00 1.635603405060284305e+06
2.250000000000000000e+00 9.602332529951165197e+05
2.500000000000000000e+00 5.937004727727082791e+05
2.750000000000000000e+00 3.826668685469903285e+05
3.000000000000000000e+00 2.564059970262199058e+05
3.250000000000000000e+00 1.771308997731825802e+05
3.500000000000000000e+00 1.256517619208982942e+05
3.750000000000000000e+00 9.105728077142697293e+04
4.000000000000000000e+00 6.731654345767937775e+04
4.250000000000000000e+00 5.060721848375940317e+04
4.500000000000000000e+00 3.865145226906528842e+04
4.750000000000000000e+00 2.993077509462906528e+04
5.000000000000000000e+00 2.346276111528450929e+04
5.250000000000000000e+00 1.858395162485510082e+04
5.500000000000000000e+00 1.487324194288631770e+04
5.750000000000000000e+00 1.201968678916303361e+04
6.000000000000000000e+00 9.786151038788326332e+03
6.250000000000000000e+00 8.037632076397344463e+03
6.500000000000000000e+00 6.649057903475661988e+03
6.750000000000000000e+00 5.536980725204209193e+03
7.000000000000000000e+00 4.636112396221707058e+03
7.250000000000000000e+00 3.907599504975689342e+03
7.500000000000000000e+00 3.311612349071054268e+03
7.750000000000000000e+00 2.824745243822888369e+03
8.000000000000000000e+00 2.416137346708406312e+03
8.250000000000000000e+00 2.076782099563215979e+03
8.500000000000000000e+00 1.792569452744461842e+03
8.750000000000000000e+00 1.553408114010277814e+03
9.000000000000000000e+00 1.351207217339318277e+03
9.250000000000000000e+00 1.179522088279399895e+03
9.500000000000000000e+00 1.033128027055222219e+03
9.750000000000000000e+00 9.077705496469684476e+02
1.000000000000000000e+01 8.000361561622746649e+02
1.025000000000000000e+01 7.071283388900565114e+02
1.050000000000000000e+01 6.264523236802912152e+02
1.075000000000000000e+01 5.567054830265562941e+02
1.100000000000000000e+01 4.959650735867990079e+02
1.125000000000000000e+01 4.429248017019978079e+02
1.150000000000000000e+01 3.964918755857478345e+02
1.175000000000000000e+01 3.557129380080127135e+02
1.200000000000000000e+01 3.198052266432890178e+02
1.225000000000000000e+01 2.881098822072233929e+02
1.250000000000000000e+01 2.600699641996870355e+02
1.275000000000000000e+01 2.351944937277062309e+02
1.300000000000000000e+01 2.130807727762567936e+02
1.325000000000000000e+01 1.933243383992668214e+02
1.350000000000000000e+01 1.757525596594609851e+02
1.375000000000000000e+01 1.600369561773825922e+02
1.400000000000000000e+01 1.459543042276290521e+02
1.425000000000000000e+01 1.333148306947665844e+02
1.450000000000000000e+01 1.218797733004299602e+02
1.475000000000000000e+01 1.116464548301530328e+02
1.500000000000000000e+01 1.024122647945112021e+02
1.525000000000000000e+01 9.406587088340945968e+01
1.550000000000000000e+01 8.651187904704022458e+01
1.575000000000000000e+01 7.966286023562935270e+01
1.600000000000000000e+01 7.344421153916663059e+01
1.625000000000000000e+01 6.779005989679099287e+01
1.650000000000000000e+01 6.264253803882888860e+01
1.675000000000000000e+01 5.794932945429740556e+01
1.700000000000000000e+01 5.366516511351305496e+01
1.725000000000000000e+01 4.974911178302200199e+01
1.750000000000000000e+01 4.616573991264987598e+01
1.775000000000000000e+01 4.288278005959987382e+01
1.800000000000000000e+01 3.987134291343436132e+01
1.825000000000000000e+01 3.710586930991403420e+01
1.850000000000000000e+01 3.456313322450124303e+01
1.875000000000000000e+01 3.222258486581320369e+01
1.900000000000000000e+01 3.005201757300996945e+01
1.925000000000000000e+01 2.806485559099926874e+01
1.950000000000000000e+01 2.623046926229367770e+01
1.975000000000000000e+01 2.453545896454696518e+01
2.000000000000000000e+01 2.296902609635626291e+01
2.025000000000000000e+01 2.151798239974169036e+01
2.050000000000000000e+01 2.017376234643518984e+01
2.075000000000000000e+01 1.892734172160752948e+01
2.100000000000000000e+01 1.777055326631505849e+01
2.125000000000000000e+01 1.669609585249474648e+01
2.150000000000000000e+01 1.569725044437915962e+01
2.175000000000000000e+01 1.476801141712092758e+01
2.200000000000000000e+01 1.390280419557294422e+01
2.225000000000000000e+01 1.309649369150833564e+01
2.250000000000000000e+01 1.234473971645849133e+01
2.275000000000000000e+01 1.164327758622755660e+01
2.300000000000000000e+01 1.098810857826121001e+01
2.325000000000000000e+01 1.037596514605256459e+01
2.350000000000000000e+01 9.803529589965565449e+00
2.375000000000000000e+01 9.267968209871849439e+00
2.400000000000000000e+01 8.766322329883127651e+00
2.425000000000000000e+01 8.296277142139835803e+00
2.450000000000000000e+01 7.855519196502031676e+00
2.475000000000000000e+01 7.442052611563409137e+00
2.500000000000000000e+01 7.053918307981131619e+00
2.525000000000000000e+01 6.689388076727093235e+00
2.550000000000000000e+01 6.346733509064264034e+00
2.575000000000000000e+01 6.024489277914888419e+00
2.600000000000000000e+01 5.721342019402842816e+00
2.625000000000000000e+01 5.435910619862783122e+00
2.650000000000000000e+01 5.167033334620660057e+00
2.675000000000000000e+01 4.911769055806034068e+00
2.700000000000000000e+01 4.672922980687348016e+00
2.725000000000000000e+01 4.447592037983572055e+00
2.750000000000000000e+01 4.234905895055674385e+00
2.775000000000000000e+01 4.034064389434039555e+00
2.800000000000000000e+01 3.844293389722080345e+00
2.825000000000000000e+01 3.664905897172646032e+00
2.850000000000000000e+01 3.495256327274472774e+00
2.875000000000000000e+01 3.334743533921520342e+00
2.900000000000000000e+01 3.182811677308000853e+00
2.925000000000000000e+01 3.038939541375526687e+00
2.950000000000000000e+01 2.902636682009075653e+00
2.975000000000000000e+01 2.773441868193511350e+00
3.000000000000000000e+01 2.650752378160072809e+00
3.025000000000000000e+01 2.534570145356938919e+00
3.050000000000000000e+01 2.424314206200760324e+00
3.075000000000000000e+01 2.319639455915638138e+00
3.100000000000000000e+01 2.220222028033842943e+00
3.125000000000000000e+01 2.125720865197124887e+00
3.150000000000000000e+01 2.035998507579772632e+00
3.175000000000000000e+01 1.950629130541007727e+00
3.200000000000000000e+01 1.868106804076678173e+00
3.225000000000000000e+01 1.790895009099023882e+00
3.250000000000000000e+01 1.716642130288236645e+00
3.275000000000000000e+01 1.646687497565153091e+00
3.300000000000000000e+01 1.580046956457330731e+00
3.325000000000000000e+01 1.516216186287371981e+00
3.350000000000000000e+01 1.455703665962265969e+00
3.375000000000000000e+01 1.398000151507674094e+00
3.400000000000000000e+01 1.342956215373218631e+00
3.425000000000000000e+01 1.290431840714511447e+00
3.450000000000000000e+01 1.240296330325715957e+00
3.475000000000000000e+01 1.192395775251855916e+00
3.500000000000000000e+01 1.146674129461902281e+00
3.525000000000000000e+01 1.102653946114198869e+00
3.550000000000000000e+01 1.060920770150088455e+00
3.575000000000000000e+01 1.021024979252012077e+00
3.600000000000000000e+01 9.828324412942289756e-01
3.625000000000000000e+01 9.463308009221974570e-01
3.650000000000000000e+01 9.113939334086575972e-01
3.675000000000000000e+01 8.779579448080814252e-01
3.700000000000000000e+01 8.459487806300478585e-01
3.725000000000000000e+01 8.152966397808586452e-01
3.750000000000000000e+01 7.859361505283348759e-01
3.775000000000000000e+01 7.578032553617241041e-01
3.800000000000000000e+01 7.308424749391814190e-01
3.825000000000000000e+01 7.049974792922292233e-01
3.850000000000000000e+01 6.801389271114330892e-01
3.875000000000000000e+01 6.563718326326088981e-01
3.900000000000000000e+01 6.335702096295405816e-01
3.925000000000000000e+01 6.116901104258599675e-01
3.950000000000000000e+01 5.906890092155951955e-01
3.975000000000000000e+01 5.705262041585441590e-01
4.000000000000000000e+01 5.511598437375770931e-01
4.025000000000000000e+01 5.325556883668672858e-01
4.050000000000000000e+01 5.146834770974741957e-01
4.075000000000000000e+01 4.975076972805287379e-01
4.100000000000000000e+01 4.809975102878632502e-01
4.125000000000000000e+01 4.651241812249651275e-01
4.150000000000000000e+01 4.498596078006791843e-01
4.175000000000000000e+01 4.351770390079636730e-01
4.200000000000000000e+01 4.210531836637087522e-01
4.225000000000000000e+01 4.074628554165725669e-01
4.250000000000000000e+01 3.942705215191324997e-01
4.275000000000000000e+01 3.816791522485874499e-01
4.300000000000000000e+01 3.695548745978838867e-01
4.325000000000000000e+01 3.577906281315286763e-01
4.350000000000000000e+01 3.465457168058989623e-01
4.375000000000000000e+01 3.357112419761836830e-01
4.400000000000000000e+01 3.252701521133244400e-01
4.425000000000000000e+01 3.152059981492890128e-01
4.450000000000000000e+01 3.055030936104549122e-01
4.475000000000000000e+01 2.961471997114715204e-01
4.500000000000000000e+01 2.871242596796447777e-01
4.525000000000000000e+01 2.784198407572538447e-01
4.550000000000000000e+01 2.700214981783902179e-01
4.575000000000000000e+01 2.619173831925855067e-01
4.600000000000000000e+01 2.540956198876997418e-01
4.625000000000000000e+01 2.465452034125775183e-01
4.650000000000000000e+01 2.392553626122480848e-01
4.675000000000000000e+01 2.322157576083682395e-01
4.700000000000000000e+01 2.254167194070754165e-01
4.725000000000000000e+01 2.188587902828874610e-01
4.750000000000000000e+01 2.125129443658914929e-01
4.775000000000000000e+01 2.063806303924325958e-01
4.800000000000000000e+01 2.004540248471687047e-01
4.825000000000000000e+01 1.947251391640834883e-01
4.850000000000000000e+01 1.891701135375024878e-01
4.875000000000000000e+01 1.838173592490116026e-01
4.900000000000000000e+01 1.786455630932726468e-01
4.925000000000000000e+01 1.736350005375690009e-01
4.950000000000000000e+01 1.687875526115257818e-01
4.975000000000000000e+01 1.640971070130578247e-01
5.000000000000000000e+01 1.595578539501285864e-01
5.025000000000000000e+01 1.551642678489243143e-01
5.050000000000000000e+01 1.509019335001010043e-01
5.075000000000000000e+01 1.467841557592027002e-01
5.100000000000000000e+01 1.427968125437623637e-01
5.125000000000000000e+01 1.388998649012551934e-01
5.150000000000000000e+01 1.351603513698533265e-01
5.175000000000000000e+01 1.315376792329285838e-01
5.200000000000000000e+01 1.280276266544467800e-01
5.225000000000000000e+01 1.246262853436223700e-01
5.250000000000000000e+01 1.213298427896681020e-01
5.275000000000000000e+01 1.181346837298091756e-01
5.300000000000000000e+01 1.150371786581095152e-01
5.325000000000000000e+01 1.120011260142290549e-01
5.350000000000000000e+01 1.090896994436151429e-01
5.375000000000000000e+01 1.062659312062420452e-01
5.400000000000000000e+01 1.035269653069237489e-01
5.425000000000000000e+01 1.008699182152610757e-01
5.450000000000000000e+01 9.829202027874077430e-02
5.475000000000000000e+01 9.579056676971951789e-02
5.500000000000000000e+01 9.336299175695367270e-02
5.525000000000000000e+01 9.100685858163222453e-02
5.550000000000000000e+01 8.871969680114190349e-02
5.575000000000000000e+01 8.649938121864468588e-02
5.600000000000000000e+01 8.434358470348890524e-02
5.625000000000000000e+01 8.225016000680940298e-02
5.650000000000000000e+01 8.021413814868101622e-02
5.675000000000000000e+01 7.823948731546429003e-02
5.700000000000000000e+01 7.632126193026639305e-02
5.725000000000000000e+01 7.443970908111770257e-02
5.750000000000000000e+01 7.262928995425677048e-02
5.775000000000000000e+01 7.086990834111327187e-02
5.800000000000000000e+01 6.915998523436148182e-02
5.825000000000000000e+01 6.749791830216010646e-02
5.850000000000000000e+01 6.588218710290423552e-02
5.875000000000000000e+01 6.429127157681886751e-02
5.900000000000000000e+01 6.276437338403244304e-02
5.925000000000000000e+01 6.127955461747696536e-02
5.950000000000000000e+01 5.983380766164340947e-02
5.975000000000000000e+01 5.842926943680699925e-02
6.000000000000000000e+01 5.706301402929173788e-02
6.025000000000000000e+01 5.573509790597898361e-02
6.050000000000000000e+01 5.444176546451953702e-02
6.075000000000000000e+01 5.318166650495120135e-02
6.100000000000000000e+01 5.195687172102819024e-02
6.125000000000000000e+01 5.076478105781682959e-02
6.150000000000000000e+01 4.960439303410531242e-02
6.175000000000000000e+01 4.847473828592724354e-02
6.200000000000000000e+01 4.737488916311269338e-02
6.225000000000000000e+01 4.630394105515515252e-02
6.250000000000000000e+01 4.526103571307819873e-02
6.275000000000000000e+01 4.424699822320638659e-02
6.300000000000000000e+01 4.325789244101860276e-02
6.325000000000000000e+01 4.229624041505718191e-02
6.350000000000000000e+01 4.135504448932567773e-02
6.375000000000000000e+01 4.044060268216558007e-02
6.400000000000000000e+01 3.954961163302916222e-02
6.425000000000000000e+01 3.868134753796002856e-02
6.450000000000000000e+01 3.783515567136980923e-02
6.475000000000000000e+01 3.701040608784757907e-02
6.500000000000000000e+01 3.620647513132788792e-02
6.525000000000000000e+01 3.542275226292539159e-02
6.550000000000000000e+01 3.465868651354812868e-02
6.575000000000000000e+01 3.391371541382362520e-02
6.600000000000000000e+01 3.318729490249305164e-02
6.625000000000000000e+01 3.247889669661179618e-02
6.650000000000000000e+01 3.178801343775891630e-02
6.675000000000000000e+01 3.111414728439578295e-02
6.700000000000000000e+01 3.045398468625470575e-02
6.725000000000000000e+01 2.981040128946390450e-02
6.750000000000000000e+01 2.918487597601759215e-02
6.775000000000000000e+01 2.857455447459454970e-02
6.800000000000000000e+01 2.797901642359027982e-02
6.825000000000000000e+01 2.739784767251769726e-02
6.850000000000000000e+01 2.683065480177034348e-02
6.875000000000000000e+01 2.627706621278304289e-02
6.900000000000000000e+01 2.573670070229675672e-02
6.925000000000000000e+01 2.520918012700506389e-02
6.950000000000000000e+01 2.469415158663224030e-02
6.975000000000000000e+01 2.419132568744479864e-02
7.000000000000000000e+01 2.370035146076703361e-02
7.025000000000000000e+01 2.322091638277548609e-02
7.050000000000000000e+01 2.275271798931845224e-02
7.075000000000000000e+01 2.229545238809777299e-02
7.100000000000000000e+01 2.184882716246490733e-02
7.125000000000000000e+01 2.141256123036553924e-02
7.150000000000000000e+01 2.098637931323978773e-02
7.175000000000000000e+01 2.057001704273088774e-02
7.200000000000000000e+01 2.016321587359950346e-02
7.225000000000000000e+01 1.976571274610362458e-02
7.250000000000000000e+01 1.937725844228285407e-02
7.275000000000000000e+01 1.899764026332982289e-02
7.300000000000000000e+01 1.862662460527396424e-02
7.325000000000000000e+01 1.826398901238574998e-02
7.350000000000000000e+01 1.790952879931047986e-02
7.375000000000000000e+01 1.756303981354274610e-02
7.400000000000000000e+01 1.722430807220762944e-02
7.425000000000000000e+01 1.689315899770323440e-02
7.450000000000000000e+01 1.656938092240039725e-02
7.475000000000000000e+01 1.625278614316981105e-02
7.500000000000000000e+01 1.594319544772319908e-02
7.525000000000000000e+01 1.564042575282962796e-02
7.550000000000000000e+01 1.534430539460583491e-02
7.575000000000000000e+01 1.505466913641065677e-02
7.600000000000000000e+01 1.477136803123948496e-02
7.625000000000000000e+01 1.449424085467401584e-02
7.650000000000000000e+01 1.422205545168881216e-02
7.675000000000000000e+01 1.395683223021784714e-02
7.700000000000000000e+01 1.369733111601268566e-02
7.725000000000000000e+01 1.344341213075587842e-02
7.750000000000000000e+01 1.319493857222511085e-02
7.775000000000000000e+01 1.295177637937497059e-02
7.800000000000000000e+01 1.271379815665365023e-02
7.825000000000000000e+01 1.247715621658505164e-02
7.850000000000000000e+01 1.224915523818101599e-02
7.875000000000000000e+01 1.202597421307111808e-02
7.900000000000000000e+01 1.180749555382359928e-02
7.925000000000000000e+01 1.159360593217980892e-02
7.950000000000000000e+01 1.138419715854376534e-02
7.975000000000000000e+01 1.117916222165769163e-02
8.000000000000000000e+01 1.097839854775106878e-02
8.025000000000000000e+01 1.078180337673367503e-02
8.050000000000000000e+01 1.058927592044286124e-02
8.075000000000000000e+01 1.040070841671108560e-02
8.100000000000000000e+01 1.021602356591858399e-02
8.125000000000000000e+01 1.003513460181055736e-02
8.150000000000000000e+01 9.857951163735325859e-03
8.175000000000000000e+01 9.684385658228027854e-03
8.200000000000000000e+01 9.514353105878853994e-03
8.225000000000000000e+01 9.347772016798544178e-03
8.250000000000000000e+01 9.184563538787614972e-03
8.275000000000000000e+01 9.024645121292241418e-03
8.300000000000000000e+01 8.867944034969313036e-03
8.325000000000000000e+01 8.714391017584217219e-03
8.350000000000000000e+01 8.563908181408822276e-03
8.375000000000000000e+01 8.416434154494160935e-03
8.400000000000000000e+01 8.271896685849025946e-03
8.425000000000000000e+01 8.130227982173034162e-03
8.450000000000000000e+01 7.991362903907688400e-03
8.475000000000000000e+01 7.855238045975671685e-03
8.500000000000000000e+01 7.721792569452205768e-03
8.525000000000000000e+01 7.590966818053278102e-03
8.550000000000000000e+01 7.462703017120530906e-03
8.575000000000000000e+01 7.336956292100346028e-03
8.600000000000000000e+01 7.213663008796940973e-03
8.625000000000000000e+01 7.092767203342489370e-03
8.650000000000000000e+01 6.974212084058506282e-03
8.675000000000000000e+01 6.857945902032203112e-03
8.700000000000000000e+01 6.743916778992943908e-03
8.725000000000000000e+01 6.632081875484895257e-03
8.750000000000000000e+01 6.522390158017483085e-03
8.775000000000000000e+01 6.414794473286106191e-03
8.800000000000000000e+01 6.309244111719589619e-03
8.825000000000000000e+01 6.205685407401255807e-03
8.850000000000000000e+01 6.103843123186665151e-03
8.875000000000000000e+01 6.004171800293676801e-03
8.900000000000000000e+01 5.906380512393884404e-03
8.925000000000000000e+01 5.810425571485848366e-03
8.950000000000000000e+01 5.716266718769634318e-03
8.975000000000000000e+01 5.623868189795967754e-03
9.000000000000000000e+01 5.533191351641464015e-03
9.025000000000000000e+01 5.444202187402463755e-03
9.050000000000000000e+01 5.356865711503839070e-03
9.075000000000000000e+01 5.271146888512256816e-03
9.100000000000000000e+01 5.187009380967414970e-03
9.125000000000000000e+01 5.104421465465284850e-03
9.150000000000000000e+01 5.023350607304956535e-03
9.175000000000000000e+01 4.943765814866376770e-03
9.200000000000000000e+01 4.865637234341683125e-03
9.225000000000000000e+01 4.788934129665319180e-03
9.250000000000000000e+01 4.713627788531475973e-03
9.275000000000000000e+01 4.639688119569425860e-03
9.300000000000000000e+01 4.567087687534640388e-03
9.325000000000000000e+01 4.495798635444516085e-03
9.350000000000000000e+01 4.425794741693662472e-03
9.375000000000000000e+01 4.357048676614728305e-03
9.400000000000000000e+01 4.289534022754323828e-03
9.425000000000000000e+01 4.222936795781486764e-03
9.450000000000000000e+01 4.157816546180558188e-03
9.475000000000000000e+01 4.093854902037286948e-03
9.500000000000000000e+01 4.031028509053212645e-03
9.525000000000000000e+01 3.969314733488552710e-03
9.550000000000000000e+01 3.908691229716453920e-03
9.575000000000000000e+01 3.849136352226768983e-03
9.600000000000000000e+01 3.790628325235690689e-03
9.625000000000000000e+01 3.733146565363874760e-03
9.650000000000000000e+01 3.676670364087215176e-03
9.675000000000000000e+01 3.621179608843830364e-03
9.700000000000000000e+01 3.566654635798909446e-03
9.725000000000000000e+01 3.513077867337459966e-03
9.750000000000000000e+01 3.460429661532298234e-03
9.775000000000000000e+01 3.408691440731217298e-03
9.800000000000000000e+01 3.357845180284063213e-03
9.825000000000000000e+01 3.307873782549742257e-03
9.850000000000000000e+01 3.258760304144173257e-03
9.875000000000000000e+01 3.210487619401115184e-03
9.900000000000000000e+01 3.163039370628413678e-03
9.925000000000000000e+01 3.116399500533259970e-03
9.950000000000000000e+01 3.070553694804702225e-03
9.975000000000000000e+01 3.025485757360016782e-03
1.000000000000000000e+02 2.981180737654102672e-03
