5.000000000000000000e-01 2.427361660530453920e+08
7.500000000000000000e-01 7.678725375630134344e+07
1.000000000000000000e+00 2.569275709297521785e+07
1.250000000000000000e+00 1.028734769036043994e+07
1.500000000000000000e+00 4.658134883984015323e+06
1.750000000000000000e+00 2.371584292735525873e+06
2.000000000000000000e+00 1.323593773427614477e+06
2.250000000000000000e+00 7.856687491090397816e+05
2.500000000000000000e+00 4.902147021907347371e+05
2.750000000000000000e+00 3.183782842101397109e+05
3.000000000000000000e+00 2.142789731054551667e+05
3.250000000000000000e+00 1.488477375275985687e+05
3.500000000000000000e+00 1.060621600383592304e+05
3.750000000000000000e+00 7.730015911371783295e+04
4.000000000000000000e+00 5.739479736493896780e+04
4.250000000000000000e+00 4.329125397789294220e+04
4.500000000000000000e+00 3.319259905476892891e+04
4.750000000000000000e+00 2.579487708026717883e+04
5.000000000000000000e+00 2.028648144799401416e+04
5.250000000000000000e+00 1.613007231780012626e+04
5.500000000000000000e+00 1.295380755728016993e+04
5.750000000000000000e+00 1.048928581853940705e+04
6.000000000000000000e+00 8.567492793617633652e+03
6.250000000000000000e+00 7.055304421152861323e+03
6.500000000000000000e+00 5.851273135988071772e+03
6.750000000000000000e+00 4.879692953875479361e+03
7.000000000000000000e+00 4.098330973803067536e+03
7.250000000000000000e+00 3.461498814177519762e+03
7.500000000000000000e+00 2.939227169450816291e+03
7.750000000000000000e+00 2.506362666444311344e+03
8.000000000000000000e+00 2.149339699826930428e+03
8.250000000000000000e+00 1.853399052097772710e+03
8.500000000000000000e+00 1.602870013014802225e+03
8.750000000000000000e+00 1.391524052734205270e+03
9.000000000000000000e+00 1.212005942791924326e+03
9.250000000000000000e+00 1.059752240941272703e+03
9.500000000000000000e+00 9.297467223477831340e+02
9.750000000000000000e+00 8.182792030878681544e+02
1.000000000000000000e+01 7.223578284113951895e+02
1.025000000000000000e+01 6.394906638322515846e+02
1.050000000000000000e+01 5.676587952183512016e+02
1.075000000000000000e+01 5.051851874063940500e+02
1.100000000000000000e+01 4.507130538291277730e+02
1.125000000000000000e+01 4.031004468911483514e+02
1.150000000000000000e+01 3.613265455614388202e+02
1.175000000000000000e+01 3.245827249041963114e+02
1.200000000000000000e+01 2.920719745524552309e+02
1.225000000000000000e+01 2.634530864316907355e+02
1.250000000000000000e+01 2.381057162509438569e+02
1.275000000000000000e+01 2.155865192682721840e+02
1.300000000000000000e+01 1.955594551100438139e+02
1.325000000000000000e+01 1.776967719750601304e+02
1.350000000000000000e+01 1.617355590908562419e+02
1.375000000000000000e+01 1.474457756319160637e+02
1.400000000000000000e+01 1.346219379757575325e+02
1.425000000000000000e+01 1.230949700063303283e+02
1.450000000000000000e+01 1.127169404058717390e+02
1.475000000000000000e+01 1.033607613237200553e+02
1.500000000000000000e+01 9.490982135107293516e+01
1.525000000000000000e+01 8.723633980436144952e+01
1.550000000000000000e+01 8.031115033051644048e+01
1.575000000000000000e+01 7.402659565882942161e+01
1.600000000000000000e+01 6.831522682474631836e+01
1.625000000000000000e+01 6.311747096097194998e+01
1.650000000000000000e+01 5.838056780945261437e+01
1.675000000000000000e+01 5.402755278781868498e+01
1.700000000000000000e+01 5.007960734421481419e+01
1.725000000000000000e+01 4.646789233240820494e+01
1.750000000000000000e+01 4.315968138397388287e+01
1.775000000000000000e+01 4.012562011771314019e+01
1.800000000000000000e+01 3.734020404053926256e+01
1.825000000000000000e+01 3.478000168060550124e+01
1.850000000000000000e+01 3.242444823394564679e+01
1.875000000000000000e+01 3.025473887184998034e+01
1.900000000000000000e+01 2.825322656971194135e+01
1.925000000000000000e+01 2.640609723673854248e+01
1.950000000000000000e+01 2.469971013147626593e+01
1.975000000000000000e+01 2.312212668718028752e+01
2.000000000000000000e+01 2.166288840166913943e+01
2.025000000000000000e+01 2.030988619199607470e+01
2.050000000000000000e+01 1.905537532682442148e+01
2.075000000000000000e+01 1.789160302616903309e+01
2.100000000000000000e+01 1.681040943932915610e+01
2.125000000000000000e+01 1.580516404866249935e+01
2.150000000000000000e+01 1.487028256644390289e+01
2.175000000000000000e+01 1.400003260872373012e+01
2.200000000000000000e+01 1.318269791241777433e+01
2.225000000000000000e+01 1.242686724693370870e+01
2.250000000000000000e+01 1.172162548001310967e+01
2.275000000000000000e+01 1.106305453947915218e+01
2.300000000000000000e+01 1.044764398960423613e+01
2.325000000000000000e+01 9.872159290155577693e+00
2.350000000000000000e+01 9.333649841538116831e+00
2.375000000000000000e+01 8.829380791397616335e+00
2.400000000000000000e+01 8.356848641032435410e+00
2.425000000000000000e+01 7.913839813481381213e+00
2.450000000000000000e+01 7.498238956322335724e+00
2.475000000000000000e+01 7.108085336913998908e+00
2.500000000000000000e+01 6.741594177810546817e+00
2.525000000000000000e+01 6.397085898292534267e+00
2.550000000000000000e+01 6.073138256927612666e+00
2.575000000000000000e+01 5.768299659177817063e+00
2.600000000000000000e+01 5.481162608724740259e+00
2.625000000000000000e+01 5.210816435680677650e+00
2.650000000000000000e+01 4.956021593322476271e+00
2.675000000000000000e+01 4.715733206524331145e+00
2.700000000000000000e+01 4.489019473729929821e+00
2.725000000000000000e+01 4.275010598398006678e+00
2.750000000000000000e+01 4.072905641901404472e+00
2.775000000000000000e+01 3.881932211833103441e+00
2.800000000000000000e+01 3.701402083413306343e+00
2.825000000000000000e+01 3.530661415672805781e+00
2.850000000000000000e+01 3.367705443654938957e+00
2.875000000000000000e+01 3.214832796653851243e+00
2.900000000000000000e+01 3.070143580806311778e+00
2.925000000000000000e+01 2.932939309280996110e+00
2.950000000000000000e+01 2.802878969737571335e+00
2.975000000000000000e+01 2.679539214250364676e+00
3.000000000000000000e+01 2.562532217045942140e+00
3.025000000000000000e+01 2.451475666174365742e+00
3.050000000000000000e+01 2.346032793961312812e+00
3.075000000000000000e+01 2.245875922067646968e+00
3.100000000000000000e+01 2.150701309878612744e+00
3.125000000000000000e+01 2.060223562215929061e+00
3.150000000000000000e+01 1.974182799750751727e+00
3.175000000000000000e+01 1.892164984135207284e+00
3.200000000000000000e+01 1.814282201827926322e+00
3.225000000000000000e+01 1.740137915463886742e+00
3.250000000000000000e+01 1.669528876362936343e+00
3.275000000000000000e+01 1.602256920481239355e+00
3.300000000000000000e+01 1.538142926546173239e+00
3.325000000000000000e+01 1.477017195312822606e+00
3.350000000000000000e+01 1.418721313223421765e+00
3.375000000000000000e+01 1.363106735863450103e+00
3.400000000000000000e+01 1.310031208856673901e+00
3.425000000000000000e+01 1.259339675356972110e+00
3.450000000000000000e+01 1.210987059263337162e+00
3.475000000000000000e+01 1.164582288878581284e+00
3.500000000000000000e+01 1.120430819087260943e+00
3.525000000000000000e+01 1.077798446292562051e+00
3.550000000000000000e+01 1.037155780522397430e+00
3.575000000000000000e+01 9.985879533051693624e-01
3.600000000000000000e+01 9.612720272745591821e-01
3.625000000000000000e+01 9.259782803029877885e-01
3.650000000000000000e+01 8.921924392672423432e-01
3.675000000000000000e+01 8.598418142279651288e-01
3.700000000000000000e+01 8.286294064873765963e-01
3.725000000000000000e+01 7.989402632123842052e-01
3.750000000000000000e+01 7.704900595513252126e-01
3.775000000000000000e+01 7.432176009350263124e-01
3.800000000000000000e+01 7.170684653633777605e-01
3.825000000000000000e+01 6.919901569342703507e-01
3.850000000000000000e+01 6.685943562175347132e-01
3.875000000000000000e+01 6.450492238783710475e-01
3.900000000000000000e+01 6.228877088741306967e-01
3.925000000000000000e+01 6.013585959585402430e-01
3.950000000000000000e+01 5.809393087334997485e-01
3.975000000000000000e+01 5.613266653285375885e-01
4.000000000000000000e+01 5.424852173984505699e-01
4.025000000000000000e+01 5.243795137874811552e-01
4.050000000000000000e+01 5.069773066685396845e-01
4.075000000000000000e+01 4.902467135120391895e-01
4.100000000000000000e+01 4.741572417551837004e-01
4.125000000000000000e+01 4.586821141443383487e-01
4.150000000000000000e+01 4.437961067914406588e-01
4.175000000000000000e+01 4.294705240354491083e-01
4.200000000000000000e+01 4.156836568231307427e-01
4.225000000000000000e+01 4.024120352913115317e-01
4.250000000000000000e+01 3.896347190529541593e-01
4.275000000000000000e+01 3.773295503359980207e-01
4.300000000000000000e+01 3.654763106332009626e-01
4.325000000000000000e+01 3.539351310993895661e-01
4.350000000000000000e+01 3.429338391117658369e-01
4.375000000000000000e+01 3.323196634926911530e-01
4.400000000000000000e+01 3.220861218633842560e-01
4.425000000000000000e+01 3.122299576466262550e-01
4.450000000000000000e+01 3.027245371307720201e-01
4.475000000000000000e+01 2.935556924906996823e-01
4.500000000000000000e+01 2.847096603452013985e-01
4.525000000000000000e+01 2.761733889675763165e-01
4.550000000000000000e+01 2.679342040962001681e-01
4.575000000000000000e+01 2.599807894589366564e-01
4.600000000000000000e+01 2.523017943867607027e-01
4.625000000000000000e+01 2.448863715031748267e-01
4.650000000000000000e+01 2.377241504976951025e-01
4.675000000000000000e+01 2.308053248583173400e-01
4.700000000000000000e+01 2.241189820130110311e-01
4.725000000000000000e+01 2.176065891361881610e-01
4.750000000000000000e+01 2.113644309129421861e-01
4.775000000000000000e+01 2.053303226872764398e-01
4.800000000000000000e+01 1.994958753637538496e-01
4.825000000000000000e+01 1.938546170508478050e-01
4.850000000000000000e+01 1.883940883601628313e-01
4.875000000000000000e+01 1.831164680899583785e-01
4.900000000000000000e+01 1.780107550515756809e-01
4.925000000000000000e+01 1.730705255363174377e-01
4.950000000000000000e+01 1.682895189166789540e-01
4.975000000000000000e+01 1.636618298162384744e-01
5.000000000000000000e+01 1.591819231373468035e-01
5.025000000000000000e+01 1.548444987549594531e-01
5.050000000000000000e+01 1.506442075488112209e-01
5.075000000000000000e+01 1.465762930380456186e-01
5.100000000000000000e+01 1.426352384669100359e-01
5.125000000000000000e+01 1.388179800795622809e-01
5.150000000000000000e+01 1.351194586548932486e-01
5.175000000000000000e+01 1.315353325435376919e-01
5.200000000000000000e+01 1.280616582704006134e-01
5.225000000000000000e+01 1.246946652732444649e-01
5.250000000000000000e+01 1.214305476487372581e-01
5.275000000000000000e+01 1.182662318552176184e-01
5.300000000000000000e+01 1.151972038369225432e-01
5.325000000000000000e+01 1.122206020904980700e-01
5.350000000000000000e+01 1.093323533884980325e-01
5.375000000000000000e+01 1.065311994897562703e-01
5.400000000000000000e+01 1.038134242520809686e-01
5.425000000000000000e+01 1.011763093987503304e-01
5.450000000000000000e+01 9.861696090610218290e-02
5.475000000000000000e+01 9.613273793715890192e-02
5.500000000000000000e+01 9.372121949305164956e-02
5.525000000000000000e+01 9.135742020212994641e-02
5.550000000000000000e+01 8.908494815892602225e-02
5.575000000000000000e+01 8.687821395001515956e-02
5.600000000000000000e+01 8.473500577641139564e-02
5.625000000000000000e+01 8.265322550623238618e-02
5.650000000000000000e+01 8.063085317172972999e-02
5.675000000000000000e+01 7.866952712491433186e-02
5.700000000000000000e+01 7.676019475213102794e-02
5.725000000000000000e+01 7.490460731775186454e-02
5.750000000000000000e+01 7.308005624181043713e-02
5.775000000000000000e+01 7.132748867181240571e-02
5.800000000000000000e+01 6.962372246873180237e-02
5.825000000000000000e+01 6.796723011213876009e-02
5.850000000000000000e+01 6.635255477883376940e-02
5.875000000000000000e+01 6.478631728864368833e-02
5.900000000000000000e+01 6.326313109001134583e-02
5.925000000000000000e+01 6.178146000276036470e-02
5.950000000000000000e+01 6.034008367631326503e-02
5.975000000000000000e+01 5.893770674521431330e-02
6.000000000000000000e+01 5.757313479733712491e-02
6.025000000000000000e+01 5.624522425333898512e-02
6.050000000000000000e+01 5.495285745788593829e-02
6.075000000000000000e+01 5.369492741234836719e-02
6.100000000000000000e+01 5.247040559863185016e-02
6.125000000000000000e+01 5.126610335978868532e-02
6.150000000000000000e+01 5.010568209888877772e-02
6.175000000000000000e+01 4.897573142243922401e-02
6.200000000000000000e+01 4.787532727417550399e-02
6.225000000000000000e+01 4.680357393952593731e-02
6.250000000000000000e+01 4.575956413660996203e-02
6.275000000000000000e+01 4.474082253759827793e-02
6.300000000000000000e+01 4.373665674654284019e-02
6.325000000000000000e+01 4.277201105811010567e-02
6.350000000000000000e+01 4.183201514980952607e-02
6.375000000000000000e+01 4.091596519035440443e-02
6.400000000000000000e+01 4.002316036276443167e-02
6.425000000000000000e+01 3.915290490961070846e-02
6.450000000000000000e+01 3.830458544375998226e-02
6.475000000000000000e+01 3.747757289887790333e-02
6.500000000000000000e+01 3.667125976600368181e-02
6.525000000000000000e+01 3.588505909544571076e-02
6.550000000000000000e+01 3.511820827745373158e-02
6.575000000000000000e+01 3.437054199622880529e-02
6.600000000000000000e+01 3.364136518682048910e-02
6.625000000000000000e+01 3.293006141208341259e-02
6.650000000000000000e+01 3.223618197921620382e-02
6.675000000000000000e+01 3.155925415141531964e-02
6.700000000000000000e+01 3.089878911267063960e-02
6.725000000000000000e+01 3.025433518527494842e-02
6.750000000000000000e+01 2.962346514371796968e-02
6.775000000000000000e+01 2.900977308072728855e-02
6.800000000000000000e+01 2.841079789098845121e-02
6.825000000000000000e+01 2.782614652729604315e-02
6.850000000000000000e+01 2.725677596390982740e-02
6.875000000000000000e+01 2.669961576492770050e-02
6.900000000000000000e+01 2.615565222323767633e-02
6.925000000000000000e+01 2.562452123772992682e-02
6.950000000000000000e+01 2.510588164596013264e-02
6.975000000000000000e+01 2.459940058971967283e-02
7.000000000000000000e+01 2.410475565191756014e-02
7.025000000000000000e+01 2.362164345631733234e-02
7.050000000000000000e+01 2.314975767820928038e-02
7.075000000000000000e+01 2.268875950793065518e-02
7.100000000000000000e+01 2.223840875217868510e-02
7.125000000000000000e+01 2.179686216317036976e-02
7.150000000000000000e+01 2.136696780979286531e-02
7.175000000000000000e+01 2.094690559236062760e-02
7.200000000000000000e+01 2.053641404397221065e-02
7.225000000000000000e+01 2.013523658295413368e-02
7.250000000000000000e+01 1.974313224697008332e-02
7.275000000000000000e+01 1.935986776606373611e-02
7.300000000000000000e+01 1.898521737259426662e-02
7.325000000000000000e+01 1.861895919772591640e-02
7.350000000000000000e+01 1.826088159796378924e-02
7.375000000000000000e+01 1.791076125032393593e-02
7.400000000000000000e+01 1.756841219679299709e-02
7.425000000000000000e+01 1.723364300308058081e-02
7.450000000000000000e+01 1.690625612216884940e-02
7.475000000000000000e+01 1.658606678272045790e-02
7.500000000000000000e+01 1.627020146965293262e-02
7.525000000000000000e+01 1.596392642850896770e-02
7.550000000000000000e+01 1.566431797504974979e-02
7.575000000000000000e+01 1.537120779838354809e-02
7.600000000000000000e+01 1.508442426817355707e-02
7.625000000000000000e+01 1.480383509372874308e-02
7.650000000000000000e+01 1.452928595390392749e-02
7.675000000000000000e+01 1.426062246405369709e-02
7.700000000000000000e+01 1.399392831614329653e-02
7.725000000000000000e+01 1.373660072950414444e-02
7.750000000000000000e+01 1.348474721013105844e-02
7.775000000000000000e+01 1.323823506191973941e-02
7.800000000000000000e+01 1.299694310469912475e-02
7.825000000000000000e+01 1.276074157078011494e-02
7.850000000000000000e+01 1.252950762056879649e-02
7.875000000000000000e+01 1.230312349463929915e-02
7.900000000000000000e+01 1.208147290157951699e-02
7.925000000000000000e+01 1.186441506862475313e-02
7.950000000000000000e+01 1.165190114373841797e-02
7.975000000000000000e+01 1.144378577987814789e-02
8.000000000000000000e+01 1.123996936512084918e-02
8.025000000000000000e+01 1.104034320813303445e-02
8.050000000000000000e+01 1.084480904634319183e-02
8.075000000000000000e+01 1.065328418275271818e-02
8.100000000000000000e+01 1.046568078742836534e-02
8.125000000000000000e+01 1.028189832671491492e-02
8.150000000000000000e+01 1.010185752527469755e-02
8.175000000000000000e+01 9.925468639233820181e-03
8.200000000000000000e+01 9.752642485271936085e-03
8.225000000000000000e+01 9.583295322976607619e-03
8.250000000000000000e+01 9.417346608121587859e-03
8.275000000000000000e+01 9.254719968397962307e-03
8.300000000000000000e+01 9.095346905434068679e-03
8.325000000000000000e+01 8.939163068258084918e-03
8.350000000000000000e+01 8.786079713886786949e-03
8.375000000000000000e+01 8.636027170475941636e-03
8.400000000000000000e+01 8.488937632531778910e-03
8.425000000000000000e+01 8.344743696350997650e-03
8.450000000000000000e+01 8.203379553114528364e-03
8.475000000000000000e+01 8.064782307709040046e-03
8.500000000000000000e+01 7.928890438330303547e-03
8.525000000000000000e+01 7.795643744615718580e-03
8.550000000000000000e+01 7.664975248794907506e-03
8.575000000000000000e+01 7.536818998748714624e-03
8.600000000000000000e+01 7.411139179627040420e-03
8.625000000000000000e+01 7.287880770185385139e-03
8.650000000000000000e+01 7.166989494944655918e-03
8.675000000000000000e+01 7.048407174232083211e-03
8.700000000000000000e+01 6.932091989943803614e-03
8.725000000000000000e+01 6.817993462537201739e-03
8.750000000000000000e+01 6.706064346124926759e-03
8.775000000000000000e+01 6.596256332614452468e-03
8.800000000000000000e+01 6.488523931579158813e-03
8.825000000000000000e+01 6.382821766732199760e-03
8.850000000000000000e+01 6.278854946359653348e-03
8.875000000000000000e+01 6.177093460715261768e-03
8.900000000000000000e+01 6.077236650968926950e-03
8.925000000000000000e+01 5.979243787837907297e-03
8.950000000000000000e+01 5.883075285633905180e-03
8.975000000000000000e+01 5.788692256370930357e-03
9.000000000000000000e+01 5.696056356406791789e-03
9.025000000000000000e+01 5.605131846438037892e-03
9.050000000000000000e+01 5.515882485142480605e-03
9.075000000000000000e+01 5.428274584882332096e-03
9.100000000000000000e+01 5.342274280705559646e-03
9.125000000000000000e+01 5.257846590944985701e-03
9.150000000000000000e+01 5.174958922586067774e-03
9.175000000000000000e+01 5.093579348915410442e-03
9.200000000000000000e+01 5.013676370856564105e-03
9.225000000000000000e+01 4.935219270020108073e-03
9.250000000000000000e+01 4.858178757073373932e-03
9.275000000000000000e+01 4.782525673403100787e-03
9.300000000000000000e+01 4.708234277021252669e-03
9.325000000000000000e+01 4.635274348858174111e-03
9.350000000000000000e+01 4.563619279600002535e-03
9.375000000000000000e+01 4.493242675067665552e-03
9.400000000000000000e+01 4.424118320604229250e-03
9.425000000000000000e+01 4.356221049342533930e-03
9.450000000000000000e+01 4.289526842548860644e-03
9.475000000000000000e+01 4.224011691184342138e-03
9.500000000000000000e+01 4.159649497091031170e-03
9.525000000000000000e+01 4.096418287509024508e-03
9.550000000000000000e+01 4.034291794057117547e-03
9.575000000000000000e+01 3.973250221893430932e-03
9.600000000000000000e+01 3.913274396605830215e-03
9.625000000000000000e+01 3.854343572520763962e-03
9.650000000000000000e+01 3.796436923140680039e-03
9.675000000000000000e+01 3.739533329763488397e-03
9.700000000000000000e+01 3.683612855475003941e-03
9.725000000000000000e+01 3.628656352705513736e-03
9.750000000000000000e+01 3.574645042520251201e-03
9.775000000000000000e+01 3.521560467515770423e-03
9.800000000000000000e+01 3.469385141415043481e-03
9.825000000000000000e+01 3.418100713234664776e-03
9.850000000000000000e+01 3.367690332234211069e-03
9.875000000000000000e+01 3.318133665101671674e-03
9.900000000000000000e+01 3.269415506573226850e-03
9.925000000000000000e+01 3.221521971003013431e-03
9.950000000000000000e+01 3.174437199695610747e-03
9.975000000000000000e+01 3.127922463810371614e-03
1.000000000000000000e+02 3.082412443411002879e-03
