5.000000000000000000e-01 1.384041946819500625e+08 3.720978788170386106e+07 5.148032868786668777e+08
7.500000000000000000e-01 6.136868887154933810e+07 2.121286146877363324e+07 1.775392716044900119e+08
1.000000000000000000e+00 2.137448961057986319e+07 8.619755632952831686e+06 5.300252415117236227e+07
1.250000000000000000e+00 8.683161418621908873e+06 3.890761105807881337e+06 1.937854578357323259e+07
1.500000000000000000e+00 4.001352231733567081e+06 1.936365025820784271e+06 8.268492494390384294e+06
1.750000000000000000e+00 2.032724933541376377e+06 1.043309508480182500e+06 3.960445698860683944e+06
2.000000000000000000e+00 1.134376555423829239e+06 6.099513255692294333e+05 2.109693209198836237e+06
2.250000000000000000e+00 6.742389173289093887e+05 3.764802255353882210e+05 1.207495339215708198e+06
2.500000000000000000e+00 4.233918131854455569e+05 2.439178687933893234e+05 7.349220799575858982e+05
2.750000000000000000e+00 2.770710348222625908e+05 1.638784128378679743e+05 4.684470456363872509e+05
3.000000000000000000e+00 1.878369694024391356e+05 1.136243815348491480e+05 3.105207403348679654e+05
3.250000000000000000e+00 1.309523376709103904e+05 8.076754508916413761e+04 2.123193755925707810e+05
3.500000000000000000e+00 9.360828288943397638e+04 5.872175215506513632e+04 1.492208645676876768e+05
3.750000000000000000e+00 6.838618275238163187e+04 4.354469138842837128e+04 1.073993141833340487e+05
4.000000000000000000e+00 5.093534968222473253e+04 3.143553952115002176e+04 8.253110609108446806e+04
4.250000000000000000e+00 3.855025955179106677e+04 2.404569695362923812e+04 6.180409386246367649e+04
4.500000000000000000e+00 2.959538298558870156e+04 1.872024566023353327e+04 4.678820513153173670e+04
4.750000000000000000e+00 2.305073518428358875e+04 1.474551603287590660e+04 3.603376045648906438e+04
5.000000000000000000e+00 1.817243073297008596e+04 1.180406081322393038e+04 2.797657890534038597e+04
5.250000000000000000e+00 1.448883685825716566e+04 9.526586908336172201e+03 2.203584510644591501e+04
5.500000000000000000e+00 1.166505259166448559e+04 7.768323096999698464e+03 1.751645113973863408e+04
5.750000000000000000e+00 9.474850789966380034e+03 6.383406506871599959e+03 1.406346241548114449e+04
6.000000000000000000e+00 7.754331000571899494e+03 5.293178354293027041e+03 1.135983812403795309e+04
6.250000000000000000e+00 6.396560027530688785e+03 4.417978381095811528e+03 9.261244998590243995e+03
6.500000000000000000e+00 5.315812404500694356e+03 3.707541754422407848e+03 7.621724417840225215e+03
6.750000000000000000e+00 4.445895641374077968e+03 3.129361974056336294e+03 6.316299685960581883e+03
7.000000000000000000e+00 3.740595206503328427e+03 2.659350522406265554e+03 5.261454772895158385e+03
7.250000000000000000e+00 3.162061615746441475e+03 2.267041793524463628e+03 4.410431995712169737e+03
7.500000000000000000e+00 2.689822130828545141e+03 1.944150686258390124e+03 3.721492961751534949e+03
7.750000000000000000e+00 2.299140906783281480e+03 1.675074295474644032e+03 3.155710121948000506e+03
8.000000000000000000e+00 1.974155726358489574e+03 1.447115472311635585e+03 2.693144331936723120e+03
8.250000000000000000e+00 1.702554752154748485e+03 1.255766058277946286e+03 2.308306284420320026e+03
8.500000000000000000e+00 1.474726215303412346e+03 1.094445422213119855e+03 1.987141035964447838e+03
8.750000000000000000e+00 1.281554971111213263e+03 9.558031748400154584e+02 1.718327776275453971e+03
9.000000000000000000e+00 1.118393114790956361e+03 8.390670081633256814e+02 1.490707115215697286e+03
9.250000000000000000e+00 9.804979841860952092e+02 7.394657354928847326e+02 1.300095800047041848e+03
9.500000000000000000e+00 8.615464594880035065e+02 6.544594499651155957e+02 1.134160874131893934e+03
9.750000000000000000e+00 7.593328568901367817e+02 5.800529542869088573e+02 9.940237064420548450e+02
1.000000000000000000e+01 6.712114035437558641e+02 5.149657276033242397e+02 8.748635571224184559e+02
1.025000000000000000e+01 5.949989940374038042e+02 4.591665947646455948e+02 7.710138475709105705e+02
1.050000000000000000e+01 5.288787894549470820e+02 4.101506204891456946e+02 6.819757424766168015e+02
1.075000000000000000e+01 4.713133268400205793e+02 3.671461762816416581e+02 6.050349054612107693e+02
1.100000000000000000e+01 4.210472198118851566e+02 3.293233043226413770e+02 5.383182999331082783e+02
1.125000000000000000e+01 3.770060163713019961e+02 2.960113563784667008e+02 4.801624441679627466e+02
1.150000000000000000e+01 3.383150247403892195e+02 2.665504291921469644e+02 4.294011317557551024e+02
1.175000000000000000e+01 3.042552226100799544e+02 2.404859524147179854e+02 3.849340868188018590e+02
1.200000000000000000e+01 2.741964896030857517e+02 2.172619623002119624e+02 3.460509797235766314e+02
1.225000000000000000e+01 2.476054604716340464e+02 1.968185903238953074e+02 3.114973232684849904e+02
1.250000000000000000e+01 2.240254001556384367e+02 1.783573271705824936e+02 2.813867011299977321e+02
1.275000000000000000e+01 2.030661315336663506e+02 1.622138589155295563e+02 2.542067247011319751e+02
1.300000000000000000e+01 1.843922986890952131e+02 1.479141163803575694e+02 2.298666323937398488e+02
1.325000000000000000e+01 1.677202180831729947e+02 1.349002764543438389e+02 2.085249362953496757e+02
1.350000000000000000e+01 1.528055659795091401e+02 1.232088103438624529e+02 1.895119426050140419e+02
1.375000000000000000e+01 1.393867016782165535e+02 1.126707582273551083e+02 1.724373999998084059e+02
1.400000000000000000e+01 1.273860496114005940e+02 1.032030124082938158e+02 1.572357749733100718e+02
1.425000000000000000e+01 1.165930562906392964e+02 9.466273565783748722e+01 1.436039290511111517e+02
1.450000000000000000e+01 1.068740667555219943e+02 8.696070707857597881e+01 1.313474387293449297e+02
1.475000000000000000e+01 9.809643542433063601e+01 7.997355400653151491e+01 1.203261598474660730e+02
1.500000000000000000e+01 9.015682868770377922e+01 7.363792662478655870e+01 1.103813500947756694e+02
1.525000000000000000e+01 8.297402324479561742e+01 6.794054192050023744e+01 1.013340244104015966e+02
1.550000000000000000e+01 7.645818369532739212e+01 6.271146946891843754e+01 9.321825662027895021e+01
1.575000000000000000e+01 7.054293057415038959e+01 5.794607027825959733e+01 8.587821452072529382e+01
1.600000000000000000e+01 6.516214254849990084e+01 5.362059573888377884e+01 7.918794565782667405e+01
1.625000000000000000e+01 6.025964183300168742e+01 4.965538786305329921e+01 7.312850810583445593e+01
1.650000000000000000e+01 5.578651268371818617e+01 4.603237909257771321e+01 6.760752015775027246e+01
1.675000000000000000e+01 5.170118554996962956e+01 4.270095917453923562e+01 6.259842024499984348e+01
1.700000000000000000e+01 4.796531818320983120e+01 3.966520246764432756e+01 5.800226912476400543e+01
1.725000000000000000e+01 4.454505764838699378e+01 3.688114807609431267e+01 5.380152908483570684e+01
1.750000000000000000e+01 4.140975934967563887e+01 3.433531837494287231e+01 4.994181648973575705e+01
1.775000000000000000e+01 3.852041982747070392e+01 3.198260348652124208e+01 4.639468279403647699e+01
1.800000000000000000e+01 3.587704733486955178e+01 2.981235646421439611e+01 4.317547078217486245e+01
1.825000000000000000e+01 3.344561983523475845e+01 2.781857472294608513e+01 4.021088417733948006e+01
1.850000000000000000e+01 3.120651350446241423e+01 2.598118295422544577e+01 3.748276153629924323e+01
1.875000000000000000e+01 2.914238213788103593e+01 2.428936451472137747e+01 3.496503320025330908e+01
1.900000000000000000e+01 2.723758935578576867e+01 2.272343388345960591e+01 3.264851068369703313e+01
1.925000000000000000e+01 2.547807882098913268e+01 2.127503906552020752e+01 3.051145985722601139e+01
1.950000000000000000e+01 2.383960678668153577e+01 1.992422316091389334e+01 2.852441709539274228e+01
1.975000000000000000e+01 2.233491046378999911e+01 1.868059356803324178e+01 2.670408858309294686e+01
2.000000000000000000e+01 2.094187020108235586e+01 1.755398782808488889e+01 2.498360667752767128e+01
2.025000000000000000e+01 1.964937995976865182e+01 1.650211205230124634e+01 2.339689196023341111e+01
2.050000000000000000e+01 1.844997501704399667e+01 1.550516640381353284e+01 2.195407448486492896e+01
2.075000000000000000e+01 1.733612263120816621e+01 1.457478716674770247e+01 2.062062000946201934e+01
2.100000000000000000e+01 1.630063244193384264e+01 1.371132242398549828e+01 1.937891982922180034e+01
2.125000000000000000e+01 1.533734368727621344e+01 1.290687534222568544e+01 1.822548875265323076e+01
2.150000000000000000e+01 1.444048092328793231e+01 1.215841454197364691e+01 1.715087839585973839e+01
2.175000000000000000e+01 1.360473577483589480e+01 1.145986492152921876e+01 1.615104861797979652e+01
2.200000000000000000e+01 1.282534726745545584e+01 1.080814241543093068e+01 1.521903822214474111e+01
2.225000000000000000e+01 1.209819560772533720e+01 1.020702209268896965e+01 1.433976880167851675e+01
2.250000000000000000e+01 1.141924793131560456e+01 9.633112170180851308e+00 1.353656232930666903e+01
2.275000000000000000e+01 1.078474950354609874e+01 9.104022370162548228e+00 1.277576186932865987e+01
2.300000000000000000e+01 1.019141920055373696e+01 8.605981652076431843e+00 1.206893408799623124e+01
2.325000000000000000e+01 9.636196679885831173e+00 8.139614704970030701e+00 1.140794617670844602e+01
2.350000000000000000e+01 9.116334499950703218e+00 7.702716028568332263e+00 1.078938317429290628e+01
2.375000000000000000e+01 8.629253893151393129e+00 7.292583973508669715e+00 1.021092427909907485e+01
2.400000000000000000e+01 8.172505901330570310e+00 6.912005606136879088e+00 9.662875945584172399e+00
2.425000000000000000e+01 7.743977342369569250e+00 6.551475297100088468e+00 9.153539067098018123e+00
2.450000000000000000e+01 7.341698593374166748e+00 6.212978955778488022e+00 8.675474135611080939e+00
2.475000000000000000e+01 6.963836198623180707e+00 5.894973098229002950e+00 8.226503122774838417e+00
2.500000000000000000e+01 6.605751752632373019e+00 5.593492210298598444e+00 7.801200855713043225e+00
2.525000000000000000e+01 6.271905772274702251e+00 5.312322485143337047e+00 7.404821926060338733e+00
2.550000000000000000e+01 5.957779946631194257e+00 5.047573559172780833e+00 7.032119785154334224e+00
2.575000000000000000e+01 5.662023677920203113e+00 4.798543112561050705e+00 6.680884463746942892e+00
2.600000000000000000e+01 5.383419052135039351e+00 4.566249422489243592e+00 6.346828219272289573e+00
2.625000000000000000e+01 5.120818182421738030e+00 4.344632637106115247e+00 6.035672299070978575e+00
2.650000000000000000e+01 4.873166986713881599e+00 4.135707867272460092e+00 5.742126195209221073e+00
2.675000000000000000e+01 4.639488667941228606e+00 3.938365921030706041e+00 5.465427929135093343e+00
2.700000000000000000e+01 4.417488238841739800e+00 3.750862513033628165e+00 5.202590676810057602e+00
2.725000000000000000e+01 4.209201165909642661e+00 3.573371499049128985e+00 4.958167506459844276e+00
2.750000000000000000e+01 4.012382154905171916e+00 3.407148457390655416e+00 4.725127407371898514e+00
2.775000000000000000e+01 3.826323626901290353e+00 3.249946375160435164e+00 4.504921253373080248e+00
2.800000000000000000e+01 3.650305624707844032e+00 3.101191199380419761e+00 4.296649350880346496e+00
2.825000000000000000e+01 3.483754842244461081e+00 2.960393331546114393e+00 4.099640298312392517e+00
2.850000000000000000e+01 3.326084581316107958e+00 2.826909203190633768e+00 3.913404303747183732e+00
2.875000000000000000e+01 3.176744290351621203e+00 2.701889644683213909e+00 3.735054207761634437e+00
2.900000000000000000e+01 3.035200264247683410e+00 2.581850366529724994e+00 3.568154360731479180e+00
2.925000000000000000e+01 2.900989295281433122e+00 2.468007120178183023e+00 3.409932987036874419e+00
2.950000000000000000e+01 2.773741249708270740e+00 2.360022742204081148e+00 3.259985754691468340e+00
2.975000000000000000e+01 2.653074333456431066e+00 2.257610825524675402e+00 3.117810802138338833e+00
3.000000000000000000e+01 2.538263694234863088e+00 2.160152237087969773e+00 2.982559502452529987e+00
3.025000000000000000e+01 2.429447207927300401e+00 2.067789692562691961e+00 2.854358814793642285e+00
3.050000000000000000e+01 2.326072524756364057e+00 1.979985907435434234e+00 2.732652475003982673e+00
3.075000000000000000e+01 2.227824785497820148e+00 1.896344685686802478e+00 2.617247440478299048e+00
3.100000000000000000e+01 2.134418015092465204e+00 1.816969757460962009e+00 2.507328613723027289e+00
3.125000000000000000e+01 2.045583891843473001e+00 1.741524760327224586e+00 2.402729811193299980e+00
3.150000000000000000e+01 1.961066694144181222e+00 1.669733725403803160e+00 2.303231060360558580e+00
3.175000000000000000e+01 1.880619048641693603e+00 1.601403693982126786e+00 2.208517452160605909e+00
3.200000000000000000e+01 1.804018713468199087e+00 1.536315800782852348e+00 2.118368838545490629e+00
3.225000000000000000e+01 1.731065903275682771e+00 1.474339537175370918e+00 2.032495965769664181e+00
3.250000000000000000e+01 1.661519570611033947e+00 1.415225686774061797e+00 1.950676354536947432e+00
3.275000000000000000e+01 1.595265227382421491e+00 1.358920418420077825e+00 1.872715363754879458e+00
3.300000000000000000e+01 1.532094085245660597e+00 1.305222357907892983e+00 1.798400304609540701e+00
3.325000000000000000e+01 1.471361577273634813e+00 1.254036382404116967e+00 1.726349347956566138e+00
3.350000000000000000e+01 1.413895882846659457e+00 1.205149146949762162e+00 1.658800134896555756e+00
3.375000000000000000e+01 1.359048872760366899e+00 1.158479904444006836e+00 1.594342578982988590e+00
3.400000000000000000e+01 1.306684105744883029e+00 1.113923756698812495e+00 1.532800913831273260e+00
3.425000000000000000e+01 1.256672505936037743e+00 1.071368989416892958e+00 1.474026038438051023e+00
3.450000000000000000e+01 1.208894210582756257e+00 1.031062060616482423e+00 1.417397912504611446e+00
3.475000000000000000e+01 1.163233507466235217e+00 9.921837884781024020e-01 1.363771721132151171e+00
3.500000000000000000e+01 1.119582862464700401e+00 9.550102049424314954e-01 1.312515593485424459e+00
3.525000000000000000e+01 1.077400517292392834e+00 9.190853742843366758e-01 1.262985906576729489e+00
3.550000000000000000e+01 1.037493789200724548e+00 8.850880953237795223e-01 1.216142628419734084e+00
3.575000000000000000e+01 9.993109307335512614e-01 8.525568097278889423e-01 1.171326444043403248e+00
3.600000000000000000e+01 9.627650161994388833e-01 8.213985314245316749e-01 1.128461326574296208e+00
3.625000000000000000e+01 9.277750688926916789e-01 7.915501910653933715e-01 1.087444091574639282e+00
3.650000000000000000e+01 8.942668399290696346e-01 7.629598802805918067e-01 1.048171996544059237e+00
3.675000000000000000e+01 8.621692099198539072e-01 7.355698569613718929e-01 1.010557650641822125e+00
3.700000000000000000e+01 8.314139311947790212e-01 7.093245461671647822e-01 9.745174176192286097e-01
3.725000000000000000e+01 8.019378308392924870e-01 6.841743998274129046e-01 9.399712773431110335e-01
3.750000000000000000e+01 7.736792415872024709e-01 6.600530627354195268e-01 9.068658304262544601e-01
3.775000000000000000e+01 7.465792731987020980e-01 6.369242871156985952e-01 8.751128233686791269e-01
3.800000000000000000e+01 7.205843146146231337e-01 6.147330677745462824e-01 8.446621496194806067e-01
3.825000000000000000e+01 6.951809796982918455e-01 5.932656397722968489e-01 8.146040527810860521e-01
3.850000000000000000e+01 6.715895642362895712e-01 5.727066200677137786e-01 7.875455372556399158e-01
3.875000000000000000e+01 6.486091555886871474e-01 5.530915212932743241e-01 7.606224657535451961e-01
3.900000000000000000e+01 6.265448518660057253e-01 5.342691238761571038e-01 7.347578848497889892e-01
3.925000000000000000e+01 6.053543204413635026e-01 5.163798567663190342e-01 7.096594657503437764e-01
3.950000000000000000e+01 5.849991430133835157e-01 4.990054604162866281e-01 6.858121292718895035e-01
3.975000000000000000e+01 5.654412058769694438e-01 4.823221071390506043e-01 6.628843102384002206e-01
4.000000000000000000e+01 5.466452956817471343e-01 4.662839989177276490e-01 6.408563879193064361e-01
4.025000000000000000e+01 5.285775647046954129e-01 4.508446931373001343e-01 6.197128327383013557e-01
4.050000000000000000e+01 5.112056496535750671e-01 4.360296283405985518e-01 5.993427951955559996e-01
4.075000000000000000e+01 4.944986538701727219e-01 4.219296754838519625e-01 5.795489933221619205e-01
4.100000000000000000e+01 4.784276565591748520e-01 4.082142593623775961e-01 5.607178517434202591e-01
4.125000000000000000e+01 4.629648230296451450e-01 3.950217499393270382e-01 5.425939898139569006e-01
4.150000000000000000e+01 4.480838052214198841e-01 3.823222150992970358e-01 5.251567619463619607e-01
4.175000000000000000e+01 4.336982354636999548e-01 3.700406067871912508e-01 5.083068073999216230e-01
4.200000000000000000e+01 4.197483200272801862e-01 3.581402495068657377e-01 4.919543458416739679e-01
4.225000000000000000e+01 4.063687844816205041e-01 3.467378031428554053e-01 4.762549324136836626e-01
4.250000000000000000e+01 3.935884773098057288e-01 3.358390693490511114e-01 4.612682192435605955e-01
4.275000000000000000e+01 3.811276972615638692e-01 3.252102009451356412e-01 4.466597947965598725e-01
4.300000000000000000e+01 3.692680545647585855e-01 3.150925341371959565e-01 4.327582578096529353e-01
4.325000000000000000e+01 3.578394198173797669e-01 3.053401621891861928e-01 4.193652399251063811e-01
4.350000000000000000e+01 3.468207334383233698e-01 2.959326223639955900e-01 4.064594845334323914e-01
4.375000000000000000e+01 3.361964516495831723e-01 2.868645231871247980e-01 3.940119637172460609e-01
4.400000000000000000e+01 3.259508546762637793e-01 2.781190972686853335e-01 3.820088613388049614e-01
4.425000000000000000e+01 3.160686163380477254e-01 2.695741790445212449e-01 3.705821180200987719e-01
4.450000000000000000e+01 3.065349121233602592e-01 2.613703696045077685e-01 3.595038431198501194e-01
4.475000000000000000e+01 2.973359344536585791e-01 2.534183419736121823e-01 3.488644792989614163e-01
4.500000000000000000e+01 2.884582265554358482e-01 2.459391808427653647e-01 3.383281516282842794e-01
4.525000000000000000e+01 2.798889808378999811e-01 2.386311677633507211e-01 3.282800077153608664e-01
4.550000000000000000e+01 2.716159047400990012e-01 2.315757847417138915e-01 3.185790767807051838e-01
4.575000000000000000e+01 2.636271554545771001e-01 2.247624056124938319e-01 3.092121963354200753e-01
4.600000000000000000e+01 2.559117320363795134e-01 2.181845724064166436e-01 3.001624444457451912e-01
4.625000000000000000e+01 2.484587427419756855e-01 2.118299702970717346e-01 2.914212127696106935e-01
4.650000000000000000e+01 2.412580569748378756e-01 2.056871169705821734e-01 2.829805333097200615e-01
4.675000000000000000e+01 2.343003373085384977e-01 1.997541300360100858e-01 2.748210915739193183e-01
4.700000000000000000e+01 2.275873273880480996e-01 1.940277289635323477e-01 2.669514912343775581e-01
4.725000000000000000e+01 2.210759614465326039e-01 1.884750519171318195e-01 2.593159159918831391e-01
4.750000000000000000e+01 2.147921143279957201e-01 1.831156053990045107e-01 2.519482284263119265e-01
4.775000000000000000e+01 2.087154782935233266e-01 1.779335491592419216e-01 2.448225817173364516e-01
4.800000000000000000e+01 2.028384375453327337e-01 1.729225702532978248e-01 2.379297953156996603e-01
4.825000000000000000e+01 1.971632509250895726e-01 1.680841119466593425e-01 2.312731826056593221e-01
4.850000000000000000e+01 1.916587410460504071e-01 1.633902274908960173e-01 2.248180541972973623e-01
4.875000000000000000e+01 1.863281853825055623e-01 1.588442501571878940e-01 2.185675127276007490e-01
4.900000000000000000e+01 1.811777994430997796e-01 1.544518212992445350e-01 2.125283776838483019e-01
4.925000000000000000e+01 1.761927811713213110e-01 1.502005243282063529e-01 2.066830077706682256e-01
4.950000000000000000e+01 1.713671271461025547e-01 1.460852708984565484e-01 2.010243201501209498e-01
4.975000000000000000e+01 1.666947217586076946e-01 1.421007736184967674e-01 1.955452426795422083e-01
5.000000000000000000e+01 1.621703320987861463e-01 1.382427464972401654e-01 1.902393961303106562e-01
5.025000000000000000e+01 1.577889526912595597e-01 1.345069632420166084e-01 1.851008527090680644e-01
5.050000000000000000e+01 1.535452209514653055e-01 1.308886214518046043e-01 1.801236395916617494e-01
5.075000000000000000e+01 1.494342271604231775e-01 1.273832891800700251e-01 1.753023366782927028e-01
5.100000000000000000e+01 1.454175607136068693e-01 1.239583865259360068e-01 1.705916602865032716e-01
5.125000000000000000e+01 1.415588205874033778e-01 1.206683863325473116e-01 1.660658627759544481e-01
5.150000000000000000e+01 1.378254835464335082e-01 1.174850236484032001e-01 1.616875353547787830e-01
5.175000000000000000e+01 1.342003615585148080e-01 1.143942019196752813e-01 1.574357505905944477e-01
5.200000000000000000e+01 1.306860035880036963e-01 1.113972394783215858e-01 1.533146747063452442e-01
5.225000000000000000e+01 1.272784758694326113e-01 1.084664930810805422e-01 1.493531316397968822e-01
5.250000000000000000e+01 1.239741989630806784e-01 1.056292845932297886e-01 1.455051226345484006e-01
5.275000000000000000e+01 1.207695775972736085e-01 1.028986650533824376e-01 1.417442186004768956e-01
5.300000000000000000e+01 1.176611676790506184e-01 1.002498076960970652e-01 1.380965280408876783e-01
5.325000000000000000e+01 1.146456483700200035e-01 9.768017975793789887e-02 1.345577447006506278e-01
5.350000000000000000e+01 1.117198700283730667e-01 9.518433530890990646e-02 1.311279772942663124e-01
5.375000000000000000e+01 1.088809222387109588e-01 9.276446600226914696e-02 1.277973747756196987e-01
5.400000000000000000e+01 1.061191201546355795e-01 9.041018225341813930e-02 1.245575153341561686e-01
5.425000000000000000e+01 1.034450690121955369e-01 8.813070638537705281e-02 1.214205892795774122e-01
5.450000000000000000e+01 1.008493036362559103e-01 8.591737445034246246e-02 1.183763133939342571e-01
5.475000000000000000e+01 9.832940565415987377e-02 8.376876530187335468e-02 1.154209684416119958e-01
5.500000000000000000e+01 9.588857634464260926e-02 8.168758165618487943e-02 1.125583459197215114e-01
5.525000000000000000e+01 9.351297640012551371e-02 7.969586201999777353e-02 1.097256059921425247e-01
5.550000000000000000e+01 9.120572654455712247e-02 7.775001094485929631e-02 1.069901399810739978e-01
5.575000000000000000e+01 8.896466325465925140e-02 7.586559157905163608e-02 1.043254411292347250e-01
5.600000000000000000e+01 8.678232408051823887e-02 7.400190206098268553e-02 1.017699756772452863e-01
5.625000000000000000e+01 8.466745568072937822e-02 7.219720652335234745e-02 9.929162631977431208e-02
5.650000000000000000e+01 8.261243195666842509e-02 7.044336151137492452e-02 9.688370582220336147e-02
5.675000000000000000e+01 8.061528859705005545e-02 6.873823973696309431e-02 9.454453271504142942e-02
5.700000000000000000e+01 7.867417177533479744e-02 6.708164897970571305e-02 9.227002315353696749e-02
5.725000000000000000e+01 7.678727307501187482e-02 6.547157346989374016e-02 9.005870783001380941e-02
5.750000000000000000e+01 7.493391179612604591e-02 6.389005698782376785e-02 8.788677615579100488e-02
5.775000000000000000e+01 7.315086780219562379e-02 6.237336554654665521e-02 8.579061612798549730e-02
5.800000000000000000e+01 7.141702503541584590e-02 6.087755043098851127e-02 8.378115460954815852e-02
5.825000000000000000e+01 6.973081449113471830e-02 5.943910820010088469e-02 8.180449937485419210e-02
5.850000000000000000e+01 6.809074725000459349e-02 5.803994954538743006e-02 7.988204499451480312e-02
5.875000000000000000e+01 6.649545120122912767e-02 5.667894797173570615e-02 7.801212246670495565e-02
5.900000000000000000e+01 6.494353164369418008e-02 5.535487465791139039e-02 7.619315061989240245e-02
5.925000000000000000e+01 6.343364558600297909e-02 5.406648274177635466e-02 7.442369446425048385e-02
5.950000000000000000e+01 6.196120529541668948e-02 5.281004004838671384e-02 7.269812630596662884e-02
5.975000000000000000e+01 6.053188517313198846e-02 5.157604518290340168e-02 7.104284769449184522e-02
6.000000000000000000e+01 5.914081670099767540e-02 5.038947957028000468e-02 6.941203262841259825e-02
6.025000000000000000e+01 5.778243260299801426e-02 4.923085552206089149e-02 6.781944945124608604e-02
6.050000000000000000e+01 5.646449761902772035e-02 4.810673915137516493e-02 6.627427981216742203e-02
6.075000000000000000e+01 5.518146627065387277e-02 4.702570933315147056e-02 6.475169142494353880e-02
6.100000000000000000e+01 5.393220194863698747e-02 4.595985330847500439e-02 6.328746063452299342e-02
6.125000000000000000e+01 5.271567662251257919e-02 4.492197998733808706e-02 6.186153331960445034e-02
6.150000000000000000e+01 5.153101243663288367e-02 4.391130231795765948e-02 6.047293299380147175e-02
6.175000000000000000e+01 5.037729105057540957e-02 4.292702019303605565e-02 5.912060613995512998e-02
6.200000000000000000e+01 4.925358586939177635e-02 4.196834785425249820e-02 5.780346010803806556e-02
6.225000000000000000e+01 4.815621382311890963e-02 4.103220030130510371e-02 5.651709907704335900e-02
6.250000000000000000e+01 4.708985185118295946e-02 4.012237483130140503e-02 5.526727061122055362e-02
6.275000000000000000e+01 4.605089108871170123e-02 3.923595992531869747e-02 5.404951412176164233e-02
6.300000000000000000e+01 4.502758723738838065e-02 3.835281278486649820e-02 5.286401348953052165e-02
6.325000000000000000e+01 4.404125550965917041e-02 3.751087714349631008e-02 5.170852655476707027e-02
6.350000000000000000e+01 4.307970378718033178e-02 3.669074822309860429e-02 5.058116741328390342e-02
6.375000000000000000e+01 4.214291784112339512e-02 3.587795351961207274e-02 4.950186256283659741e-02
6.400000000000000000e+01 4.122947873200100144e-02 3.509936590202098611e-02 4.843021726539641081e-02
6.425000000000000000e+01 4.033876150480474043e-02 3.432860563886833832e-02 4.740115858067688037e-02
6.450000000000000000e+01 3.945852433389070157e-02 3.357875120857188589e-02 4.636786916038689726e-02
6.475000000000000000e+01 3.861223041291059199e-02 3.285718962062139648e-02 4.537528482119468354e-02
6.500000000000000000e+01 3.778689475021689698e-02 3.216496312963691012e-02 4.439145193822229690e-02
6.525000000000000000e+01 3.698199315048343594e-02 3.147881921295769131e-02 4.344724013089499431e-02
6.550000000000000000e+01 3.619698244135813314e-02 3.080966075083947653e-02 4.252632148259825190e-02
6.575000000000000000e+01 3.543132046624385134e-02 3.015665422237735760e-02 4.162857261035718404e-02
6.600000000000000000e+01 3.468443950621111910e-02 2.952019470315749711e-02 4.075211413600005744e-02
6.625000000000000000e+01 3.395582415048997021e-02 2.890674802430853382e-02 3.988681095394777665e-02
6.650000000000000000e+01 3.324494762051730112e-02 2.830063192429761038e-02 3.905306938895745233e-02
6.675000000000000000e+01 3.255131207021863537e-02 2.770950025789728141e-02 3.823915652144523752e-02
6.700000000000000000e+01 3.187562412123419453e-02 2.713367522679601546e-02 3.744628785542460786e-02
6.725000000000000000e+01 3.121502363338820099e-02 2.657075195217558500e-02 3.667106230891605673e-02
6.750000000000000000e+01 3.057028367574323585e-02 2.602136474834402385e-02 3.591442082509860301e-02
6.775000000000000000e+01 2.993913185517024095e-02 2.547686470911304443e-02 3.518296409214927839e-02
6.800000000000000000e+01 2.932485498147043013e-02 2.495360314950434769e-02 3.446184162391602995e-02
6.825000000000000000e+01 2.872518605039302980e-02 2.444285431569490769e-02 3.375777243412481782e-02
6.850000000000000000e+01 2.813974294940305154e-02 2.395188241451851746e-02 3.305982884996542387e-02
6.875000000000000000e+01 2.756811734378090614e-02 2.346443576658811120e-02 3.238948941455765257e-02
6.900000000000000000e+01 2.700993450912397495e-02 2.298888118407771061e-02 3.173432218582473985e-02
6.925000000000000000e+01 2.646485006679465818e-02 2.252448148469025913e-02 3.109453549614318510e-02
6.950000000000000000e+01 2.593248589653580558e-02 2.207994275134938025e-02 3.045722683012527798e-02
6.975000000000000000e+01 2.541251468068142852e-02 2.163668376407092489e-02 2.984726815983851714e-02
7.000000000000000000e+01 2.490460541447639398e-02 2.120370871372708257e-02 2.925145686656361807e-02
7.025000000000000000e+01 2.440845074067722262e-02 2.078076145583650572e-02 2.866942430508181636e-02
7.050000000000000000e+01 2.392374554333306924e-02 2.036757434024213942e-02 2.810082296797177664e-02
7.075000000000000000e+01 2.345018699354856420e-02 1.996387099131952461e-02 2.754532276187823467e-02
7.100000000000000000e+01 2.298748987315680364e-02 1.956942739733907172e-02 2.700256271884268408e-02
7.125000000000000000e+01 2.253538495831217126e-02 1.918402234106831444e-02 2.647221558599591185e-02
7.150000000000000000e+01 2.209157488630041771e-02 1.880569300523163984e-02 2.595159246836848538e-02
7.175000000000000000e+01 2.165802708049881578e-02 1.843589094647260507e-02 2.544331263303380858e-02
7.200000000000000000e+01 2.123601536149124364e-02 1.807697273376915673e-02 2.494711670339851486e-02
7.225000000000000000e+01 2.082346764174433998e-02 1.772530461628099227e-02 2.446315107208308498e-02
7.250000000000000000e+01 2.042019383561098286e-02 1.738153882283187401e-02 2.399006903440485672e-02
7.275000000000000000e+01 2.002595588939535057e-02 1.704543821050525515e-02 2.352763855826507655e-02
7.300000000000000000e+01 1.964052282126889371e-02 1.671684762730768145e-02 2.307553106260566353e-02
7.325000000000000000e+01 1.925797567954930928e-02 1.639038639084444693e-02 2.262726566844560500e-02
7.350000000000000000e+01 1.888950375437982790e-02 1.607627474810853496e-02 2.219502699956722030e-02
7.375000000000000000e+01 1.852918304832419996e-02 1.576912871393437374e-02 2.177232684611934976e-02
7.400000000000000000e+01 1.817681430453778335e-02 1.546877581932542926e-02 2.135893506510571846e-02
7.425000000000000000e+01 1.783219895934532243e-02 1.517503153063811186e-02 2.095463980313093735e-02
7.450000000000000000e+01 1.749514441434766102e-02 1.488769196228320602e-02 2.055926995630416587e-02
7.475000000000000000e+01 1.716548481439252732e-02 1.460667829468984165e-02 2.017254456957950914e-02
7.500000000000000000e+01 1.684302385008116382e-02 1.433183879272963840e-02 1.979421179076574708e-02
7.525000000000000000e+01 1.652756713320804871e-02 1.406298095653637018e-02 1.942408058340830759e-02
7.550000000000000000e+01 1.621894295895839194e-02 1.379994541413425389e-02 1.906196747970606564e-02
7.575000000000000000e+01 1.591696559805307054e-02 1.354259250390316138e-02 1.870762882192505278e-02
7.600000000000000000e+01 1.562148716571376203e-02 1.329078626773034198e-02 1.836090479169467243e-02
7.625000000000000000e+01 1.533235357726666324e-02 1.304439797438836264e-02 1.802161101492646966e-02
7.650000000000000000e+01 1.504940964095570835e-02 1.280329204631734143e-02 1.768956997325037833e-02
7.675000000000000000e+01 1.477250850484832997e-02 1.256734396787650282e-02 1.736460847125917764e-02
7.700000000000000000e+01 1.450150170124732754e-02 1.233642490300093653e-02 1.704655548465451240e-02
7.725000000000000000e+01 1.423624463839810207e-02 1.211040820607326221e-02 1.673524607557664093e-02
7.750000000000000000e+01 1.397659666847144745e-02 1.188918186637843641e-02 1.643050435501759721e-02
7.775000000000000000e+01 1.372241987145229186e-02 1.167224950829849443e-02 1.613269207401295605e-02
7.800000000000000000e+01 1.347358664887610656e-02 1.146025604183612337e-02 1.584061791656856538e-02
7.825000000000000000e+01 1.322997062358663781e-02 1.125270869106079728e-02 1.555466577038573141e-02
7.850000000000000000e+01 1.299144878018540332e-02 1.104660235677022706e-02 1.527870162763128072e-02
7.875000000000000000e+01 1.275790056522909874e-02 1.084736986219585891e-02 1.500493012592125745e-02
7.900000000000000000e+01 1.252920673618639590e-02 1.065258079308172359e-02 1.473643096328818881e-02
7.925000000000000000e+01 1.230525080744238227e-02 1.046178442412958390e-02 1.447355358277318052e-02
7.950000000000000000e+01 1.208591160339548068e-02 1.027492914144506608e-02 1.421608434221730520e-02
7.975000000000000000e+01 1.187109066472361030e-02 1.009193033617421242e-02 1.396390867512775462e-02
8.000000000000000000e+01 1.166068267198614068e-02 9.912690877563327604e-03 1.371691320310610383e-02
8.025000000000000000e+01 1.145458878419106964e-02 9.737132203428033872e-03 1.347497409645143432e-02
8.050000000000000000e+01 1.125270088166239503e-02 9.559820607720752317e-03 1.324536121837908628e-02
8.075000000000000000e+01 1.105492665284694281e-02 9.391467288361191393e-03 1.301302549935746782e-02
8.100000000000000000e+01 1.086117383149606472e-02 9.226557672878847940e-03 1.278538553384099899e-02
8.125000000000000000e+01 1.067134292122319875e-02 9.064992445075135616e-03 1.256234469386770594e-02
8.150000000000000000e+01 1.048533246148293518e-02 8.906682989988578061e-03 1.234378690152177112e-02
8.175000000000000000e+01 1.030303508651597005e-02 8.751540564564525698e-03 1.212958235305411706e-02
8.200000000000000000e+01 1.012440129470070643e-02 8.599515872326759722e-03 1.191968281679595294e-02
8.225000000000000000e+01 9.949341909443226023e-03 8.450535229500523091e-03 1.171398044533733529e-02
8.250000000000000000e+01 9.777784977076962175e-03 8.304536090715833666e-03 1.151239250616718779e-02
8.275000000000000000e+01 9.609671849317234782e-03 8.161457197482482190e-03 1.131486581587973043e-02
8.300000000000000000e+01 9.444896956013871733e-03 8.021250125783828400e-03 1.112121890115014451e-02
8.325000000000000000e+01 9.283375272767390232e-03 7.883828784039970811e-03 1.093137088789827849e-02
8.350000000000000000e+01 9.125044316005239894e-03 7.749126383228438844e-03 1.074526722770639472e-02
8.375000000000000000e+01 8.969831316987728759e-03 7.617080691733676447e-03 1.056282283349440146e-02
8.400000000000000000e+01 8.817666733216059094e-03 7.487634411842236486e-03 1.038395337452586303e-02
8.425000000000000000e+01 8.668482786303615892e-03 7.360755516590706052e-03 1.020854362668005381e-02
8.450000000000000000e+01 8.522212819422064420e-03 7.236358736573896520e-03 1.003655484524915154e-02
8.475000000000000000e+01 8.378791784738605711e-03 7.114085069105842603e-03 9.868331779848535726e-03
8.500000000000000000e+01 8.238155856735764407e-03 6.994483633538614922e-03 9.702962430914249467e-03
8.525000000000000000e+01 8.100244212700393256e-03 6.877196574143304431e-03 9.540799888152066630e-03
8.550000000000000000e+01 7.964999959481897096e-03 6.762184442336628340e-03 9.381764856538713990e-03
8.575000000000000000e+01 7.832364427193394887e-03 6.649397753627651203e-03 9.225787777080499824e-03
8.600000000000000000e+01 7.702280119518063566e-03 6.538603825597943779e-03 9.073056056290123086e-03
8.625000000000000000e+01 7.574690609428309275e-03 6.430118375887032729e-03 8.922998687508053653e-03
8.650000000000000000e+01 7.449538717523399543e-03 6.323711072276560693e-03 8.775800549644899307e-03
8.675000000000000000e+01 7.326772079909667917e-03 6.219334382022867307e-03 8.631404232921089173e-03
8.700000000000000000e+01 7.206340715627799522e-03 6.116945374788052524e-03 8.489751555369148481e-03
8.725000000000000000e+01 7.088193364023453319e-03 6.016496367084385975e-03 8.350787917143510583e-03
8.750000000000000000e+01 6.972280657371681366e-03 5.917949978634672037e-03 8.214448878524434686e-03
8.775000000000000000e+01 6.858552082742459116e-03 5.821263611392482780e-03 8.080674542831556978e-03
8.800000000000000000e+01 6.746964991069541798e-03 5.726400187313726575e-03 7.949415881126591435e-03
8.825000000000000000e+01 6.637474255921400369e-03 5.633318295843740137e-03 7.820624041521654149e-03
8.850000000000000000e+01 6.529764947535849663e-03 5.541688267793025945e-03 7.694014569146515395e-03
8.875000000000000000e+01 6.424332856670798148e-03 5.452061704122056901e-03 7.569990013520215728e-03
8.900000000000000000e+01 6.320864938079239978e-03 5.364106354808886694e-03 7.448273938420622506e-03
8.925000000000000000e+01 6.219319593807136337e-03 5.277785311274865374e-03 7.328819557567434369e-03
8.950000000000000000e+01 6.119655374336250252e-03 5.193065617507501043e-03 7.211574946094633301e-03
8.975000000000000000e+01 6.021832412363232502e-03 5.109891306670170247e-03 7.096523864461337129e-03
9.000000000000000000e+01 5.925815164448324825e-03 5.028280241566839871e-03 6.983557732705766331e-03
9.025000000000000000e+01 5.831565586226876430e-03 4.948183545277724978e-03 6.872654758112232455e-03
9.050000000000000000e+01 5.739047213764230000e-03 4.869558874052872140e-03 6.763787803719930290e-03
9.075000000000000000e+01 5.648222008013731657e-03 4.792374853734990975e-03 6.656910785463113212e-03
9.100000000000000000e+01 5.559054777893858608e-03 4.716604600433126938e-03 6.551978094747798118e-03
9.125000000000000000e+01 5.471510100016818354e-03 4.642214640738042027e-03 6.448952728697278716e-03
9.150000000000000000e+01 5.385555119095938176e-03 4.569176883110098383e-03 6.347796262393368485e-03
9.175000000000000000e+01 5.301158596560695199e-03 4.497466929158754588e-03 6.248468951198237441e-03
9.200000000000000000e+01 5.218288560808065531e-03 4.427056377258780165e-03 6.150934883897136302e-03
9.225000000000000000e+01 5.136911663902509438e-03 4.357919205670747823e-03 6.055151598129770475e-03
9.250000000000000000e+01 5.056994444665600767e-03 4.290032751789054667e-03 5.961071696413987320e-03
9.275000000000000000e+01 4.978505832494748741e-03 4.223361960945483037e-03 5.868670635712100458e-03
9.300000000000000000e+01 4.901421381740909272e-03 4.157884859004171325e-03 5.777921317220117460e-03
9.325000000000000000e+01 4.825714896230211617e-03 4.093548954794387455e-03 5.688834924625412078e-03
9.350000000000000000e+01 4.751356695569496948e-03 4.030390178782350050e-03 5.601291549234942678e-03
9.375000000000000000e+01 4.678319527438192307e-03 3.968354815802087668e-03 5.515301583834246804e-03
9.400000000000000000e+01 4.606576708774987733e-03 3.907329197650805629e-03 5.430960100978075161e-03
9.425000000000000000e+01 4.536100427940725766e-03 3.847469525921650910e-03 5.347984422939661663e-03
9.450000000000000000e+01 4.466866343954884432e-03 3.788667368927060245e-03 5.266467861074718843e-03
9.475000000000000000e+01 4.398853593893626429e-03 3.730903305188566083e-03 5.186388216923487095e-03
9.500000000000000000e+01 4.332038318499467980e-03 3.674100348654031015e-03 5.107796252713302926e-03
9.525000000000000000e+01 4.266391894415244579e-03 3.618353677079454069e-03 5.030492157810256305e-03
9.550000000000000000e+01 4.201891475047156259e-03 3.559408988905121002e-03 4.960343703999282351e-03
9.575000000000000000e+01 4.138514516483932267e-03 3.505654021814526723e-03 4.885622567592435780e-03
9.600000000000000000e+01 4.076233125553809823e-03 3.452829483781968186e-03 4.812191442382676883e-03
9.625000000000000000e+01 4.015030025522516553e-03 3.400919278272093813e-03 4.740031969837775645e-03
9.650000000000000000e+01 3.954891037301466045e-03 3.349910608664818414e-03 4.669128506435460228e-03
9.675000000000000000e+01 3.895789449399514326e-03 3.299782924742133798e-03 4.599446624277144825e-03
9.700000000000000000e+01 3.837703955748561491e-03 3.250516973478761312e-03 4.530962850566511678e-03
9.725000000000000000e+01 3.780616069891821595e-03 3.202096370427029524e-03 4.463656372096686670e-03
9.750000000000000000e+01 3.724506204087160623e-03 3.154420627988310018e-03 4.397621021496552797e-03
9.775000000000000000e+01 3.669355290714184942e-03 3.107636286022961384e-03 4.332607490152307235e-03
9.800000000000000000e+01 3.615145274902349746e-03 3.061653592284912639e-03 4.268698258869705643e-03
9.825000000000000000e+01 3.561857570462166958e-03 3.016454082949999744e-03 4.205875177735614832e-03
9.850000000000000000e+01 3.509246633957304341e-03 2.971829315100100576e-03 4.143849000805037257e-03
9.875000000000000000e+01 3.457752551039069543e-03 2.928151987762926504e-03 4.083139384220105771e-03
9.900000000000000000e+01 3.407127809596933142e-03 2.885213779159158821e-03 4.023452263669654097e-03
9.925000000000000000e+01 3.357356702659793773e-03 2.842873899100165514e-03 3.964946891405362293e-03
9.950000000000000000e+01 3.308422851406888233e-03 2.801381362488275864e-03 3.907237304523580000e-03
9.975000000000000000e+01 3.260310108762201273e-03 2.760680548055672624e-03 3.850362916051030572e-03
1.000000000000000000e+02 3.213003022681659368e-03 2.720566742684098465e-03 3.794572749050248439e-03
