5.000000000000000000e-01 8.107341595329740644e+07 1.735829326419670507e+07 3.786604290119737387e+08
7.500000000000000000e-01 1.761216903797442093e+07 4.848259575710403733e+06 6.397935039951603115e+07
1.000000000000000000e+00 4.805223545438907109e+06 1.543239763385580154e+06 1.496214254548815452e+07
1.250000000000000000e+00 1.672950485911107156e+06 5.969808312927489169e+05 4.688196306487008929e+06
1.500000000000000000e+00 6.922413466390112881e+05 2.667832691380835022e+05 1.796207399155023973e+06
1.750000000000000000e+00 3.256125111382053001e+05 1.330933150805303303e+05 7.966103131894835969e+05
2.000000000000000000e+00 1.681314174618232646e+05 7.199584270406485302e+04 3.926361922578882077e+05
2.250000000000000000e+00 9.333203607276332332e+04 4.150302017502392846e+04 2.098851823494450364e+05
2.500000000000000000e+00 5.476212462640810554e+04 2.512476785546880274e+04 1.193599204915836453e+05
2.750000000000000000e+00 3.363945420934204594e+04 1.584528923573693100e+04 7.141635994565620786e+04
3.000000000000000000e+00 2.144785413125443665e+04 1.033225021322778048e+04 4.452180670640779863e+04
3.250000000000000000e+00 1.411402720595976098e+04 6.932584714923656975e+03 2.873470316803276000e+04
3.500000000000000000e+00 9.530290151278430130e+03 4.761145544257933580e+03 1.907659186707570916e+04
3.750000000000000000e+00 6.592137562506505674e+03 3.342825633057546838e+03 1.299986371208405581e+04
4.000000000000000000e+00 4.652264380188622454e+03 2.309741651822832864e+03 9.370556159859208492e+03
4.250000000000000000e+00 3.341711835196366337e+03 1.694040035390586809e+03 6.591956362422530219e+03
4.500000000000000000e+00 2.440097784627818783e+03 1.260055718755001408e+03 4.725249137735368095e+03
4.750000000000000000e+00 1.807028523003307100e+03 9.466039419781922106e+02 3.449544142108316464e+03
5.000000000000000000e+00 1.355133391344031452e+03 7.189670692667890535e+02 2.554201140545065755e+03
5.250000000000000000e+00 1.028340347997839217e+03 5.519167829718505800e+02 1.916020501544074023e+03
5.500000000000000000e+00 7.886374677176700061e+02 4.276648545272776119e+02 1.454290781447577274e+03
5.750000000000000000e+00 6.106895240507930112e+02 3.341544418178929163e+02 1.116075826364832210e+03
6.000000000000000000e+00 4.766971910436289477e+02 2.628534089019700559e+02 8.645130869641269555e+02
6.250000000000000000e+00 3.754227949006705103e+02 2.085856084957127621e+02 6.757046948132465332e+02
6.500000000000000000e+00 2.979407230165973033e+02 1.666364753732098052e+02 5.327085455500706530e+02
6.750000000000000000e+00 2.380752432326630128e+02 1.340397073003230162e+02 4.228584393525832752e+02
7.000000000000000000e+00 1.914593127597931073e+02 1.083362769347488239e+02 3.383600533414182792e+02
7.250000000000000000e+00 1.548583088481016148e+02 8.800068034026165265e+01 2.725103456765244232e+02
7.500000000000000000e+00 1.260320693096090281e+02 7.193024538214891095e+01 2.208261964083898476e+02
7.750000000000000000e+00 1.031199753627224283e+02 5.912512861190493396e+01 1.798512674468392447e+02
8.000000000000000000e+00 8.477680882991585065e+01 4.876462271151858374e+01 1.473836341952553823e+02
8.250000000000000000e+00 7.004222911257397755e+01 4.043049188247274373e+01 1.213419285948657205e+02
8.500000000000000000e+00 5.811228811668053851e+01 3.366735199887125418e+01 1.003060184320201387e+02
8.750000000000000000e+00 4.841585113157869102e+01 2.812934395560731460e+01 8.333271634399126526e+01
9.000000000000000000e+00 4.050187573708763011e+01 2.360410424194988366e+01 6.949647067339749640e+01
9.250000000000000000e+00 3.400808486017876220e+01 1.987580143650357201e+01 5.818884031176823157e+01
9.500000000000000000e+00 2.865759227686363175e+01 1.679238648289444313e+01 4.890654439995933700e+01
9.750000000000000000e+00 2.423014285916507760e+01 1.423335018887032710e+01 4.124818227507864776e+01
1.000000000000000000e+01 2.055191784128797394e+01 1.209945519279014370e+01 3.490911947892833211e+01
1.025000000000000000e+01 1.748030007490749327e+01 1.031310239665292983e+01 2.962841625697222625e+01
1.050000000000000000e+01 1.491454116148198494e+01 8.818293086099329159e+00 2.522523756986350918e+01
1.075000000000000000e+01 1.276092462583459941e+01 7.559393906126226526e+00 2.154156792573851575e+01
1.100000000000000000e+01 1.094730407876410894e+01 6.497395316815403277e+00 1.844484762728962224e+01
1.125000000000000000e+01 9.414567693371624912e+00 5.597766433042055567e+00 1.583383049530155517e+01
1.150000000000000000e+01 8.115903906430538939e+00 4.834038393800379474e+00 1.362585293134816489e+01
1.175000000000000000e+01 7.012093266770712319e+00 4.182693609794207568e+00 1.175545152691935868e+01
1.200000000000000000e+01 6.072335344828371007e+00 3.626593163906683071e+00 1.016746430424824155e+01
1.225000000000000000e+01 5.267918163728897873e+00 3.150370870563640846e+00 8.808792018439355331e+00
1.250000000000000000e+01 4.580651912264027459e+00 2.742827817972928184e+00 7.649904891527240736e+00
1.275000000000000000e+01 3.990936470392010271e+00 2.393447029807985516e+00 6.654659038760021517e+00
1.300000000000000000e+01 3.483625522199151003e+00 2.090975357069455587e+00 5.803821043556277814e+00
1.325000000000000000e+01 3.045739504536240094e+00 1.829920583024884140e+00 5.069361597189332436e+00
1.350000000000000000e+01 2.668117720206489629e+00 1.604378462397139105e+00 4.437140198356585685e+00
1.375000000000000000e+01 2.341137999282985938e+00 1.408831375995089452e+00 3.890406776194518024e+00
1.400000000000000000e+01 2.057219450309511366e+00 1.239062527246154399e+00 3.415607988838000431e+00
1.425000000000000000e+01 1.810624688971651297e+00 1.091628370284412064e+00 3.003184832453142494e+00
1.450000000000000000e+01 1.596104640000531205e+00 9.632546117674846142e-01 2.644731715487666168e+00
1.475000000000000000e+01 1.409061638318045429e+00 8.509245935602239852e-01 2.333291005578409294e+00
1.500000000000000000e+01 1.245620249152652903e+00 7.526703292056737826e-01 2.061420179451682433e+00
1.525000000000000000e+01 1.102621240891161536e+00 6.668028246523450830e-01 1.823288018460689441e+00
1.550000000000000000e+01 9.773539766878587276e-01 5.912802776344907585e-01 1.615512696565969852e+00
1.575000000000000000e+01 8.673379200485779039e-01 5.247006122831375796e-01 1.433722488488830882e+00
1.600000000000000000e+01 7.705778565660376112e-01 4.663465999871844736e-01 1.273280931063347721e+00
1.625000000000000000e+01 6.854033557254523013e-01 4.150137169109269775e-01 1.131957188153705607e+00
1.650000000000000000e+01 6.106747154600977723e-01 3.700592912067843243e-01 1.007740156681774968e+00
1.675000000000000000e+01 5.443933061635345405e-01 3.300347300974514897e-01 8.979784391423124568e-01
1.700000000000000000e+01 4.858203297232184248e-01 2.946383932137869310e-01 8.010544389614617788e-01
1.725000000000000000e+01 4.340312667901928823e-01 2.632485680376202564e-01 7.156093647756449627e-01
1.750000000000000000e+01 3.881225340581759831e-01 2.353973098512228690e-01 6.399355266164585831e-01
1.775000000000000000e+01 3.474530563119699322e-01 2.108368787587390492e-01 5.725925514135180583e-01
1.800000000000000000e+01 3.112575879526195410e-01 1.888780415157301218e-01 5.129303823812374485e-01
1.825000000000000000e+01 2.791123859656837736e-01 1.693989916992467981e-01 4.598830442731803303e-01
1.850000000000000000e+01 2.505011565758412662e-01 1.520170229677526297e-01 4.127881747766200538e-01
1.875000000000000000e+01 2.249983141223636240e-01 1.365747962873749832e-01 3.706704511671713997e-01
1.900000000000000000e+01 2.022814214991608683e-01 1.227742205060352726e-01 3.332765894588576860e-01
1.925000000000000000e+01 1.820240217748603784e-01 1.104621092191852422e-01 2.999466942764143496e-01
1.950000000000000000e+01 1.639049282193257573e-01 9.947764359270074019e-02 2.700589250442755884e-01
1.975000000000000000e+01 1.476889079977014296e-01 8.965006806348450874e-02 2.433016953217216616e-01
2.000000000000000000e+01 1.332021444659668152e-01 8.083797055900027173e-02 2.194861049533963215e-01
2.025000000000000000e+01 1.202164007681170849e-01 7.294520285812312876e-02 1.981210888089425248e-01
2.050000000000000000e+01 1.085576191233680599e-01 6.586446195428728723e-02 1.789243595114063945e-01
2.075000000000000000e+01 9.811090865598259825e-02 5.952101717188944957e-02 1.617201932135092224e-01
2.100000000000000000e+01 8.872781918531708056e-02 5.381126062389098713e-02 1.463007148709512539e-01
2.125000000000000000e+01 8.027931117770878422e-02 4.868441917669610181e-02 1.323784469888948101e-01
2.150000000000000000e+01 7.268735727200402452e-02 4.408052676222488919e-02 1.198590918771788860e-01
2.175000000000000000e+01 6.584151690187504957e-02 3.991455593969139154e-02 1.086096349033669334e-01
2.200000000000000000e+01 5.969257748868320862e-02 3.618397460894408335e-02 9.847463817205100167e-02
2.225000000000000000e+01 5.413604490620110149e-02 3.279330012312608317e-02 8.936921099988538730e-02
2.250000000000000000e+01 4.912658205848317167e-02 2.975406027024524169e-02 8.111232695062993436e-02
2.275000000000000000e+01 4.460989741268461123e-02 2.700641163976921083e-02 7.368779583585031989e-02
2.300000000000000000e+01 4.053085496930698695e-02 2.452816646714146495e-02 6.697403194583115282e-02
2.325000000000000000e+01 3.683547056975707001e-02 2.228999340721643518e-02 6.087269149465766166e-02
2.350000000000000000e+01 3.348966662676261530e-02 2.024095308802931897e-02 5.541032410351254961e-02
2.375000000000000000e+01 3.047194986061042138e-02 1.841157066219799299e-02 5.043240174039043122e-02
2.400000000000000000e+01 2.773049177403015889e-02 1.674425622664966681e-02 4.592501235173814672e-02
2.425000000000000000e+01 2.525420621593917059e-02 1.524777526623365131e-02 4.182740894729341380e-02
2.450000000000000000e+01 2.300620927658877241e-02 1.388395291482690842e-02 3.812211612392938515e-02
2.475000000000000000e+01 2.097653326127362286e-02 1.265123930446845554e-02 3.478038293891919791e-02
2.500000000000000000e+01 1.912825153515157472e-02 1.152687343883509498e-02 3.174234615601066040e-02
2.525000000000000000e+01 1.744472096283928783e-02 1.050496508832561918e-02 2.896899579509498376e-02
2.550000000000000000e+01 1.591707702467849359e-02 9.584124321735221219e-03 2.643468850200368994e-02
2.575000000000000000e+01 1.453175075697628153e-02 8.741190209512488332e-03 2.415824104057085614e-02
2.600000000000000000e+01 1.327008783019037637e-02 7.978189224975272900e-03 2.207208002408748287e-02
2.625000000000000000e+01 1.212544673272078141e-02 7.284392461335069749e-03 2.018376401991695338e-02
2.650000000000000000e+01 1.108369132320076444e-02 6.655802315172939555e-03 1.845731100936460339e-02
2.675000000000000000e+01 1.013274489376147711e-02 6.080205926993045677e-03 1.688635554697828778e-02
2.700000000000000000e+01 9.268696784402567085e-03 5.559345722940719700e-03 1.545303069148781967e-02
2.725000000000000000e+01 8.478070595174845916e-03 5.080400271088748344e-03 1.414803503294922819e-02
2.750000000000000000e+01 7.758476322947300240e-03 4.647282682603969851e-03 1.295250557472134127e-02
2.775000000000000000e+01 7.103566163475033383e-03 4.251736395441844951e-03 1.186824571084997559e-02
2.800000000000000000e+01 6.505356250288016340e-03 3.890753433045912330e-03 1.087698325566496295e-02
2.825000000000000000e+01 5.960722171183242823e-03 3.564266554170239173e-03 9.968448841309205874e-03
2.850000000000000000e+01 5.461589597441540885e-03 3.263201662683375484e-03 9.141010582334923099e-03
2.875000000000000000e+01 5.006135397670500795e-03 2.987965492951870274e-03 8.387443455731122613e-03
2.900000000000000000e+01 4.589333006330637531e-03 2.736585778223406436e-03 7.696443360408478963e-03
2.925000000000000000e+01 4.208349981000964607e-03 2.507796880599741200e-03 7.062059012672274559e-03
2.950000000000000000e+01 3.860114092685057539e-03 2.298309759885477574e-03 6.483234361450155442e-03
2.975000000000000000e+01 3.542104815306447267e-03 2.106967045296209012e-03 5.954771124981342312e-03
3.000000000000000000e+01 3.250498353990103825e-03 1.931676224607511419e-03 5.469725937864758011e-03
3.025000000000000000e+01 2.983436132035350435e-03 1.770564627787692786e-03 5.027148410310020715e-03
3.050000000000000000e+01 2.739487742171598135e-03 1.624612421902358423e-03 4.619435988751469449e-03
3.075000000000000000e+01 2.514689007912682302e-03 1.489992904595272049e-03 4.244087865797301594e-03
3.100000000000000000e+01 2.310005463869999227e-03 1.367454492555166727e-03 3.902232412238008322e-03
3.125000000000000000e+01 2.122478662720196554e-03 1.255378375486487308e-03 3.588492331610187210e-03
3.150000000000000000e+01 1.950512598699894297e-03 1.152221665149848976e-03 3.301881497942699226e-03
3.175000000000000000e+01 1.792449790784766007e-03 1.057966579571334963e-03 3.036840968819770354e-03
3.200000000000000000e+01 1.647864397376317801e-03 9.724653100563031630e-04 2.792343381362567475e-03
3.225000000000000000e+01 1.515038201941619261e-03 8.932594565883482732e-04 2.569623793415136154e-03
3.250000000000000000e+01 1.393440091640093864e-03 8.207797294834862003e-04 2.365647224513990534e-03
3.275000000000000000e+01 1.281561630137020543e-03 7.540600427507214475e-04 2.178076172619061984e-03
3.300000000000000000e+01 1.178960905510383203e-03 6.931221440770362263e-04 2.005344698044127759e-03
3.325000000000000000e+01 1.084838325074191819e-03 6.372236748292056663e-04 1.846877694657553508e-03
3.350000000000000000e+01 9.983034480799948471e-04 5.857407003227305380e-04 1.701452150924967835e-03
3.375000000000000000e+01 9.188669448859422290e-04 5.386625141473666903e-04 1.567431258402061456e-03
3.400000000000000000e+01 8.458662078132227072e-04 4.954907646286784220e-04 1.444001972582700235e-03
3.425000000000000000e+01 7.787751952389423060e-04 4.557970946523616593e-04 1.330615775824604049e-03
3.450000000000000000e+01 7.169644849096197840e-04 4.191406876087118059e-04 1.226409384291500667e-03
3.475000000000000000e+01 6.603102474936906876e-04 3.856366900362510853e-04 1.130622770629508304e-03
3.500000000000000000e+01 6.080806474880261865e-04 3.546902491480481202e-04 1.042492920901014197e-03
3.525000000000000000e+01 5.601696883456289871e-04 3.263126939381968787e-04 9.616238827677064732e-04
3.550000000000000000e+01 5.159844795956054558e-04 3.002159317331777513e-04 8.868282960418413102e-04
3.575000000000000000e+01 4.753918075511663751e-04 2.762441351307462533e-04 8.181073982975266799e-04
3.600000000000000000e+01 4.379744789567763578e-04 2.541877157964153155e-04 7.546456114783062176e-04
3.625000000000000000e+01 4.034393271925527935e-04 2.338518895310425557e-04 6.960101586178278014e-04
3.650000000000000000e+01 3.717629106454580575e-04 2.152615411782840007e-04 6.420453044007355713e-04
3.675000000000000000e+01 3.426310853093179117e-04 1.981079142497451295e-04 5.925864247515398022e-04
3.700000000000000000e+01 3.158038343955156513e-04 1.823957709866683250e-04 5.467893322274445557e-04
3.725000000000000000e+01 2.911179382754356163e-04 1.679352253442797189e-04 5.046568033120939559e-04
3.750000000000000000e+01 2.683779255560294241e-04 1.546278046699078629e-04 4.658069813479981218e-04
3.775000000000000000e+01 2.474671190531086470e-04 1.424276300536951535e-04 4.299725761733028985e-04
3.800000000000000000e+01 2.281400962445390254e-04 1.311412372016470878e-04 3.968843410744780855e-04
3.825000000000000000e+01 2.103697059567963485e-04 1.207439027594795356e-04 3.665229644970581058e-04
3.850000000000000000e+01 1.939662500048498902e-04 1.111850705285650441e-04 3.383809171688933462e-04
3.875000000000000000e+01 1.788785714668455421e-04 1.024052716812050865e-04 3.124599232511193932e-04
3.900000000000000000e+01 1.648837126484420487e-04 9.427170922095997447e-05 2.883859741315631720e-04
3.925000000000000000e+01 1.520855200586888130e-04 8.683992063788882674e-05 2.663522172938291165e-04
3.950000000000000000e+01 1.402438626774888709e-04 7.993842500702063117e-05 2.460436394259078274e-04
3.975000000000000000e+01 1.293559321866785401e-04 7.362264919334279476e-05 2.272800201462680961e-04
4.000000000000000000e+01 1.193116173016944446e-04 6.781051752599374222e-05 2.099270517687644032e-04
4.025000000000000000e+01 1.100341005680874107e-04 6.245430362789127084e-05 1.938617930954068455e-04
4.050000000000000000e+01 1.014983366148185348e-04 5.752064463602799362e-05 1.790993894585531359e-04
4.075000000000000000e+01 9.362793473307076100e-05 5.298495126011423074e-05 1.654467910963075767e-04
4.100000000000000000e+01 8.637117678588611825e-05 4.880459424134965182e-05 1.528540559621809449e-04
4.125000000000000000e+01 7.966875267496292096e-05 4.495150154484315642e-05 1.411990686551949743e-04
4.150000000000000000e+01 7.349361480867351744e-05 4.140439485174624153e-05 1.304526110570089514e-04
4.175000000000000000e+01 6.779113163583836712e-05 3.812875541971827301e-05 1.205294397333234955e-04
4.200000000000000000e+01 6.252325408193838848e-05 3.511933211742752686e-05 1.113106959985368018e-04
4.225000000000000000e+01 5.767873814983557929e-05 3.234439589928447974e-05 1.028566693567739256e-04
4.250000000000000000e+01 5.320545283245397823e-05 2.979160452401608794e-05 9.502073675905770142e-05
4.275000000000000000e+01 4.907900704223612699e-05 2.743783653997467636e-05 8.778931708928704712e-05
4.300000000000000000e+01 4.527507948517896664e-05 2.526684541919182816e-05 8.112737416885017086e-05
4.325000000000000000e+01 4.176602797128694801e-05 2.327364217798957274e-05 7.495178791345535397e-05
4.350000000000000000e+01 3.852600278482920803e-05 2.143751683078232514e-05 6.923623208287891498e-05
4.375000000000000000e+01 3.553984551255851292e-05 1.974516811828934141e-05 6.396909924948032168e-05
4.400000000000000000e+01 3.278341637397373236e-05 1.818549695158909135e-05 5.909942367868118649e-05
4.425000000000000000e+01 3.023768088237899058e-05 1.675452608200196238e-05 5.457136421941324509e-05
4.450000000000000000e+01 2.789076855219330066e-05 1.542725514664342339e-05 5.042342030631839002e-05
4.475000000000000000e+01 2.572306180939696717e-05 1.420389686533611837e-05 4.658411104524722967e-05
4.500000000000000000e+01 2.372396987119544678e-05 1.307657077732945988e-05 4.304085192007285832e-05
4.525000000000000000e+01 2.187804394014396272e-05 1.203843544885926628e-05 3.976005093687034136e-05
4.550000000000000000e+01 2.017563632005044932e-05 1.108006800448160895e-05 3.673770781499669560e-05
4.575000000000000000e+01 1.860156723702610510e-05 1.019507427557010143e-05 3.393975309260352491e-05
4.600000000000000000e+01 1.714667611203984045e-05 9.381091360985085613e-06 3.134054348025500965e-05
4.625000000000000000e+01 1.581131791210763787e-05 8.637456729775897367e-06 2.894344735249656245e-05
4.650000000000000000e+01 1.457898035524254416e-05 7.952625332282692888e-06 2.672660402291822821e-05
4.675000000000000000e+01 1.344369547245747086e-05 7.321724583567187291e-06 2.468447780210264800e-05
4.700000000000000000e+01 1.239221436755646405e-05 6.736237578694263490e-06 2.279714382657506186e-05
4.725000000000000000e+01 1.142477212161077964e-05 6.201407973228484226e-06 2.104770700366979488e-05
4.750000000000000000e+01 1.052902316837407483e-05 5.705560445218169043e-06 1.943022599525171985e-05
4.775000000000000000e+01 9.705844644870256950e-06 5.250483483690190686e-06 1.794185631913420957e-05
4.800000000000000000e+01 8.945867748463231815e-06 4.832250188577305075e-06 1.656134236637204132e-05
4.825000000000000000e+01 8.244008145538421974e-06 4.444640985301304542e-06 1.529114961781250694e-05
4.850000000000000000e+01 7.596881759365679010e-06 4.088411456569166066e-06 1.411614586223988393e-05
4.875000000000000000e+01 6.999618437150108361e-06 3.760066013293264898e-06 1.303026545078648981e-05
4.900000000000000000e+01 6.447194874280634418e-06 3.455804894623427453e-06 1.202797120046323851e-05
4.925000000000000000e+01 5.939581436051872145e-06 3.178210767814369774e-06 1.110015358098885739e-05
4.950000000000000000e+01 5.468712417633218417e-06 2.920585848526846396e-06 1.024000562142724359e-05
4.975000000000000000e+01 5.036667663778079914e-06 2.684797506818808710e-06 9.448765164195221941e-06
5.000000000000000000e+01 4.638006275574333547e-06 2.468133324233640380e-06 8.715534935271834914e-06
5.025000000000000000e+01 4.270416728757174956e-06 2.267746769293714226e-06 8.041664653293208095e-06
5.050000000000000000e+01 3.931762081312244483e-06 2.084459871306813042e-06 7.416191252630456217e-06
5.075000000000000000e+01 3.619049620174411703e-06 1.915341798552340769e-06 6.838215593260670305e-06
5.100000000000000000e+01 3.331010025128272345e-06 1.758904937127636241e-06 6.308258936167788260e-06
5.125000000000000000e+01 3.065552012507208746e-06 1.615581435482527071e-06 5.816858831743264215e-06
5.150000000000000000e+01 2.820618143897428444e-06 1.483746717230442974e-06 5.362024812788673521e-06
5.175000000000000000e+01 2.595151743613896146e-06 1.362932404892478304e-06 4.941413490651837853e-06
5.200000000000000000e+01 2.387780181189153713e-06 1.251276445467257454e-06 4.556542412616605705e-06
5.225000000000000000e+01 2.196186808120898960e-06 1.148519605276263568e-06 4.199524739505065675e-06
5.250000000000000000e+01 2.019180359215744041e-06 1.053853318526089248e-06 3.868744588426029910e-06
5.275000000000000000e+01 1.856925901523559746e-06 9.672030571693049491e-07 3.565098123077475604e-06
5.300000000000000000e+01 1.707289329668290240e-06 8.870579504493924619e-07 3.285959901179527451e-06
5.325000000000000000e+01 1.568175325713726094e-06 8.132373991723486886e-07 3.023931086642241843e-06
5.350000000000000000e+01 1.440776478145319140e-06 7.449714461217646233e-07 2.786464999139760549e-06
5.375000000000000000e+01 1.323693493682183747e-06 6.830918963294870349e-07 2.565049409357061216e-06
5.400000000000000000e+01 1.216162562733453911e-06 6.261374572152466961e-07 2.362183194681403952e-06
5.425000000000000000e+01 1.117134775241107407e-06 5.740681862449463001e-07 2.173940545662812243e-06
5.450000000000000000e+01 1.025897565546442503e-06 5.258966376439463103e-07 2.001278843898370578e-06
5.475000000000000000e+01 9.419602635961991747e-07 4.818730440713006301e-07 1.841333830789947329e-06
5.500000000000000000e+01 8.647466078411186833e-07 4.414106578457574556e-07 1.694083915921262892e-06
5.525000000000000000e+01 7.937548129565559046e-07 4.042355283459899857e-07 1.558612885091170432e-06
5.550000000000000000e+01 7.283087072967933662e-07 3.701167148720896902e-07 1.433152170140819468e-06
5.575000000000000000e+01 6.682682313009460182e-07 3.387871107626822599e-07 1.318180104198008320e-06
5.600000000000000000e+01 6.128338607303915228e-07 3.099993004196769246e-07 1.211503833554710439e-06
5.625000000000000000e+01 5.621339418644975695e-07 2.837357272841538610e-07 1.113693265281527547e-06
5.650000000000000000e+01 5.153225665405031342e-07 2.595254576902342642e-07 1.023241996948355753e-06
5.675000000000000000e+01 4.723272639514997103e-07 2.373421844806351754e-07 9.399637268869575514e-07
5.700000000000000000e+01 4.328322710278985368e-07 2.169772746582391891e-07 8.634257902734436472e-07
5.725000000000000000e+01 3.965954261253746625e-07 1.984189456082150093e-07 7.927062183574843803e-07
5.750000000000000000e+01 3.633408849273777813e-07 1.813687823792593373e-07 7.278904171267508761e-07
5.775000000000000000e+01 3.326972561703036041e-07 1.656081765278863774e-07 6.683695611165080496e-07
5.800000000000000000e+01 3.045439739719499370e-07 1.512255942375894760e-07 6.133024806430154425e-07
5.825000000000000000e+01 2.787386091086060912e-07 1.380675166910212645e-07 5.627334659873182063e-07
5.850000000000000000e+01 2.550373512472922867e-07 1.260250066741683595e-07 5.161201911252663228e-07
5.875000000000000000e+01 2.333440836814597227e-07 1.150275792203664846e-07 4.733600564159259892e-07
5.900000000000000000e+01 2.133731095317298685e-07 1.048859661464723115e-07 4.340722171320806702e-07
5.925000000000000000e+01 1.950818902827668856e-07 9.566361365127035978e-08 3.978204717943155350e-07
5.950000000000000000e+01 1.783081892736282314e-07 8.718683587221495434e-08 3.646629682563375320e-07
5.975000000000000000e+01 1.629429766661799492e-07 7.949112919098690940e-08 3.340047363152274148e-07
6.000000000000000000e+01 1.488217069541327987e-07 7.241155533927141108e-08 3.058614106128744940e-07
6.025000000000000000e+01 1.359513740956000867e-07 6.596727388510569720e-08 2.801809902084631226e-07
6.050000000000000000e+01 1.241026679422425402e-07 6.006487064055942222e-08 2.564139741938029058e-07
6.075000000000000000e+01 1.132742530696723678e-07 5.467750786459320418e-08 2.346679084253036911e-07
6.100000000000000000e+01 1.033862649977197793e-07 4.976415525106785260e-08 2.147875260064698280e-07
6.125000000000000000e+01 9.425652100552668260e-08 4.527430229226591524e-08 1.962325492000563041e-07
6.150000000000000000e+01 8.593763196906171146e-08 4.116982903262533924e-08 1.793856511426700146e-07
6.175000000000000000e+01 7.835441998932975681e-08 3.742571248496602853e-08 1.640427055151052170e-07
6.200000000000000000e+01 7.140563097400377381e-08 3.402556425982918603e-08 1.498509795711233330e-07
6.225000000000000000e+01 6.503993698184013159e-08 3.090178447889564489e-08 1.368915573626741105e-07
6.250000000000000000e+01 5.920919942335059900e-08 2.805427259761361883e-08 1.249624022207693505e-07
6.275000000000000000e+01 5.389691220027288154e-08 2.546569464372182882e-08 1.140702103502240850e-07
6.300000000000000000e+01 4.903094545888394700e-08 2.309977699455605649e-08 1.040717238594386793e-07
6.325000000000000000e+01 4.459029252762813010e-08 2.095247747157547312e-08 9.489542181333003130e-08
6.350000000000000000e+01 4.054362047765061423e-08 1.899266549898104019e-08 8.654841846837978153e-08
6.375000000000000000e+01 3.684187389587296212e-08 1.720815780853985398e-08 7.887675643500953328e-08
6.400000000000000000e+01 3.348025780463972106e-08 1.558424106136023122e-08 7.192699716666866976e-08
6.425000000000000000e+01 3.040298169670201117e-08 1.411508446661633031e-08 6.548606196698025504e-08
6.450000000000000000e+01 2.760871220949639094e-08 1.277978982396898443e-08 5.964425083401473398e-08
6.475000000000000000e+01 2.505349118297114423e-08 1.156560837766874898e-08 5.427102491790684532e-08
6.500000000000000000e+01 2.273700142771252003e-08 1.046788447455335124e-08 4.938640994563130562e-08
6.525000000000000000e+01 2.061123398351064439e-08 9.459145935398912132e-09 4.491134498022821787e-08
6.550000000000000000e+01 1.867704240297948409e-08 8.546080358176117076e-09 4.081776654357839787e-08
6.575000000000000000e+01 1.692237982436531919e-08 7.720845225446340865e-09 3.709010225671653809e-08
6.600000000000000000e+01 1.532231483827062037e-08 6.969393115879085763e-09 3.368633797800554203e-08
6.625000000000000000e+01 1.386824704881581221e-08 6.287466510058016759e-09 3.058915318265668212e-08
6.650000000000000000e+01 1.254299356048662753e-08 5.668592897453917663e-09 2.775409882213859902e-08
6.675000000000000000e+01 1.133482329576119088e-08 5.105622829027139220e-09 2.516406390532606548e-08
6.700000000000000000e+01 1.024802541111192580e-08 4.601369678860981421e-09 2.282407894963849324e-08
6.725000000000000000e+01 9.258114212060769051e-09 4.144145307242482998e-09 2.068283624460911396e-08
6.750000000000000000e+01 8.361405908069897866e-09 3.729709288533530657e-09 1.874492174884628568e-08
6.775000000000000000e+01 7.546447075694007874e-09 3.355388660531861167e-09 1.697235975555323675e-08
6.800000000000000000e+01 6.806343666201123305e-09 3.016912491625779865e-09 1.535553789877127805e-08
6.825000000000000000e+01 6.136280727717263552e-09 2.712133289751609445e-09 1.388351424748849300e-08
6.850000000000000000e+01 5.529066508916652077e-09 2.434762179232386078e-09 1.255587782691032358e-08
6.875000000000000000e+01 4.978717100407643140e-09 2.185922043273635749e-09 1.133966512765915291e-08
6.900000000000000000e+01 4.479624776533394495e-09 1.958655094177396286e-09 1.024531485823424091e-08
6.925000000000000000e+01 4.028429608799978516e-09 1.755248671271750263e-09 9.245553281802693650e-09
6.950000000000000000e+01 3.621362470632317576e-09 1.572426243699217789e-09 8.340147079237359132e-09
6.975000000000000000e+01 3.254591646300349238e-09 1.408186303939383905e-09 7.521992476802254458e-09
7.000000000000000000e+01 2.921377968034936865e-09 1.259424102337821526e-09 6.776469670762818772e-09
7.025000000000000000e+01 2.622027924912972795e-09 1.126669456041063825e-09 6.102082915410866755e-09
7.050000000000000000e+01 2.352441300038436391e-09 1.007325186574840248e-09 5.493737418542523248e-09
7.075000000000000000e+01 2.107467728253641384e-09 8.991117457643032312e-10 4.939786680080649340e-09
7.100000000000000000e+01 1.888575424231605765e-09 8.030079533108155988e-10 4.441695898908539330e-09
7.125000000000000000e+01 1.690539202371216406e-09 7.162276774732989830e-10 3.990243444425466411e-09
7.150000000000000000e+01 1.512143090210225703e-09 6.383140368256146247e-10 3.582212819009675722e-09
7.175000000000000000e+01 1.351099082886160806e-09 5.679235858423688734e-10 3.214285825210464924e-09
7.200000000000000000e+01 1.207063916701789005e-09 5.055535969126589850e-10 2.881995713018692964e-09
7.225000000000000000e+01 1.078082765794932021e-09 4.500171204233926603e-10 2.582707184141240774e-09
7.250000000000000000e+01 9.614187348852837235e-10 3.993244683628963789e-10 2.314724132928449778e-09
7.275000000000000000e+01 8.570400700734894876e-10 3.547897665981690466e-10 2.070289931849918086e-09
7.300000000000000000e+01 7.633862639633103539e-10 3.150099097748458763e-10 1.849969064225278400e-09
7.325000000000000000e+01 6.795749987353967699e-10 2.792304922983636604e-10 1.653910269988521931e-09
7.350000000000000000e+01 6.043520032925647210e-10 2.472644609027378718e-10 1.477128344891443107e-09
7.375000000000000000e+01 5.368361365108645458e-10 2.186947691441744560e-10 1.317786605467094757e-09
7.400000000000000000e+01 4.767686406941324775e-10 1.934856443781337148e-10 1.174807244640313156e-09
7.425000000000000000e+01 4.232306869541850873e-10 1.711081031148559551e-10 1.046848227050209760e-09
7.450000000000000000e+01 3.750790654282008316e-10 1.509754886859560518e-10 9.318354028654931683e-10
7.475000000000000000e+01 3.320963598887643584e-10 1.331389611761695985e-10 8.283675287614307909e-10
7.500000000000000000e+01 2.939072519685345274e-10 1.173601811523801786e-10 7.360373161620989144e-10
7.525000000000000000e+01 2.597465607746395341e-10 1.032591647243044662e-10 6.533877744836461189e-10
7.550000000000000000e+01 2.293705842614444233e-10 9.077339272032655229e-11 5.795846486263966050e-10
7.575000000000000000e+01 2.024570617549761407e-10 7.981294907055746878e-11 5.135615502469732911e-10
7.600000000000000000e+01 1.784407561656000626e-10 7.000205535348399714e-11 4.548595509112635013e-10
7.625000000000000000e+01 1.571562534140176794e-10 6.138270462452807933e-11 4.023623289036659133e-10
7.650000000000000000e+01 1.383009338559845591e-10 5.376240035277730556e-11 3.557718438895805465e-10
7.675000000000000000e+01 1.216067649582910921e-10 4.706723210560860158e-11 3.141932215270179076e-10
7.700000000000000000e+01 1.067872536057981143e-10 4.115894932201270511e-11 2.770604624392147002e-10
7.725000000000000000e+01 9.364770145871828709e-11 3.593123715270726910e-11 2.440743120318765146e-10
7.750000000000000000e+01 8.205760670895486695e-11 3.134563513658271944e-11 2.148130286549233220e-10
7.775000000000000000e+01 7.179504800629508798e-11 2.728629486941808954e-11 1.889054172761031248e-10
7.800000000000000000e+01 6.276041297044271471e-11 2.374314565510661100e-11 1.658950121199864316e-10
7.825000000000000000e+01 5.481704649976521213e-11 2.064761036459066761e-11 1.455329955330156615e-10
7.850000000000000000e+01 4.782238366807334762e-11 1.793183148111832338e-11 1.275374677764805912e-10
7.875000000000000000e+01 4.165449537941613072e-11 1.553956688640430842e-11 1.116567146303060774e-10
7.900000000000000000e+01 3.625392440335101972e-11 1.346094187606187339e-11 9.764153554375314598e-11
7.925000000000000000e+01 3.149830954935132505e-11 1.163429451426780440e-11 8.527749604843114436e-11
7.950000000000000000e+01 2.734024547980302399e-11 1.005390559671853190e-11 7.434812428911811604e-11
7.975000000000000000e+01 2.369152678550602205e-11 8.666290270275389082e-12 6.476686378178666423e-11
8.000000000000000000e+01 2.050893708587979349e-11 7.463919485695646528e-12 5.635330086272676371e-11
8.025000000000000000e+01 1.772514413257781502e-11 6.417227547737221090e-12 4.895895185007753422e-11
8.050000000000000000e+01 1.529376143197948068e-11 5.508136987867188899e-12 4.246429223774105638e-11
8.075000000000000000e+01 1.318534629770501530e-11 4.725371183296429653e-12 3.679147102876325974e-11
8.100000000000000000e+01 1.134538890683595524e-11 4.044643711402464353e-12 3.182427393653517976e-11
8.125000000000000000e+01 9.749775696961382741e-12 3.457867433588120128e-12 2.749039052732568156e-11
8.150000000000000000e+01 8.363429357949987294e-12 2.950056598563025828e-12 2.371037581431181291e-11
8.175000000000000000e+01 7.167533368913429544e-12 2.515105732950190114e-12 2.042599399359124874e-11
8.200000000000000000e+01 6.125378896568424738e-12 2.137174782656497851e-12 1.755601223213400597e-11
8.225000000000000000e+01 5.229623276733817373e-12 1.816574965540796954e-12 1.505523313672569680e-11
8.250000000000000000e+01 4.458104092879217415e-12 1.540286338821429914e-12 1.290324506685802767e-11
8.275000000000000000e+01 3.794004299107498219e-12 1.303469712285796304e-12 1.104319378192814904e-11
8.300000000000000000e+01 3.220798889321954896e-12 1.100011231013576977e-12 9.430399611374059424e-12
8.325000000000000000e+01 2.729845037228626283e-12 9.273723895722436218e-13 8.035665080258716545e-12
8.350000000000000000e+01 2.309048566918882155e-12 7.802475693413240180e-13 6.833350713147504469e-12
8.375000000000000000e+01 1.949341347957321728e-12 6.546348243709014438e-13 5.804658642332036989e-12
8.400000000000000000e+01 1.642432905409032130e-12 5.484734641646218836e-13 4.918352527553978892e-12
8.425000000000000000e+01 1.380615704899091248e-12 4.580390231600895798e-13 4.161435223277498719e-12
8.450000000000000000e+01 1.158427020974789336e-12 3.821951470818312036e-13 3.511172690628647703e-12
8.475000000000000000e+01 9.699520469062571602e-13 3.182830125980464037e-13 2.955881828622017880e-12
8.500000000000000000e+01 8.102027538002489759e-13 2.643075229130251287e-13 2.483578579341140175e-12
8.525000000000000000e+01 6.749960815465987870e-13 2.189080877265450797e-13 2.081328811717601947e-12
8.550000000000000000e+01 5.609716969820702624e-13 1.808545485542831018e-13 1.740012885108556453e-12
8.575000000000000000e+01 4.651603319298955089e-13 1.490677425444202041e-13 1.451515470133680777e-12
8.600000000000000000e+01 3.847050319986136943e-13 1.225247728169438901e-13 1.207902355111225620e-12
8.625000000000000000e+01 3.173964658329716742e-13 1.005003594520327787e-13 1.002389614052500992e-12
8.650000000000000000e+01 2.610884758362179337e-13 8.217718451315370210e-14 8.295148175047073773e-13
8.675000000000000000e+01 2.141981979815132352e-13 6.701487835148787089e-14 6.846370410147717122e-13
8.700000000000000000e+01 1.752123859562589676e-13 5.448220129179436653e-14 5.634754004902647674e-13
8.725000000000000000e+01 1.428848294426601470e-13 4.416148875976783654e-14 4.623049416635067643e-13
8.750000000000000000e+01 1.161582191133157474e-13 3.568365356426190395e-14 3.781208065838412593e-13
8.775000000000000000e+01 9.414313230412735596e-14 2.874491844532527533e-14 3.083303011240161539e-13
8.800000000000000000e+01 7.604111226498131777e-14 2.307753854744319861e-14 2.505575168949774266e-13
8.825000000000000000e+01 6.120940281695119983e-14 1.846335051849933457e-14 2.029204281993076200e-13
8.850000000000000000e+01 4.909373139537606898e-14 1.471809657366169955e-14 1.637572120999953753e-13
8.875000000000000000e+01 3.926275232007931960e-14 1.170093672485211163e-14 1.317470349594919334e-13
8.900000000000000000e+01 3.124601959954913416e-14 9.257398985437587747e-15 1.054630725489098290e-13
8.925000000000000000e+01 2.478082550589640633e-14 7.296094525646469708e-15 8.416685263535214009e-14
8.950000000000000000e+01 1.957457662813588389e-14 5.728419367469453552e-15 6.688826805290748935e-14
8.975000000000000000e+01 1.540377103028199297e-14 4.481280483930034062e-15 5.294829520362139715e-14
9.000000000000000000e+01 1.205667383247409385e-14 3.486388389916463704e-15 4.169454680468017807e-14
9.025000000000000000e+01 9.397793155009794728e-15 2.702275473809122787e-15 3.268301734606477093e-14
9.050000000000000000e+01 7.290867437614321871e-15 2.084092865073846636e-15 2.550594020242053964e-14
9.075000000000000000e+01 5.632096556247227725e-15 1.600968872725174100e-15 1.981332189482055813e-14
9.100000000000000000e+01 4.324833313113564480e-15 1.222483832620323176e-15 1.530014768876371805e-14
9.125000000000000000e+01 3.303809612605525931e-15 9.287310018339456308e-16 1.175276580063628992e-14
9.150000000000000000e+01 2.509011052027053361e-15 7.014443467239290161e-16 8.974534456789214135e-15
9.175000000000000000e+01 1.894909266104803242e-15 5.267142621556676928e-16 6.817132902523602196e-15
9.200000000000000000e+01 1.422567688300166251e-15 3.933710540383209969e-16 5.144503661417183101e-15
9.225000000000000000e+01 1.061321103815060569e-15 2.919414737119817832e-16 3.858316090143752409e-15
9.250000000000000000e+01 7.862874695752831706e-16 2.152061893678734021e-16 2.872816932575618795e-15
9.275000000000000000e+01 5.781818021556224076e-16 1.574275329469867591e-16 2.123479864583127607e-15
9.300000000000000000e+01 4.219796014365118418e-16 1.143129310108762349e-16 1.557713396497333732e-15
9.325000000000000000e+01 3.053419158928758128e-16 8.229402542538036710e-17 1.132933832306831977e-15
9.350000000000000000e+01 2.194837491527645307e-16 5.886229753498451629e-17 8.184035988999954810e-16
9.375000000000000000e+01 1.564490186206867278e-16 4.175974803580608776e-17 5.861217219603253966e-16
9.400000000000000000e+01 1.103263839386745452e-16 2.930630643388270803e-17 4.153341882384461079e-16
9.425000000000000000e+01 7.702806858245762279e-17 2.035837894549847875e-17 2.914438013668929795e-16
9.450000000000000000e+01 5.312238144385995788e-17 1.396717889412891323e-17 2.020441945834298303e-16
9.475000000000000000e+01 3.627104222310643790e-17 9.488044205366699359e-18 1.386575015329541763e-16
