5.000000000000000000e-01 3.264703747205232978e+08 8.424323528192119300e+07 1.265180583502968073e+09
7.500000000000000000e-01 8.523792011854882538e+07 2.827929464425609261e+07 2.569195277864482701e+08
1.000000000000000000e+00 2.573144863548003510e+07 9.959711428942454979e+06 6.647857757768905908e+07
1.250000000000000000e+00 9.715537520825378597e+06 4.178369497068352066e+06 2.259055102350170165e+07
1.500000000000000000e+00 4.257199453477927484e+06 1.977369186760550365e+06 9.165585924995735288e+06
1.750000000000000000e+00 2.101596849181309342e+06 1.035302535680472734e+06 4.266104992765074596e+06
2.000000000000000000e+00 1.137046357568389503e+06 5.868125946134350961e+05 2.203215185098792426e+06
2.250000000000000000e+00 6.578414793028272688e+05 3.525599088071406586e+05 1.227466314464190742e+06
2.500000000000000000e+00 4.022360525244302116e+05 2.224157165038862149e+05 7.274388900822537253e+05
2.750000000000000000e+00 2.572828012863583863e+05 1.460577802163163142e+05 4.532072152522081742e+05
3.000000000000000000e+00 1.706870585974815185e+05 9.910016371611443174e+04 2.939861134449636447e+05
3.250000000000000000e+00 1.168930426658225624e+05 6.919832917500124313e+04 1.974611755309563014e+05
3.500000000000000000e+00 8.219498099044190894e+04 4.948953168107965757e+04 1.365140196427035262e+05
3.750000000000000000e+00 5.911000076846820593e+04 3.612527295981493808e+04 9.671877620786317857e+04
4.000000000000000000e+00 4.333110207639193686e+04 2.424817446913213280e+04 7.743199017084184743e+04
4.250000000000000000e+00 3.233569136336619340e+04 1.858786480520277837e+04 5.625158924408630264e+04
4.500000000000000000e+00 2.450184636944945669e+04 1.443033727185728458e+04 4.160266417909132724e+04
4.750000000000000000e+00 1.885217758442271952e+04 1.137069543149004676e+04 3.125618849049035271e+04
5.000000000000000000e+00 1.470044577146094525e+04 9.059963375504796204e+03 2.385253636498539709e+04
5.250000000000000000e+00 1.157843808417335640e+04 7.277286167908572679e+03 1.842173378590163338e+04
5.500000000000000000e+00 9.214480759085394311e+03 5.891878877937097968e+03 1.441079448824022620e+04
5.750000000000000000e+00 7.404030529210794157e+03 4.808828815739630045e+03 1.139979612043100678e+04
6.000000000000000000e+00 5.999370105956195403e+03 3.952566540848699788e+03 9.106093799122356359e+03
6.250000000000000000e+00 4.902201422976331742e+03 3.268474159247693478e+03 7.352537490142658498e+03
6.500000000000000000e+00 4.035174820397019630e+03 2.726209256223667126e+03 5.972628767947458982e+03
6.750000000000000000e+00 3.344283993679289779e+03 2.284625430599872743e+03 4.895435059322990128e+03
7.000000000000000000e+00 2.789265097647221864e+03 1.924118311733713426e+03 4.043410292136792577e+03
7.250000000000000000e+00 2.340394825200676678e+03 1.628019742971511732e+03 3.364484958780965826e+03
7.500000000000000000e+00 1.973708089439257265e+03 1.384042543865973585e+03 2.814598178056579854e+03
7.750000000000000000e+00 1.673764811979463275e+03 1.182836499825431247e+03 2.368449609252086248e+03
8.000000000000000000e+00 1.426298243915483681e+03 1.014909390926351421e+03 2.004441676058958592e+03
8.250000000000000000e+00 1.220949163401770193e+03 8.745881251604785120e+02 1.704478733161338369e+03
8.500000000000000000e+00 1.049642015546665334e+03 7.568083232000084308e+02 1.455782563466465945e+03
8.750000000000000000e+00 9.060426847123903826e+02 6.572129888332610790e+02 1.249082657325731361e+03
9.000000000000000000e+00 7.851075378804160891e+02 5.728311869223861095e+02 1.076047987799528300e+03
9.250000000000000000e+00 6.825835554114089518e+02 5.007827314090171740e+02 9.303841384609105489e+02
9.500000000000000000e+00 5.956938725895669222e+02 4.392948976255788125e+02 8.077744398096857594e+02
9.750000000000000000e+00 5.215667321620741177e+02 3.863273633533372617e+02 7.041485587170868712e+02
1.000000000000000000e+01 4.578369774422009755e+02 3.406081822704502429e+02 6.154129842570013125e+02
1.025000000000000000e+01 4.033224896030636160e+02 3.013358650746106946e+02 5.398263183154004992e+02
1.050000000000000000e+01 3.563073252312696582e+02 2.672613728353888405e+02 4.750215441408198558e+02
1.075000000000000000e+01 3.156188196047467613e+02 2.377837340082365927e+02 4.189321010714850217e+02
1.100000000000000000e+01 2.803098412188795692e+02 2.120968889049147208e+02 3.704609128867460868e+02
1.125000000000000000e+01 2.495498804141360267e+02 1.894583486471405820e+02 3.287009691544120074e+02
1.150000000000000000e+01 2.226810720360632843e+02 1.695319361960731044e+02 2.924927359160249694e+02
1.175000000000000000e+01 1.991564150158679070e+02 1.521664108346764408e+02 2.606572463949708549e+02
1.200000000000000000e+01 1.785064631701738733e+02 1.367333053045809095e+02 2.330416669336311486e+02
1.225000000000000000e+01 1.603347800325884123e+02 1.230511791243553859e+02 2.089150373936587926e+02
1.250000000000000000e+01 1.443021085386575351e+02 1.110133481995074618e+02 1.875729258366327485e+02
1.275000000000000000e+01 1.300643639274744032e+02 1.002745794260950589e+02 1.687041607222753328e+02
1.300000000000000000e+01 1.175076522588591956e+02 9.078465471556984312e+01 1.520967214409733685e+02
1.325000000000000000e+01 1.063549475836337876e+02 8.232481660501969145e+01 1.373993328134276055e+02
1.350000000000000000e+01 9.642808404210036599e+01 7.477996016460248541e+01 1.243431444943696107e+02
1.375000000000000000e+01 8.757448977904843446e+01 6.804704612812334119e+01 1.127057190053543962e+02
1.400000000000000000e+01 7.966206112072980261e+01 6.200891232273046683e+01 1.023408368941287847e+02
1.425000000000000000e+01 7.257698678504655732e+01 5.659192968970323534e+01 9.307721153313521256e+01
1.450000000000000000e+01 6.622126110699940682e+01 5.174708157703059896e+01 8.474401432810293500e+01
1.475000000000000000e+01 6.050854792839992768e+01 4.734160299699667007e+01 7.733756655083566045e+01
1.500000000000000000e+01 5.536843682276528966e+01 4.336731211038976141e+01 7.069065724878282708e+01
1.525000000000000000e+01 5.073414442503243293e+01 3.979476539727028950e+01 6.468070322426397922e+01
1.550000000000000000e+01 4.654881237819358120e+01 3.658195877967387588e+01 5.923116219310290376e+01
1.575000000000000000e+01 4.276337260925654249e+01 3.364957306768287992e+01 5.434559402105477943e+01
1.600000000000000000e+01 3.931860698532862841e+01 3.097689230697436003e+01 4.990664783112108438e+01
1.625000000000000000e+01 3.620961996470619226e+01 2.856184021223915792e+01 4.590518566890548158e+01
1.650000000000000000e+01 3.338660683339819713e+01 2.636512647178708235e+01 4.227802650750405888e+01
1.675000000000000000e+01 3.081762586533226767e+01 2.437624305973120187e+01 3.896113365986715138e+01
1.700000000000000000e+01 2.847784079733972717e+01 2.254666863215106787e+01 3.596927908552203235e+01
1.725000000000000000e+01 2.634393637579174552e+01 2.087649027547973191e+01 3.324327866484806293e+01
1.750000000000000000e+01 2.439541996148427927e+01 1.935159598472550613e+01 3.075387247475275387e+01
1.775000000000000000e+01 2.261234965976274225e+01 1.795214203446085222e+01 2.848230345737281510e+01
1.800000000000000000e+01 2.098204364560488244e+01 1.667625480249342118e+01 2.639958196610445995e+01
1.825000000000000000e+01 1.948796158408453394e+01 1.550116178097814057e+01 2.450014083259183906e+01
1.850000000000000000e+01 1.811720913038934455e+01 1.442116892302705189e+01 2.276051743282442175e+01
1.875000000000000000e+01 1.685811350968220523e+01 1.342909259796768140e+01 2.116270991744736918e+01
1.900000000000000000e+01 1.570008828931169020e+01 1.251619183625956921e+01 1.969391133636105806e+01
1.925000000000000000e+01 1.463508025114424171e+01 1.167533490346982816e+01 1.834513319988600344e+01
1.950000000000000000e+01 1.365040363741709761e+01 1.089726910474324484e+01 1.709910232310448208e+01
1.975000000000000000e+01 1.273639007537201984e+01 1.017378796338129909e+01 1.594446756074537497e+01
2.000000000000000000e+01 1.189620055421061018e+01 9.508084842166967476e+00 1.488413176525120285e+01
2.025000000000000000e+01 1.112518262325044738e+01 8.898605226344560748e+00 1.390888630886222543e+01
2.050000000000000000e+01 1.041213527907033409e+01 8.332353898758871225e+00 1.301103654344415617e+01
2.075000000000000000e+01 9.748823146098308356e+00 7.805579355384130835e+00 1.217584863426514907e+01
2.100000000000000000e+01 9.137285365943759174e+00 7.319731400747214067e+00 1.140615403594824961e+01
2.125000000000000000e+01 8.578804622673290581e+00 6.875932971368839297e+00 1.070340404137903967e+01
2.150000000000000000e+01 8.048688071875909955e+00 6.454177521582800559e+00 1.003712393433993988e+01
2.175000000000000000e+01 7.557241765409550283e+00 6.075081997158616964e+00 9.401009423010640020e+00
2.200000000000000000e+01 7.099587562400005325e+00 5.709596055705529416e+00 8.827970151376401731e+00
2.225000000000000000e+01 6.676916980818842440e+00 5.371846048922389372e+00 8.299050263678005024e+00
2.250000000000000000e+01 6.283411715900239614e+00 5.057343653018159912e+00 7.806719396644218101e+00
2.275000000000000000e+01 5.916792074609697138e+00 4.764137910784359775e+00 7.348323896106609077e+00
2.300000000000000000e+01 5.574974336181068857e+00 4.491660997043113390e+00 6.919564693225495056e+00
2.325000000000000000e+01 5.256026532542382057e+00 4.236386681480244221e+00 6.521079634103822187e+00
2.350000000000000000e+01 4.958232408384995793e+00 3.997940224247052310e+00 6.149183638729688539e+00
2.375000000000000000e+01 4.679988681392464045e+00 3.775053714998204413e+00 5.801849645461797600e+00
2.400000000000000000e+01 4.419842121701033300e+00 3.566526141766921398e+00 5.477319835677609383e+00
2.425000000000000000e+01 4.176474348158709660e+00 3.370348122371781052e+00 5.175411366275355363e+00
2.450000000000000000e+01 3.947163401571518015e+00 3.185039367580219327e+00 4.891650344197270961e+00
2.475000000000000000e+01 3.733789040576707130e+00 3.013946184104565607e+00 4.625557242214863862e+00
2.500000000000000000e+01 3.533788031604095270e+00 2.853420237893912859e+00 4.376382310067790549e+00
2.525000000000000000e+01 3.346205846830540676e+00 2.703863723242216466e+00 4.141145677244563394e+00
2.550000000000000000e+01 3.170162153060016585e+00 2.562443144501101777e+00 3.922010171527456457e+00
2.575000000000000000e+01 3.004838492146281848e+00 2.429595063188954018e+00 3.716279515333265948e+00
2.600000000000000000e+01 2.849508948736841241e+00 2.305578315015687885e+00 3.521763366722196142e+00
2.625000000000000000e+01 2.702822186122979975e+00 2.187543996104842847e+00 3.339474672420935875e+00
2.650000000000000000e+01 2.565495296255102087e+00 2.077023451403838816e+00 3.168845354470362530e+00
2.675000000000000000e+01 2.436779491081729976e+00 1.973377208441677411e+00 3.009001149276234521e+00
2.700000000000000000e+01 2.314487579811950191e+00 1.874887589839133062e+00 2.857159429789282168e+00
2.725000000000000000e+01 2.199832388709483055e+00 1.782496279949373319e+00 2.714879460254870924e+00
2.750000000000000000e+01 2.091749802170688177e+00 1.695381965290902793e+00 2.580785524712335466e+00
2.775000000000000000e+01 1.989821562280136957e+00 1.613182367032214515e+00 2.454396930335339899e+00
2.800000000000000000e+01 1.893647721963351849e+00 1.535582828302061387e+00 2.335205648829785208e+00
2.825000000000000000e+01 1.802859589562040732e+00 1.462294740656744807e+00 2.222741154232720895e+00
2.850000000000000000e+01 1.717192177788634533e+00 1.393170453805562703e+00 2.116574441701456255e+00
2.875000000000000000e+01 1.636164625105034576e+00 1.327727193137727690e+00 2.016253560431072955e+00
2.900000000000000000e+01 1.559565366307460677e+00 1.266331801316569194e+00 1.920700506184073397e+00
2.925000000000000000e+01 1.487049487898702838e+00 1.207413583063620566e+00 1.831448817934390183e+00
2.950000000000000000e+01 1.418573437105037138e+00 1.152054787292935201e+00 1.746749042368515914e+00
2.975000000000000000e+01 1.353688366051734038e+00 1.099588898513533586e+00 1.666506632488759854e+00
3.000000000000000000e+01 1.292243785201059314e+00 1.049883772543359850e+00 1.590551301069657697e+00
3.025000000000000000e+01 1.234028800798525172e+00 1.002783842200649422e+00 1.518599539715698832e+00
3.050000000000000000e+01 1.178775909749742778e+00 9.580739778598319489e-01 1.450318741054067218e+00
3.075000000000000000e+01 1.126458108515943524e+00 9.155171092870845184e-01 1.386001263514800907e+00
3.100000000000000000e+01 1.076557127921387913e+00 8.750992992010998561e-01 1.324392844030849004e+00
3.125000000000000000e+01 1.029469906023351422e+00 8.369639465855777116e-01 1.266253214049722464e+00
3.150000000000000000e+01 9.847685928826643842e-01 8.007498803921541120e-01 1.211076273971060990e+00
3.175000000000000000e+01 9.423181122876542748e-01 7.663607417908065988e-01 1.158675511835854710e+00
3.200000000000000000e+01 9.019912274167918298e-01 7.336731772368163540e-01 1.108924517863679959e+00
3.225000000000000000e+01 8.634122230782278473e-01 7.024072733538917479e-01 1.061322533579879712e+00
3.250000000000000000e+01 8.269843390841622455e-01 6.728888315619874216e-01 1.016368625858915742e+00
3.275000000000000000e+01 7.923363164131473901e-01 6.447887916527503815e-01 9.736472569536441801e-01
3.300000000000000000e+01 7.593700435830512685e-01 6.178957857044289348e-01 9.332364395946258773e-01
3.325000000000000000e+01 7.279918867183990949e-01 5.924376795796654216e-01 8.945619183165893773e-01
3.350000000000000000e+01 6.981154677164825850e-01 5.681988727408379125e-01 8.577370171716199865e-01
3.375000000000000000e+01 6.696591348715748016e-01 5.451085597204030631e-01 8.226679785526785915e-01
3.400000000000000000e+01 6.425225085747645615e-01 5.231394474824410112e-01 7.891493864818233117e-01
3.425000000000000000e+01 6.166832590990733998e-01 5.020196688259460638e-01 7.575365382444947393e-01
3.450000000000000000e+01 5.919070786054682065e-01 4.818883650731951018e-01 7.270438862952083303e-01
3.475000000000000000e+01 5.684163714008820811e-01 4.628243476194501826e-01 6.980989071521511713e-01
3.500000000000000000e+01 5.460047619843160227e-01 4.446309751521717590e-01 6.704912990092958269e-01
3.525000000000000000e+01 5.245999060008111892e-01 4.272532592325274936e-01 6.441263008043733862e-01
3.550000000000000000e+01 5.040260951579376147e-01 4.105483856438469914e-01 6.187877324173465254e-01
3.575000000000000000e+01 4.845326477629717243e-01 3.947184535070715206e-01 5.947831540741228551e-01
3.600000000000000000e+01 4.659085513530902278e-01 3.798458791534850554e-01 5.714706678079372049e-01
3.625000000000000000e+01 4.481223949073248058e-01 3.654265317801104751e-01 5.495322954226891099e-01
3.650000000000000000e+01 4.311218616225432343e-01 3.516066210910465117e-01 5.286193388285437278e-01
3.675000000000000000e+01 4.148671623116538254e-01 3.383889719040650834e-01 5.086299396699001107e-01
3.700000000000000000e+01 3.993219778710351830e-01 3.256333185241496730e-01 4.896858918907273095e-01
3.725000000000000000e+01 3.844510059278150038e-01 3.135404277983697696e-01 4.713987825964091605e-01
3.750000000000000000e+01 3.702212156247948194e-01 3.019659821062927185e-01 4.539046005866119726e-01
3.775000000000000000e+01 3.566009752423213719e-01 2.908860321987175590e-01 4.371617797615768297e-01
3.800000000000000000e+01 3.435535694751731262e-01 2.801662069437813041e-01 4.212822680745952342e-01
3.825000000000000000e+01 3.310652861677790271e-01 2.700108863028639616e-01 4.059252025209579839e-01
3.850000000000000000e+01 3.191022763708736831e-01 2.602789953080730245e-01 3.912196705099050820e-01
3.875000000000000000e+01 3.076384200054405604e-01 2.509524042750510553e-01 3.771288732492642515e-01
3.900000000000000000e+01 2.966512951065825021e-01 2.420128652053407659e-01 3.636252593999315663e-01
3.925000000000000000e+01 2.861184179318155829e-01 2.334422107516752609e-01 3.506810050170740545e-01
3.950000000000000000e+01 2.760182134317214486e-01 2.252206332429753932e-01 3.382729772535864043e-01
3.975000000000000000e+01 2.663301879248559656e-01 2.172827516701886508e-01 3.264491472740354561e-01
4.000000000000000000e+01 2.570356972532049644e-01 2.097173761192209773e-01 3.150304037033297977e-01
4.025000000000000000e+01 2.481163992213284430e-01 2.024594335993056271e-01 3.040695435530882396e-01
4.050000000000000000e+01 2.395126271455200739e-01 1.954044974160066561e-01 2.935771659340002948e-01
4.075000000000000000e+01 2.312944265043306580e-01 1.887169999471901838e-01 2.834779683173091480e-01
4.100000000000000000e+01 2.234019261126835298e-01 1.822935969433294445e-01 2.737804367663675964e-01
4.125000000000000000e+01 2.158208636397281610e-01 1.761226667901314713e-01 2.644670673633476854e-01
4.150000000000000000e+01 2.085372705946155480e-01 1.702007721587918687e-01 2.555087892696467078e-01
4.175000000000000000e+01 2.015379926241566699e-01 1.645011881065154558e-01 2.469134900391997400e-01
4.200000000000000000e+01 1.948102999078595854e-01 1.590220405964598849e-01 2.386527855374222240e-01
4.225000000000000000e+01 1.883423007905341007e-01 1.537505383576520945e-01 2.307167353427778123e-01
4.250000000000000000e+01 1.821227370133615686e-01 1.487324315833029043e-01 2.230091378467160268e-01
4.275000000000000000e+01 1.761405695224203816e-01 1.438577779398282075e-01 2.156678677788261833e-01
4.300000000000000000e+01 1.703855987237609948e-01 1.391675308315171999e-01 2.086065052602040504e-01
4.325000000000000000e+01 1.648479899019347494e-01 1.346541910872242620e-01 2.018122091506640292e-01
4.350000000000000000e+01 1.595184259243228875e-01 1.303435117509122720e-01 1.952235893260378663e-01
4.375000000000000000e+01 1.543881010336821680e-01 1.261601912418154336e-01 1.889319087595531799e-01
4.400000000000000000e+01 1.493987775097981308e-01 1.220913348028811185e-01 1.828139135136677695e-01
4.425000000000000000e+01 1.446415878280938316e-01 1.182115114145339541e-01 1.769809782404994092e-01
4.450000000000000000e+01 1.400596496289360782e-01 1.144737964907583810e-01 1.713641554271681244e-01
4.475000000000000000e+01 1.356454223923611035e-01 1.108729515230922336e-01 1.659528348730739677e-01
4.500000000000000000e+01 1.313916657832735202e-01 1.074347185962370443e-01 1.606907903038722329e-01
4.525000000000000000e+01 1.272921155227604850e-01 1.040889020580749308e-01 1.556677258947299636e-01
4.550000000000000000e+01 1.233404000955966445e-01 1.009052178622679707e-01 1.507638020910559984e-01
4.575000000000000000e+01 1.195304444564761759e-01 9.779403430343859560e-02 1.460981465150616443e-01
4.600000000000000000e+01 1.158564348873297040e-01 9.479348598969136730e-02 1.415995346585499082e-01
4.625000000000000000e+01 1.123129722124552726e-01 9.189923258290456920e-02 1.372612520547020487e-01
4.650000000000000000e+01 1.088947660553287039e-01 8.910770616135547939e-02 1.330756966493142068e-01
4.675000000000000000e+01 1.055966430286021385e-01 8.641394839087783442e-02 1.290376290696969297e-01
4.700000000000000000e+01 1.024140408848017714e-01 8.378157944062276929e-02 1.251902368084060746e-01
4.725000000000000000e+01 9.934216143868240811e-02 8.127271101923819185e-02 1.214290124636443341e-01
4.750000000000000000e+01 9.637659789804400856e-02 7.884810774383307908e-02 1.178017949724067537e-01
4.775000000000000000e+01 9.351327193008189542e-02 7.650947925784629122e-02 1.142960599378624459e-01
4.800000000000000000e+01 9.074825107862923013e-02 7.425110178456141574e-02 1.109107457788893886e-01
4.825000000000000000e+01 8.807798115994541766e-02 7.207006041122437923e-02 1.076415188352400909e-01
4.850000000000000000e+01 8.549850603420772188e-02 6.996098531132893816e-02 1.044867293042216622e-01
4.875000000000000000e+01 8.300305572167228363e-02 6.792212354411762687e-02 1.014324479219215619e-01
4.900000000000000000e+01 8.059478466736284819e-02 6.595488238594784947e-02 9.848428320391489077e-02
4.925000000000000000e+01 7.826718589030730311e-02 6.405339583287998628e-02 9.563509174705517313e-02
4.950000000000000000e+01 7.601718683314889757e-02 6.221532713645860219e-02 9.288085364160304780e-02
4.975000000000000000e+01 7.384157932595719620e-02 6.043801464411237973e-02 9.021770270679790871e-02
5.000000000000000000e+01 7.173781439946554095e-02 5.864245957424539524e-02 8.775747218270368855e-02
5.025000000000000000e+01 6.970318582722111189e-02 5.698256571571836543e-02 8.526351970009513059e-02
5.050000000000000000e+01 6.773502873388777268e-02 5.537675566234472740e-02 8.285126246029593522e-02
5.075000000000000000e+01 6.583096578809827237e-02 5.382318611927516122e-02 8.051764247084909620e-02
5.100000000000000000e+01 6.398864440946742949e-02 5.231986394111943356e-02 7.825988649300108513e-02
5.125000000000000000e+01 6.220587176569393473e-02 5.086503207911357433e-02 7.607525885585547654e-02
5.150000000000000000e+01 6.048046126197773736e-02 4.945697627102047661e-02 7.396097518005652349e-02
5.175000000000000000e+01 5.881030945922824382e-02 4.809394105039207362e-02 7.191451611474862504e-02
5.200000000000000000e+01 5.719336237949605717e-02 4.677425640650790389e-02 6.993335547323067947e-02
5.225000000000000000e+01 5.562771513770876225e-02 4.549636864705314254e-02 6.801515776891577103e-02
5.250000000000000000e+01 5.411152240632604443e-02 4.425879093414940985e-02 6.615763321431090971e-02
5.275000000000000000e+01 5.264302129216460319e-02 4.306006271115137007e-02 6.435865431402654213e-02
5.300000000000000000e+01 5.122050869805245404e-02 4.189874566061307232e-02 6.261620652175101109e-02
5.325000000000000000e+01 4.984234038320712462e-02 4.077357493889943729e-02 6.092815993197124580e-02
5.350000000000000000e+01 4.850693825972091089e-02 3.968236232938433111e-02 5.929392609749101900e-02
5.375000000000000000e+01 4.721278544722522230e-02 3.862452698036039633e-02 5.771066428384058478e-02
5.400000000000000000e+01 4.595843730942801575e-02 3.760092734512023027e-02 5.617356030977621595e-02
5.425000000000000000e+01 4.474250822107871811e-02 3.660703585664475124e-02 5.468599123274609647e-02
5.450000000000000000e+01 4.356367000478665596e-02 3.564422894621092908e-02 5.324265387111673520e-02
5.475000000000000000e+01 4.242066367323888559e-02 3.471049529644699289e-02 5.184347532667589464e-02
5.500000000000000000e+01 4.131224199346945902e-02 3.380492434094779092e-02 5.048676699624083525e-02
5.525000000000000000e+01 4.023723820531407980e-02 3.292656969394396060e-02 4.917109050351421706e-02
5.550000000000000000e+01 3.919448439205334284e-02 3.207458501647167393e-02 4.789485525596059307e-02
5.575000000000000000e+01 3.818015693872240518e-02 3.124577685751392039e-02 4.665348506177154075e-02
5.600000000000000000e+01 3.719870835192127384e-02 3.044380072852581609e-02 4.545240311452736909e-02
5.625000000000000000e+01 3.624634272674215341e-02 2.966467552454282730e-02 4.428827680847188808e-02
5.650000000000000000e+01 3.532208067966993714e-02 2.890928118794776694e-02 4.315739901762950803e-02
5.675000000000000000e+01 3.442499031042624974e-02 2.817603047316262141e-02 4.205986215842993231e-02
5.700000000000000000e+01 3.355415325825546885e-02 2.746422980537750053e-02 4.099445747639528931e-02
5.725000000000000000e+01 3.270869086782297874e-02 2.677313641989337994e-02 3.996014667492837902e-02
5.750000000000000000e+01 3.188774597502001124e-02 2.610304508419185321e-02 3.895439555376632029e-02
5.775000000000000000e+01 3.109048269417460236e-02 2.545132313197877652e-02 3.797909087650715165e-02
5.800000000000000000e+01 3.031617785686384348e-02 2.481838926738258802e-02 3.703184078335351043e-02
5.825000000000000000e+01 2.956406774372172599e-02 2.420359478920822843e-02 3.611174741468888005e-02
5.850000000000000000e+01 2.883346086651766144e-02 2.360637355771089824e-02 3.521796617801310758e-02
5.875000000000000000e+01 2.812364288923777100e-02 2.302543183708568794e-02 3.435068210479577666e-02
5.900000000000000000e+01 2.743396359895661565e-02 2.246159688289671094e-02 3.350707265706285437e-02
5.925000000000000000e+01 2.676379860627429649e-02 2.191369893548413342e-02 3.268735770926045614e-02
5.950000000000000000e+01 2.611249145394118829e-02 2.138120565834540285e-02 3.189072781150723707e-02
5.975000000000000000e+01 2.547943482029414036e-02 2.086367519474610285e-02 3.111635858504448182e-02
6.000000000000000000e+01 2.486408977518659441e-02 2.036058351998725272e-02 3.036371525116907111e-02
6.025000000000000000e+01 2.426581755861206835e-02 1.987142536769560125e-02 2.963199120809368106e-02
6.050000000000000000e+01 2.368411603605728027e-02 1.939579105428231032e-02 2.892057100633587188e-02
6.075000000000000000e+01 2.311846147191227649e-02 1.893316901411431705e-02 2.822893834782017747e-02
6.100000000000000000e+01 2.256597459646166037e-02 1.848136956426351882e-02 2.755332648467849477e-02
6.125000000000000000e+01 2.203099283647781681e-02 1.804384701097945173e-02 2.689917760140609834e-02
6.150000000000000000e+01 2.151062348197571930e-02 1.761768720700598520e-02 2.626377214821487213e-02
6.175000000000000000e+01 2.100440903691979180e-02 1.720340162722748187e-02 2.564523043465908106e-02
6.200000000000000000e+01 2.051190967423999201e-02 1.680060877139230580e-02 2.504304720199210937e-02
6.225000000000000000e+01 2.003270582426917856e-02 1.640929238487656358e-02 2.445622231776248962e-02
6.250000000000000000e+01 1.956638090611316147e-02 1.602784967787961035e-02 2.388612755031513379e-02
6.275000000000000000e+01 1.911251983213679145e-02 1.565653863682923280e-02 2.333136479314436990e-02
6.300000000000000000e+01 1.867078049701009768e-02 1.529461201638857189e-02 2.279221231594504363e-02
6.325000000000000000e+01 1.824079923406358647e-02 1.494257618670944213e-02 2.226702762227546553e-02
6.350000000000000000e+01 1.782221743732857050e-02 1.460013686203235315e-02 2.175537376018843450e-02
6.375000000000000000e+01 1.741469136830022663e-02 1.426673301426450817e-02 2.125724755274569291e-02
6.400000000000000000e+01 1.701787565948837885e-02 1.394207560057297499e-02 2.077223652050094044e-02
6.425000000000000000e+01 1.663145249690316241e-02 1.362609294971364911e-02 2.029967160634694318e-02
6.450000000000000000e+01 1.625510835602568191e-02 1.331812104049910281e-02 1.983977671194328551e-02
6.475000000000000000e+01 1.588855677533112035e-02 1.301816608938839541e-02 1.939184326498177152e-02
6.500000000000000000e+01 1.553151020724237268e-02 1.273120238593345929e-02 1.894776329879128279e-02
6.525000000000000000e+01 1.518368651025766430e-02 1.244642207212773126e-02 1.852294054514324814e-02
6.550000000000000000e+01 1.484481234229936136e-02 1.216896780480305681e-02 1.810905057954912550e-02
6.575000000000000000e+01 1.451490692502293255e-02 1.189884321555908543e-02 1.770613489272532259e-02
6.600000000000000000e+01 1.419314746152077790e-02 1.163537430365907226e-02 1.731318903948998733e-02
6.625000000000000000e+01 1.387958396799602277e-02 1.137861200042722398e-02 1.693025925459266945e-02
6.650000000000000000e+01 1.357397949848046688e-02 1.112836467025492444e-02 1.655705262046801990e-02
6.675000000000000000e+01 1.327610353700432386e-02 1.088445782181234056e-02 1.619326639973244289e-02
6.700000000000000000e+01 1.298573365436131964e-02 1.064611671459029900e-02 1.583951059928818961e-02
6.725000000000000000e+01 1.270265924271734605e-02 1.041432572688821313e-02 1.549380690292715204e-02
6.750000000000000000e+01 1.242667240340183075e-02 1.018833792686224364e-02 1.515675943711329750e-02
6.775000000000000000e+01 1.215757328337072583e-02 9.967404162648539623e-03 1.482899516550299779e-02
6.800000000000000000e+01 1.189517149901350886e-02 9.753468555339359081e-03 1.450715754996558318e-02
6.825000000000000000e+01 1.163927701071074995e-02 9.543931219771930111e-03 1.419465063321120185e-02
6.850000000000000000e+01 1.138970137521972195e-02 9.339577832416240052e-03 1.388984595924940522e-02
6.875000000000000000e+01 1.114627123119218445e-02 9.141241621225459565e-03 1.359108177064542212e-02
6.900000000000000000e+01 1.090880986764115705e-02 8.946775827056080432e-03 1.330111931143607325e-02
6.925000000000000000e+01 1.067715169768186992e-02 8.757055423791735779e-03 1.301825360903666358e-02
6.950000000000000000e+01 1.045091715985040776e-02 8.571762024367102217e-03 1.274203240495586607e-02
6.975000000000000000e+01 1.023041507439152384e-02 8.391114633033063333e-03 1.247288318316136513e-02
7.000000000000000000e+01 1.001521002477418452e-02 8.216807203380152580e-03 1.220722713307366251e-02
7.025000000000000000e+01 9.805249127066950968e-03 8.043911379010830476e-03 1.195225878478910035e-02
7.050000000000000000e+01 9.600341116726297114e-03 7.876048656495080597e-03 1.170213054505437125e-02
7.075000000000000000e+01 9.400347686452217855e-03 7.712209670556874168e-03 1.145800495590090784e-02
7.100000000000000000e+01 9.205137945534359531e-03 7.552283762795869784e-03 1.121972733780697215e-02
7.125000000000000000e+01 9.014584620224388306e-03 7.394350609273992424e-03 1.098984078105065543e-02
7.150000000000000000e+01 8.828555868518708424e-03 7.241959764126895509e-03 1.076274948524974691e-02
7.175000000000000000e+01 8.646385559890059150e-03 7.094778118985701869e-03 1.053732505745554222e-02
7.200000000000000000e+01 8.469057580027130813e-03 6.949445013058552778e-03 1.032095889082339756e-02
7.225000000000000000e+01 8.295901813475326653e-03 6.809345442757567222e-03 1.010699008845591766e-02
7.250000000000000000e+01 8.126808535860239116e-03 6.670713618892199631e-03 9.900742372073063902e-03
7.275000000000000000e+01 7.961663152513155650e-03 6.535242563168302925e-03 9.699422713294825193e-03
7.300000000000000000e+01 7.800368543988986034e-03 6.403064631925109440e-03 9.502598040113692870e-03
7.325000000000000000e+01 7.642824931062843462e-03 6.273894809862890637e-03 9.310448245808620668e-03
7.350000000000000000e+01 7.487130210724975490e-03 6.146216553247771733e-03 9.120589602839330665e-03
7.375000000000000000e+01 7.336839638000555545e-03 6.021663198697898428e-03 8.939260482946962891e-03
7.400000000000000000e+01 7.190009455775769366e-03 5.901287263219532828e-03 8.760162599836114963e-03
7.425000000000000000e+01 7.046548692078596389e-03 5.783656608747906984e-03 8.585199957191796266e-03
7.450000000000000000e+01 6.906370998205532338e-03 5.668709651763343890e-03 8.414253559452855580e-03
7.475000000000000000e+01 6.769390998990810343e-03 5.554868977329557693e-03 8.249457311097101175e-03
7.500000000000000000e+01 6.635525521279074350e-03 5.445122597989147072e-03 8.086172193773199721e-03
7.525000000000000000e+01 6.504694887081928847e-03 5.337861174878533697e-03 7.926593477769231302e-03
7.550000000000000000e+01 6.376822312164342858e-03 5.233023222913820924e-03 7.770625328560033969e-03
7.575000000000000000e+01 6.251712852851282198e-03 5.130449095048624820e-03 7.618029702745835602e-03
7.600000000000000000e+01 6.129534266235997508e-03 5.030274357489344927e-03 7.469014143338572297e-03
7.625000000000000000e+01 6.008897779525418197e-03 4.931360447208922755e-03 7.321884683002932714e-03
7.650000000000000000e+01 5.892150972999755064e-03 4.835598923646239333e-03 7.179553895351517730e-03
7.675000000000000000e+01 5.778002713022726763e-03 4.741854149795676071e-03 7.040561412698985964e-03
7.700000000000000000e+01 5.666387722847836435e-03 4.650343210866336036e-03 6.904425839068153124e-03
7.725000000000000000e+01 5.555782372548351104e-03 4.559656506460661209e-03 6.769526986820907644e-03
7.750000000000000000e+01 5.449073965546610138e-03 4.472165440133368287e-03 6.639380291153177370e-03
7.775000000000000000e+01 5.344713262389243214e-03 4.386592191618325295e-03 6.512107487844854409e-03
7.800000000000000000e+01 5.242641753360170395e-03 4.302904575545839910e-03 6.387613778441458313e-03
7.825000000000000000e+01 5.142802079760450985e-03 4.221037141935148063e-03 6.265856551895455755e-03
7.850000000000000000e+01 5.045139272876378311e-03 4.140923405368836067e-03 6.146800554127233689e-03
7.875000000000000000e+01 4.949328669021790458e-03 4.062479376482585475e-03 6.029779354894901529e-03
7.900000000000000000e+01 4.855864711678779810e-03 3.985823248942311527e-03 5.915822309577912184e-03
7.925000000000000000e+01 4.764421753357117595e-03 3.910834759711257630e-03 5.804314433765149321e-03
7.950000000000000000e+01 4.674950178957384267e-03 3.837459293584968498e-03 5.695215897734385961e-03
7.975000000000000000e+01 4.587401432153030006e-03 3.765531403269117665e-03 5.588653936453618493e-03
8.000000000000000000e+01 4.501731201724958054e-03 3.695265710630985141e-03 5.484202057319332961e-03
8.025000000000000000e+01 4.417892434640535021e-03 3.626350701537051947e-03 5.382207946898610700e-03
8.050000000000000000e+01 4.335840249543971951e-03 3.558720984680707657e-03 5.282659346010023030e-03
8.075000000000000000e+01 4.255527590116046574e-03 3.492850106595475537e-03 5.184738685477247380e-03
8.100000000000000000e+01 4.176917445658190516e-03 3.428378940328207381e-03 5.088888845575959691e-03
8.125000000000000000e+01 4.099969021828463699e-03 3.365264398022369593e-03 4.995074381029752410e-03
8.150000000000000000e+01 4.024642262293108390e-03 3.303473351418727364e-03 4.903246860604890296e-03
8.175000000000000000e+01 3.950898863534822204e-03 3.244079939466943015e-03 4.811719230459429210e-03
8.200000000000000000e+01 3.878702585655897841e-03 3.184819143763917195e-03 4.723763915270206594e-03
8.225000000000000000e+01 3.808015988187725322e-03 3.126796582061579319e-03 4.637649231640280506e-03
8.250000000000000000e+01 3.738803379967960919e-03 3.069984769209344651e-03 4.553329011355311713e-03
8.275000000000000000e+01 3.671033689151087954e-03 3.014185062281714463e-03 4.471022206141732867e-03
8.300000000000000000e+01 3.604653998476548601e-03 2.959694497415454872e-03 4.390159342486035440e-03
8.325000000000000000e+01 3.539662586650601638e-03 2.906364972168118833e-03 4.310955901036532707e-03
8.350000000000000000e+01 3.476011212174065414e-03 2.854115237536896787e-03 4.233414890979367989e-03
8.375000000000000000e+01 3.413668726733627614e-03 2.802940086942336869e-03 4.157468163577953367e-03
8.400000000000000000e+01 3.352604181501235396e-03 2.752812792593060508e-03 4.083079978436127133e-03
8.425000000000000000e+01 3.292788576268901573e-03 2.703776243037451892e-03 4.010116087056984219e-03
8.450000000000000000e+01 3.234192155402026633e-03 2.655667464286625649e-03 3.938745734821813213e-03
8.475000000000000000e+01 3.176787126583600733e-03 2.608413324048274289e-03 3.869009698188659307e-03
8.500000000000000000e+01 3.120362418746159498e-03 2.562088900668511252e-03 3.800282504554330920e-03
8.525000000000000000e+01 3.065262314091599972e-03 2.516871716379015956e-03 3.733139433784026396e-03
8.550000000000000000e+01 3.011273808034831828e-03 2.472546320763422279e-03 3.667381221863959869e-03
8.575000000000000000e+01 2.958371946747138156e-03 2.429092356807883470e-03 3.602977281111524079e-03
8.600000000000000000e+01 2.906530750991005978e-03 2.386531623736825106e-03 3.539831998215304480e-03
8.625000000000000000e+01 2.855753815387637555e-03 2.344844571654665019e-03 3.477983126338370350e-03
8.650000000000000000e+01 2.805962849570573566e-03 2.303966647417548565e-03 3.417335716207227283e-03
8.675000000000000000e+01 2.757162444411926164e-03 2.263901546733644923e-03 3.357895468486086360e-03
8.700000000000000000e+01 2.709330228173808652e-03 2.224630054708717601e-03 3.299636391120081523e-03
8.725000000000000000e+01 2.662445329065295241e-03 2.186135194464201327e-03 3.242532826062915780e-03
8.750000000000000000e+01 2.616485731466181019e-03 2.148397187590448624e-03 3.186560484490438827e-03
8.775000000000000000e+01 2.571432392479530444e-03 2.111405258492254737e-03 3.131688965203578180e-03
8.800000000000000000e+01 2.527264649937018687e-03 2.075580445804119795e-03 3.077243584431057274e-03
8.825000000000000000e+01 2.483961577314717107e-03 2.040017302521220620e-03 3.024516071481523488e-03
8.850000000000000000e+01 2.441504711161028660e-03 2.005547590337734744e-03 2.972228274881113033e-03
8.875000000000000000e+01 2.399875163999509384e-03 1.971457849074630727e-03 2.921391804285867685e-03
8.900000000000000000e+01 2.359055401021523807e-03 1.937925837423506254e-03 2.871700391015860783e-03
8.925000000000000000e+01 2.319027482481037742e-03 1.905044119536874808e-03 2.822973184374191584e-03
8.950000000000000000e+01 2.279774658913020103e-03 1.873221929201635992e-03 2.774563128052365008e-03
8.975000000000000000e+01 2.241281103895621622e-03 1.841592706211856540e-03 2.727715509371534015e-03
9.000000000000000000e+01 2.203397587445137407e-03 1.810464585667904275e-03 2.681610547255191320e-03
9.025000000000000000e+01 2.166373205344128069e-03 1.780042347520280691e-03 2.636551243497604891e-03
9.050000000000000000e+01 2.130058479530804166e-03 1.750205000464636262e-03 2.592352967233312565e-03
9.075000000000000000e+01 2.094438732642439020e-03 1.720938388952120059e-03 2.549000959565968401e-03
9.100000000000000000e+01 2.059498350016308790e-03 1.692140143619067991e-03 2.506608846622071507e-03
9.125000000000000000e+01 2.025222280007867720e-03 1.663977284681003024e-03 2.464892592705410571e-03
9.150000000000000000e+01 1.991596694743139745e-03 1.636359037588097556e-03 2.423952997722393036e-03
9.175000000000000000e+01 1.958607662013463809e-03 1.609251309351657265e-03 2.383806650586706936e-03
9.200000000000000000e+01 1.926241779776587679e-03 1.582655778752752474e-03 2.344418441438318648e-03
9.225000000000000000e+01 1.894485645775955285e-03 1.556562994512983517e-03 2.305769747002167636e-03
9.250000000000000000e+01 1.863326217250755581e-03 1.530960505769128231e-03 2.267847262428069211e-03
9.275000000000000000e+01 1.832750960631440241e-03 1.505836302544919869e-03 2.230638269258531769e-03
9.300000000000000000e+01 1.802747605843523079e-03 1.481181865784328379e-03 2.194125519254611859e-03
9.325000000000000000e+01 1.773304295072268772e-03 1.456939146338055149e-03 2.158366140978210546e-03
9.350000000000000000e+01 1.744409048120188540e-03 1.433194500742204476e-03 2.123203044379343672e-03
9.375000000000000000e+01 1.715925833710015610e-03 1.409788130394141374e-03 2.088541819379789895e-03
9.400000000000000000e+01 1.688093782330870544e-03 1.386916618663332126e-03 2.054673352094201801e-03
9.425000000000000000e+01 1.660688462565573526e-03 1.364394872902582791e-03 2.021325515414275527e-03
9.450000000000000000e+01 1.633875263462148709e-03 1.342359669435203668e-03 1.988698288050262577e-03
9.475000000000000000e+01 1.607554973980962910e-03 1.320762017433562037e-03 1.956622737677212592e-03
9.500000000000000000e+01 1.581715459385573666e-03 1.299492668443200279e-03 1.925231173067344648e-03
9.525000000000000000e+01 1.556348755330318840e-03 1.278580442532515704e-03 1.894461519699518507e-03
9.550000000000000000e+01 1.531445215747030903e-03 1.258117674269171316e-03 1.864153486435080054e-03
9.575000000000000000e+01 1.506995363866748486e-03 1.237807766288809589e-03 1.834723523770481540e-03
9.600000000000000000e+01 1.482990147325667510e-03 1.218118374493408962e-03 1.805456532892078976e-03
9.625000000000000000e+01 1.459420363212912339e-03 1.198754646251396373e-03 1.776767083423538320e-03
9.650000000000000000e+01 1.436277409419126983e-03 1.179511411521696768e-03 1.748938396574192334e-03
9.675000000000000000e+01 1.413551922930368502e-03 1.160813892076468590e-03 1.721317303711692283e-03
9.700000000000000000e+01 1.391235974388199247e-03 1.142484753266395040e-03 1.694147366866934415e-03
9.725000000000000000e+01 1.369321012763935691e-03 1.124484596511808945e-03 1.667466181229419319e-03
9.750000000000000000e+01 1.347798783165054821e-03 1.106806899447889542e-03 1.641263314140308611e-03
9.775000000000000000e+01 1.326661676872571043e-03 1.089201287137211939e-03 1.615891594755912647e-03
9.800000000000000000e+01 1.305902018303452998e-03 1.072154026202937465e-03 1.590611087334794366e-03
9.825000000000000000e+01 1.285512091958882072e-03 1.055410362668164495e-03 1.565780853614835190e-03
9.850000000000000000e+01 1.265484543659784389e-03 1.038964276644849466e-03 1.541391909463349927e-03
9.875000000000000000e+01 1.245812107560248256e-03 1.022809808882036396e-03 1.517435395970776922e-03
9.900000000000000000e+01 1.226488001856883324e-03 1.006932453427483156e-03 1.493916313431469228e-03
9.925000000000000000e+01 1.207504996641958501e-03 9.913443157981501226e-04 1.470799089357139808e-03
9.950000000000000000e+01 1.188653431267045098e-03 9.758033654345783445e-04 1.447932062658627934e-03
9.975000000000000000e+01 1.170335611398735671e-03 9.607706262855714770e-04 1.425611281022800972e-03
1.000000000000000000e+02 1.152338835325266569e-03 9.459407448752326069e-04 1.403771640658037960e-03
