5.000000000000000000e-01 1.668135776929968297e+08 2.440414663071506098e+07 1.140247603155879974e+09
7.500000000000000000e-01 1.616020386901669949e+07 3.039649677290714812e+06 8.591522603386031091e+07
1.000000000000000000e+00 3.110904506992996670e+06 6.826689780840004096e+05 1.417630969374226406e+07
1.250000000000000000e+00 8.511683372651686659e+05 2.075374318776965665e+05 3.490876473742327653e+06
1.500000000000000000e+00 2.889623917377528851e+05 7.609323663733962167e+04 1.097328324155273614e+06
1.750000000000000000e+00 1.134753079714529013e+05 3.169277070356412150e+04 4.062959859097454464e+05
2.000000000000000000e+00 4.955901859787257126e+04 1.450056492359005279e+04 1.693793543442305236e+05
2.250000000000000000e+00 2.345918045647377221e+04 7.127963657474690081e+03 7.720762536608865776e+04
2.500000000000000000e+00 1.182117933307996827e+04 3.705836493589829843e+03 3.770816145465475711e+04
2.750000000000000000e+00 6.263443049924166189e+03 2.015895626593105135e+03 1.946068949310826429e+04
3.000000000000000000e+00 3.456986207046200889e+03 1.137921737509007244e+03 1.050226324164326252e+04
3.250000000000000000e+00 1.974383314336390640e+03 6.626426522532495937e+02 5.882792872862243712e+03
3.500000000000000000e+00 1.160120677734175615e+03 3.960154975433704294e+02 3.398553832502492241e+03
3.750000000000000000e+00 6.986898953446759606e+02 2.420893052573337343e+02 2.016477222477245050e+03
4.000000000000000000e+00 4.299557103422382056e+02 1.532840544721022980e+02 1.206008762571866328e+03
4.250000000000000000e+00 2.690017204587829838e+02 9.807611481847195023e+01 7.378139493363817110e+02
4.500000000000000000e+00 1.710718504838948206e+02 6.355021075456917856e+01 4.605111089404201152e+02
4.750000000000000000e+00 1.102488550597052068e+02 4.158758592481672878e+01 2.922701515771969412e+02
5.000000000000000000e+00 7.184682997475978539e+01 2.743470342747735558e+01 1.881546484024335655e+02
5.250000000000000000e+00 4.729702259023550681e+01 1.822841097769566687e+01 1.227209737940655998e+02
5.500000000000000000e+00 3.140516228164063861e+01 1.219552232963928340e+01 8.087265073831044049e+01
5.750000000000000000e+00 2.101160811257244276e+01 8.206431985288473285e+00 5.379776208073951693e+01
6.000000000000000000e+00 1.414978152296215974e+01 5.549396701217361283e+00 3.607893396837898337e+01
6.250000000000000000e+00 9.579477453061773673e+00 3.765442161807682986e+00 2.437068060810803161e+01
6.500000000000000000e+00 6.513827432985771715e+00 2.564011280356498723e+00 1.654826878172648463e+01
6.750000000000000000e+00 4.447575062119799583e+00 1.750916152228855438e+00 1.129747070298569689e+01
7.000000000000000000e+00 3.045793764989281005e+00 1.197359251422181581e+00 7.747766301407743583e+00
7.250000000000000000e+00 2.090645345954584400e+00 8.192252455575160797e-01 5.335282312481786526e+00
7.500000000000000000e+00 1.436594675897882922e+00 5.604289399407821337e-01 3.682544058192668945e+00
7.750000000000000000e+00 9.886810284488996015e-01 3.838386735502022917e-01 2.546617220650976954e+00
8.000000000000000000e+00 6.803864488961195445e-01 2.622441315264262829e-01 1.765247203615013749e+00
8.250000000000000000e+00 4.684042976240258005e-01 1.791744761891154725e-01 1.224519198823170507e+00
8.500000000000000000e+00 3.223283878713132933e-01 1.222102916818564589e-01 8.501378091641057511e-01
8.750000000000000000e+00 2.216456283574253783e-01 8.320674322548325674e-02 5.904183082473073441e-01
9.000000000000000000e+00 1.521922670223784246e-01 5.654228497969922274e-02 4.096489229207331828e-01
9.250000000000000000e+00 1.043127912100028920e-01 3.828861394610466595e-02 2.841878378083378953e-01
9.500000000000000000e+00 7.132708411371492530e-02 2.585452855073566356e-02 1.967760857902088323e-01
9.750000000000000000e+00 4.868692840740685562e-02 1.741818105344223808e-02 1.360886645095189806e-01
1.000000000000000000e+01 3.310835490984111867e-02 1.167454186806202512e-02 9.389346299187702194e-02
1.025000000000000000e+01 2.244824315168041096e-02 7.793324465439978137e-03 6.466093165139596977e-02
1.050000000000000000e+01 1.515843790972122226e-02 5.176178253285551416e-03 4.439148511105137779e-02
1.075000000000000000e+01 1.018631899053973160e-02 3.415467494345438872e-03 3.037976345809603046e-02
1.100000000000000000e+01 6.815588727270598807e-03 2.242429052244049141e-03 2.071514800114289054e-02
1.125000000000000000e+01 4.537206929331616227e-03 1.463899081367194509e-03 1.406261331918352321e-02
1.150000000000000000e+01 3.001749973956404412e-03 9.488439562383402422e-04 9.496295831265141874e-03
1.175000000000000000e+01 1.973577157385753966e-03 6.105980445435419887e-04 6.379003062590185048e-03
1.200000000000000000e+01 1.287863685605914691e-03 3.893556847603713727e-04 4.259839878087897172e-03
1.225000000000000000e+01 8.337635696965786007e-04 2.461177661159586112e-04 2.824508368996228418e-03
1.250000000000000000e+01 5.349840562547073398e-04 1.539915114492076346e-04 1.858595566426025653e-03
1.275000000000000000e+01 3.400726873718022919e-04 9.531103356636325369e-05 1.213389765789866029e-03
1.300000000000000000e+01 2.138252172876727519e-04 5.828516418547211812e-05 7.844401604948506631e-04
1.325000000000000000e+01 1.329841813471969428e-04 3.520398803329270206e-05 5.023519628474907043e-04
1.350000000000000000e+01 8.165165265716271088e-05 2.096570105291410850e-05 3.179952039199411074e-04
1.375000000000000000e+01 4.940284194031473370e-05 1.228154750680205997e-05 1.987242072245363621e-04
1.400000000000000000e+01 2.945397763338879156e-05 7.081706304764309482e-06 1.225039222319231958e-04
1.425000000000000000e+01 1.725018921467559398e-05 4.001687084120704205e-06 7.436089371478064728e-05
1.450000000000000000e+01 9.914920119669458804e-06 2.215775508237394659e-06 4.436624586469340662e-05
1.475000000000000000e+01 5.578240190257341005e-06 1.199088186532930694e-06 2.595035458582402803e-05
1.500000000000000000e+01 3.064270266173143237e-06 6.319940673064924325e-07 1.485734241805653390e-05
1.525000000000000000e+01 1.639054051029124997e-06 3.237060074233721596e-07 8.299191613955249087e-06
1.550000000000000000e+01 8.508385830519960265e-07 1.605696959147255373e-07 4.508486425697581080e-06
1.575000000000000000e+01 4.268489418867383154e-07 7.675811747576668606e-08 2.373690564354323520e-06
1.600000000000000000e+01 2.059936488871697938e-07 3.519711486489094029e-08 1.205592661351280553e-06
1.625000000000000000e+01 9.512537632948226450e-08 1.539408295033607145e-08 5.878126843293434193e-07
1.650000000000000000e+01 4.173228981668902644e-08 6.376063407637607424e-09 2.731440862488850358e-07
1.675000000000000000e+01 1.724895425670795561e-08 2.478618263439048862e-09 1.200372107874286670e-07
1.700000000000000000e+01 6.648365938637919297e-09 8.953217235646862282e-10 4.936858839753975116e-08
1.725000000000000000e+01 2.359268883662604623e-09 2.967304848647904607e-10 1.875826701107198193e-08
1.750000000000000000e+01 7.583057332712172995e-10 8.879129168623257751e-11 6.476170964423066379e-09
1.775000000000000000e+01 2.161329609171778216e-10 2.350561712894512860e-11 1.987331646668521098e-09
1.800000000000000000e+01 5.319044587449404885e-11 5.370171166390121966e-12 5.268404757812050445e-10
1.825000000000000000e+01 1.088220411234115160e-11 1.022721755085018003e-12 1.157913828994576427e-10
1.850000000000000000e+01 1.753549153445692179e-12 1.545023614183938465e-13 1.990218534733687281e-11
1.875000000000000000e+01 2.045504852707807381e-13 1.711819517719746479e-14 2.444235539518012463e-12
1.900000000000000000e+01 1.479374480916106100e-14 1.199698287666607682e-15 1.824249377768545257e-13
1.925000000000000000e+01 4.638203709318581590e-16 3.691321747517309139e-17 5.827975755190052039e-15
