5.000000000000000000e-01 2.829381900188789368e+08
7.500000000000000000e-01 3.417617232040283829e+07
1.000000000000000000e+00 7.123393661969997920e+06
1.250000000000000000e+00 2.034163191207788885e+06
1.500000000000000000e+00 7.039901130259768106e+05
1.750000000000000000e+00 2.775053545151965809e+05
2.000000000000000000e+00 1.202641184543523268e+05
2.250000000000000000e+00 5.608732759040348174e+04
2.500000000000000000e+00 2.769595922665209946e+04
2.750000000000000000e+00 1.431586645414014492e+04
3.000000000000000000e+00 7.688206769414367955e+03
3.250000000000000000e+00 4.265596211688847688e+03
3.500000000000000000e+00 2.431020303855785642e+03
3.750000000000000000e+00 1.417079440372038107e+03
4.000000000000000000e+00 8.431788995400577278e+02
4.250000000000000000e+00 5.105035983764698244e+02
4.500000000000000000e+00 3.136752942113843687e+02
4.750000000000000000e+00 1.952567713845038497e+02
5.000000000000000000e+00 1.229425100811036629e+02
5.250000000000000000e+00 7.820816845337940038e+01
5.500000000000000000e+00 5.018810679895759819e+01
5.750000000000000000e+00 3.245749698954537621e+01
6.000000000000000000e+00 2.112881910998791213e+01
6.250000000000000000e+00 1.382767732088370671e+01
6.500000000000000000e+00 9.101003851779093878e+00
6.750000000000000000e+00 6.014948806911887935e+00
7.000000000000000000e+00 3.988510991619014234e+00
7.250000000000000000e+00 2.651355863517861788e+00
7.500000000000000000e+00 1.767058057644584901e+00
7.750000000000000000e+00 1.179222783650960782e+00
8.000000000000000000e+00 7.880266534941479106e-01
8.250000000000000000e+00 5.267463470169840845e-01
8.500000000000000000e+00 3.524226496366236194e-01
8.750000000000000000e+00 2.355959255584339496e-01
9.000000000000000000e+00 1.573419296541213319e-01
9.250000000000000000e+00 1.049880277391232047e-01
9.500000000000000000e+00 6.996159102397343788e-02
9.750000000000000000e+00 4.647345223692841976e-02
1.000000000000000000e+01 3.080579786005780210e-02
1.025000000000000000e+01 2.035296925798976697e-02
1.050000000000000000e+01 1.338248390355911178e-02
1.075000000000000000e+01 8.770689022797184195e-03
1.100000000000000000e+01 5.718380176373044979e-03
1.125000000000000000e+01 3.708446855821348042e-03
1.150000000000000000e+01 2.389502849743564087e-03
1.175000000000000000e+01 1.529335412160354396e-03
1.200000000000000000e+01 9.713819437225709036e-04
1.225000000000000000e+01 6.119911688759042435e-04
1.250000000000000000e+01 3.819036128126840129e-04
1.275000000000000000e+01 2.361699978934747428e-04
1.300000000000000000e+01 1.442924181373422083e-04
1.325000000000000000e+01 8.720652500553968461e-05
1.350000000000000000e+01 5.196518688792897543e-05
1.375000000000000000e+01 3.054093834445306465e-05
1.400000000000000000e+01 1.765791745835334865e-05
1.425000000000000000e+01 1.003942049840710394e-05
1.450000000000000000e+01 5.597183508172893252e-06
1.475000000000000000e+01 3.051114318941114964e-06
1.500000000000000000e+01 1.624715175917209812e-06
1.525000000000000000e+01 8.418937861768495202e-07
1.550000000000000000e+01 4.235766126922221951e-07
1.575000000000000000e+01 2.058993177050809404e-07
1.600000000000000000e+01 9.628172409844821039e-08
1.625000000000000000e+01 4.310441393833794002e-08
1.650000000000000000e+01 1.834728447132432671e-08
1.675000000000000000e+01 7.361635051135492644e-09
1.700000000000000000e+01 2.758531796298552607e-09
1.725000000000000000e+01 9.528137685606602218e-10
1.750000000000000000e+01 2.988255359542609433e-10
1.775000000000000000e+01 8.324826516889586702e-11
1.800000000000000000e+01 2.006873277527946531e-11
1.825000000000000000e+01 4.024919481085801905e-12
1.850000000000000000e+01 6.341224591559775120e-13
1.875000000000000000e+01 7.162871552946399357e-14
1.900000000000000000e+01 4.904091473602551159e-15
1.925000000000000000e+01 1.404968399137863454e-16
