5.000000000000000000e-01 4.072198267941523790e+08 1.077343628661111891e+08 1.539230222583161831e+09
7.500000000000000000e-01 1.061303811065780669e+08 3.610019318186894804e+07 3.120110116054611802e+08
1.000000000000000000e+00 3.416265061601702124e+07 1.355714219605505094e+07 8.608648343687468767e+07
1.250000000000000000e+00 1.310632019918607175e+07 5.779028767232702114e+06 2.972396160018561035e+07
1.500000000000000000e+00 5.867791799758196808e+06 2.794296802094299346e+06 1.232187668092517555e+07
1.750000000000000000e+00 2.965163910195912234e+06 1.497616609111204278e+06 5.870792939152996987e+06
2.000000000000000000e+00 1.635260491715512238e+06 8.652513242394230329e+05 3.090520408178788610e+06
2.250000000000000000e+00 9.600319347565220669e+05 5.275108835482393624e+05 1.747189194567712955e+06
2.500000000000000000e+00 5.935760001687253825e+05 3.365076058773007826e+05 1.047026759046783671e+06
2.750000000000000000e+00 3.825866403110861429e+05 2.226782575172593642e+05 6.573274776644026861e+05
3.000000000000000000e+00 2.563522400838047615e+05 1.525966388040140446e+05 4.306547739913653350e+05
3.250000000000000000e+00 1.770937632955280424e+05 1.074841151016696676e+05 2.917845206103886012e+05
3.500000000000000000e+00 1.256254183306223858e+05 7.754961373999947682e+04 2.035051494086781750e+05
3.750000000000000000e+00 9.103819010640477063e+04 5.704372278630004439e+04 1.452912196649335674e+05
4.000000000000000000e+00 6.730243017018918181e+04 3.962828580357493047e+04 1.143026253839263227e+05
4.250000000000000000e+00 5.059660839912263327e+04 3.035727226954394064e+04 8.432960507003504608e+04
4.500000000000000000e+00 3.864334877726717241e+04 2.358542656974121564e+04 6.331487795252969954e+04
4.750000000000000000e+00 2.992449994127125319e+04 1.859732418903292273e+04 4.815078167337732157e+04
5.000000000000000000e+00 2.345784201700754784e+04 1.483915114727858963e+04 3.708233352659131197e+04
5.250000000000000000e+00 1.858005539610487540e+04 1.195523350261760061e+04 2.887592772209261238e+04
5.500000000000000000e+00 1.487012368504553706e+04 9.713586349224862715e+03 2.276405134610220557e+04
5.750000000000000000e+00 1.201716679502067018e+04 7.964251293520397667e+03 1.813256418677285910e+04
6.000000000000000000e+00 9.784099317830316068e+03 6.577071890648220688e+03 1.455489632054681169e+04
6.250000000000000000e+00 8.035946942158300772e+03 5.471129365394982415e+03 1.180312855799587123e+04
6.500000000000000000e+00 6.647663891529850844e+03 4.583860100136930669e+03 9.640659673149644732e+03
6.750000000000000000e+00 5.535819866419895334e+03 3.863287580055492072e+03 7.932441206721919116e+03
7.000000000000000000e+00 4.635140409489710692e+03 3.265348645751455024e+03 6.579550592135990883e+03
7.250000000000000000e+00 3.906780255020513778e+03 2.777516082025471405e+03 5.495173208821831395e+03
7.500000000000000000e+00 3.310918051135690348e+03 2.374649599918289823e+03 4.616335118121578489e+03
7.750000000000000000e+00 2.824153020282211401e+03 2.041095819977722840e+03 3.907626581713438554e+03
8.000000000000000000e+00 2.415630790084456748e+03 1.756698744599775637e+03 3.321726125177764970e+03
8.250000000000000000e+00 2.076346690653011592e+03 1.519590546511319644e+03 2.837090287040422936e+03
8.500000000000000000e+00 1.792193630595354762e+03 1.319748055753339486e+03 2.433766047651502049e+03
8.750000000000000000e+00 1.553082433365126690e+03 1.150663743988634451e+03 2.096237982146040849e+03
9.000000000000000000e+00 1.350923929236013919e+03 1.006851007672561423e+03 1.812577480357429977e+03
9.250000000000000000e+00 1.179274794917651661e+03 8.836055726690021856e+02 1.573879890466716461e+03
9.500000000000000000e+00 1.032911426022087198e+03 7.782237655394453668e+02 1.370950183290058021e+03
9.750000000000000000e+00 9.075802305057255808e+02 6.874602702658827411e+02 1.198181059228703361e+03
1.000000000000000000e+01 7.998684241354279720e+02 6.088509919233922574e+02 1.050814574363694874e+03
1.025000000000000000e+01 7.069800855034949336e+02 5.405478083926000181e+02 9.246561239140368116e+02
1.050000000000000000e+01 6.263209844687264649e+02 4.808612853795698356e+02 8.157819885130251123e+02
1.075000000000000000e+01 5.565887666277966446e+02 4.290301430721963243e+02 7.220729362228537411e+02
1.100000000000000000e+01 4.958610917524817410e+02 3.840759198159640846e+02 6.401813017378946142e+02
1.125000000000000000e+01 4.428319400554860295e+02 3.442519585105688407e+02 5.696412824541276905e+02
1.150000000000000000e+01 3.964087488602767166e+02 3.092336196044413441e+02 5.081591593241921601e+02
1.175000000000000000e+01 3.556383608134595420e+02 2.784038457158568463e+02 4.542991974729058029e+02
1.200000000000000000e+01 3.197381777000032912e+02 2.510299650409905041e+02 4.072521870535472317e+02
1.225000000000000000e+01 2.880494783690656391e+02 2.268198643011818945e+02 3.658079165346650825e+02
1.250000000000000000e+01 2.600154390861891329e+02 2.052699017633495657e+02 3.293616257542096832e+02
1.275000000000000000e+01 2.351451838948539432e+02 1.861670690247024140e+02 2.970087985948140386e+02
1.300000000000000000e+01 2.130360992079129971e+02 1.691985096451687980e+02 2.682315562997609959e+02
1.325000000000000000e+01 1.932838068771990265e+02 1.539070131978085669e+02 2.427350724617551521e+02
1.350000000000000000e+01 1.757157121584723143e+02 1.402457006468069949e+02 2.201565634950682409e+02
1.375000000000000000e+01 1.600034035400133234e+02 1.279980262138945761e+02 2.000115931600925876e+02
1.400000000000000000e+01 1.459237040965142853e+02 1.169770879946127877e+02 1.820333176547163703e+02
1.425000000000000000e+01 1.332868804995299001e+02 1.070521747800872987e+02 1.659507856780177519e+02
1.450000000000000000e+01 1.218542205285335456e+02 9.808713654546787097e+01 1.513802072683970152e+02
1.475000000000000000e+01 1.116230475303520535e+02 9.013635465727807627e+01 1.382317355448673482e+02
1.500000000000000000e+01 1.023907934939760622e+02 8.280477696158779111e+01 1.266095384471526586e+02
1.525000000000000000e+01 9.404614945074814614e+01 7.616040111285298053e+01 1.161322432297406806e+02
1.550000000000000000e+01 8.649374135075349557e+01 7.012211144929260342e+01 1.066877071758014779e+02
1.575000000000000000e+01 7.964615847420418504e+01 6.465749261725761698e+01 9.810944258616227387e+01
1.600000000000000000e+01 7.342881355200475468e+01 5.969214260272661221e+01 9.032663973111917244e+01
1.625000000000000000e+01 6.777584733394746763e+01 5.515924448728291907e+01 8.327825234976904767e+01
1.650000000000000000e+01 6.262940468255349202e+01 5.103321623927183737e+01 7.686057473823484543e+01
1.675000000000000000e+01 5.793718005528723580e+01 4.726792404558975136e+01 7.101468703218763778e+01
1.700000000000000000e+01 5.365391391336888915e+01 4.380237830710402847e+01 6.572114550584379344e+01
1.725000000000000000e+01 4.973868160522451376e+01 4.065275882833340404e+01 6.085531509122724003e+01
1.750000000000000000e+01 4.615606100868186701e+01 3.776449741482315403e+01 5.641229497737085552e+01
1.775000000000000000e+01 4.287378944641218936e+01 3.511441156089087912e+01 5.234778940571970907e+01
1.800000000000000000e+01 3.986298366478233390e+01 3.270347756263873862e+01 4.858986215197131742e+01
1.825000000000000000e+01 3.709808985817385718e+01 3.047481489009069122e+01 4.516084104493296536e+01
1.850000000000000000e+01 3.455588687151423244e+01 2.841261611517764507e+01 4.202743290643385166e+01
1.875000000000000000e+01 3.221582922179867836e+01 2.651069805328512530e+01 3.914871084729846729e+01
1.900000000000000000e+01 3.004571700049267946e+01 2.474565275398612840e+01 3.648095764732967439e+01
1.925000000000000000e+01 2.805897163803641803e+01 2.312879073987662437e+01 3.404008009924741174e+01
1.950000000000000000e+01 2.622496989862040095e+01 2.164566917380926370e+01 3.177305541635579900e+01
1.975000000000000000e+01 2.453031496920370813e+01 2.026145050945928361e+01 2.969858215271469248e+01
2.000000000000000000e+01 2.296421051237026134e+01 1.898029418213323538e+01 2.778434092727989224e+01
2.025000000000000000e+01 2.151347103513177927e+01 1.778831305382473715e+01 2.601873682900690810e+01
2.050000000000000000e+01 2.016953280503080848e+01 1.668670547156492390e+01 2.437929130267451328e+01
2.075000000000000000e+01 1.892337349921491096e+01 1.566521609853339392e+01 2.285918447204278436e+01
2.100000000000000000e+01 1.776682757105168164e+01 1.471576174828973649e+01 2.145048060296084813e+01
2.125000000000000000e+01 1.669259542320015299e+01 1.384130168058072741e+01 2.013125270967664804e+01
2.150000000000000000e+01 1.569395942857609150e+01 1.301979528049499635e+01 1.891737598322885106e+01
2.175000000000000000e+01 1.476491522144475788e+01 1.224919249157818868e+01 1.779731371242118243e+01
2.200000000000000000e+01 1.389988939539970758e+01 1.153688480602392374e+01 1.674688864913197861e+01
2.225000000000000000e+01 1.309374793881385912e+01 1.087274136488596454e+01 1.576844600009395592e+01
2.250000000000000000e+01 1.234215157316323186e+01 1.025282767196202371e+01 1.485723844471730892e+01
2.275000000000000000e+01 1.164083650836671957e+01 9.674819772995720157e+00 1.400636681550961171e+01
2.300000000000000000e+01 1.098580486022441072e+01 9.135128997223183944e+00 1.321140713651836940e+01
2.325000000000000000e+01 1.037378976728870050e+01 8.634385498438957640e+00 1.246359849874203007e+01
2.350000000000000000e+01 9.801474225497708304e+00 8.161658504163652239e+00 1.177075675784358744e+01
2.375000000000000000e+01 9.266025128824050938e+00 7.718751517368652060e+00 1.112345973241906627e+01
2.400000000000000000e+01 8.764484421682283255e+00 7.303988203095005183e+00 1.051701961201979962e+01
2.425000000000000000e+01 8.294537781525175291e+00 6.915116635106341114e+00 9.949124597533353764e+00
2.450000000000000000e+01 7.853872243240465956e+00 6.550501883062751496e+00 9.416577586617286499e+00
2.475000000000000000e+01 7.440492343869477665e+00 6.214331084224106405e+00 8.908589769174236395e+00
2.500000000000000000e+01 7.052439414801248141e+00 5.892099874716918428e+00 8.441286257360284040e+00
2.525000000000000000e+01 6.687985609336299930e+00 5.588913201752160553e+00 8.003193088893661766e+00
2.550000000000000000e+01 6.345402881108100246e+00 5.304097460973475009e+00 7.591138364223268375e+00
2.575000000000000000e+01 6.023226210252861534e+00 5.036183206165596893e+00 7.203720058369166068e+00
2.600000000000000000e+01 5.720142508248495794e+00 4.783950483777420715e+00 6.839542011487453443e+00
2.625000000000000000e+01 5.434770950987815041e+00 4.546391259908929783e+00 6.496742933271576703e+00
2.650000000000000000e+01 5.165950037362998515e+00 4.322621947261196418e+00 6.173808423250988220e+00
2.675000000000000000e+01 4.910739276123218922e+00 4.110087116208405611e+00 5.867359877351175257e+00
2.700000000000000000e+01 4.671943276411719914e+00 3.912162749623990798e+00 5.579280662622365661e+00
2.725000000000000000e+01 4.446659575592501135e+00 3.724410900245262113e+00 5.308968830454876553e+00
2.750000000000000000e+01 4.234018023496606276e+00 3.547129259806023782e+00 5.053920314218954601e+00
2.775000000000000000e+01 4.033218625412928304e+00 3.379710680897829889e+00 4.813090236486281981e+00
2.800000000000000000e+01 3.843487412245831347e+00 3.221473062973850165e+00 4.585602672851550210e+00
2.825000000000000000e+01 3.664137529281269678e+00 3.071860146910858180e+00 4.370610376578791367e+00
2.850000000000000000e+01 3.494523527358360582e+00 2.930321018421315760e+00 4.167357298566577661e+00
2.875000000000000000e+01 3.334044386404686033e+00 2.796346649448638644e+00 3.975133759867838457e+00
2.900000000000000000e+01 3.182144383149362987e+00 2.669461177164734078e+00 3.793290931454574633e+00
2.925000000000000000e+01 3.038302410809847309e+00 2.549391079943316374e+00 3.620975068186941481e+00
2.950000000000000000e+01 2.902028128095452075e+00 2.435506754486273628e+00 3.457911681313983632e+00
2.975000000000000000e+01 2.772860400690686067e+00 2.327553506111407877e+00 3.303363287473440213e+00
3.000000000000000000e+01 2.650196633190757822e+00 2.225009156666368781e+00 3.156635186660842862e+00
3.025000000000000000e+01 2.534038758638487376e+00 2.128629569234524954e+00 3.016660354197402416e+00
3.050000000000000000e+01 2.423805935252769661e+00 2.036448017019659495e+00 2.884844180979571959e+00
3.075000000000000000e+01 2.319153130610840829e+00 1.948877845353571114e+00 2.759778534116532178e+00
3.100000000000000000e+01 2.219756546145376763e+00 1.869429865363051446e+00 2.635733608117117210e+00
3.125000000000000000e+01 2.125275196002697431e+00 1.790147025934348157e+00 2.523141727080663088e+00
3.150000000000000000e+01 2.035571649176308284e+00 1.716554326465218328e+00 2.413877542380429730e+00
3.175000000000000000e+01 1.950220170301933731e+00 1.644825421045885472e+00 2.312317565127418817e+00
3.200000000000000000e+01 1.867715145102017749e+00 1.575469797114258164e+00 2.214171207618818027e+00
3.225000000000000000e+01 1.790519538006333899e+00 1.510588739914141332e+00 2.122324979176420712e+00
3.250000000000000000e+01 1.716282226724296756e+00 1.448188969391700276e+00 2.034005743744198735e+00
3.275000000000000000e+01 1.646342260378780731e+00 1.389401276024534893e+00 1.950799157220041602e+00
3.300000000000000000e+01 1.579715690830798547e+00 1.333387400178079885e+00 1.871550356275859084e+00
3.325000000000000000e+01 1.515898303136585801e+00 1.279722077235053268e+00 1.795661500516806619e+00
3.350000000000000000e+01 1.455398469597702471e+00 1.228828215199146756e+00 1.723743546175049879e+00
3.375000000000000000e+01 1.397707053005639910e+00 1.180272548884786055e+00 1.655198206437666242e+00
3.400000000000000000e+01 1.342674657138336558e+00 1.133156821209347909e+00 1.590931812066011863e+00
3.425000000000000000e+01 1.290161294506714018e+00 1.088973698225455422e+00 1.528518244798440673e+00
3.450000000000000000e+01 1.240036295306331304e+00 1.046317724104428803e+00 1.469620535189921195e+00
3.475000000000000000e+01 1.192145782850080105e+00 1.006020362052111317e+00 1.412706562587062509e+00
3.500000000000000000e+01 1.146433722857293391e+00 9.675560839382016942e-01 1.358381496145270706e+00
3.525000000000000000e+01 1.102422768585698876e+00 9.305141194615423883e-01 1.306090832237378541e+00
3.550000000000000000e+01 1.060698342213887813e+00 8.953786733470282533e-01 1.256542071713198094e+00
3.575000000000000000e+01 1.020810915690119280e+00 8.621508995184266055e-01 1.208668837641023730e+00
3.600000000000000000e+01 9.826263850101982777e-01 8.299807661418524551e-01 1.163345768850247097e+00
3.625000000000000000e+01 9.461323974099516976e-01 7.992261585582083327e-01 1.120041560005454961e+00
3.650000000000000000e+01 9.112028546048698274e-01 7.697836086144235201e-01 1.078602652678653406e+00
3.675000000000000000e+01 8.777738760451454514e-01 7.416058888621265277e-01 1.038943984991145708e+00
3.700000000000000000e+01 8.457714227662930240e-01 7.146250381934231566e-01 1.000985497760443543e+00
3.725000000000000000e+01 8.151257083088014888e-01 6.887804383414263265e-01 9.646469083034113767e-01
3.750000000000000000e+01 7.857713746460390780e-01 6.640212782509559153e-01 9.298446803383548787e-01
3.775000000000000000e+01 7.576443776972663358e-01 6.402914496476775907e-01 8.965058074290029877e-01
3.800000000000000000e+01 7.306892497521908503e-01 6.175515748503624947e-01 8.645541545785697668e-01
3.825000000000000000e+01 7.048496726522259781e-01 5.957508062285560291e-01 8.339276352525001323e-01
3.850000000000000000e+01 6.799963322050616155e-01 5.749716714615102919e-01 8.042048587141394922e-01
3.875000000000000000e+01 6.562342206296956082e-01 5.549032343167211723e-01 7.760692778367668243e-01
3.900000000000000000e+01 6.334373781136243275e-01 5.354208842045192762e-01 7.493972010217602175e-01
3.925000000000000000e+01 6.115618661943542644e-01 5.169568946132307996e-01 7.234798879371576730e-01
3.950000000000000000e+01 5.905651679816851241e-01 4.992330669168588697e-01 6.986060033786161139e-01
3.975000000000000000e+01 5.704065901687819240e-01 4.822145970743891286e-01 6.747279739808131893e-01
4.000000000000000000e+01 5.510442900129178811e-01 4.658676116275060619e-01 6.517942049996601206e-01
4.025000000000000000e+01 5.324440351067858401e-01 4.501643005010095289e-01 6.297626226808280547e-01
4.050000000000000000e+01 5.145755708458215061e-01 4.350780479592381567e-01 6.085988924362156771e-01
4.075000000000000000e+01 4.974033920265800157e-01 4.205790873737414448e-01 5.882606668450213183e-01
4.100000000000000000e+01 4.808966664863832952e-01 4.066404310846549186e-01 5.687127647904037797e-01
4.125000000000000000e+01 4.650266653551493046e-01 3.932360891614717358e-01 5.499235839529796888e-01
4.150000000000000000e+01 4.497652922335242942e-01 3.803450717316814167e-01 5.318560253111794811e-01
4.175000000000000000e+01 4.350858017229638497e-01 3.679393128207844588e-01 5.144860803529253124e-01
4.200000000000000000e+01 4.209649075234841442e-01 3.561513762690298179e-01 4.975734060687539428e-01
4.225000000000000000e+01 4.073774285642017823e-01 3.446694673405681364e-01 4.814942576262484231e-01
4.250000000000000000e+01 3.941878605128880664e-01 3.335186031121695760e-01 4.658932603032912567e-01
4.275000000000000000e+01 3.815991310928950608e-01 3.228746205226120103e-01 4.510044692120804277e-01
4.300000000000000000e+01 3.694773953643893383e-01 3.126265864440170295e-01 4.366664628176118446e-01
4.325000000000000000e+01 3.577156153376930825e-01 3.026845702330538401e-01 4.227518480968503467e-01
4.350000000000000000e+01 3.464730615702234506e-01 2.931810834042889446e-01 4.094520048836402526e-01
4.375000000000000000e+01 3.356408582483756953e-01 2.840237054558176766e-01 3.966386733280284349e-01
4.400000000000000000e+01 3.252019574180392003e-01 2.751989625758397007e-01 3.842903771099053789e-01
4.425000000000000000e+01 3.151399134598201757e-01 2.666933951339010012e-01 3.723870439521007047e-01
4.450000000000000000e+01 3.054390431888526769e-01 2.584926759659694206e-01 3.609116148281270586e-01
4.475000000000000000e+01 2.960851108050265301e-01 2.505704013543494368e-01 3.498673122067979535e-01
4.500000000000000000e+01 2.870640624827281440e-01 2.429534758541787021e-01 3.391833587865514255e-01
4.525000000000000000e+01 2.783614684901445924e-01 2.355945653560515829e-01 3.288917425700687569e-01
4.550000000000000000e+01 2.699648866704817407e-01 2.284945308173850775e-01 3.189618577490296314e-01
4.575000000000000000e+01 2.618624707574275234e-01 2.216308628694833860e-01 3.093971331581470974e-01
4.600000000000000000e+01 2.540423473286930189e-01 2.150153958222494610e-01 3.001529913217221845e-01
4.625000000000000000e+01 2.464935138403510917e-01 2.085814767844701711e-01 2.912964914336398370e-01
4.650000000000000000e+01 2.392052013956633139e-01 2.024204234952809156e-01 2.826746796924561322e-01
4.675000000000000000e+01 2.321670722840996071e-01 1.964766978406794762e-01 2.743406726871928103e-01
4.700000000000000000e+01 2.253694595389556521e-01 1.907288933896529870e-01 2.663015151517488799e-01
4.725000000000000000e+01 2.188129053210584041e-01 1.851864055934671904e-01 2.585453688223186552e-01
4.750000000000000000e+01 2.124683898459300002e-01 1.798133789446453024e-01 2.510537144047501057e-01
4.775000000000000000e+01 2.063373615461798483e-01 1.746311459829001378e-01 2.438001911412062128e-01
4.800000000000000000e+01 2.004119985467093801e-01 1.696302000700737056e-01 2.367795896302322123e-01
4.825000000000000000e+01 1.946843139563495251e-01 1.647881729462967737e-01 2.300042619745923111e-01
4.850000000000000000e+01 1.891304529717667271e-01 1.600901117447321165e-01 2.234387111825019701e-01
4.875000000000000000e+01 1.837788209179637422e-01 1.555568852105260469e-01 2.171209263562160763e-01
4.900000000000000000e+01 1.786081090580343700e-01 1.511852711225317170e-01 2.110050561435438399e-01
4.925000000000000000e+01 1.735985969946198804e-01 1.469497383391809575e-01 2.050801397750104671e-01
4.950000000000000000e+01 1.687521653629771301e-01 1.428514344336745678e-01 1.993490189831834680e-01
4.975000000000000000e+01 1.640627031424990168e-01 1.388865138500203211e-01 1.938026221285258088e-01
5.000000000000000000e+01 1.595244017592041819e-01 1.350481953380343603e-01 1.884366887905011556e-01
5.025000000000000000e+01 1.551317367977461670e-01 1.313329171542453322e-01 1.832431372374132006e-01
5.050000000000000000e+01 1.508702960710096852e-01 1.277275856415114597e-01 1.782061887589341809e-01
5.075000000000000000e+01 1.467533816451019324e-01 1.242452416268660931e-01 1.733390731288657893e-01
5.100000000000000000e+01 1.427668743983288857e-01 1.208730517333086174e-01 1.686263408856376877e-01
5.125000000000000000e+01 1.388707437725547333e-01 1.175766297922168219e-01 1.640214004264575198e-01
5.150000000000000000e+01 1.351320142509494504e-01 1.144112132753892092e-01 1.596055207592735337e-01
5.175000000000000000e+01 1.315101016273735046e-01 1.113462128330547501e-01 1.553255058254469911e-01
5.200000000000000000e+01 1.280007849509240958e-01 1.083764308301274765e-01 1.511786356365048822e-01
5.225000000000000000e+01 1.246001567502106333e-01 1.054985198003639962e-01 1.471603496575645265e-01
5.250000000000000000e+01 1.213044053137598555e-01 1.027094597724859254e-01 1.432658567294573249e-01
5.275000000000000000e+01 1.181099161367569483e-01 1.000057308608597595e-01 1.394915288328890390e-01
5.300000000000000000e+01 1.150130604742119061e-01 9.738450659706732182e-02 1.358327370736309714e-01
5.325000000000000000e+01 1.119776443556430301e-01 9.481507974199071542e-02 1.322468205433121047e-01
5.350000000000000000e+01 1.090668281817917390e-01 9.233226083512142968e-02 1.288344171586842668e-01
5.375000000000000000e+01 1.062436519631244913e-01 8.991898668443845666e-02 1.255320372111688731e-01
5.400000000000000000e+01 1.035052603032305257e-01 8.760203552257987691e-02 1.222955476608541814e-01
5.425000000000000000e+01 1.008487702762588395e-01 8.535336587028564959e-02 1.191572747311457764e-01
5.450000000000000000e+01 9.827141281036923248e-02 8.322887018891733657e-02 1.160327005980666681e-01
5.475000000000000000e+01 9.577048374497955374e-02 8.111132293388674530e-02 1.130789786799977631e-01
5.500000000000000000e+01 9.334341768680790019e-02 7.908699096350843560e-02 1.101697449770740189e-01
5.525000000000000000e+01 9.098777848790237655e-02 7.709271979644156947e-02 1.073872585637550697e-01
5.550000000000000000e+01 8.870109622359168000e-02 7.513344549571131237e-02 1.047188029160192879e-01
5.575000000000000000e+01 8.648124614259714016e-02 7.325384980859661610e-02 1.020971041647395217e-01
5.600000000000000000e+01 8.432590160216296704e-02 7.142877389148706568e-02 9.955172535679138179e-02
5.625000000000000000e+01 8.223291580360665709e-02 6.965647592792804932e-02 9.708002524502974684e-02
5.650000000000000000e+01 8.019732080877729763e-02 6.793156354954471565e-02 9.467778936392594324e-02
5.675000000000000000e+01 7.822308397208313502e-02 6.626007951903357951e-02 9.234596321825866427e-02
5.700000000000000000e+01 7.630526075349899906e-02 6.463630933905005482e-02 9.008083657929109866e-02
5.725000000000000000e+01 7.442410238236304987e-02 6.304365111633775109e-02 8.785891865937695000e-02
5.750000000000000000e+01 7.261406281993461331e-02 6.151045202845559917e-02 8.572205121786681536e-02
5.775000000000000000e+01 7.085505007092518515e-02 6.002108185035962690e-02 8.364457896760210676e-02
5.800000000000000000e+01 6.914548545905671584e-02 5.857339796996259562e-02 8.162576058538467683e-02
5.825000000000000000e+01 6.748376698842566135e-02 5.716652002391957310e-02 7.966304062312386247e-02
5.850000000000000000e+01 6.586837453619615035e-02 5.579881947336665093e-02 7.775509957000958927e-02
5.875000000000000000e+01 6.427779255439336481e-02 5.445211117470383916e-02 7.587648167413958700e-02
5.900000000000000000e+01 6.275121448429975268e-02 5.315951671643635162e-02 7.407356504497890348e-02
5.925000000000000000e+01 6.126670701825150112e-02 5.188903667810462750e-02 7.233916120173725095e-02
5.950000000000000000e+01 5.982126317130288806e-02 5.066489325088256723e-02 7.063241029029389273e-02
5.975000000000000000e+01 5.841701941571193074e-02 4.948113137714558324e-02 6.896665582290742447e-02
6.000000000000000000e+01 5.705105045123668589e-02 4.832419785293223802e-02 6.735388277928872069e-02
6.025000000000000000e+01 5.572341273291991220e-02 4.719970929441389546e-02 6.578639514991314885e-02
6.050000000000000000e+01 5.443035144579533302e-02 4.610449327976241796e-02 6.425974883912792535e-02
6.075000000000000000e+01 5.317051667297766765e-02 4.502149311034047557e-02 6.279453762989639642e-02
6.100000000000000000e+01 5.194597867408868447e-02 4.398457501974304545e-02 6.134843178995526281e-02
6.125000000000000000e+01 5.075413793931066175e-02 4.298738817680973490e-02 5.992414583010722412e-02
6.150000000000000000e+01 4.959399319739790646e-02 4.200467838711344215e-02 5.855452905974674327e-02
6.175000000000000000e+01 4.846457528761656530e-02 4.104767928872123106e-02 5.722162856730474839e-02
6.200000000000000000e+01 4.736495675428371854e-02 4.011623115303099285e-02 5.592347695318489881e-02
6.225000000000000000e+01 4.629423317654948050e-02 3.920941084444591607e-02 5.465922540655355349e-02
6.250000000000000000e+01 4.525154648537409868e-02 3.832617441483566340e-02 5.342830299611976697e-02
6.275000000000000000e+01 4.423772159409819493e-02 3.746753943583038676e-02 5.223123912870232533e-02
6.300000000000000000e+01 4.324882318343523102e-02 3.662999954292190524e-02 5.106362899514362008e-02
6.325000000000000000e+01 4.228737277316604176e-02 3.581568305126860141e-02 4.992845992904678537e-02
6.350000000000000000e+01 4.134637417439165213e-02 3.501879183478508878e-02 4.881729402413841068e-02
6.375000000000000000e+01 4.043212408503901734e-02 3.424461519334783682e-02 4.773762674213231222e-02
6.400000000000000000e+01 3.954131983712830256e-02 3.349026533081015528e-02 4.668568490031289875e-02
6.425000000000000000e+01 3.867323777845262101e-02 3.275514080743838208e-02 4.566059810462160667e-02
6.450000000000000000e+01 3.782722332069048815e-02 3.203797652220249925e-02 4.466258420414814106e-02
6.475000000000000000e+01 3.700264665050250618e-02 3.133953602540255623e-02 4.368909156894121987e-02
6.500000000000000000e+01 3.619888424257620280e-02 3.065923538832136461e-02 4.273946182319244419e-02
6.525000000000000000e+01 3.541532568602909908e-02 2.999554542600298135e-02 4.181438529069765597e-02
6.550000000000000000e+01 3.465142012728297805e-02 2.934789976927600769e-02 4.091335074322740434e-02
6.575000000000000000e+01 3.390660521489018142e-02 2.871703422815354012e-02 4.003400448892174140e-02
6.600000000000000000e+01 3.318033700165735206e-02 2.810187460158582173e-02 3.917655954102880478e-02
6.625000000000000000e+01 3.247208731539732995e-02 2.750198726948661909e-02 3.834037316236716536e-02
6.650000000000000000e+01 3.178134890405968221e-02 2.692680934157980904e-02 3.751109629620585223e-02
6.675000000000000000e+01 3.110762403048104516e-02 2.634571318520100361e-02 3.673023637732959062e-02
6.700000000000000000e+01 3.044759983909793924e-02 2.578667386880395540e-02 3.595098540736443860e-02
6.725000000000000000e+01 2.980415137314339560e-02 2.524165726033034476e-02 3.519132796677629932e-02
6.750000000000000000e+01 2.917875720455580246e-02 2.471192920613363847e-02 3.445299089765500866e-02
6.775000000000000000e+01 2.856856366042778012e-02 2.419463454603211841e-02 3.373321585275872864e-02
6.800000000000000000e+01 2.797315046728598292e-02 2.369649195902898825e-02 3.302164507802894666e-02
6.825000000000000000e+01 2.739210356147227590e-02 2.320420226447235043e-02 3.233583852487092319e-02
6.850000000000000000e+01 2.682502960586280807e-02 2.272375760371985950e-02 3.166651510301364547e-02
6.875000000000000000e+01 2.627155707980010843e-02 2.225484479931951615e-02 3.101323408996764508e-02
6.900000000000000000e+01 2.573130485994651676e-02 2.179714293588323401e-02 3.037554287472852763e-02
6.925000000000000000e+01 2.520389488227546548e-02 2.135032306848719599e-02 2.975300725891085254e-02
6.950000000000000000e+01 2.468897432049872373e-02 2.091409458652324430e-02 2.914519920891187749e-02
6.975000000000000000e+01 2.418625384155582286e-02 2.048885762347220363e-02 2.855087802543084669e-02
7.000000000000000000e+01 2.369538255035358310e-02 2.007297655211906506e-02 2.797149454889029038e-02
7.025000000000000000e+01 2.321604798859090019e-02 1.966686864099461904e-02 2.740572960786792980e-02
7.050000000000000000e+01 2.274794775552936230e-02 1.926988036892269412e-02 2.685377994991793027e-02
7.075000000000000000e+01 2.229077802258352253e-02 1.888256231091815437e-02 2.631416100582866999e-02
7.100000000000000000e+01 2.184424643441160857e-02 1.850961734686463328e-02 2.577963084515806289e-02
7.125000000000000000e+01 2.140807196788973091e-02 1.813995140396490457e-02 2.526498198237581150e-02
7.150000000000000000e+01 2.098197940217168267e-02 1.777882586628990944e-02 2.476223474734031565e-02
7.175000000000000000e+01 2.056570442432699083e-02 1.742246643699422309e-02 2.427602314507606995e-02
7.200000000000000000e+01 2.015898854332176873e-02 1.708503845653686765e-02 2.378600552311267366e-02
7.225000000000000000e+01 1.976156875456594811e-02 1.674816671595598383e-02 2.331715502147401961e-02
7.250000000000000000e+01 1.937319589234905159e-02 1.641896174586757878e-02 2.285898005565382973e-02
7.275000000000000000e+01 1.899365730245720571e-02 1.609724647031764502e-02 2.241122532281554156e-02
7.300000000000000000e+01 1.862271942989621523e-02 1.578282368588648440e-02 2.197361421928313921e-02
7.325000000000000000e+01 1.826015986557562309e-02 1.547550560035100380e-02 2.154588334153141257e-02
7.350000000000000000e+01 1.790577396705416227e-02 1.517508089983085097e-02 2.112784396179451588e-02
7.375000000000000000e+01 1.755935762462812466e-02 1.488142967250903788e-02 2.071918135387059573e-02
7.400000000000000000e+01 1.722069690028529831e-02 1.459431491399531058e-02 2.031972062265936796e-02
7.425000000000000000e+01 1.688961725302494388e-02 1.431366549362845381e-02 1.992914890184190393e-02
7.450000000000000000e+01 1.656590705959519461e-02 1.403927117441849774e-02 1.954725949073440189e-02
7.475000000000000000e+01 1.624937865621975050e-02 1.377096694732248341e-02 1.917383926076071665e-02
7.500000000000000000e+01 1.593985286818318595e-02 1.350860372694955361e-02 1.880867294614930671e-02
7.525000000000000000e+01 1.563714665063898127e-02 1.325202009267369835e-02 1.845155332270976070e-02
7.550000000000000000e+01 1.534108837569416774e-02 1.300107105532431404e-02 1.810227723157289276e-02
7.575000000000000000e+01 1.505151284135035697e-02 1.275563046806526581e-02 1.776063044320041334e-02
7.600000000000000000e+01 1.476827113183050953e-02 1.251545056608791527e-02 1.742660650302362696e-02
7.625000000000000000e+01 1.449120205651791699e-02 1.228063581370809725e-02 1.709967954659359288e-02
7.650000000000000000e+01 1.421907371871529262e-02 1.205001166242742131e-02 1.677857773770247835e-02
7.675000000000000000e+01 1.395390610276685435e-02 1.182529344552491098e-02 1.646567980928367175e-02
7.700000000000000000e+01 1.369445939441262666e-02 1.160542373010789267e-02 1.615953216931552416e-02
7.725000000000000000e+01 1.344059364468239495e-02 1.139028034388354059e-02 1.585997465097368359e-02
7.750000000000000000e+01 1.319217218001422255e-02 1.117971431489128524e-02 1.556689213384730187e-02
7.775000000000000000e+01 1.294906096746934084e-02 1.097366201462437151e-02 1.528005689584541714e-02
7.800000000000000000e+01 1.271113263820512762e-02 1.077202298197781592e-02 1.499930822802401573e-02
7.825000000000000000e+01 1.247454031143455273e-02 1.057150357700955244e-02 1.472015355696691848e-02
7.850000000000000000e+01 1.224658713470289963e-02 1.037828207513214786e-02 1.445122568090932182e-02
7.875000000000000000e+01 1.202345290073538603e-02 1.018914639386780778e-02 1.418798141355644832e-02
7.900000000000000000e+01 1.180502004675311120e-02 1.000391408323406638e-02 1.393039735695041081e-02
7.925000000000000000e+01 1.159117526825732651e-02 9.822652479947534265e-03 1.367811234019936789e-02
7.950000000000000000e+01 1.138181039833459710e-02 9.645188861088024521e-03 1.343111159453483014e-02
7.975000000000000000e+01 1.117681844816265264e-02 9.471388361765453387e-03 1.318933041828134617e-02
8.000000000000000000e+01 1.097609686547613463e-02 9.301259303838222900e-03 1.295251518798109375e-02
8.025000000000000000e+01 1.077954291172904602e-02 9.134658118213538278e-03 1.272062335361192828e-02
8.050000000000000000e+01 1.058705581988953794e-02 8.971500492312050809e-03 1.249353450178223787e-02
8.075000000000000000e+01 1.039852785038300302e-02 8.807167861453616201e-03 1.227742937981702968e-02
8.100000000000000000e+01 1.021388171979597213e-02 8.650540815430108818e-03 1.205975233362277521e-02
8.125000000000000000e+01 1.003303068006467652e-02 8.497323654573819829e-03 1.184628345572506097e-02
8.150000000000000000e+01 9.855884389482046093e-03 8.347245113920412699e-03 1.163718757184228729e-02
8.175000000000000000e+01 9.682355272947678476e-03 8.200226513992396951e-03 1.143236756589729314e-02
8.200000000000000000e+01 9.512358368868167185e-03 8.056199269319405318e-03 1.123171842116319798e-02
8.225000000000000000e+01 9.345812204439063117e-03 7.915097423207144087e-03 1.103513969449675461e-02
8.250000000000000000e+01 9.182637943992683072e-03 7.776826604162586851e-03 1.084257678643895696e-02
8.275000000000000000e+01 9.022753054282385554e-03 7.641372680845581744e-03 1.065385449431494221e-02
8.300000000000000000e+01 8.866084821213170153e-03 7.508644767306333137e-03 1.046892781493861772e-02
8.325000000000000000e+01 8.712563997071636618e-03 7.378582670896353078e-03 1.028771713875064123e-02
8.350000000000000000e+01 8.562112710459250653e-03 7.251119470263766610e-03 1.011013187236054975e-02
8.375000000000000000e+01 8.414669602294012896e-03 7.126207258597464476e-03 9.936093906102108284e-03
8.400000000000000000e+01 8.270162436732536593e-03 7.000934155187030217e-03 9.769494358016090826e-03
8.425000000000000000e+01 8.128523434687683763e-03 6.880982269675925585e-03 9.602247272085863775e-03
8.450000000000000000e+01 7.989687470257827995e-03 6.763404718051262317e-03 9.438309332875130866e-03
8.475000000000000000e+01 7.853591151658876474e-03 6.648147325440429897e-03 9.277606370332423455e-03
8.500000000000000000e+01 7.720173652721270575e-03 6.535159671238296303e-03 9.120065036892716429e-03
8.525000000000000000e+01 7.589375329668270748e-03 6.424391786801019952e-03 8.965614147772608608e-03
8.550000000000000000e+01 7.461138419954296136e-03 6.315794587812111928e-03 8.814185728767113051e-03
8.575000000000000000e+01 7.335418058433929370e-03 6.209332936059683457e-03 8.665722815330994394e-03
8.600000000000000000e+01 7.212150624252649210e-03 6.104951491249890547e-03 8.520152322497588984e-03
8.625000000000000000e+01 7.091280165275765449e-03 6.002603486037103378e-03 8.377407319908162370e-03
8.650000000000000000e+01 6.972749901731485796e-03 5.902244141374058360e-03 8.237416146729870450e-03
8.675000000000000000e+01 6.856508095556467126e-03 5.803826654192218402e-03 8.100121879152591062e-03
8.700000000000000000e+01 6.742502879356642234e-03 5.707303707833147506e-03 7.965468004749410788e-03
8.725000000000000000e+01 6.630691422657707633e-03 5.612639182770962423e-03 7.833403735887476890e-03
8.750000000000000000e+01 6.521022702668543593e-03 5.519785586010244813e-03 7.703874802038303271e-03
8.775000000000000000e+01 6.413449575970502081e-03 5.428703059085983502e-03 7.576825443541860931e-03
8.800000000000000000e+01 6.307921343623950662e-03 5.339255569200472562e-03 7.452325733736121435e-03
8.825000000000000000e+01 6.204384350963569258e-03 5.251563735731979571e-03 7.330080545831204990e-03
8.850000000000000000e+01 6.102563418549917899e-03 5.165309849724641217e-03 7.209883116577984509e-03
8.875000000000000000e+01 6.002912992303759999e-03 5.080943556204847895e-03 7.092179630526182152e-03
8.900000000000000000e+01 5.905142206891013379e-03 4.998162087747722720e-03 6.976705411192285662e-03
8.925000000000000000e+01 5.809207383469668605e-03 4.916932616311048797e-03 6.863403072112319279e-03
8.950000000000000000e+01 5.715068271680273995e-03 4.837224104681776479e-03 6.752220828130366115e-03
8.975000000000000000e+01 5.622689114571769765e-03 4.759004170930173500e-03 6.643119388765868737e-03
9.000000000000000000e+01 5.532031287320379916e-03 4.682242025408332210e-03 6.536050464247990591e-03
9.025000000000000000e+01 5.443060780154275816e-03 4.606910024024362012e-03 6.430972279022961063e-03
9.050000000000000000e+01 5.355742614833251293e-03 4.532978083204751256e-03 6.327844174367096286e-03
9.075000000000000000e+01 5.270041763269345779e-03 4.460417294722696276e-03 6.226623733044632514e-03
9.100000000000000000e+01 5.185921895620607645e-03 4.389101244582156898e-03 6.127401581513877184e-03
9.125000000000000000e+01 5.103351295133996997e-03 4.319193569869603580e-03 6.029874331918890981e-03
9.150000000000000000e+01 5.022297433929684071e-03 4.250570669352607585e-03 5.934137666907301004e-03
9.175000000000000000e+01 4.942729326885182857e-03 4.183206328486054407e-03 5.840154962591225657e-03
9.200000000000000000e+01 4.864617126451645061e-03 4.117074893713594530e-03 5.747891500127976123e-03
9.225000000000000000e+01 4.787930103007502838e-03 4.052141467819576036e-03 5.657323381560219744e-03
9.250000000000000000e+01 4.712639550266640651e-03 3.988388284739466209e-03 5.568407573483814300e-03
9.275000000000000000e+01 4.638715383167154975e-03 3.925792207266889412e-03 5.481105282699633673e-03
9.300000000000000000e+01 4.566130172216468358e-03 3.864331298097222183e-03 5.395382316182830568e-03
9.325000000000000000e+01 4.494856066272348918e-03 3.803980044566297909e-03 5.311208476333849522e-03
9.350000000000000000e+01 4.424866849226911404e-03 3.744716521989026152e-03 5.228552420034071786e-03
9.375000000000000000e+01 4.356135197142620499e-03 3.686517575955794174e-03 5.147381903059268342e-03
9.400000000000000000e+01 4.288634698104653448e-03 3.629320638144926340e-03 5.067721870721290066e-03
9.425000000000000000e+01 4.222051433610607592e-03 3.572942939708565694e-03 4.989085638604510292e-03
9.450000000000000000e+01 4.156944836831954516e-03 3.517718571911800009e-03 4.912328835638620460e-03
9.475000000000000000e+01 4.092996602602885781e-03 3.463573879460190175e-03 4.836802035107655787e-03
9.500000000000000000e+01 4.030183381521296876e-03 3.410391461690590736e-03 4.762613990547232522e-03
9.525000000000000000e+01 3.968482544592697933e-03 3.358151315717215150e-03 4.689739152916456467e-03
9.550000000000000000e+01 3.907871750875118420e-03 3.306834184496995621e-03 4.618151612464570406e-03
9.575000000000000000e+01 3.848329359396513577e-03 3.256421733204599694e-03 4.547825825931710308e-03
9.600000000000000000e+01 3.789833598938488913e-03 3.206895761689160067e-03 4.478735754129332079e-03
9.625000000000000000e+01 3.732363890437121433e-03 3.158242606537540586e-03 4.410851839501754058e-03
9.650000000000000000e+01 3.675899529709961491e-03 3.110445296013729030e-03 4.344148848989201790e-03
9.675000000000000000e+01 3.620420408411838698e-03 3.059685825664804678e-03 4.283918245363305469e-03
9.700000000000000000e+01 3.565906866830573663e-03 3.013711704703403351e-03 4.219279423132765196e-03
9.725000000000000000e+01 3.512341331036419184e-03 2.968427437971626892e-03 4.155918203658849966e-03
9.750000000000000000e+01 3.459704163220229944e-03 2.923928590551589952e-03 4.093654316894713985e-03
9.775000000000000000e+01 3.407976789624708128e-03 2.880199231040872585e-03 4.032466113263785679e-03
9.800000000000000000e+01 3.357141189378666946e-03 2.837231648802451388e-03 3.972321741927508157e-03
9.825000000000000000e+01 3.307180268425628355e-03 2.794995038868696661e-03 3.913223879027296660e-03
9.850000000000000000e+01 3.258077086933786407e-03 2.753495162213702441e-03 3.855124370681243650e-03
9.875000000000000000e+01 3.209814522827390826e-03 2.712706683836974952e-03 3.798018168473979352e-03
9.900000000000000000e+01 3.162376221843767911e-03 2.672614423574831265e-03 3.741887823499150979e-03
9.925000000000000000e+01 3.115746130056610847e-03 2.633204599538798048e-03 3.686714639896598606e-03
9.950000000000000000e+01 3.069909936156040714e-03 2.594464645533199262e-03 3.632482343644636430e-03
9.975000000000000000e+01 3.024851447454934058e-03 2.556307872141524214e-03 3.579273990775261316e-03
1.000000000000000000e+02 2.980555716542654821e-03 2.518867718702850859e-03 3.526867375151392092e-03
