5.000000000000000000e-01 7.530662794264064729e+07
7.500000000000000000e-01 1.635940764812058397e+07
1.000000000000000000e+00 4.463425864848693833e+06
1.250000000000000000e+00 1.553952776352007408e+06
1.500000000000000000e+00 6.430019128327640938e+05
1.750000000000000000e+00 3.024515489008016302e+05
2.000000000000000000e+00 1.561721552174385288e+05
2.250000000000000000e+00 8.669328697966180334e+04
2.500000000000000000e+00 5.086687042969854519e+04
2.750000000000000000e+00 3.124666492152888532e+04
3.000000000000000000e+00 1.992225876063773103e+04
3.250000000000000000e+00 1.311009019508681922e+04
3.500000000000000000e+00 8.852396388739400209e+03
3.750000000000000000e+00 6.123235895874357084e+03
4.000000000000000000e+00 4.321346752818240930e+03
4.250000000000000000e+00 3.104014391223100574e+03
4.500000000000000000e+00 2.266532547690870615e+03
4.750000000000000000e+00 1.678493783238879814e+03
5.000000000000000000e+00 1.258742152586494512e+03
5.250000000000000000e+00 9.551940432569034556e+02
5.500000000000000000e+00 7.325413350937677706e+02
5.750000000000000000e+00 5.672509075311869537e+02
6.000000000000000000e+00 4.427895085597956495e+02
6.250000000000000000e+00 3.487188051019973614e+02
6.500000000000000000e+00 2.767480673331576213e+02
6.750000000000000000e+00 2.211408456602307240e+02
7.000000000000000000e+00 1.778407269833188593e+02
7.250000000000000000e+00 1.438431687024064161e+02
7.500000000000000000e+00 1.170673523588444311e+02
7.750000000000000000e+00 9.578500580965055633e+01
8.000000000000000000e+00 7.874659684250279668e+01
8.250000000000000000e+00 6.506009431121388786e+01
8.500000000000000000e+00 5.397873530602615233e+01
8.750000000000000000e+00 4.497201018139390527e+01
9.000000000000000000e+00 3.762095936439781241e+01
9.250000000000000000e+00 3.158907471078466145e+01
9.500000000000000000e+00 2.661916503640164677e+01
9.750000000000000000e+00 2.250664205814756968e+01
1.000000000000000000e+01 1.909005081607942600e+01
1.025000000000000000e+01 1.623691858284444578e+01
1.050000000000000000e+01 1.385366323814362843e+01
1.075000000000000000e+01 1.185323440121708671e+01
1.100000000000000000e+01 1.016861748750468486e+01
1.125000000000000000e+01 8.744905320554783756e+00
1.150000000000000000e+01 7.538616064381218784e+00
1.175000000000000000e+01 6.513319964758689906e+00
1.200000000000000000e+01 5.640407440329864741e+00
1.225000000000000000e+01 4.893208809861130604e+00
1.250000000000000000e+01 4.254828111477676700e+00
1.275000000000000000e+01 3.707059390363616647e+00
1.300000000000000000e+01 3.235833694769448599e+00
1.325000000000000000e+01 2.829094703625654184e+00
1.350000000000000000e+01 2.478333324187317999e+00
1.375000000000000000e+01 2.174611815739230014e+00
1.400000000000000000e+01 1.910888518994506402e+00
1.425000000000000000e+01 1.681834152327978948e+00
1.450000000000000000e+01 1.482573009521177765e+00
1.475000000000000000e+01 1.308834459450810561e+00
1.500000000000000000e+01 1.157018728738332225e+00
1.525000000000000000e+01 1.024191303315452162e+00
1.550000000000000000e+01 9.078343551367205055e-01
1.575000000000000000e+01 8.056437893682402152e-01
1.600000000000000000e+01 7.157663120878519081e-01
1.625000000000000000e+01 6.366503112436663336e-01
1.650000000000000000e+01 5.672371522821114675e-01
1.675000000000000000e+01 5.056703690064998646e-01
1.700000000000000000e+01 4.512637143414877094e-01
1.725000000000000000e+01 4.031584304091812565e-01
1.750000000000000000e+01 3.605152061843666655e-01
1.775000000000000000e+01 3.227385664160446477e-01
1.800000000000000000e+01 2.891176977638911239e-01
1.825000000000000000e+01 2.592589982418963546e-01
1.850000000000000000e+01 2.326828982798127554e-01
1.875000000000000000e+01 2.089940843135904558e-01
1.900000000000000000e+01 1.878930543314083768e-01
1.925000000000000000e+01 1.690765724281168003e-01
1.950000000000000000e+01 1.522462980280525624e-01
1.975000000000000000e+01 1.371837305121647310e-01
2.000000000000000000e+01 1.237274168913620742e-01
2.025000000000000000e+01 1.116653548983680966e-01
2.050000000000000000e+01 1.008358675594928228e-01
2.075000000000000000e+01 9.113223623791300021e-02
2.100000000000000000e+01 8.241657008013125729e-02
2.125000000000000000e+01 7.456900819170804440e-02
2.150000000000000000e+01 6.751707333227238705e-02
2.175000000000000000e+01 6.115818062192958371e-02
2.200000000000000000e+01 5.544661799457190759e-02
2.225000000000000000e+01 5.028532403748508378e-02
2.250000000000000000e+01 4.563218650245277896e-02
2.275000000000000000e+01 4.143677563742488579e-02
2.300000000000000000e+01 3.764787729098503094e-02
2.325000000000000000e+01 3.421534722166796189e-02
2.350000000000000000e+01 3.110753179608817878e-02
2.375000000000000000e+01 2.830446656104488798e-02
2.400000000000000000e+01 2.575800960325036817e-02
2.425000000000000000e+01 2.345786333446215136e-02
2.450000000000000000e+01 2.136976741377990055e-02
2.475000000000000000e+01 1.948446315304062232e-02
2.500000000000000000e+01 1.776765052530535766e-02
2.525000000000000000e+01 1.620387022878726213e-02
2.550000000000000000e+01 1.478488828104035369e-02
2.575000000000000000e+01 1.349810088477332477e-02
2.600000000000000000e+01 1.232618060117233495e-02
2.625000000000000000e+01 1.126295833230119350e-02
2.650000000000000000e+01 1.029530344679409869e-02
2.675000000000000000e+01 9.411998258365628783e-03
2.700000000000000000e+01 8.609410273994569721e-03
2.725000000000000000e+01 7.875021676033214929e-03
2.750000000000000000e+01 7.206612463332574825e-03
2.775000000000000000e+01 6.598286353777207264e-03
2.800000000000000000e+01 6.042627376857759476e-03
2.825000000000000000e+01 5.536733361196048177e-03
2.850000000000000000e+01 5.073104308653452778e-03
2.875000000000000000e+01 4.650046767981566055e-03
2.900000000000000000e+01 4.262891715475635758e-03
2.925000000000000000e+01 3.909008181599493530e-03
2.950000000000000000e+01 3.585542466366923968e-03
2.975000000000000000e+01 3.290153329838441804e-03
3.000000000000000000e+01 3.019288965363285584e-03
3.025000000000000000e+01 2.771222997625267821e-03
3.050000000000000000e+01 2.544626764856952432e-03
3.075000000000000000e+01 2.335818064202663507e-03
3.100000000000000000e+01 2.145693751368938588e-03
3.125000000000000000e+01 1.971505814701797477e-03
3.150000000000000000e+01 1.811771773035202255e-03
3.175000000000000000e+01 1.664952042704726182e-03
3.200000000000000000e+01 1.530651072413520769e-03
3.225000000000000000e+01 1.407272863132202206e-03
3.250000000000000000e+01 1.294324080311947539e-03
3.275000000000000000e+01 1.190403583363103734e-03
3.300000000000000000e+01 1.095100893754534684e-03
3.325000000000000000e+01 1.007673294182405812e-03
3.350000000000000000e+01 9.272936813433698940e-04
3.375000000000000000e+01 8.535075318298856713e-04
3.400000000000000000e+01 7.856993695410209935e-04
3.425000000000000000e+01 7.233805704276739844e-04
3.450000000000000000e+01 6.659664833202303411e-04
3.475000000000000000e+01 6.133420869223642821e-04
3.500000000000000000e+01 5.648276015146533584e-04
3.525000000000000000e+01 5.203245701314689053e-04
3.550000000000000000e+01 4.792822748638967084e-04
3.575000000000000000e+01 4.415769775737326858e-04
3.600000000000000000e+01 4.068211601466189208e-04
3.625000000000000000e+01 3.747425090342842990e-04
3.650000000000000000e+01 3.453192500360164328e-04
3.675000000000000000e+01 3.182595843480373415e-04
3.700000000000000000e+01 2.933405676822864396e-04
3.725000000000000000e+01 2.704105902946748021e-04
3.750000000000000000e+01 2.492880847589796361e-04
3.775000000000000000e+01 2.298646731908383944e-04
3.800000000000000000e+01 2.119123900808939369e-04
3.825000000000000000e+01 1.954060155306289940e-04
3.850000000000000000e+01 1.801693446709933411e-04
3.875000000000000000e+01 1.661548593946584999e-04
3.900000000000000000e+01 1.531554610869024439e-04
3.925000000000000000e+01 1.412676096085584176e-04
3.950000000000000000e+01 1.302682545654214026e-04
3.975000000000000000e+01 1.201547873962433694e-04
4.000000000000000000e+01 1.108249290809362573e-04
4.025000000000000000e+01 1.022073262246333587e-04
4.050000000000000000e+01 9.427871494463857386e-05
4.075000000000000000e+01 8.696813823711139894e-05
4.100000000000000000e+01 8.022755669909852484e-05
4.125000000000000000e+01 7.400187898587830358e-05
4.150000000000000000e+01 6.826598141300374578e-05
4.175000000000000000e+01 6.296911839574488145e-05
4.200000000000000000e+01 5.807594730711753735e-05
4.225000000000000000e+01 5.357602394048378120e-05
4.250000000000000000e+01 4.942092539040680426e-05
4.275000000000000000e+01 4.558799551819790209e-05
4.300000000000000000e+01 4.205464301427629288e-05
4.325000000000000000e+01 3.879519188987256645e-05
4.350000000000000000e+01 3.578563113099307932e-05
4.375000000000000000e+01 3.301188054904349037e-05
4.400000000000000000e+01 3.045151743680910185e-05
4.425000000000000000e+01 2.808686123906931702e-05
4.450000000000000000e+01 2.590688582314382621e-05
4.475000000000000000e+01 2.389336902174799698e-05
4.500000000000000000e+01 2.203647337916158079e-05
4.525000000000000000e+01 2.032184897774935573e-05
4.550000000000000000e+01 1.874053436622552413e-05
4.575000000000000000e+01 1.727842951474607228e-05
4.600000000000000000e+01 1.592702544032660161e-05
4.625000000000000000e+01 1.468665186102192047e-05
4.650000000000000000e+01 1.354197102078149167e-05
4.675000000000000000e+01 1.248743945489743675e-05
4.700000000000000000e+01 1.151075066703248780e-05
4.725000000000000000e+01 1.061212301683710833e-05
4.750000000000000000e+01 9.780089083663939223e-06
4.775000000000000000e+01 9.015463613391609961e-06
4.800000000000000000e+01 8.309544210468030475e-06
4.825000000000000000e+01 7.657608192182146207e-06
4.850000000000000000e+01 7.056512192681531477e-06
4.875000000000000000e+01 6.501732475298176884e-06
4.900000000000000000e+01 5.988603045304454629e-06
4.925000000000000000e+01 5.517096375924708578e-06
4.950000000000000000e+01 5.079720479487872453e-06
4.975000000000000000e+01 4.678407260468200468e-06
5.000000000000000000e+01 4.308102833504738354e-06
5.025000000000000000e+01 3.966660094078168378e-06
5.050000000000000000e+01 3.652094101806761012e-06
5.075000000000000000e+01 3.361625016632159574e-06
5.100000000000000000e+01 3.094073805648477310e-06
5.125000000000000000e+01 2.847497939123216284e-06
5.150000000000000000e+01 2.619986325148868324e-06
5.175000000000000000e+01 2.410557449850221144e-06
5.200000000000000000e+01 2.217936318573354277e-06
5.225000000000000000e+01 2.039971067050733596e-06
5.250000000000000000e+01 1.875555165310177938e-06
5.275000000000000000e+01 1.724841939109138896e-06
5.300000000000000000e+01 1.585849082932851448e-06
5.325000000000000000e+01 1.456630319738609481e-06
5.350000000000000000e+01 1.338293408664308011e-06
5.375000000000000000e+01 1.229538588780334658e-06
5.400000000000000000e+01 1.129656380610562434e-06
5.425000000000000000e+01 1.037672483534301244e-06
5.450000000000000000e+01 9.529250170039809756e-07
5.475000000000000000e+01 8.749582125447076384e-07
5.500000000000000000e+01 8.032367983466361268e-07
5.525000000000000000e+01 7.372946812976679113e-07
5.550000000000000000e+01 6.765037861409425488e-07
5.575000000000000000e+01 6.207340158142189766e-07
5.600000000000000000e+01 5.692427165923385436e-07
5.625000000000000000e+01 5.221491054269308465e-07
5.650000000000000000e+01 4.786674439777814026e-07
5.675000000000000000e+01 4.387304163185977702e-07
5.700000000000000000e+01 4.020447197468857911e-07
5.725000000000000000e+01 3.683854176834138992e-07
5.750000000000000000e+01 3.374962867401294734e-07
5.775000000000000000e+01 3.090323528786189817e-07
5.800000000000000000e+01 2.828816261213192301e-07
5.825000000000000000e+01 2.589118082983304842e-07
5.850000000000000000e+01 2.368964314137211010e-07
5.875000000000000000e+01 2.167462155848805512e-07
5.900000000000000000e+01 1.981957856780889943e-07
5.925000000000000000e+01 1.812056289614606021e-07
5.950000000000000000e+01 1.656250487396533012e-07
5.975000000000000000e+01 1.513527705152445616e-07
6.000000000000000000e+01 1.382359529767384200e-07
6.025000000000000000e+01 1.262810925989077021e-07
6.050000000000000000e+01 1.152751901659008318e-07
6.075000000000000000e+01 1.052170052426586340e-07
6.100000000000000000e+01 9.603235414488388342e-08
6.125000000000000000e+01 8.755201288940134264e-08
6.150000000000000000e+01 7.982485011725346090e-08
6.175000000000000000e+01 7.278103536672150130e-08
6.200000000000000000e+01 6.632651679394413837e-08
6.225000000000000000e+01 6.041361743688834573e-08
6.250000000000000000e+01 5.499762282527244500e-08
6.275000000000000000e+01 5.006320094691952651e-08
6.300000000000000000e+01 4.554335257657173322e-08
6.325000000000000000e+01 4.141856525653187445e-08
6.350000000000000000e+01 3.765973478306216925e-08
6.375000000000000000e+01 3.422129507635910426e-08
6.400000000000000000e+01 3.109879222765312699e-08
6.425000000000000000e+01 2.824040413320381216e-08
6.450000000000000000e+01 2.564489227311783390e-08
6.475000000000000000e+01 2.327142525075139214e-08
6.500000000000000000e+01 2.111970843851431304e-08
6.525000000000000000e+01 1.914514777481530289e-08
6.550000000000000000e+01 1.734853609869258287e-08
6.575000000000000000e+01 1.571868344700846410e-08
6.600000000000000000e+01 1.423243179256612452e-08
6.625000000000000000e+01 1.288179248945683781e-08
6.650000000000000000e+01 1.165080486914017296e-08
6.675000000000000000e+01 1.052857229083791807e-08
6.700000000000000000e+01 9.519078821421542028e-09
6.725000000000000000e+01 8.599580444713920837e-09
6.750000000000000000e+01 7.766655399830939504e-09
6.775000000000000000e+01 7.009664950413421865e-09
6.800000000000000000e+01 6.322205424471322419e-09
6.825000000000000000e+01 5.699804359791572911e-09
6.850000000000000000e+01 5.135781557507773618e-09
6.875000000000000000e+01 4.624578746355536296e-09
6.900000000000000000e+01 4.160987080689482689e-09
6.925000000000000000e+01 3.741885625218668546e-09
6.950000000000000000e+01 3.363773353011877613e-09
6.975000000000000000e+01 3.023091099977246836e-09
7.000000000000000000e+01 2.713579058336036037e-09
7.025000000000000000e+01 2.435521916461254911e-09
7.050000000000000000e+01 2.185111107702021015e-09
7.075000000000000000e+01 1.957562614657094527e-09
7.100000000000000000e+01 1.754240217239049457e-09
7.125000000000000000e+01 1.570290399614521309e-09
7.150000000000000000e+01 1.404583681981453232e-09
7.175000000000000000e+01 1.254994806277345358e-09
7.200000000000000000e+01 1.121204925303892440e-09
7.225000000000000000e+01 1.001398260828923667e-09
7.250000000000000000e+01 8.930325941464865543e-10
7.275000000000000000e+01 7.960784300261613873e-10
7.300000000000000000e+01 7.090862606544622667e-10
7.325000000000000000e+01 6.312365278695965743e-10
7.350000000000000000e+01 5.613641774334496606e-10
7.375000000000000000e+01 4.986507441807633605e-10
7.400000000000000000e+01 4.428558759649904921e-10
7.425000000000000000e+01 3.931261006040135530e-10
7.450000000000000000e+01 3.483995252592545443e-10
7.475000000000000000e+01 3.084741986159188671e-10
7.500000000000000000e+01 2.730014988684854236e-10
7.525000000000000000e+01 2.412706727801409298e-10
7.550000000000000000e+01 2.130553529397717758e-10
7.575000000000000000e+01 1.880562012179790411e-10
7.600000000000000000e+01 1.657481860898420211e-10
7.625000000000000000e+01 1.459776594528385744e-10
7.650000000000000000e+01 1.284635271321485283e-10
7.675000000000000000e+01 1.129568218674485632e-10
7.700000000000000000e+01 9.919142892586082253e-11
7.725000000000000000e+01 8.698649894680248000e-11
7.750000000000000000e+01 7.622081277362861635e-11
7.775000000000000000e+01 6.668823442012856757e-11
7.800000000000000000e+01 5.829623697876741174e-11
7.825000000000000000e+01 5.091788568586092544e-11
7.850000000000000000e+01 4.442075632160829104e-11
7.875000000000000000e+01 3.869159266069574041e-11
7.900000000000000000e+01 3.367516669183513150e-11
7.925000000000000000e+01 2.925782083021568628e-11
7.950000000000000000e+01 2.539552170089916854e-11
7.975000000000000000e+01 2.200633798453688209e-11
8.000000000000000000e+01 1.905012730085364775e-11
8.025000000000000000e+01 1.646434677417126840e-11
8.050000000000000000e+01 1.420590940272010515e-11
8.075000000000000000e+01 1.224746677145236318e-11
8.100000000000000000e+01 1.053838636531397495e-11
8.125000000000000000e+01 9.056269830276081107e-12
8.150000000000000000e+01 7.768534920824212366e-12
8.175000000000000000e+01 6.657703543540799663e-12
8.200000000000000000e+01 5.689677980724332266e-12
8.225000000000000000e+01 4.857637855151325284e-12
8.250000000000000000e+01 4.140997172802167592e-12
8.275000000000000000e+01 3.524135091708158943e-12
8.300000000000000000e+01 2.991702036780576050e-12
8.325000000000000000e+01 2.535669949790477948e-12
8.350000000000000000e+01 2.144804918922076712e-12
8.375000000000000000e+01 1.810683833877078274e-12
8.400000000000000000e+01 1.525605924877250183e-12
8.425000000000000000e+01 1.282411897883942414e-12
8.450000000000000000e+01 1.076027593527122520e-12
8.475000000000000000e+01 9.009589279012169656e-13
8.500000000000000000e+01 7.525726728189833423e-13
8.525000000000000000e+01 6.269833110899359604e-13
8.550000000000000000e+01 5.210695315381285069e-13
8.575000000000000000e+01 4.320732713482655488e-13
8.600000000000000000e+01 3.573407925610290192e-13
8.625000000000000000e+01 2.948199145396995066e-13
8.650000000000000000e+01 2.425171368286167900e-13
8.675000000000000000e+01 1.989621852207380705e-13
8.700000000000000000e+01 1.627494512843910886e-13
8.725000000000000000e+01 1.327213681940391789e-13
8.750000000000000000e+01 1.078958335033670560e-13
8.775000000000000000e+01 8.744668957658944695e-14
8.800000000000000000e+01 7.063227424612559196e-14
8.825000000000000000e+01 5.685555086494278128e-14
8.850000000000000000e+01 4.560167252157277847e-14
8.875000000000000000e+01 3.646997534525382259e-14
8.900000000000000000e+01 2.902347637636455137e-14
8.925000000000000000e+01 2.301815440413967729e-14
8.950000000000000000e+01 1.818222831660251564e-14
8.975000000000000000e+01 1.430809396953617367e-14
9.000000000000000000e+01 1.119907727893103612e-14
9.025000000000000000e+01 8.729323962541551762e-15
9.050000000000000000e+01 6.772264805270051587e-15
9.075000000000000000e+01 5.231483031906062884e-15
9.100000000000000000e+01 4.017206002670407349e-15
9.125000000000000000e+01 3.068808170524421515e-15
9.150000000000000000e+01 2.330543983835800923e-15
9.175000000000000000e+01 1.760123530132478981e-15
9.200000000000000000e+01 1.321379818111461885e-15
9.225000000000000000e+01 9.858288632948957848e-16
9.250000000000000000e+01 7.303584933608307314e-16
9.275000000000000000e+01 5.370554743027087082e-16
9.300000000000000000e+01 3.919640053537268390e-16
9.325000000000000000e+01 2.836228100797404749e-16
9.350000000000000000e+01 2.038717727944811092e-16
9.375000000000000000e+01 1.453207305838225743e-16
9.400000000000000000e+01 1.024788193495228558e-16
9.425000000000000000e+01 7.154902792329446797e-17
9.450000000000000000e+01 4.934376290650293175e-17
9.475000000000000000e+01 3.369106691348426877e-17
