5.000000000000000000e-01 3.392993872405092716e+08
7.500000000000000000e-01 3.286990990943339095e+07
1.000000000000000000e+00 6.327590401118622161e+06
1.250000000000000000e+00 1.731279307515981141e+06
1.500000000000000000e+00 5.877504925445145927e+05
1.750000000000000000e+00 2.308091643025676894e+05
2.000000000000000000e+00 1.008032132339135569e+05
2.250000000000000000e+00 4.771605323815463635e+04
2.500000000000000000e+00 2.404431917140394580e+04
2.750000000000000000e+00 1.273986457365164097e+04
3.000000000000000000e+00 7.031521762025677162e+03
3.250000000000000000e+00 4.015902410324883476e+03
3.500000000000000000e+00 2.359689424110801610e+03
3.750000000000000000e+00 1.421137635438032703e+03
4.000000000000000000e+00 8.745313845385129525e+02
4.250000000000000000e+00 5.471504189322331513e+02
4.500000000000000000e+00 3.479607286530990677e+02
4.750000000000000000e+00 2.242465480512029785e+02
5.000000000000000000e+00 1.461366977601396400e+02
5.250000000000000000e+00 9.620230562227881421e+01
5.500000000000000000e+00 6.387820743201272222e+01
5.750000000000000000e+00 4.273768272420934267e+01
6.000000000000000000e+00 2.878070398540284458e+01
6.250000000000000000e+00 1.948468988471667274e+01
6.500000000000000000e+00 1.324914726467902959e+01
6.750000000000000000e+00 9.046382879340230332e+00
7.000000000000000000e+00 6.195154929317317816e+00
7.250000000000000000e+00 4.252379780050680402e+00
7.500000000000000000e+00 2.922038481437073454e+00
7.750000000000000000e+00 2.010980591438459530e+00
8.000000000000000000e+00 1.383908362795645441e+00
8.250000000000000000e+00 9.527359424971151292e-01
8.500000000000000000e+00 6.556170427339812479e-01
8.750000000000000000e+00 4.508279657224167347e-01
9.000000000000000000e+00 3.095595913569622049e-01
9.250000000000000000e+00 2.121725738898713465e-01
9.500000000000000000e+00 1.450795329021454805e-01
9.750000000000000000e+00 9.902937880547123262e-02
1.000000000000000000e+01 6.734250705973564288e-02
1.025000000000000000e+01 4.565980330455370051e-02
1.050000000000000000e+01 3.083231452392523608e-02
1.075000000000000000e+01 2.071900764629180589e-02
1.100000000000000000e+01 1.386293076875433003e-02
1.125000000000000000e+01 9.228694403634506854e-03
1.150000000000000000e+01 6.105569707803113789e-03
1.175000000000000000e+01 4.014262684331630637e-03
1.200000000000000000e+01 2.619519138781325248e-03
1.225000000000000000e+01 1.695877950787367389e-03
1.250000000000000000e+01 1.088159399139155973e-03
1.275000000000000000e+01 6.917090085726873604e-04
1.300000000000000000e+01 4.349212228743052798e-04
1.325000000000000000e+01 2.704902794353230460e-04
1.350000000000000000e+01 1.660797406116258396e-04
1.375000000000000000e+01 1.004855493785877855e-04
1.400000000000000000e+01 5.990949118780298800e-05
1.425000000000000000e+01 3.508694382836194441e-05
1.450000000000000000e+01 2.016698141522851024e-05
1.475000000000000000e+01 1.134615961488461424e-05
1.500000000000000000e+01 6.232736195882864730e-06
1.525000000000000000e+01 3.333841542513742299e-06
1.550000000000000000e+01 1.730608586319200782e-06
1.575000000000000000e+01 8.682122068802693805e-07
1.600000000000000000e+01 4.189917859773089290e-07
1.625000000000000000e+01 1.934853406178770021e-07
1.650000000000000000e+01 8.488362013915600442e-08
1.675000000000000000e+01 3.508443191963435811e-08
1.700000000000000000e+01 1.352279904506371469e-08
1.725000000000000000e+01 4.798760973975133128e-09
1.750000000000000000e+01 1.542396453563328513e-09
1.775000000000000000e+01 4.396151813051970304e-10
1.800000000000000000e+01 1.081895487277410961e-10
1.825000000000000000e+01 2.213444036275540105e-11
1.850000000000000000e+01 3.566724972203599634e-12
1.875000000000000000e+01 4.160563862484584474e-13
1.900000000000000000e+01 3.009052751076834020e-14
1.925000000000000000e+01 9.434122199361715631e-16
