5.000000000000000000e-01 3.972340001805849075e+08 1.055307761842350066e+08 1.495249600211331844e+09
7.500000000000000000e-01 1.085684235992421359e+08 3.708350028190096468e+07 3.178530212418299913e+08
1.000000000000000000e+00 3.549775133615515381e+07 1.414571228644734807e+07 8.907931424073751271e+07
1.250000000000000000e+00 1.382403682416373119e+07 6.120915024856208824e+06 3.122147478600623459e+07
1.500000000000000000e+00 6.140319794462669641e+06 2.936271528978073504e+06 1.284061327645411901e+07
1.750000000000000000e+00 3.101407443504854571e+06 1.572961718278411543e+06 6.115042736802841537e+06
2.000000000000000000e+00 1.715219125719401520e+06 9.113439714673261624e+05 3.228173709754006937e+06
2.250000000000000000e+00 1.010678390684603248e+06 5.576556551657591481e+05 1.831723214737586910e+06
2.500000000000000000e+00 6.261057448798598489e+05 3.564294877679665806e+05 1.099820349394770572e+06
2.750000000000000000e+00 4.039971974213675130e+05 2.361205313786125334e+05 6.912305955411002506e+05
3.000000000000000000e+00 2.709580245938164298e+05 1.619635376891201013e+05 4.533011080105290748e+05
3.250000000000000000e+00 1.875190496078655415e+05 1.142862012837335642e+05 3.076783861118846107e+05
3.500000000000000000e+00 1.330729769532091741e+05 8.248963397262379294e+04 2.146744547450206010e+05
3.750000000000000000e+00 9.663786459895818552e+04 6.080495289234918164e+04 1.535874370428407274e+05
4.000000000000000000e+00 7.145074051565126865e+04 4.249781905156654102e+04 1.201287132885644678e+05
4.250000000000000000e+00 5.379816689680964919e+04 3.252074058368151236e+04 8.899682816292563803e+04
4.500000000000000000e+00 4.113432159340756334e+04 2.531677919417956946e+04 6.683442628985289775e+04
4.750000000000000000e+00 3.187869908888571445e+04 1.992961924989834006e+04 5.099201559532587271e+04
5.000000000000000000e+00 2.501183664807810783e+04 1.590149300935198698e+04 3.934171289087257173e+04
5.250000000000000000e+00 1.984449599454351846e+04 1.282334245185158761e+04 3.070993563153198193e+04
5.500000000000000000e+00 1.589156633668927861e+04 1.042876159783237563e+04 2.421590313138301281e+04
5.750000000000000000e+00 1.284730300592503409e+04 8.546497551878970626e+03 1.931237837770901024e+04
6.000000000000000000e+00 1.047981986567804415e+04 7.069639134795454083e+03 1.553496894580005937e+04
6.250000000000000000e+00 8.606300335954500042e+03 5.878175760733187417e+03 1.260057686050067423e+04
6.500000000000000000e+00 7.125209584441892730e+03 4.927109393406616618e+03 1.030393432915461563e+04
6.750000000000000000e+00 5.938207249423773646e+03 4.153824955069401767e+03 8.489116830518896677e+03
7.000000000000000000e+00 4.979416169184912178e+03 3.519445962210991638e+03 7.045025169348999952e+03
7.250000000000000000e+00 4.196500945677417803e+03 2.993380164666975361e+03 5.883188642372362665e+03
7.500000000000000000e+00 3.558310159982821915e+03 2.559461897227654845e+03 4.946966082343977178e+03
7.750000000000000000e+00 3.032966082377169641e+03 2.198821417000862311e+03 4.183551781752864372e+03
8.000000000000000000e+00 2.601491151862919196e+03 1.900177361726477557e+03 3.561644480950956222e+03
8.250000000000000000e+00 2.236449196612912147e+03 1.642437427707334336e+03 3.045294100495737894e+03
8.500000000000000000e+00 1.931861443425397283e+03 1.427215183544811453e+03 2.614944599541166554e+03
8.750000000000000000e+00 1.675143792377776663e+03 1.244630762050901694e+03 2.254569636795653878e+03
9.000000000000000000e+00 1.458050155437582816e+03 1.089768202638608727e+03 1.950791233056887449e+03
9.250000000000000000e+00 1.273548077580556310e+03 9.565876646336528211e+02 1.695531696543759836e+03
9.500000000000000000e+00 1.116142367963133665e+03 8.430090232180895100e+02 1.477770404884581012e+03
9.750000000000000000e+00 9.813257837160398367e+02 7.452968358519144658e+02 1.292103021858584043e+03
1.000000000000000000e+01 8.654083956959229909e+02 6.605940081833969089e+02 1.133724620664542272e+03
1.025000000000000000e+01 7.653719802563252870e+02 5.870525211660569767e+02 9.978566602489520392e+02
1.050000000000000000e+01 6.787537850378507756e+02 5.229511108242516002e+02 8.809747052206546414e+02
1.075000000000000000e+01 6.035154453041012630e+02 4.668064787221346137e+02 7.802610060547492594e+02
1.100000000000000000e+01 5.379698291306177680e+02 4.176550822777499548e+02 6.929438891931426951e+02
1.125000000000000000e+01 4.804781662612090827e+02 3.747065695248996349e+02 6.161068073784953185e+02
1.150000000000000000e+01 4.303107550226822582e+02 3.367224942676091928e+02 5.499108287699652919e+02
1.175000000000000000e+01 3.862368186752153747e+02 3.032056060138996827e+02 4.920056791216204033e+02
1.200000000000000000e+01 3.474249851925314374e+02 2.735926795755412968e+02 4.411818347014772712e+02
1.225000000000000000e+01 3.131506631797309410e+02 2.473182733271335110e+02 3.965066411416947290e+02
1.250000000000000000e+01 2.828127448946345339e+02 2.239941548944338194e+02 3.570764992172801726e+02
1.275000000000000000e+01 2.558944816419488859e+02 2.031932527716995480e+02 3.222645675561622056e+02
1.300000000000000000e+01 2.319575427438684869e+02 1.846275264583800606e+02 2.914208009383827971e+02
1.325000000000000000e+01 2.106286140231050581e+02 1.681581482057921164e+02 2.638255328014254815e+02
1.350000000000000000e+01 1.915758441947541542e+02 1.533208480521295769e+02 2.393758223047015861e+02
1.375000000000000000e+01 1.745265978431099541e+02 1.400081323626306187e+02 2.175554579629586271e+02
1.400000000000000000e+01 1.591960859863935411e+02 1.279997786898552192e+02 1.979956063423711896e+02
1.425000000000000000e+01 1.454779674018073479e+02 1.172002563224753686e+02 1.805784361181704583e+02
1.450000000000000000e+01 1.331360487912746180e+02 1.074595907814505438e+02 1.649476548240526483e+02
1.475000000000000000e+01 1.220133203729767928e+02 9.867211967880490420e+01 1.508759556083247446e+02
1.500000000000000000e+01 1.119730863415250184e+02 9.073957536807608903e+01 1.381753442639286789e+02
1.525000000000000000e+01 1.028944856444320379e+02 8.363436758347275202e+01 1.265900069784758699e+02
1.550000000000000000e+01 9.462030850540953963e+01 7.701733044967599540e+01 1.162465996858833250e+02
1.575000000000000000e+01 8.716845392118447933e+01 7.103941863898185716e+01 1.069594811526256279e+02
1.600000000000000000e+01 8.040012780809641413e+01 6.560913109628596374e+01 9.852562354577754888e+01
1.625000000000000000e+01 7.424361707281768474e+01 6.064951067539486473e+01 9.088473451264655978e+01
1.650000000000000000e+01 6.863632669878197134e+01 5.613593806972252054e+01 8.392031031619700343e+01
1.675000000000000000e+01 6.352232630257878299e+01 5.200580964276838358e+01 7.758913795609731778e+01
1.700000000000000000e+01 5.885193200430720850e+01 4.823711920780896634e+01 7.180258600681308678e+01
1.725000000000000000e+01 5.458143773793664622e+01 4.478864130986011105e+01 6.651537663153906976e+01
1.750000000000000000e+01 5.067193714531930482e+01 4.162672230564993470e+01 6.168261808378527178e+01
1.775000000000000000e+01 4.708841114680289763e+01 3.872373821103072800e+01 5.725992806393708889e+01
1.800000000000000000e+01 4.380012852601306150e+01 3.603647868358589790e+01 5.323636850703424273e+01
1.825000000000000000e+01 4.077910052142502906e+01 3.358290145260001225e+01 4.951731290054276968e+01
1.850000000000000000e+01 3.800092634613431386e+01 3.134551330231650823e+01 4.606944506656411420e+01
1.875000000000000000e+01 3.544334402524305005e+01 2.926248722451780182e+01 4.292972863356569491e+01
1.900000000000000000e+01 3.308629527316168151e+01 2.734937920800290101e+01 4.002660998544756410e+01
1.925000000000000000e+01 3.091173798510645199e+01 2.557186759718313951e+01 3.736667029220539860e+01
1.950000000000000000e+01 2.890373797643229636e+01 2.392978146826622776e+01 3.491156282050172877e+01
1.975000000000000000e+01 2.704721135508730256e+01 2.240960161978129150e+01 3.264456256290660008e+01
2.000000000000000000e+01 2.532940791064731911e+01 2.100167419235078370e+01 3.054894096669866599e+01
2.025000000000000000e+01 2.373875101433208101e+01 1.970664182855460211e+01 2.859585639314300209e+01
2.050000000000000000e+01 2.225377015978386552e+01 1.848653382032279424e+01 2.678870420695444210e+01
2.075000000000000000e+01 2.088684519047967925e+01 1.736204674834193895e+01 2.512723922095916507e+01
2.100000000000000000e+01 1.961759194271496298e+01 1.631580320992846467e+01 2.358755549323412026e+01
2.125000000000000000e+01 1.843822696055016763e+01 1.534345470197509265e+01 2.215721426837441754e+01
2.150000000000000000e+01 1.734226174248232155e+01 1.443506786597830427e+01 2.083495866712248556e+01
2.175000000000000000e+01 1.632147990380904190e+01 1.359244710252399813e+01 1.959843611979008671e+01
2.200000000000000000e+01 1.537082019265198696e+01 1.281452922467196665e+01 1.843704979344537875e+01
2.225000000000000000e+01 1.448462752053446678e+01 1.208111062507996714e+01 1.736632011075850102e+01
2.250000000000000000e+01 1.365812082409920869e+01 1.139676996926187336e+01 1.636816966112497695e+01
2.275000000000000000e+01 1.288652062843140023e+01 1.075760755928120282e+01 1.543674213730881739e+01
2.300000000000000000e+01 1.216575429495751415e+01 1.015994853259927133e+01 1.456755190150674828e+01
2.325000000000000000e+01 1.149188973337089337e+01 9.601154689199253411e+00 1.375496322255063930e+01
2.350000000000000000e+01 1.086163146970609006e+01 9.073585319345163214e+00 1.300203106397018971e+01
2.375000000000000000e+01 1.027166286657235794e+01 8.584078628291905488e+00 1.229101719744098808e+01
2.400000000000000000e+01 9.719050364515478435e+00 8.125650529517573162e+00 1.162490801749956937e+01
2.425000000000000000e+01 9.201228889774377251e+00 7.699515479872745871e+00 1.099583646572756557e+01
2.450000000000000000e+01 8.715441410388697463e+00 7.296018110430383175e+00 1.041101020148610878e+01
2.475000000000000000e+01 8.259603722074803756e+00 6.917162029269584345e+00 9.862578519490851292e+00
2.500000000000000000e+01 7.831568045981923021e+00 6.561109526086116972e+00 9.348031428981832036e+00
2.525000000000000000e+01 7.429404291820159045e+00 6.226392496935953424e+00 8.864852024423150567e+00
2.550000000000000000e+01 7.051291989170179519e+00 5.911564432672125946e+00 8.410754764295269581e+00
2.575000000000000000e+01 6.695554299110042074e+00 5.621702014135737002e+00 7.974532847811047986e+00
2.600000000000000000e+01 6.360760870296940261e+00 5.341746003239923546e+00 7.574167477180862917e+00
2.625000000000000000e+01 6.045475685595290471e+00 5.078222266909400595e+00 7.196962705487639056e+00
2.650000000000000000e+01 5.748392680937629784e+00 4.829859229442908131e+00 6.841611079018697694e+00
2.675000000000000000e+01 5.468359348852610324e+00 4.595758543840729793e+00 6.506641652934511022e+00
2.700000000000000000e+01 5.204189872742496448e+00 4.374699490309749805e+00 6.190960611476860720e+00
2.725000000000000000e+01 4.954862956485202474e+00 4.165998647330201088e+00 5.893104870133043960e+00
2.750000000000000000e+01 4.719480276274476083e+00 3.968993697145209776e+00 5.611874388756154630e+00
2.775000000000000000e+01 4.497159494311985917e+00 3.782811454203779622e+00 5.346405381850402705e+00
2.800000000000000000e+01 4.287019195679112826e+00 3.606835274513658707e+00 5.095473506646162498e+00
2.825000000000000000e+01 4.086789243526079751e+00 3.439945985656343908e+00 4.855264120611982648e+00
2.850000000000000000e+01 3.898900382073219539e+00 3.282456149449139104e+00 4.631112647729291432e+00
2.875000000000000000e+01 3.721071307472290091e+00 3.133352985983665295e+00 4.419027073308401832e+00
2.900000000000000000e+01 3.552686006924216766e+00 2.992152430755578685e+00 4.218226897153074972e+00
2.925000000000000000e+01 3.393182815064795133e+00 2.858382843238831406e+00 4.028043214604834610e+00
2.950000000000000000e+01 3.242017462812231354e+00 2.731626475060389136e+00 3.847772499330126550e+00
2.975000000000000000e+01 3.098696133990153978e+00 2.611336226586662868e+00 3.677013183153519993e+00
3.000000000000000000e+01 2.962762094260108281e+00 2.497282651505483120e+00 3.515004287517379478e+00
3.025000000000000000e+01 2.833778154513736602e+00 2.388966450869842273e+00 3.361411218678011181e+00
3.050000000000000000e+01 2.711328681900081694e+00 2.286070775701038560e+00 3.215693625688254897e+00
3.075000000000000000e+01 2.595050397457266733e+00 2.188420812421653316e+00 3.077235661038665082e+00
3.100000000000000000e+01 2.484582672568337092e+00 2.095648039184916378e+00 2.945700299573116077e+00
3.125000000000000000e+01 2.379598562782251125e+00 2.007451549137406754e+00 2.820735236388894229e+00
3.150000000000000000e+01 2.279782660527342575e+00 1.923595929187152942e+00 2.701923465515639222e+00
3.175000000000000000e+01 2.184677825688168706e+00 1.844324895921088059e+00 2.587839709049720494e+00
3.200000000000000000e+01 2.094356663384104422e+00 1.768370553539566403e+00 2.480435915810592640e+00
3.225000000000000000e+01 2.008391397067379014e+00 1.696063359659072178e+00 2.378234268692099196e+00
3.250000000000000000e+01 1.926539328836099019e+00 1.627197969118662879e+00 2.280947896931392105e+00
3.275000000000000000e+01 1.848574012090358654e+00 1.561526167399424958e+00 2.188388481421937204e+00
3.300000000000000000e+01 1.774285124023069038e+00 1.498975046873997075e+00 2.100160178046101667e+00
3.325000000000000000e+01 1.703475520722478098e+00 1.442238239270086098e+00 2.012031556706836088e+00
3.350000000000000000e+01 1.635927786756635971e+00 1.386593709675330022e+00 1.930096541480135208e+00
3.375000000000000000e+01 1.571577680145513911e+00 1.332216115565946657e+00 1.853945749396914255e+00
3.400000000000000000e+01 1.510133553464605427e+00 1.280293636490323017e+00 1.781234620169787286e+00
3.425000000000000000e+01 1.451488050946604602e+00 1.230735145886296067e+00 1.711836676707220395e+00
3.450000000000000000e+01 1.395499923499019079e+00 1.183425862088964831e+00 1.645578399857015706e+00
3.475000000000000000e+01 1.342027628514489646e+00 1.138233634696971697e+00 1.582309730440982554e+00
3.500000000000000000e+01 1.290432591975731791e+00 1.094616165894651827e+00 1.521278715148693950e+00
3.525000000000000000e+01 1.240988132011409339e+00 1.052806226997352823e+00 1.462806264155046110e+00
3.550000000000000000e+01 1.194371588791430794e+00 1.013378709976318959e+00 1.407690410375310064e+00
3.575000000000000000e+01 1.149293217608469142e+00 9.752433475909638716e-01 1.354405444860136365e+00
3.600000000000000000e+01 1.106671111283093589e+00 9.391778443523031150e-01 1.304035179187150506e+00
3.625000000000000000e+01 1.065889985520612315e+00 9.046628033292725135e-01 1.255850751298784207e+00
3.650000000000000000e+01 1.026858208607167589e+00 8.716150263442954405e-01 1.209751723770087217e+00
3.675000000000000000e+01 9.894907091291973433e-01 8.399718913182606661e-01 1.165624556693682701e+00
3.700000000000000000e+01 9.536824846824204505e-01 8.096494584724396315e-01 1.123338343616016477e+00
3.725000000000000000e+01 9.194054976905536858e-01 7.800747325927979148e-01 1.083622419577674023e+00
3.750000000000000000e+01 8.862861343184512686e-01 7.520379365842568831e-01 1.044499318016967715e+00
3.775000000000000000e+01 8.548199724783978048e-01 7.250791014027646586e-01 1.007775819126901284e+00
3.800000000000000000e+01 8.246528003922842798e-01 6.998322714303504277e-01 9.717360415588061073e-01
3.825000000000000000e+01 7.957248925002443629e-01 6.753364211570369591e-01 9.375743477002428383e-01
3.850000000000000000e+01 7.679459470028748846e-01 6.518081318235363630e-01 9.047769561699829932e-01
3.875000000000000000e+01 7.413215689730542346e-01 6.292425642304094735e-01 8.733637866611952960e-01
3.900000000000000000e+01 7.157659602998632797e-01 6.075908789981310232e-01 8.432004620753390522e-01
3.925000000000000000e+01 6.912643974565230165e-01 5.868259558853382574e-01 8.142899311091443826e-01
3.950000000000000000e+01 6.676858386355659647e-01 5.668436933700156111e-01 7.864679175736610794e-01
3.975000000000000000e+01 6.450699812154244706e-01 5.476754358678874723e-01 7.597844515444821534e-01
4.000000000000000000e+01 6.233464092519169775e-01 5.292601123140940889e-01 7.341583786247309895e-01
4.025000000000000000e+01 6.024744896063900512e-01 5.115655040189126535e-01 7.095386764254162371e-01
4.050000000000000000e+01 5.824160925450042603e-01 4.945586961904888113e-01 6.858811855261327528e-01
4.075000000000000000e+01 5.631352577370931645e-01 4.782072469742122411e-01 6.631461997139567188e-01
4.100000000000000000e+01 5.445987720863212367e-01 4.624853629921459874e-01 6.412912630122860058e-01
4.125000000000000000e+01 5.267729007239508876e-01 4.473774748967168091e-01 6.202585165942645640e-01
4.150000000000000000e+01 5.096261369723381618e-01 4.328282197199395109e-01 6.000505227071349923e-01
4.175000000000000000e+01 4.930742494494960715e-01 4.191983270819067409e-01 5.799694315637868858e-01
4.200000000000000000e+01 4.772011619278099803e-01 4.057161370464571482e-01 5.612814678829902704e-01
4.225000000000000000e+01 4.619229534050367514e-01 3.924740811406652319e-01 5.436609068866322669e-01
4.250000000000000000e+01 4.472131068963288159e-01 3.799878389708962190e-01 5.263314834535677278e-01
4.275000000000000000e+01 4.330495580656787968e-01 3.678089141117638627e-01 5.098623566363470472e-01
4.300000000000000000e+01 4.194073083207692232e-01 3.562330219594678216e-01 4.937849088366854100e-01
4.325000000000000000e+01 4.062647034792662426e-01 3.450815167466463329e-01 4.782957106748608744e-01
4.350000000000000000e+01 3.936010846615407566e-01 3.343347965889458817e-01 4.633732875768024062e-01
4.375000000000000000e+01 3.813961533397883241e-01 3.239681404559398015e-01 4.490041075572075990e-01
4.400000000000000000e+01 3.696316784087578244e-01 3.139821498698302515e-01 4.351444110434877222e-01
4.425000000000000000e+01 3.582895281719040703e-01 3.043509457633290505e-01 4.217873733747831144e-01
4.450000000000000000e+01 3.473526659090401814e-01 2.950739771455649363e-01 4.088936465400224152e-01
4.475000000000000000e+01 3.368049627423187475e-01 2.862322493474809826e-01 3.963130750866002971e-01
4.500000000000000000e+01 3.266309472531683800e-01 2.775909285853000452e-01 3.843345178721080391e-01
4.525000000000000000e+01 3.167281729377236510e-01 2.691757951739362498e-01 3.726811152081703216e-01
4.550000000000000000e+01 3.072570237034153995e-01 2.611329697626637580e-01 3.615279935769308284e-01
4.575000000000000000e+01 2.981153982653731993e-01 2.533711782479783903e-01 3.507612479740725431e-01
4.600000000000000000e+01 2.892899922436557025e-01 2.458755576221513250e-01 3.403701466777872553e-01
4.625000000000000000e+01 2.807685595695369463e-01 2.386391555539194853e-01 3.303354969546944409e-01
4.650000000000000000e+01 2.725394946453489897e-01 2.316507972630638401e-01 3.206454586780117522e-01
4.675000000000000000e+01 2.645909382477534821e-01 2.248988721177682948e-01 3.112881978624001955e-01
4.700000000000000000e+01 2.569118006166771218e-01 2.183778044863644852e-01 3.022453378508277999e-01
4.725000000000000000e+01 2.494917939606206836e-01 2.120764588478588064e-01 2.935080847343998767e-01
4.750000000000000000e+01 2.423216609946915456e-01 2.059867446558943938e-01 2.850658545301978930e-01
4.775000000000000000e+01 2.353905686142732934e-01 2.000991973794789547e-01 2.769062570874324947e-01
4.800000000000000000e+01 2.286344348008294003e-01 1.943600402513404046e-01 2.689529427401639028e-01
4.825000000000000000e+01 2.221566013489388591e-01 1.888570638962404624e-01 2.613275590794240655e-01
4.850000000000000000e+01 2.158916858855953191e-01 1.835247385916812801e-01 2.539669604882207055e-01
4.875000000000000000e+01 2.098329264070964428e-01 1.783853302833661447e-01 2.468244274045643949e-01
4.900000000000000000e+01 2.039718650453767046e-01 1.734051418937546662e-01 2.399266900377179101e-01
4.925000000000000000e+01 1.983012274398483210e-01 1.685862626673102216e-01 2.332537431104430570e-01
4.950000000000000000e+01 1.928139772548305708e-01 1.639151666096156368e-01 2.268077481406496065e-01
4.975000000000000000e+01 1.875033226387715080e-01 1.594019349785339990e-01 2.205587780682446430e-01
5.000000000000000000e+01 1.823627245222260718e-01 1.550354296903871942e-01 2.145068605388032179e-01
5.025000000000000000e+01 1.773860363075032420e-01 1.508087938130241723e-01 2.086470230369908418e-01
5.050000000000000000e+01 1.725672243699380715e-01 1.467160781591802243e-01 2.029733025881131636e-01
5.075000000000000000e+01 1.679006615815543668e-01 1.427526054075455297e-01 1.974789327244990955e-01
5.100000000000000000e+01 1.633808586798135842e-01 1.389190505613930871e-01 1.921500677918651090e-01
5.125000000000000000e+01 1.590094681747954153e-01 1.351733541258017535e-01 1.870487799370592619e-01
5.150000000000000000e+01 1.547672875709646401e-01 1.315706841512406522e-01 1.820535741422440734e-01
5.175000000000000000e+01 1.506566600715356363e-01 1.280726622891743827e-01 1.772230608641668648e-01
5.200000000000000000e+01 1.466729350848810787e-01 1.246892800497296921e-01 1.725324733436086055e-01
5.225000000000000000e+01 1.428116735108942992e-01 1.214152198040039515e-01 1.679787272461017444e-01
5.250000000000000000e+01 1.390652697861949338e-01 1.182262811310654249e-01 1.635774133778921668e-01
5.275000000000000000e+01 1.354283173909495708e-01 1.151371786185711871e-01 1.592954540957065845e-01
5.300000000000000000e+01 1.319097058381727694e-01 1.121484784534741430e-01 1.551529787497910318e-01
5.325000000000000000e+01 1.284973465707170415e-01 1.092497132712370866e-01 1.511360312197915778e-01
5.350000000000000000e+01 1.251952455780247775e-01 1.064443584780441349e-01 1.472492271027676658e-01
5.375000000000000000e+01 1.219844824240468723e-01 1.037163744226726747e-01 1.434702479246107165e-01
5.400000000000000000e+01 1.188693556478229302e-01 1.010690656441091267e-01 1.398046338123259957e-01
5.425000000000000000e+01 1.158467151320839855e-01 9.850001996818397165e-02 1.362483115356636076e-01
5.450000000000000000e+01 1.129134089416538311e-01 9.600679796587206771e-02 1.327972413303196153e-01
5.475000000000000000e+01 1.100663926755254818e-01 9.358667566055932363e-02 1.294480299796404443e-01
5.500000000000000000e+01 1.072963481330111019e-01 9.123218578327410566e-02 1.261890880267711457e-01
5.525000000000000000e+01 1.046137959712556409e-01 8.895102781634760258e-02 1.230345120925537411e-01
5.550000000000000000e+01 1.020089557647996525e-01 8.673709343128707672e-02 1.199697458673586320e-01
5.575000000000000000e+01 9.947953369694319259e-02 8.458716508463921813e-02 1.169938443339363504e-01
5.600000000000000000e+01 9.702303123639126337e-02 8.249914608429681495e-02 1.141038306103091815e-01
5.625000000000000000e+01 9.463712115192428331e-02 8.046988736658866603e-02 1.112985862540504661e-01
5.650000000000000000e+01 9.231940162206851708e-02 7.848340779259348199e-02 1.085945699297360956e-01
5.675000000000000000e+01 9.006764367990666154e-02 7.656947545883940887e-02 1.059453573299115048e-01
5.700000000000000000e+01 8.787972583849075481e-02 7.470984921327147865e-02 1.033711926174843837e-01
5.725000000000000000e+01 8.573219195788328584e-02 7.288453843923170528e-02 1.008445535266920684e-01
5.750000000000000000e+01 8.366621149936263879e-02 7.112846931844887810e-02 9.841396860821316483e-02
5.775000000000000000e+01 8.165807125235786945e-02 6.942156489471594527e-02 9.605143028348378520e-02
5.800000000000000000e+01 7.970585548845543489e-02 6.776217249354204997e-02 9.375471838291496440e-02
5.825000000000000000e+01 7.780792487946056046e-02 6.614893845553068696e-02 9.152184926017659095e-02
5.850000000000000000e+01 7.596265122804669867e-02 6.458048573397547065e-02 8.935089781398354580e-02
5.875000000000000000e+01 7.416814763300652591e-02 6.305511603115222796e-02 8.723977481214591212e-02
5.900000000000000000e+01 7.242291668300566976e-02 6.159690822087336010e-02 8.515165797065411823e-02
5.925000000000000000e+01 7.072541297132101112e-02 6.016963857889004452e-02 8.313302453039557449e-02
5.950000000000000000e+01 6.907415002493946798e-02 5.878750693580531150e-02 8.116075081867196728e-02
5.975000000000000000e+01 6.744855021720479182e-02 5.738910193013779804e-02 7.927126881931105540e-02
6.000000000000000000e+01 6.588614267338968600e-02 5.605998395705425602e-02 7.743462430713053679e-02
6.025000000000000000e+01 6.436584937372613613e-02 5.476668840808508743e-02 7.564749094797532103e-02
6.050000000000000000e+01 6.288632223834957069e-02 5.350780516657772934e-02 7.390864776370484335e-02
6.075000000000000000e+01 6.144632667368477713e-02 5.228202634639348562e-02 7.221699933115995063e-02
6.100000000000000000e+01 6.004466925986540193e-02 5.108982782009334478e-02 7.056908312986438780e-02
6.125000000000000000e+01 5.867803652499326006e-02 4.992731060810339655e-02 6.896249624688602364e-02
6.150000000000000000e+01 5.734961606542891832e-02 4.879674478853936875e-02 6.740159568235312704e-02
6.175000000000000000e+01 5.605616057818576387e-02 4.769656472868561564e-02 6.588091106019451637e-02
6.200000000000000000e+01 5.479658669590162234e-02 4.661165925954268568e-02 6.441877335458154330e-02
6.225000000000000000e+01 5.356988317183111747e-02 4.556865297719675523e-02 6.297601960013371469e-02
6.250000000000000000e+01 5.237507989017763793e-02 4.455270017442509306e-02 6.157088083916313626e-02
6.275000000000000000e+01 5.121123250179052816e-02 4.356282453036029040e-02 6.020248601016864320e-02
6.300000000000000000e+01 5.007743783834209955e-02 4.260292404633637259e-02 5.886332538408640958e-02
6.325000000000000000e+01 4.897283626255911210e-02 4.166334877105804663e-02 5.756471244734556042e-02
6.350000000000000000e+01 4.789660803542324791e-02 4.074783975490114257e-02 5.629955048164335396e-02
6.375000000000000000e+01 4.684790045392465963e-02 3.985572741366165406e-02 5.506676002075755472e-02
6.400000000000000000e+01 4.582588012187540499e-02 3.898625992509241467e-02 5.386542061175973034e-02
6.425000000000000000e+01 4.481790859980748498e-02 3.812872861160983978e-02 5.268061654300962293e-02
6.450000000000000000e+01 4.384717900175423566e-02 3.730285342312175678e-02 5.153962579227761714e-02
6.475000000000000000e+01 4.290083700932171423e-02 3.649767899677108796e-02 5.042736597752457695e-02
6.500000000000000000e+01 4.197820119266430783e-02 3.571266177413270210e-02 4.934298615199197297e-02
6.525000000000000000e+01 4.107861111574543506e-02 3.494724545956859330e-02 4.828570232097128406e-02
6.550000000000000000e+01 4.020230756490685009e-02 3.420127496690520547e-02 4.725629483425117239e-02
6.575000000000000000e+01 3.934569679988933477e-02 3.347256732217259584e-02 4.624933133358295062e-02
6.600000000000000000e+01 3.851136895948729238e-02 3.275443014275851439e-02 4.528015088858619586e-02
6.625000000000000000e+01 3.768618522280797051e-02 3.205257051364181209e-02 4.430997370533266283e-02
6.650000000000000000e+01 3.689406216066653393e-02 3.137871657197016662e-02 4.337882397430579268e-02
6.675000000000000000e+01 3.611998450809628808e-02 3.072881330028825672e-02 4.245700177601317848e-02
6.700000000000000000e+01 3.536475426877586786e-02 3.008637943896097511e-02 4.156917076141523198e-02
6.725000000000000000e+01 3.462785390857080897e-02 2.945945533049935255e-02 4.070300190078217362e-02
6.750000000000000000e+01 3.390877396422939394e-02 2.884781517819054106e-02 3.985760948116701813e-02
6.775000000000000000e+01 3.320702925207674738e-02 2.825090675355498501e-02 3.903261588619701128e-02
6.800000000000000000e+01 3.252214458724922430e-02 2.765907264472161967e-02 3.824025129619776364e-02
6.825000000000000000e+01 3.185365626596723537e-02 2.709054303994740467e-02 3.745422954476011757e-02
6.850000000000000000e+01 3.120112227574695779e-02 2.653558920234674184e-02 3.668695742320348535e-02
6.875000000000000000e+01 3.056538144764876092e-02 2.599510271814482743e-02 3.593917489651467928e-02
6.900000000000000000e+01 2.994162037322510572e-02 2.546461596830112278e-02 3.520573927721160762e-02
6.925000000000000000e+01 2.933440176763939949e-02 2.494819271407165348e-02 3.449176206579201986e-02
6.950000000000000000e+01 2.874148091042894385e-02 2.444341857598797407e-02 3.379530250061033025e-02
6.975000000000000000e+01 2.816243660214599528e-02 2.395092581558429592e-02 3.311449592707712414e-02
7.000000000000000000e+01 2.759692479602197587e-02 2.346994490661855060e-02 3.244959718599609022e-02
7.025000000000000000e+01 2.704458810893082404e-02 2.300015954912978944e-02 3.180020314291234773e-02
7.050000000000000000e+01 2.650507893699285272e-02 2.253352741652160998e-02 3.117661946443121834e-02
7.075000000000000000e+01 2.597804404791992719e-02 2.208544323602085191e-02 3.055672305706723726e-02
7.100000000000000000e+01 2.546317329320047645e-02 2.164769575786277059e-02 2.995114128597539324e-02
7.125000000000000000e+01 2.496014951697185513e-02 2.121998994765092461e-02 2.935953624137122020e-02
7.150000000000000000e+01 2.446866049768118070e-02 2.080175293537074935e-02 2.878196603963811828e-02
7.175000000000000000e+01 2.398840489854067032e-02 2.039339997351598613e-02 2.821714723016433349e-02
7.200000000000000000e+01 2.351909118993640233e-02 1.999436711337249789e-02 2.766517425953390549e-02
7.225000000000000000e+01 2.306042916035035487e-02 1.960438054249794698e-02 2.712574324430953518e-02
7.250000000000000000e+01 2.261211446953655113e-02 1.922318676499240944e-02 2.659848895161198018e-02
7.275000000000000000e+01 2.217389681275284269e-02 1.885668746144521929e-02 2.607465923524019888e-02
7.300000000000000000e+01 2.174355124585371571e-02 1.849067238274490141e-02 2.556867651942482805e-02
7.325000000000000000e+01 2.132314754951135372e-02 1.813310755606049873e-02 2.507439058708217650e-02
7.350000000000000000e+01 2.091380793048354392e-02 1.778495747620665798e-02 2.459310699720865592e-02
7.375000000000000000e+01 2.051358609904843297e-02 1.744456361889568791e-02 2.412254177497803048e-02
7.400000000000000000e+01 2.012224816065165053e-02 1.711141739811013196e-02 2.366284812172066848e-02
7.425000000000000000e+01 1.973956078370638079e-02 1.678594984916290458e-02 2.321288121524265127e-02
7.450000000000000000e+01 1.936530231227049509e-02 1.647187585752782346e-02 2.276698397251720324e-02
7.475000000000000000e+01 1.899928880386592828e-02 1.616050323014588119e-02 2.233674099822241174e-02
7.500000000000000000e+01 1.864130325916500339e-02 1.585597087088264426e-02 2.191591987837776881e-02
7.525000000000000000e+01 1.829114289306721375e-02 1.555446490339361040e-02 2.150931648324392112e-02
7.550000000000000000e+01 1.794861076155333801e-02 1.526314568587165861e-02 2.110656839028596243e-02
7.575000000000000000e+01 1.761352006584954513e-02 1.497881762247418348e-02 2.071165407906476463e-02
7.600000000000000000e+01 1.728568339484512495e-02 1.469998966785667112e-02 2.032619458775376114e-02
7.625000000000000000e+01 1.696492692792039153e-02 1.442718435361500795e-02 1.994905856994628329e-02
7.650000000000000000e+01 1.665107645694941310e-02 1.416025979185064551e-02 1.958003251711099707e-02
7.675000000000000000e+01 1.634395877773257150e-02 1.389905895736333503e-02 1.921892621274954444e-02
7.700000000000000000e+01 1.604340757620672381e-02 1.364315317808385136e-02 1.886594127446696717e-02
7.725000000000000000e+01 1.574926467179422682e-02 1.339298189262783448e-02 1.852009804021007011e-02
7.750000000000000000e+01 1.546135345957435833e-02 1.314811851296450104e-02 1.818157104122365350e-02
7.775000000000000000e+01 1.517954452798705306e-02 1.291229564715329521e-02 1.784489593281120626e-02
7.800000000000000000e+01 1.490369004841618321e-02 1.267761794222912672e-02 1.752063976619600352e-02
7.825000000000000000e+01 1.463364725083729501e-02 1.244788476891532832e-02 1.720321450891754839e-02
7.850000000000000000e+01 1.436927788346170111e-02 1.222298522533666644e-02 1.689244837375269634e-02
7.875000000000000000e+01 1.411044049627098625e-02 1.200279518524758303e-02 1.658818033015509175e-02
7.900000000000000000e+01 1.385699931834577514e-02 1.179200503901345169e-02 1.628361160577487809e-02
7.925000000000000000e+01 1.360882686084539592e-02 1.158079635473471987e-02 1.599200632284233925e-02
7.950000000000000000e+01 1.336582221255086175e-02 1.137399123286912499e-02 1.570646572165980068e-02
7.975000000000000000e+01 1.312785091100311316e-02 1.117147865670512809e-02 1.542682708685894771e-02
8.000000000000000000e+01 1.289479020270230779e-02 1.097314803601146319e-02 1.515295463307588311e-02
8.025000000000000000e+01 1.266652858288851505e-02 1.077888546560400000e-02 1.488474358996645652e-02
8.050000000000000000e+01 1.244295103685466412e-02 1.058857227731530362e-02 1.462208751573242614e-02
8.075000000000000000e+01 1.222394661753040991e-02 1.040218769254204478e-02 1.436475435021854555e-02
8.100000000000000000e+01 1.200940810803547906e-02 1.021960918256135248e-02 1.411266130914810672e-02
8.125000000000000000e+01 1.179923352580467683e-02 1.004075166962966129e-02 1.386568619335329725e-02
8.150000000000000000e+01 1.159332853739429396e-02 9.865527779814680515e-03 1.362372795208789851e-02
8.175000000000000000e+01 1.139158946832925963e-02 9.693766361220195610e-03 1.338677927436819452e-02
8.200000000000000000e+01 1.119391673480359638e-02 9.525553343665959377e-03 1.315448744497736341e-02
8.225000000000000000e+01 1.100021721135176211e-02 9.356092508618199521e-03 1.293326018158308388e-02
8.250000000000000000e+01 1.081040169450067298e-02 9.194626874934932678e-03 1.271011715712390237e-02
8.275000000000000000e+01 1.062438230944295729e-02 9.036391368395138568e-03 1.249143544756090886e-02
8.300000000000000000e+01 1.043834996916030190e-02 8.878151066236322775e-03 1.227272990353153043e-02
8.325000000000000000e+01 1.025967288492583666e-02 8.726166283390813030e-03 1.206267268892567690e-02
8.350000000000000000e+01 1.008453973707014277e-02 8.577192094729015406e-03 1.185678723122496857e-02
8.375000000000000000e+01 9.912870209675276115e-03 8.431154138030921494e-03 1.165498746495662388e-02
8.400000000000000000e+01 9.744584193738596925e-03 8.287994790299929582e-03 1.145716467148307112e-02
8.425000000000000000e+01 9.579607987379980261e-03 8.147473382763774363e-03 1.126347824418968621e-02
8.450000000000000000e+01 9.417870765458594140e-03 8.009895374900287413e-03 1.107333936380957944e-02
8.475000000000000000e+01 9.259297316793388063e-03 7.875012633019378913e-03 1.088691419253069899e-02
8.500000000000000000e+01 9.103817096429401082e-03 7.742759942301937967e-03 1.070412699642603327e-02
8.525000000000000000e+01 8.951362430788143906e-03 7.613079166912478657e-03 1.052489900743029845e-02
8.550000000000000000e+01 8.801854323687383769e-03 7.485902933853256017e-03 1.034913760169962720e-02
8.575000000000000000e+01 8.655236529294028924e-03 7.361182442643852096e-03 1.017677797850094490e-02
8.600000000000000000e+01 8.511445737201665460e-03 7.238811671481796758e-03 1.000781783324096973e-02
8.625000000000000000e+01 8.370422257385025377e-03 7.118854450760866981e-03 9.842028552703187966e-03
8.650000000000000000e+01 8.232105362109401470e-03 7.001199024573648289e-03 9.679421832604909182e-03
8.675000000000000000e+01 8.096435801193792650e-03 6.885795780947668622e-03 9.519926929031117396e-03
8.700000000000000000e+01 7.963356673726487353e-03 6.772710998773765444e-03 9.363318400041845818e-03
8.725000000000000000e+01 7.832811356918597395e-03 6.661663864377213862e-03 9.209851322753391523e-03
8.750000000000000000e+01 7.704744586738362239e-03 6.552724112352705486e-03 9.059299327888266709e-03
8.775000000000000000e+01 7.579106267553002707e-03 6.445849972711858132e-03 8.911602357802660135e-03
8.800000000000000000e+01 7.455840259352563767e-03 6.340991719310974314e-03 8.766697140399827559e-03
8.825000000000000000e+01 7.334891807916264772e-03 6.238107652394170484e-03 8.624512565631755820e-03
8.850000000000000000e+01 7.216214703167187980e-03 6.137157073347850218e-03 8.484996231944217163e-03
8.875000000000000000e+01 7.099763681415353217e-03 6.035838487212816933e-03 8.351224844523776406e-03
8.900000000000000000e+01 6.985487234479406671e-03 5.938488587379070309e-03 8.217079343518809281e-03
8.925000000000000000e+01 6.873339060786272728e-03 5.843117514265155736e-03 8.085202758492129882e-03
8.950000000000000000e+01 6.763273492446699071e-03 5.749515749464173195e-03 7.955777551856448374e-03
8.975000000000000000e+01 6.655249824471244982e-03 5.657648381733220919e-03 7.828756267202943014e-03
9.000000000000000000e+01 6.549223963083813937e-03 5.567478814474257839e-03 7.704085807586789382e-03
9.025000000000000000e+01 6.445157978954041064e-03 5.478977181460758204e-03 7.581718265634368112e-03
9.050000000000000000e+01 6.343008369045911692e-03 5.392108714613546780e-03 7.461599403726050170e-03
9.075000000000000000e+01 6.242733724056208529e-03 5.306836281940864423e-03 7.343683181274927516e-03
9.100000000000000000e+01 6.144293880921965906e-03 5.223125048316099722e-03 7.227923311410323556e-03
9.125000000000000000e+01 6.047651470524578743e-03 5.140944463447053893e-03 7.114274151177040796e-03
9.150000000000000000e+01 5.952773635207205156e-03 5.060266030039857650e-03 7.002697830836948287e-03
9.175000000000000000e+01 5.859622144293660448e-03 4.981056620190743578e-03 6.893150247423168557e-03
9.200000000000000000e+01 5.768165092919563981e-03 4.903290972797085326e-03 6.785591294451751715e-03
9.225000000000000000e+01 5.678360037133153675e-03 4.826932699190022644e-03 6.679971468572879975e-03
9.250000000000000000e+01 5.590173514564453043e-03 4.751951628639099028e-03 6.576253793199388770e-03
9.275000000000000000e+01 5.503572617547196517e-03 4.678316181011688349e-03 6.474404547420995262e-03
9.300000000000000000e+01 5.418524311325438603e-03 4.606000958211992242e-03 6.374381155974023772e-03
9.325000000000000000e+01 5.334996774703807884e-03 4.534978789488210323e-03 6.276146352012398205e-03
9.350000000000000000e+01 5.252959372948273579e-03 4.465127510518130532e-03 6.179797129834524103e-03
9.375000000000000000e+01 5.172382916113683719e-03 4.396609218486788664e-03 6.085040471282241424e-03
9.400000000000000000e+01 5.093235971647749015e-03 4.329304832809634587e-03 5.991967224458840356e-03
9.425000000000000000e+01 5.015489859706247742e-03 4.263191778666547416e-03 5.900541152920943735e-03
9.450000000000000000e+01 4.939107029403736263e-03 4.198238532613841889e-03 5.810717532697481577e-03
9.475000000000000000e+01 4.864066818250857918e-03 4.134427815038018393e-03 5.722471662548899232e-03
9.500000000000000000e+01 4.790346081492814247e-03 4.071743036334010517e-03 5.635772045461454743e-03
9.525000000000000000e+01 4.717918026021278646e-03 4.010161966614653704e-03 5.550586406625161208e-03
9.550000000000000000e+01 4.646756560298287084e-03 3.949658249022543026e-03 5.466889834334100889e-03
9.575000000000000000e+01 4.576833170978763903e-03 3.890205755481987611e-03 5.384651401909252254e-03
9.600000000000000000e+01 4.507942394168355099e-03 3.831586888312274539e-03 5.303688842638119849e-03
9.625000000000000000e+01 4.440428440735750583e-03 3.774185237304084149e-03 5.224281135543615284e-03
9.650000000000000000e+01 4.374084049297626182e-03 3.717778610706440855e-03 5.146248142700568344e-03
9.675000000000000000e+01 4.308886599342490187e-03 3.662349603981238794e-03 5.069560728394185978e-03
9.700000000000000000e+01 4.244813103426768076e-03 3.607876496892033907e-03 4.994194867408953235e-03
9.725000000000000000e+01 4.181841410420493975e-03 3.554340370335517044e-03 4.920124625052969131e-03
9.750000000000000000e+01 4.119949667462269836e-03 3.501722848373535132e-03 4.847324016606988431e-03
9.775000000000000000e+01 4.059116292543925482e-03 3.450005448370239286e-03 4.775767842389611398e-03
9.800000000000000000e+01 3.999321844030876566e-03 3.399169621340867274e-03 4.705436031119025232e-03
9.825000000000000000e+01 3.940545300788227817e-03 3.349193569512028124e-03 4.636309292157925373e-03
9.850000000000000000e+01 3.882767575629825565e-03 3.300014731909721184e-03 4.568429316567894881e-03
9.875000000000000000e+01 3.825969133468450512e-03 3.251707136863241608e-03 4.501647655875278681e-03
9.900000000000000000e+01 3.770131999811511276e-03 3.200372571331148563e-03 4.441325182989766876e-03
9.925000000000000000e+01 3.715237064133165065e-03 3.153755068636903726e-03 4.376683078522854153e-03
9.950000000000000000e+01 3.661265488892077782e-03 3.107922133328409019e-03 4.313127679874106599e-03
9.975000000000000000e+01 3.608200176318278763e-03 3.062859072882423428e-03 4.250639093274087739e-03
1.000000000000000000e+02 3.556024446172730349e-03 3.018486629489943590e-03 4.189288015469807072e-03
