5.000000000000000000e-01 1.088139437846044898e+08 1.778510012483760715e+07 6.657524713860546350e+08
7.500000000000000000e-01 1.585334360651001148e+07 3.331479196689576376e+06 7.544051415833900869e+07
1.000000000000000000e+00 3.620838127860469278e+06 8.877120854194128187e+05 1.476882985317685828e+07
1.250000000000000000e+00 1.120042457793752430e+06 3.051089863899941556e+05 4.111629493787371553e+06
1.500000000000000000e+00 4.183079558521510917e+05 1.230666540919791296e+05 1.421843692918028450e+06
1.750000000000000000e+00 1.781626020832493086e+05 5.559233556527020119e+04 5.709764207299131667e+05
2.000000000000000000e+00 8.361438297407778737e+04 2.733271346205707232e+04 2.557874486132184975e+05
2.250000000000000000e+00 4.214199324176996743e+04 1.430563857360027941e+04 1.241431890825713490e+05
2.500000000000000000e+00 2.249739905764766445e+04 7.879475228325502940e+03 6.423434933072392596e+04
2.750000000000000000e+00 1.257003077228301845e+04 4.519920386855252218e+03 3.495762316425996687e+04
3.000000000000000000e+00 7.301537505750370656e+03 2.685150312074718840e+03 1.985454956027647131e+04
3.250000000000000000e+00 4.382012849140359322e+03 1.643089029297947036e+03 1.168654666158642794e+04
3.500000000000000000e+00 2.702314281856244179e+03 1.030586396069161310e+03 7.085774182326939808e+03
3.750000000000000000e+00 1.707090126037533537e+03 6.608260075086001279e+02 4.409869867866718778e+03
4.000000000000000000e+00 1.100752625489728871e+03 4.214882549415849553e+02 2.874709623143490717e+03
4.250000000000000000e+00 7.231158231230464253e+02 2.824206394614890314e+02 1.851481161744991141e+03
4.500000000000000000e+00 4.825232960669767408e+02 1.917367981856550898e+02 1.214314275874658506e+03
4.750000000000000000e+00 3.267989820507016248e+02 1.317873477795703820e+02 8.103780557751729248e+02
5.000000000000000000e+00 2.242214180105106891e+02 9.162902792176927846e+01 5.486825019858116548e+02
5.250000000000000000e+00 1.556951530501725074e+02 6.435942896226305265e+01 3.766500274191411108e+02
5.500000000000000000e+00 1.091943984884311334e+02 4.558340405602079670e+01 2.615736342682246232e+02
5.750000000000000000e+00 7.730532165668179800e+01 3.254954972266519775e+01 1.836004739654415232e+02
6.000000000000000000e+00 5.520483704287241977e+01 2.342024234722605769e+01 1.301256403647360287e+02
6.250000000000000000e+00 3.974540883823154758e+01 1.697626903009180666e+01 9.305328048925431972e+01
6.500000000000000000e+00 2.882218177420617522e+01 1.238497039625242202e+01 6.707469906240150692e+01
6.750000000000000000e+00 2.103235633039140140e+01 9.081179038938721249e+00 4.871173786044548848e+01
7.000000000000000000e+00 1.544238099699885680e+01 6.695397143948682128e+00 3.561657743812831711e+01
7.250000000000000000e+00 1.139922168732119978e+01 4.958374887250199592e+00 2.620662173221778346e+01
7.500000000000000000e+00 8.455963616860682208e+00 3.686943548400599902e+00 1.939365757869816420e+01
7.750000000000000000e+00 6.302872249012143158e+00 2.753885263271386385e+00 1.442550970339845406e+01
8.000000000000000000e+00 4.717970522190852556e+00 2.065346273954382195e+00 1.077748856400893906e+01
8.250000000000000000e+00 3.545873361188822681e+00 1.553534999569697206e+00 8.093295546653976658e+00
8.500000000000000000e+00 2.674338868534561264e+00 1.173157938442977333e+00 6.096441194650240369e+00
8.750000000000000000e+00 2.023739264248436864e+00 8.883583497389854200e-01 4.610212321259925083e+00
9.000000000000000000e+00 1.536294994154127513e+00 6.744642258465554097e-01 3.499373604434863783e+00
9.250000000000000000e+00 1.169566540815693445e+00 5.131663305798743746e-01 2.665579972579038337e+00
9.500000000000000000e+00 8.924847128223415416e-01 3.911380232339208840e-01 2.036439607778075089e+00
9.750000000000000000e+00 6.824773152367324958e-01 2.987970574613023622e-01 1.558834915477913086e+00
1.000000000000000000e+01 5.230550353468221836e-01 2.287493424984102242e-01 1.196010301116239516e+00
1.025000000000000000e+01 4.017199871553351898e-01 1.756474915533541015e-01 9.187660276438547324e-01
1.050000000000000000e+01 3.091302785928681796e-01 1.349278000615179163e-01 7.082419568045630331e-01
1.075000000000000000e+01 2.381859678561226989e-01 1.037609277187014067e-01 5.467622209138429668e-01
1.100000000000000000e+01 1.838005451736061113e-01 7.986966139123585773e-02 4.229721250555070755e-01
1.125000000000000000e+01 1.419877677610293099e-01 6.152840382666517616e-02 3.276621030273310087e-01
1.150000000000000000e+01 1.097355192563363030e-01 4.740904950492150216e-02 2.539996965180180699e-01
1.175000000000000000e+01 8.495242128670615900e-02 3.658976659699171574e-02 1.972385875527108701e-01
1.200000000000000000e+01 6.580318113189145834e-02 2.824762817227721712e-02 1.532892822246266218e-01
1.225000000000000000e+01 5.097343644210061697e-02 2.179546432127238073e-02 1.192124739540849354e-01
1.250000000000000000e+01 3.952427988620031696e-02 1.682972135966501540e-02 9.282201809155755934e-02
1.275000000000000000e+01 3.065713413021488309e-02 1.299629872180627782e-02 7.231750309809444055e-02
1.300000000000000000e+01 2.378431729839008274e-02 1.003672684181946238e-02 5.636237373657052713e-02
1.325000000000000000e+01 1.845406461370638004e-02 7.749591540925053132e-03 4.394457423574080895e-02
1.350000000000000000e+01 1.432072955878430087e-02 5.984069133131715568e-03 3.427154508632985347e-02
1.375000000000000000e+01 1.111244971556723041e-02 4.620362894691622258e-03 2.672658868914496930e-02
1.400000000000000000e+01 8.620531806641988301e-03 3.563864112619809232e-03 2.085196468804137795e-02
1.425000000000000000e+01 6.682488584481028997e-03 2.745882574732013987e-03 1.626276887899238272e-02
1.450000000000000000e+01 5.178690231972792220e-03 2.116627372507069726e-03 1.267054979401710177e-02
1.475000000000000000e+01 4.011759616137060801e-03 1.629632541734913221e-03 9.875978053637914089e-03
1.500000000000000000e+01 3.106890220303987898e-03 1.254575196677686468e-03 7.694052031781447969e-03
1.525000000000000000e+01 2.403262649368899558e-03 9.641568285203588494e-04 5.990385786838478901e-03
1.550000000000000000e+01 1.856218893888652525e-03 7.396004283257853014e-04 4.658662231752370812e-03
1.575000000000000000e+01 1.433065354998875858e-03 5.672489474797366097e-04 3.620414494945212169e-03
1.600000000000000000e+01 1.104886918080276535e-03 4.342019748169942146e-04 2.811537423936082657e-03
1.625000000000000000e+01 8.508398220799291310e-04 3.319117656487353854e-04 2.181086896458934478e-03
1.650000000000000000e+01 6.542185360493652999e-04 2.531178248966658084e-04 1.690919606650793982e-03
1.675000000000000000e+01 5.016566062022631469e-04 1.924853152790182223e-04 1.307421037192256453e-03
1.700000000000000000e+01 3.845132723839165927e-04 1.462652167980547653e-04 1.010838119110177465e-03
1.725000000000000000e+01 2.941248825145615828e-04 1.109480611488246603e-04 7.797292320247193719e-04
1.750000000000000000e+01 2.245012700344810200e-04 8.395575391665311088e-05 6.003259800052569272e-04
1.775000000000000000e+01 1.710195731788581195e-04 6.338921012683685502e-05 4.613986252827012298e-04
1.800000000000000000e+01 1.300020715595630641e-04 4.773443183792004473e-05 3.540534150937989124e-04
1.825000000000000000e+01 9.854564419429904555e-05 3.582474719621675903e-05 2.710764136444466350e-04
1.850000000000000000e+01 7.448669864382072476e-05 2.679843582210921947e-05 2.070370193128188985e-04
1.875000000000000000e+01 5.615575483661268299e-05 2.000074706816712622e-05 1.576675506430837354e-04
1.900000000000000000e+01 4.224186212434406627e-05 1.488555044463417744e-05 1.198729548073454589e-04
1.925000000000000000e+01 3.164853008103593585e-05 1.103465088684588895e-05 9.077128642866736687e-05
1.950000000000000000e+01 2.363975554016337687e-05 8.149959912552776409e-06 6.856942218058623985e-05
1.975000000000000000e+01 1.758822846560601717e-05 5.992913091782602529e-06 5.161859947252102744e-05
2.000000000000000000e+01 1.304249087440401078e-05 4.390527615450760917e-06 3.874399231889300889e-05
2.025000000000000000e+01 9.636857854314835172e-06 3.206604756420321705e-06 2.896179490731605986e-05
2.050000000000000000e+01 7.086381161896397379e-06 2.328811608836228846e-06 2.156327191995356446e-05
2.075000000000000000e+01 5.186211999852782192e-06 1.681296443579821596e-06 1.599765169915440518e-05
2.100000000000000000e+01 3.780860237807161149e-06 1.210144688713766045e-06 1.181255784630591354e-05
2.125000000000000000e+01 2.742566243392453079e-06 8.661691898869272488e-07 8.683834159903212947e-06
2.150000000000000000e+01 1.978218642363702857e-06 6.159799152014492074e-07 6.353046423137799068e-06
2.175000000000000000e+01 1.418359309720608129e-06 4.352201630473318416e-07 4.622357377436888438e-06
2.200000000000000000e+01 1.011271927950709017e-06 3.058547384385162466e-07 3.343649071720116785e-06
2.225000000000000000e+01 7.166559095905521079e-07 2.134303668700974462e-07 2.406385278172047334e-06
2.250000000000000000e+01 5.046212495177926230e-07 1.480044542866864393e-07 1.720506363758839858e-06
2.275000000000000000e+01 3.525227159945754835e-07 1.016668644920312641e-07 1.222347771942280212e-06
2.300000000000000000e+01 2.444464091231214190e-07 6.930549130227849578e-08 8.621834404516222377e-07
2.325000000000000000e+01 1.682573573365193281e-07 4.689799630495183198e-08 6.036620011179437789e-07
2.350000000000000000e+01 1.147048339559170177e-07 3.139637180218411558e-08 4.190674965805827218e-07
2.375000000000000000e+01 7.749520258139433417e-08 2.081337339134993318e-08 2.885407526310580644e-07
2.400000000000000000e+01 5.186713093286082934e-08 1.366578420533849011e-08 1.968565602079105028e-07
2.425000000000000000e+01 3.432529670194710203e-08 8.863542921338562238e-09 1.329294621950977543e-07
2.450000000000000000e+01 2.247409196448165146e-08 5.687393683862810208e-09 8.880778045330091109e-08
2.475000000000000000e+01 1.452934793333736623e-08 3.597779763426636761e-09 5.867561808922811109e-08
2.500000000000000000e+01 9.270948298708891003e-09 2.244635659559464200e-09 3.829150712779910822e-08
2.525000000000000000e+01 5.832653611874753851e-09 1.379855614344783038e-09 2.465464342968213574e-08
2.550000000000000000e+01 3.613388670684050800e-09 8.347765027732974425e-10 1.564080642190004551e-08
2.575000000000000000e+01 2.201796703719020753e-09 4.961935526644841152e-10 9.770196929152768740e-09
2.600000000000000000e+01 1.316417823752953075e-09 2.890344965803111890e-10 5.995671475888835648e-09
2.625000000000000000e+01 7.721645934203017987e-10 1.651341982597432517e-10 3.610627995989684620e-09
2.650000000000000000e+01 4.432787326886909435e-10 9.223015951764643079e-11 2.130496530438031513e-09
2.675000000000000000e+01 2.482851378032573152e-10 5.020064700717389557e-11 1.227982373318277362e-09
2.700000000000000000e+01 1.354801839269162243e-10 2.660730636693050655e-11 6.898436085091209118e-10
2.725000000000000000e+01 7.185519107604314737e-11 1.369287474750995241e-11 3.770697227412813222e-10
2.750000000000000000e+01 3.688875350144502870e-11 6.816604747215208590e-12 1.996272609830125814e-10
2.775000000000000000e+01 1.825938510053948393e-11 3.267507379739117434e-12 1.020365390196679021e-10
2.800000000000000000e+01 8.682852917016470333e-12 1.505122831760336683e-12 5.009022067014011093e-11
2.825000000000000000e+01 3.941743256913525055e-12 6.615274428300251597e-13 2.348706780319536150e-11
2.850000000000000000e+01 1.700035893160501281e-12 2.762763914520800389e-13 1.046098084184407449e-11
2.875000000000000000e+01 6.912894033825966187e-13 1.088359423352596417e-13 4.390838439722380059e-12
2.900000000000000000e+01 2.620899606671022860e-13 3.999644083952747567e-14 1.717431502420022644e-12
2.925000000000000000e+01 9.174321240712035757e-14 1.358775993261180146e-14 6.194411046795809125e-13
2.950000000000000000e+01 2.908537061063453863e-14 4.183678342330548809e-15 2.022045468932288324e-13
2.975000000000000000e+01 8.251792980628228494e-15 1.155085962413502918e-15 5.894980080345690385e-14
3.000000000000000000e+01 1.993120689967353195e-15 2.709404639411332429e-16 1.466200369996798461e-14
