5.000000000000000000e-01 9.611454527708216012e+07 2.639822062633127347e+07 3.499480493244192004e+08
7.500000000000000000e-01 4.250875007106339931e+07 1.501095569609110989e+07 1.203783336110090762e+08
1.000000000000000000e+00 1.589656634461478703e+07 6.549077421474012546e+06 3.858571296166837960e+07
1.250000000000000000e+00 6.669982372025412507e+06 3.053226157096731942e+06 1.457103488378121704e+07
1.500000000000000000e+00 3.144217999350805301e+06 1.554428295621185564e+06 6.359963245194828138e+06
1.750000000000000000e+00 1.633664010534234345e+06 8.565937274077626644e+05 3.115663836800835561e+06
2.000000000000000000e+00 9.281034359903308796e+05 5.098141846626579063e+05 1.689588116240875795e+06
2.250000000000000000e+00 5.599373105189098278e+05 3.194076822762128431e+05 9.815975291415194515e+05
2.500000000000000000e+00 3.555607530558420112e+05 2.092630616232920438e+05 6.041364784255163977e+05
2.750000000000000000e+00 2.349243044838010974e+05 1.419502524328642758e+05 3.887941577511436190e+05
3.000000000000000000e+00 1.603186019821115769e+05 9.907223802821506979e+04 2.594274102718760550e+05
3.250000000000000000e+00 1.122060338673076330e+05 7.069967801851495460e+04 1.780799345781213779e+05
3.500000000000000000e+00 8.067809301542057074e+04 5.170326250118572352e+04 1.258905991175234230e+05
3.750000000000000000e+00 5.929674763407283899e+04 3.857228125593612640e+04 9.115624395271688991e+04
4.000000000000000000e+00 4.442359173510200344e+04 2.863247747573649758e+04 6.892367257843310654e+04
4.250000000000000000e+00 3.384925979027929861e+04 2.196545991618706466e+04 5.216245836516547570e+04
4.500000000000000000e+00 2.616799886820897518e+04 1.716788714644933498e+04 3.988633889105038543e+04
4.750000000000000000e+00 2.047390692228067201e+04 1.352926957975761252e+04 3.098325908808761960e+04
5.000000000000000000e+00 1.621931748029353184e+04 1.082268214025102679e+04 2.430693760728462439e+04
5.250000000000000000e+00 1.296707175308647129e+04 8.731277661885900670e+03 1.925777146953940974e+04
5.500000000000000000e+00 1.047885934322788489e+04 7.132375296060632536e+03 1.539550129895756982e+04
5.750000000000000000e+00 8.545279762313843094e+03 5.864145519432462606e+03 1.245225002930651135e+04
6.000000000000000000e+00 7.022414331261152256e+03 4.866616999469792972e+03 1.013317938216109906e+04
6.250000000000000000e+00 5.814377356780079936e+03 4.073176975927899093e+03 8.299905515236157953e+03
6.500000000000000000e+00 4.848246270783727596e+03 3.433699773388402264e+03 6.845529153229641452e+03
6.750000000000000000e+00 4.068845828935671307e+03 2.911910535672547667e+03 5.685444719826695291e+03
7.000000000000000000e+00 3.434784197103915176e+03 2.481617828157173335e+03 4.754052919355307495e+03
7.250000000000000000e+00 2.912918819190393606e+03 2.121235832024165575e+03 4.000071995340918420e+03
7.500000000000000000e+00 2.483992336254530073e+03 1.823409184792434871e+03 3.383890998264120299e+03
7.750000000000000000e+00 2.129607813920660192e+03 1.574666069299914625e+03 2.880121398137614960e+03
8.000000000000000000e+00 1.834121763348377044e+03 1.366479821834402173e+03 2.461801915429841756e+03
8.250000000000000000e+00 1.584725767797618801e+03 1.189238087556934033e+03 2.111735055745532463e+03
8.500000000000000000e+00 1.376088448361558449e+03 1.039565727141627576e+03 1.821548525768337413e+03
8.750000000000000000e+00 1.199449865523344670e+03 9.118056203852969475e+02 1.577836270954366455e+03
9.000000000000000000e+00 1.049323353212468419e+03 8.028367949969365327e+02 1.371486093386215998e+03
9.250000000000000000e+00 9.218860933262491244e+02 7.086960233193459544e+02 1.199208039982709806e+03
9.500000000000000000e+00 8.117666000532277621e+02 6.275226188733086019e+02 1.050105594831182316e+03
9.750000000000000000e+00 7.170142215847695297e+02 5.568735841155163371e+02 9.232066462110502698e+02
1.000000000000000000e+01 6.353112060115018949e+02 4.957607627615931847e+02 8.141433505859888555e+02
1.025000000000000000e+01 5.643969656349440811e+02 4.422526195290745363e+02 7.202759706819341545e+02
1.050000000000000000e+01 5.027519307723824795e+02 3.957569276857186082e+02 6.386736054714921238e+02
1.075000000000000000e+01 4.490142589682608332e+02 3.549581264193458878e+02 5.679932075104284195e+02
1.100000000000000000e+01 4.019386899374941322e+02 3.189952070815767229e+02 5.064487079498803155e+02
1.125000000000000000e+01 3.606408022849124677e+02 2.872298768103480029e+02 4.528142744655440310e+02
1.150000000000000000e+01 3.243099634001721938e+02 2.592230991313769550e+02 4.057391209080339536e+02
1.175000000000000000e+01 2.921263504316189028e+02 2.343728292305416119e+02 3.641113387446212641e+02
1.200000000000000000e+01 2.637841969457549567e+02 2.123435853974102088e+02 3.276863882094244786e+02
1.225000000000000000e+01 2.386559979728135659e+02 1.926531561059729825e+02 2.956436661596623594e+02
1.250000000000000000e+01 2.163230004440475227e+02 1.750762384212359848e+02 2.672872169467360095e+02
1.275000000000000000e+01 1.964343991201369306e+02 1.593714772719324060e+02 2.421165557237692951e+02
1.300000000000000000e+01 1.786892285917085417e+02 1.453222343124720055e+02 2.197175164954063291e+02
1.325000000000000000e+01 1.628186468672676597e+02 1.327239969162718580e+02 1.997371416143504916e+02
1.350000000000000000e+01 1.485965512057592548e+02 1.214080551542956670e+02 1.818737233059495395e+02
1.375000000000000000e+01 1.358274769844998957e+02 1.112852573742189151e+02 1.657820985392166619e+02
1.400000000000000000e+01 1.243426434420715196e+02 1.021189822154912008e+02 1.514027327998253440e+02
1.425000000000000000e+01 1.139920162713871292e+02 9.382001643595275198e+01 1.385011457814740936e+02
1.450000000000000000e+01 1.046479406175177900e+02 8.628579078044437267e+01 1.269176694845738638e+02
1.475000000000000000e+01 9.619903983243804646e+01 7.946759538314834970e+01 1.164531935320825227e+02
1.500000000000000000e+01 8.854824427406491338e+01 7.330374744286075384e+01 1.069630385558563432e+02
1.525000000000000000e+01 8.160918501925024771e+01 6.768426701337241980e+01 9.839892449733387991e+01
1.550000000000000000e+01 7.530628948785606269e+01 6.255849985322038265e+01 9.065174596153374864e+01
1.575000000000000000e+01 6.957295392453390548e+01 5.788798263355418072e+01 8.361659359294431226e+01
1.600000000000000000e+01 6.435065250952906979e+01 5.362165629264964650e+01 7.722638136729470659e+01
1.625000000000000000e+01 5.956241274352939996e+01 4.973431433461885121e+01 7.133266154955511240e+01
1.650000000000000000e+01 5.521292995562973971e+01 4.615822045077141667e+01 6.604387267348234047e+01
1.675000000000000000e+01 5.123551688528793591e+01 4.288313188860043113e+01 6.121470319196640020e+01
1.700000000000000000e+01 4.759309192999514693e+01 3.987699418653782146e+01 5.680223511484350496e+01
1.725000000000000000e+01 4.425424171104963733e+01 3.711680369349343778e+01 5.276418534291300233e+01
1.750000000000000000e+01 4.118886677082303294e+01 3.458506201928333468e+01 4.905362739898203017e+01
1.775000000000000000e+01 3.837207708019410290e+01 3.225132783916163959e+01 4.565443961846603571e+01
1.800000000000000000e+01 3.578075187505750421e+01 3.011091257690237910e+01 4.251821333792788238e+01
1.825000000000000000e+01 3.339408994291642330e+01 2.812598282298253594e+01 3.964893423046389387e+01
1.850000000000000000e+01 3.119191720155172121e+01 2.630053287363983117e+01 3.699300327422643164e+01
1.875000000000000000e+01 2.916117448260818890e+01 2.459217291211014356e+01 3.457905489865687088e+01
1.900000000000000000e+01 2.728479566621360775e+01 2.303661248493235192e+01 3.231638657957896044e+01
1.925000000000000000e+01 2.555050178652635040e+01 2.158929635079350362e+01 3.023850944170729704e+01
1.950000000000000000e+01 2.394235823746008052e+01 2.025252526848695567e+01 2.830444650094237247e+01
1.975000000000000000e+01 2.245392419564896613e+01 1.899925159672788411e+01 2.653676694669285752e+01
2.000000000000000000e+01 2.107369395166645987e+01 1.784237853685940323e+01 2.489021157415000474e+01
2.025000000000000000e+01 1.978664615289095607e+01 1.676427460508413958e+01 2.335391033626828872e+01
2.050000000000000000e+01 1.859666003885882191e+01 1.576677846948590656e+01 2.193445955178470541e+01
2.075000000000000000e+01 1.749105256393828611e+01 1.483888407586519520e+01 2.061724575987794594e+01
2.100000000000000000e+01 1.646185579565253221e+01 1.397418742940731207e+01 1.939237595071762144e+01
2.125000000000000000e+01 1.550389422524972005e+01 1.316887741892870167e+01 1.825294051277500174e+01
2.150000000000000000e+01 1.461191422461715206e+01 1.241925290750625877e+01 1.719169735069359461e+01
2.175000000000000000e+01 1.377911307411289776e+01 1.171789443716471624e+01 1.620290728230257216e+01
2.200000000000000000e+01 1.300186101549084938e+01 1.106359673578800695e+01 1.527969555500074428e+01
2.225000000000000000e+01 1.227599046082718814e+01 1.045153761684831828e+01 1.441892545565596784e+01
2.250000000000000000e+01 1.159157015761667253e+01 9.873941507104024851e+00 1.360799014479455060e+01
2.275000000000000000e+01 1.095736748352625156e+01 9.338122032064577027e+00 1.285739271309279985e+01
2.300000000000000000e+01 1.036371262087898693e+01 8.836679291830396465e+00 1.215462683900556229e+01
2.325000000000000000e+01 9.807803377814392931e+00 8.366002345061353651e+00 1.149808512241840219e+01
2.350000000000000000e+01 9.286841630920561030e+00 7.924241270408882265e+00 1.088374577890017925e+01
2.375000000000000000e+01 8.798151872843249066e+00 7.510126409022586991e+00 1.030708035548092028e+01
2.400000000000000000e+01 8.339570096626522044e+00 7.119384872882718263e+00 9.768881811889791322e+00
2.425000000000000000e+01 7.908981010335439876e+00 6.758652130598251873e+00 9.255096935475759068e+00
2.450000000000000000e+01 7.504388266682578745e+00 6.414887368555375780e+00 8.778929390588102066e+00
2.475000000000000000e+01 7.124024341265782212e+00 6.093345491220193644e+00 8.329040736008606061e+00
2.500000000000000000e+01 6.766221948272898246e+00 5.789105199234009014e+00 7.908261791364155968e+00
2.525000000000000000e+01 6.429441529468976846e+00 5.502658469864751822e+00 7.512317656501113383e+00
2.550000000000000000e+01 6.112242916833387163e+00 5.232628179250713885e+00 7.139722562845962628e+00
2.575000000000000000e+01 5.813436910920710687e+00 4.978196022914084473e+00 6.788814374061582058e+00
2.600000000000000000e+01 5.531598920664166918e+00 4.735945223972254148e+00 6.460924941490041817e+00
2.625000000000000000e+01 5.265830385314481887e+00 4.509582776229687617e+00 6.148899138311090695e+00
2.650000000000000000e+01 5.015037409630997978e+00 4.297754979261897645e+00 5.852032128718000159e+00
2.675000000000000000e+01 4.778222218800496357e+00 4.095804889180659991e+00 5.574339645071818339e+00
2.700000000000000000e+01 4.554527104578658836e+00 3.904927802973637618e+00 5.312189672378868188e+00
2.725000000000000000e+01 4.343111322814309894e+00 3.726170111085924663e+00 5.062199362889714394e+00
2.750000000000000000e+01 4.143073911998683911e+00 3.555021810397294146e+00 4.828398349085173180e+00
2.775000000000000000e+01 3.953868963654096902e+00 3.393242842321083863e+00 4.607120830483682816e+00
2.800000000000000000e+01 3.774652145800327485e+00 3.240078192523892842e+00 4.397424375334717084e+00
2.825000000000000000e+01 3.603343713682482186e+00 3.093281446914152966e+00 4.197511976121003130e+00
2.850000000000000000e+01 3.442705055446166895e+00 2.956138411668684185e+00 4.009358307449562453e+00
2.875000000000000000e+01 3.290437696968205650e+00 2.825881517291333633e+00 3.831363831561953148e+00
2.900000000000000000e+01 3.146038758765509424e+00 2.702288678522658749e+00 3.662658231268549613e+00
2.925000000000000000e+01 3.009054419156095950e+00 2.584906053478476018e+00 3.502799834933429945e+00
2.950000000000000000e+01 2.879039675006156429e+00 2.473554066601354240e+00 3.350995865495029591e+00
2.975000000000000000e+01 2.755588103677832912e+00 2.367799102968003666e+00 3.206887690603793306e+00
3.000000000000000000e+01 2.638331284275464927e+00 2.267152844439487946e+00 3.070279087119753836e+00
3.025000000000000000e+01 2.526972971471029616e+00 2.171705914506599111e+00 2.940357787806596512e+00
3.050000000000000000e+01 2.421046419539762518e+00 2.080888773646374812e+00 2.816808778921500611e+00
3.075000000000000000e+01 2.320302409804837485e+00 1.992643870008382168e+00 2.701839176572725432e+00
3.100000000000000000e+01 2.224464744328951582e+00 1.910961060752178753e+00 2.589400433316404460e+00
3.125000000000000000e+01 2.133207972976684630e+00 1.832680402328555891e+00 2.483016815255650656e+00
3.150000000000000000e+01 2.046365043808136885e+00 1.757347522880302604e+00 2.382915068304965356e+00
3.175000000000000000e+01 1.963620578330082855e+00 1.686374542669448751e+00 2.286446858678153671e+00
3.200000000000000000e+01 1.884812904187930904e+00 1.618781359624641425e+00 2.194564239742105016e+00
3.225000000000000000e+01 1.808991761188764480e+00 1.553751448880651642e+00 2.106161313256606160e+00
3.250000000000000000e+01 1.737410221850097747e+00 1.492346510011755001e+00 2.022716747577229413e+00
3.275000000000000000e+01 1.669139849947985033e+00 1.433798044952028894e+00 1.943110362364593113e+00
3.300000000000000000e+01 1.604001714230282927e+00 1.377919546081465496e+00 1.867178317174096769e+00
3.325000000000000000e+01 1.541830561886422535e+00 1.324575697780496553e+00 1.794719233902892119e+00
3.350000000000000000e+01 1.482477562682210648e+00 1.273604601392516633e+00 1.725605985918434060e+00
3.375000000000000000e+01 1.425794609312266203e+00 1.224953187014413469e+00 1.659565679320933906e+00
3.400000000000000000e+01 1.371643096779015636e+00 1.178479693459668187e+00 1.596467716315314256e+00
3.425000000000000000e+01 1.319893395548908943e+00 1.134066866825185871e+00 1.536169185941107962e+00
3.450000000000000000e+01 1.270410506966006992e+00 1.091597204736844740e+00 1.478515013785424603e+00
3.475000000000000000e+01 1.223136118996046351e+00 1.051011052297610382e+00 1.423450269454518358e+00
3.500000000000000000e+01 1.177883786832787827e+00 1.012144769889024687e+00 1.370762618706876435e+00
3.525000000000000000e+01 1.134587610230192611e+00 9.749246976471854786e-01 1.320398435278654858e+00
3.550000000000000000e+01 1.093006648615680643e+00 9.394224602358249854e-01 1.271699990671059100e+00
3.575000000000000000e+01 1.053344603261555879e+00 9.053322579876116327e-01 1.225555417285735471e+00
3.600000000000000000e+01 1.015360236492775181e+00 8.726595643274746017e-01 1.181395875315000898e+00
3.625000000000000000e+01 9.789755186448512170e-01 8.413897394639464622e-01 1.139059607164394805e+00
3.650000000000000000e+01 9.441123207627949432e-01 8.114286540575011974e-01 1.098492233123611106e+00
3.675000000000000000e+01 9.106974373587480853e-01 7.827252611853219300e-01 1.059592507792367355e+00
3.700000000000000000e+01 8.786629715731720802e-01 7.552109043373593789e-01 1.022295378919629627e+00
3.725000000000000000e+01 8.479430303929722523e-01 7.288222971039303166e-01 9.865331860030708278e-01
3.750000000000000000e+01 8.184753133691725635e-01 7.035075388511430328e-01 9.522312151604555019e-01
3.775000000000000000e+01 7.902030435817232190e-01 6.792187405937590849e-01 9.193221752685487580e-01
3.800000000000000000e+01 7.631097190455659041e-01 6.559424630800504419e-01 8.877858593989742531e-01
3.825000000000000000e+01 7.370698053340749567e-01 6.335697343056170272e-01 8.574776674435514723e-01
3.850000000000000000e+01 7.120663114729648413e-01 6.132489047057586573e-01 8.268069099577016745e-01
3.875000000000000000e+01 6.880420645105793653e-01 5.925573812910841509e-01 7.989131474567343627e-01
3.900000000000000000e+01 6.649612018335413488e-01 5.726795752303618370e-01 7.721130961690789718e-01
3.925000000000000000e+01 6.427832770976065202e-01 5.537628746919034395e-01 7.461141947195605306e-01
3.950000000000000000e+01 6.214687994870552457e-01 5.354024754624461258e-01 7.213703455559983269e-01
3.975000000000000000e+01 6.009778635303725247e-01 5.177520639328847540e-01 6.975817531465203780e-01
4.000000000000000000e+01 5.812747789811879562e-01 5.007805085285190749e-01 6.747075074316454257e-01
4.025000000000000000e+01 5.623258050870003633e-01 4.844632286611476601e-01 6.527023979520907293e-01
4.050000000000000000e+01 5.440981494921145467e-01 4.687652243827660770e-01 6.315374538940037308e-01
4.075000000000000000e+01 5.264590073934793946e-01 4.537450106059356392e-01 6.108256399240766799e-01
4.100000000000000000e+01 5.095828042615346831e-01 4.391974378318980743e-01 5.912480630145194871e-01
4.125000000000000000e+01 4.933377007687190785e-01 4.252010318179091364e-01 5.723929830537046737e-01
4.150000000000000000e+01 4.776954053370450759e-01 4.117223216075257541e-01 5.542398075216544706e-01
4.175000000000000000e+01 4.625772527470467521e-01 3.985316306763957428e-01 5.369152616464544225e-01
4.200000000000000000e+01 4.480669248674005734e-01 3.860325342478407307e-01 5.200700753145180988e-01
4.225000000000000000e+01 4.340861511609086509e-01 3.739916038145663091e-01 5.038369436847560667e-01
4.250000000000000000e+01 4.206151622734187190e-01 3.623893268176457960e-01 4.881962619813000059e-01
4.275000000000000000e+01 4.076319547065765381e-01 3.512030274124303131e-01 4.731275004152294406e-01
4.300000000000000000e+01 3.951150012999383732e-01 3.404148221906895810e-01 4.586047788624172949e-01
4.325000000000000000e+01 3.830456103872625362e-01 3.300119181642516830e-01 4.446019418120648048e-01
4.350000000000000000e+01 3.714060347856854571e-01 3.199795191008832917e-01 4.310977248257418792e-01
4.375000000000000000e+01 3.601800046411227640e-01 3.103093595052999754e-01 4.180654942219474979e-01
4.400000000000000000e+01 3.493521826023969212e-01 3.009759694315649603e-01 4.055039600655200305e-01
4.425000000000000000e+01 3.389037446523442965e-01 2.919695186488197591e-01 3.933826677213165257e-01
4.450000000000000000e+01 3.288188351546755261e-01 2.832768004540406337e-01 3.816826022433826848e-01
4.475000000000000000e+01 3.190832777436541368e-01 2.748851962296227636e-01 3.703878547558611678e-01
4.500000000000000000e+01 3.096834263292234102e-01 2.667833992292397705e-01 3.594819798386329479e-01
4.525000000000000000e+01 3.006058582705128934e-01 2.590393238917094165e-01 3.488423327738765511e-01
4.550000000000000000e+01 2.918384026008780663e-01 2.514782488168760821e-01 3.386760232080822108e-01
4.575000000000000000e+01 2.833327599395923380e-01 2.441421488274051477e-01 3.288143945670697343e-01
4.600000000000000000e+01 2.751497895105144420e-01 2.370833390895230042e-01 3.193282453268180832e-01
4.625000000000000000e+01 2.672418412167933965e-01 2.302633616886196888e-01 3.101587728642611896e-01
4.650000000000000000e+01 2.594290781987665384e-01 2.235242921205432554e-01 3.011012627601388214e-01
4.675000000000000000e+01 2.520445606285891538e-01 2.171548269994783564e-01 2.925399422164866592e-01
4.700000000000000000e+01 2.448061763465319562e-01 2.109907129365608258e-01 2.840412411679401061e-01
4.725000000000000000e+01 2.379002265595659416e-01 2.050324944656472248e-01 2.760368201371877772e-01
4.750000000000000000e+01 2.312252336648190076e-01 1.992745032303263331e-01 2.682987929547307471e-01
4.775000000000000000e+01 2.247677653906587081e-01 1.937765706347816530e-01 2.607154631399080102e-01
4.800000000000000000e+01 2.185200551976703987e-01 1.883853948546149737e-01 2.534751410025411489e-01
4.825000000000000000e+01 2.124744297902996792e-01 1.831668777983852525e-01 2.464713263519468789e-01
4.850000000000000000e+01 2.066233354498215324e-01 1.781164110512173104e-01 2.396926959197098472e-01
4.875000000000000000e+01 2.009598262848610317e-01 1.732277724235564698e-01 2.331315078144465536e-01
4.900000000000000000e+01 1.954609407029040402e-01 1.684822084788408780e-01 2.267597254653876682e-01
4.925000000000000000e+01 1.901525472518347526e-01 1.639010785010782401e-01 2.206086229391307774e-01
4.950000000000000000e+01 1.850120826506990168e-01 1.594648405093069266e-01 2.146521491347262445e-01
4.975000000000000000e+01 1.800262972662418914e-01 1.551612112844904523e-01 2.088760937034065679e-01
5.000000000000000000e+01 1.752033798803818987e-01 1.509394328036549326e-01 2.033678260964427997e-01
5.025000000000000000e+01 1.705307210832026910e-01 1.468694899832115042e-01 1.980038661295906721e-01
5.050000000000000000e+01 1.659967757821391443e-01 1.429587790476420095e-01 1.927473762271214308e-01
5.075000000000000000e+01 1.616088877824538028e-01 1.391170321875809524e-01 1.877371318205367789e-01
5.100000000000000000e+01 1.573557718456307652e-01 1.354497438909310625e-01 1.828046197936890049e-01
5.125000000000000000e+01 1.532272175810866499e-01 1.318899825379603041e-01 1.780164024275620316e-01
5.150000000000000000e+01 1.492298197083876121e-01 1.284411136652501562e-01 1.733832606608962656e-01
5.175000000000000000e+01 1.453535395467111524e-01 1.250950475806414663e-01 1.688927888623053819e-01
5.200000000000000000e+01 1.415943057681323947e-01 1.218530571137629998e-01 1.645338073647303889e-01
5.225000000000000000e+01 1.379481848957131995e-01 1.187549805318868362e-01 1.602433988940128728e-01
5.250000000000000000e+01 1.344083794857191816e-01 1.156996247820178403e-01 1.561423600985167026e-01
5.275000000000000000e+01 1.309770277093908197e-01 1.127394626887203571e-01 1.521648354396751557e-01
5.300000000000000000e+01 1.276475949822812039e-01 1.098671524270013466e-01 1.483055503380467377e-01
5.325000000000000000e+01 1.244163193661409345e-01 1.070800875732290380e-01 1.445592815193734171e-01
5.350000000000000000e+01 1.212804202468446002e-01 1.043753960344594306e-01 1.409234445481298281e-01
5.375000000000000000e+01 1.182364532766430609e-01 1.017493052809511078e-01 1.373951285941312772e-01
5.400000000000000000e+01 1.152811672486240419e-01 9.920041857469293067e-02 1.339686637733158159e-01
5.425000000000000000e+01 1.124117148268947569e-01 9.672574449431425858e-02 1.306414718892745797e-01
5.450000000000000000e+01 1.096188073558264642e-01 9.431632282115422206e-02 1.274040650301801192e-01
5.475000000000000000e+01 1.069129170961109210e-01 9.198208483332234731e-02 1.242673707897845592e-01
5.500000000000000000e+01 1.042847344187414621e-01 8.972012439396806482e-02 1.212136731446461640e-01
5.525000000000000000e+01 1.017316035898326587e-01 8.751880494973578173e-02 1.182525192717464868e-01
5.550000000000000000e+01 9.925105270416929859e-02 8.538033212568876817e-02 1.153751832258561316e-01
5.575000000000000000e+01 9.684084730487270420e-02 8.330179448503287343e-02 1.125804043562431966e-01
5.600000000000000000e+01 9.449778189606540535e-02 8.128197852678749336e-02 1.098623698035771784e-01
5.625000000000000000e+01 9.219988902448687795e-02 7.930128467957213434e-02 1.071964920931160054e-01
5.650000000000000000e+01 8.998805897601357129e-02 7.739507073266350956e-02 1.046300582402970997e-01
5.675000000000000000e+01 8.783210363554565248e-02 7.553757817655963602e-02 1.021276908165311276e-01
5.700000000000000000e+01 8.574210544496012332e-02 7.373706011753422551e-02 9.970167829333445586e-02
5.725000000000000000e+01 8.370988063938682167e-02 7.198617966348659636e-02 9.734290872800283045e-02
5.750000000000000000e+01 8.173365446229047260e-02 7.028330119459709480e-02 9.504946634855333809e-02
5.775000000000000000e+01 7.981130004618068596e-02 6.861326847531282191e-02 9.283690686377026047e-02
5.800000000000000000e+01 7.794178100576608370e-02 6.700290876818150443e-02 9.066652982736879418e-02
5.825000000000000000e+01 7.612314349403055680e-02 6.543640726801085161e-02 8.855518231126315032e-02
5.850000000000000000e+01 7.435378905488039536e-02 6.391240980466644794e-02 8.650097788073074501e-02
5.875000000000000000e+01 7.263221850231728338e-02 6.242980071526430669e-02 8.450193824306886925e-02
5.900000000000000000e+01 7.095692706885275980e-02 6.097307833483447959e-02 8.257555033395801158e-02
5.925000000000000000e+01 6.932651084383741058e-02 5.956972452251354383e-02 8.068133845346696364e-02
5.950000000000000000e+01 6.773966983898883909e-02 5.820390524356524459e-02 7.883771459480402866e-02
5.975000000000000000e+01 6.619498538490584116e-02 5.687442530886212960e-02 7.704299544676247724e-02
6.000000000000000000e+01 6.469092965361762648e-02 5.557984507499257737e-02 7.529557475021197988e-02
6.025000000000000000e+01 6.322673092536797157e-02 5.431936928510013723e-02 7.359473344631477232e-02
6.050000000000000000e+01 6.180096899043497488e-02 5.309205061041580992e-02 7.193844886841511965e-02
6.075000000000000000e+01 6.041252584912479295e-02 5.189667358998723001e-02 7.032576515993362032e-02
6.100000000000000000e+01 5.906028847381182556e-02 5.073276586740552846e-02 6.875473108890547969e-02
6.125000000000000000e+01 5.774316896756516437e-02 4.959905963599908069e-02 6.722453181343703010e-02
6.150000000000000000e+01 5.646006387909904833e-02 4.849455139330786924e-02 6.573395817971923460e-02
6.175000000000000000e+01 5.521004902982794282e-02 4.741860969943849369e-02 6.428171414549296858e-02
6.200000000000000000e+01 5.399214474010213122e-02 4.637039943776005702e-02 6.286665047060797928e-02
6.225000000000000000e+01 5.280541103506222744e-02 4.534896800983588550e-02 6.148786966832594375e-02
6.250000000000000000e+01 5.164893325157617759e-02 4.435373662110296544e-02 6.014402639430731223e-02
6.275000000000000000e+01 5.052183764305466507e-02 4.338380105480453552e-02 5.883431181160885676e-02
6.300000000000000000e+01 4.942326666531267343e-02 4.243839377712588234e-02 5.755776952112617861e-02
6.325000000000000000e+01 4.834082150280313850e-02 4.150503981941799231e-02 5.630244022733340431e-02
6.350000000000000000e+01 4.729638577986836762e-02 4.060933537232255808e-02 5.508457814758364185e-02
6.375000000000000000e+01 4.627874858209331949e-02 3.973366284895983591e-02 5.390196666403412884e-02
6.400000000000000000e+01 4.528635668199482156e-02 3.887973665241984539e-02 5.274866236526356417e-02
6.425000000000000000e+01 4.431863233619273701e-02 3.804625256340247313e-02 5.162508893293683149e-02
6.450000000000000000e+01 4.337488797918016836e-02 3.723486635680288426e-02 5.052739787429628981e-02
6.475000000000000000e+01 4.245444733882140081e-02 3.644285032272521346e-02 4.945771482975420269e-02
6.500000000000000000e+01 4.155664612824428589e-02 3.569386659139960061e-02 4.838239737928053119e-02
6.525000000000000000e+01 4.066943319198926959e-02 3.494308859278503349e-02 4.733419004349813386e-02
6.550000000000000000e+01 3.981852120191179539e-02 3.420048197138927243e-02 4.635942359038904698e-02
6.575000000000000000e+01 3.898555031357411882e-02 3.348327627528201872e-02 4.539200766247052793e-02
6.600000000000000000e+01 3.817278205203827185e-02 3.278355039925131414e-02 4.444794025804151005e-02
6.625000000000000000e+01 3.738294174153279636e-02 3.210361428184616700e-02 4.353043619892603411e-02
6.650000000000000000e+01 3.660883809150417695e-02 3.143715573900287413e-02 4.263130664671497400e-02
6.675000000000000000e+01 3.585332726421586180e-02 3.078689562598611873e-02 4.175351394734169719e-02
6.700000000000000000e+01 3.511298549395911600e-02 3.014931511406410830e-02 4.089385598427235091e-02
6.725000000000000000e+01 3.439320577282692359e-02 2.952983866364538093e-02 4.005753694781583052e-02
6.750000000000000000e+01 3.369053423309104067e-02 2.891665440369895271e-02 3.925253872958021223e-02
6.775000000000000000e+01 3.300450062036718729e-02 2.832647751342853848e-02 3.845508361155821481e-02
6.800000000000000000e+01 3.233464926725049260e-02 2.775023705923615469e-02 3.767641843939194962e-02
6.825000000000000000e+01 3.168328551926369308e-02 2.718993251180536197e-02 3.691920091597652304e-02
6.850000000000000000e+01 3.104446219792701689e-02 2.664047706939265403e-02 3.617647802057514378e-02
6.875000000000000000e+01 3.042056410231221142e-02 2.610390202832613832e-02 3.545104939861845605e-02
6.900000000000000000e+01 2.980414503118064204e-02 2.557378764772891971e-02 3.473427844461413061e-02
6.925000000000000000e+01 2.920905636115565113e-02 2.506201723256670441e-02 3.404231054476020146e-02
6.950000000000000000e+01 2.862772796005162365e-02 2.455570436428841305e-02 3.337500712651501195e-02
6.975000000000000000e+01 2.805980739079105835e-02 2.406664350778723108e-02 3.271552140428428401e-02
7.000000000000000000e+01 2.750195244130622385e-02 2.358714631497653424e-02 3.206650681619863108e-02
7.025000000000000000e+01 2.695985717718551999e-02 2.312124213463748190e-02 3.143576347593306231e-02
7.050000000000000000e+01 2.642230574059630660e-02 2.265924908978413435e-02 3.081029904756651602e-02
7.075000000000000000e+01 2.590477749052234879e-02 2.220886151624186858e-02 3.021575402875618238e-02
7.100000000000000000e+01 2.539898506041719448e-02 2.177410624840020459e-02 2.962732131183081277e-02
7.125000000000000000e+01 2.490463216024649262e-02 2.134939889827397116e-02 2.905190473945045565e-02
7.150000000000000000e+01 2.442142014877512687e-02 2.093982694483113860e-02 2.848188591311250767e-02
7.175000000000000000e+01 2.394905032173314310e-02 2.053358973516176966e-02 2.793262253266635964e-02
7.200000000000000000e+01 2.348725656901238037e-02 2.013674724801080979e-02 2.739524980595411593e-02
7.225000000000000000e+01 2.303574837009159798e-02 1.974236654855366507e-02 2.687852551339915338e-02
7.250000000000000000e+01 2.259424941693449068e-02 1.936313330835128660e-02 2.636454021077604820e-02
7.275000000000000000e+01 2.216254573993320029e-02 1.899231416153530222e-02 2.586195813195864626e-02
7.300000000000000000e+01 2.174039653474642980e-02 1.862971943324743737e-02 2.537047555555298553e-02
7.325000000000000000e+01 2.132756201715248559e-02 1.827514231764554298e-02 2.488981446433339781e-02
7.350000000000000000e+01 2.092380242854931932e-02 1.792816483401509647e-02 2.441998453953960965e-02
7.375000000000000000e+01 2.052889391481865430e-02 1.758901009203571453e-02 2.396015939275081622e-02
7.400000000000000000e+01 2.014261193927287252e-02 1.725703770312324650e-02 2.351068721734949837e-02
7.425000000000000000e+01 1.976473949493665061e-02 1.692844205531435567e-02 2.307624801067108614e-02
7.450000000000000000e+01 1.939506647370335332e-02 1.661079668455096511e-02 2.264603020932952002e-02
7.475000000000000000e+01 1.903339228042929057e-02 1.630037259407363798e-02 2.222464668276457819e-02
7.500000000000000000e+01 1.867952183478067268e-02 1.599659344861100591e-02 2.181242757071789190e-02
7.525000000000000000e+01 1.833187139380857908e-02 1.569823149274526125e-02 2.140734827069163890e-02
7.550000000000000000e+01 1.799307248762071348e-02 1.540747559561960779e-02 2.101256987464038273e-02
7.575000000000000000e+01 1.766152239150530975e-02 1.512294554879429868e-02 2.062623132373259810e-02
7.600000000000000000e+01 1.733703275533428692e-02 1.484448677992628550e-02 2.024810350237157483e-02
7.625000000000000000e+01 1.701944095710517663e-02 1.457197684252458866e-02 1.987797356684554290e-02
7.650000000000000000e+01 1.670975238380801448e-02 1.431066163013419365e-02 1.951103533467860723e-02
7.675000000000000000e+01 1.640543572735592495e-02 1.404951093638375469e-02 1.915641922505813277e-02
7.700000000000000000e+01 1.610752219200193083e-02 1.379448753217083455e-02 1.880840231003527013e-02
7.725000000000000000e+01 1.581468747825233445e-02 1.354318552360975203e-02 1.846717226156178657e-02
7.750000000000000000e+01 1.552918257106009579e-02 1.329747952161448518e-02 1.813543017181027880e-02
7.775000000000000000e+01 1.524963698790540896e-02 1.305818259899352643e-02 1.780886631810593007e-02
7.800000000000000000e+01 1.496900420448025668e-02 1.282065655280417715e-02 1.747734883551950794e-02
7.825000000000000000e+01 1.470099598141198782e-02 1.259061559974430228e-02 1.716510849953043621e-02
7.850000000000000000e+01 1.443853367725177889e-02 1.236534141345463182e-02 1.685932056209121788e-02
7.875000000000000000e+01 1.418147758439271093e-02 1.214471247991985581e-02 1.655982443463824977e-02
7.900000000000000000e+01 1.392970810180622042e-02 1.192862909032978667e-02 1.626647675371398552e-02
7.925000000000000000e+01 1.368308775415066729e-02 1.171696409762026762e-02 1.597912982645513166e-02
7.950000000000000000e+01 1.344151015782534507e-02 1.150936507516990386e-02 1.569801584560951910e-02
7.975000000000000000e+01 1.320371174687849994e-02 1.130530578925036979e-02 1.542090122501828080e-02
8.000000000000000000e+01 1.297191794031326943e-02 1.110640612292402608e-02 1.515077453388855543e-02
8.025000000000000000e+01 1.274484126502928999e-02 1.091180195920072801e-02 1.488580708100490507e-02
8.050000000000000000e+01 1.252236102112562130e-02 1.072406131399201816e-02 1.462221456518642167e-02
8.075000000000000000e+01 1.230436904686219371e-02 1.053695933919754357e-02 1.436823401967405982e-02
8.100000000000000000e+01 1.209076282629351594e-02 1.035363076170835867e-02 1.411935089112258818e-02
8.125000000000000000e+01 1.188144125990970093e-02 1.017397365726947431e-02 1.387546804898764918e-02
8.150000000000000000e+01 1.167629575499633081e-02 1.000157437943679367e-02 1.363144214959311797e-02
8.175000000000000000e+01 1.147525510754367900e-02 9.828959403299929870e-03 1.339729613075796820e-02
8.200000000000000000e+01 1.127823404582306739e-02 9.659800721987282096e-03 1.316782476711324604e-02
8.225000000000000000e+01 1.108512355857406081e-02 9.494001255914532797e-03 1.294290584091743225e-02
8.250000000000000000e+01 1.089583393015401171e-02 9.331486269078233600e-03 1.272243173382738533e-02
8.275000000000000000e+01 1.071027669808752650e-02 9.172182517701922208e-03 1.250629571840847915e-02
8.300000000000000000e+01 1.052836918997486319e-02 9.016022914987955467e-03 1.229439619282068213e-02
8.325000000000000000e+01 1.035003146811580566e-02 8.862943512643066749e-03 1.208663366049612074e-02
8.350000000000000000e+01 1.017518340955247090e-02 8.712865786224814613e-03 1.188292806962795017e-02
8.375000000000000000e+01 1.000374618233913250e-02 8.565717542954320862e-03 1.168319375216625086e-02
8.400000000000000000e+01 9.835651856585646974e-03 8.421441597778477756e-03 1.148735003630210749e-02
8.425000000000000000e+01 9.670819351804143746e-03 8.279954769581364740e-03 1.129532099363848852e-02
8.450000000000000000e+01 9.509146929372639181e-03 8.141186479336631060e-03 1.110696525056936203e-02
8.475000000000000000e+01 9.350595165136973280e-03 8.003396590852142681e-03 1.092456545789812633e-02
8.500000000000000000e+01 9.195097238841525716e-03 7.869530563639521789e-03 1.074394623008468642e-02
8.525000000000000000e+01 9.042571829641981099e-03 7.738354562720632483e-03 1.056660103016614401e-02
8.550000000000000000e+01 8.892969141367884980e-03 7.609967316206229203e-03 1.039227855563870824e-02
8.575000000000000000e+01 8.746224150586498491e-03 7.484030713422308231e-03 1.022128847695790918e-02
8.600000000000000000e+01 8.602273694531373943e-03 7.360498281809556634e-03 1.005354663263829940e-02
8.625000000000000000e+01 8.461055639160247610e-03 7.239317734359968122e-03 9.888979204377286794e-03
8.650000000000000000e+01 8.322513694371574261e-03 7.120217047657568729e-03 9.727826234705746339e-03
8.675000000000000000e+01 8.186587658088250938e-03 7.003593157244272088e-03 9.569404729662158923e-03
8.700000000000000000e+01 8.053223803201215586e-03 6.889173777904514413e-03 9.413961051824921294e-03
8.725000000000000000e+01 7.922367728391879402e-03 6.776911519432713901e-03 9.261432769763974782e-03
8.750000000000000000e+01 7.793967233656858354e-03 6.666760935802368629e-03 9.111759942237339024e-03
8.775000000000000000e+01 7.667968566622829218e-03 6.558679437428310138e-03 8.964875094089160695e-03
8.800000000000000000e+01 7.544320759015081881e-03 6.452612078413150903e-03 8.820734149712449249e-03
8.825000000000000000e+01 7.422975581390520855e-03 6.348527818887218961e-03 8.679266761341539876e-03
8.850000000000000000e+01 7.303882727506424283e-03 6.246380411045053191e-03 8.540418512269489990e-03
8.875000000000000000e+01 7.186995142309238020e-03 6.146126899594357360e-03 8.404138088815847271e-03
8.900000000000000000e+01 7.072266414949489495e-03 6.047731580342502120e-03 8.270365769307157916e-03
8.925000000000000000e+01 6.959650360155942780e-03 5.951152591300146351e-03 8.139050779243553468e-03
8.950000000000000000e+01 6.849103175737206520e-03 5.856328902096013395e-03 8.010174137436858882e-03
8.975000000000000000e+01 6.740581657761402466e-03 5.763268955042664954e-03 7.883623242187054458e-03
9.000000000000000000e+01 6.634043801298382739e-03 5.671769989949557340e-03 7.759577210559081596e-03
9.025000000000000000e+01 6.529447614104465919e-03 5.582089111951443923e-03 7.637586088343577273e-03
9.050000000000000000e+01 6.426748146116881971e-03 5.494041167311666980e-03 7.517798006203713773e-03
9.075000000000000000e+01 6.325915541548166217e-03 5.407597377614045166e-03 7.400182492221181289e-03
9.100000000000000000e+01 6.226910048845929468e-03 5.322724939937697151e-03 7.284691430414639082e-03
9.125000000000000000e+01 6.129690526235097303e-03 5.239397549302450552e-03 7.171264557395270675e-03
9.150000000000000000e+01 6.034220892997935876e-03 5.157569778011725226e-03 7.059879624067788573e-03
9.175000000000000000e+01 5.940464609228777136e-03 5.077171768826025527e-03 6.950546757187884596e-03
9.200000000000000000e+01 5.848387334437710194e-03 4.998270421981060307e-03 6.843094015720510917e-03
9.225000000000000000e+01 5.757955193944351395e-03 4.918453197895566835e-03 6.740746873357701847e-03
9.250000000000000000e+01 5.669135313391302985e-03 4.842392621754162962e-03 6.637027955386624184e-03
9.275000000000000000e+01 5.581896118386773728e-03 4.767689799365580974e-03 6.535149220615685955e-03
9.300000000000000000e+01 5.496206260583205196e-03 4.694318475176901574e-03 6.435073252616428999e-03
9.325000000000000000e+01 5.412012187681102329e-03 4.622229193195428673e-03 6.336742445123146918e-03
9.350000000000000000e+01 5.329325363805511966e-03 4.551430939803879222e-03 6.240171323905570853e-03
9.375000000000000000e+01 5.248098260492838757e-03 4.481749544408634642e-03 6.145487399256753351e-03
9.400000000000000000e+01 5.168297847428533244e-03 4.413435943667527207e-03 6.052269247967728694e-03
9.425000000000000000e+01 5.089895788771313552e-03 4.346321736917849871e-03 5.960681401125096472e-03
9.450000000000000000e+01 5.012863969191751375e-03 4.280282448442410646e-03 5.870828730651926793e-03
9.475000000000000000e+01 4.937174546194054298e-03 4.215498847526249517e-03 5.782398093618428339e-03
9.500000000000000000e+01 4.862802040208027282e-03 4.151722512002539375e-03 5.695670559361528350e-03
9.525000000000000000e+01 4.789720703831285703e-03 4.089182345646659097e-03 5.610271805348444191e-03
9.550000000000000000e+01 4.717905203352014583e-03 4.027727380369235284e-03 5.526349577755059785e-03
9.575000000000000000e+01 4.647329954342401502e-03 3.967335813976825831e-03 5.443873853188850413e-03
9.600000000000000000e+01 4.577784287916668478e-03 3.907788265866413667e-03 5.362652109312898881e-03
9.625000000000000000e+01 4.509615430472420534e-03 3.849458865673305655e-03 5.282984450646387511e-03
9.650000000000000000e+01 4.442616073077055618e-03 3.792131443422410569e-03 5.204681817397668712e-03
9.675000000000000000e+01 4.376762564696568339e-03 3.735786003319954609e-03 5.127716237146746729e-03
9.700000000000000000e+01 4.312032343508720098e-03 3.680400940803074672e-03 5.052064498007687379e-03
9.725000000000000000e+01 4.248404807580173637e-03 3.625956729092932786e-03 4.977705129312297652e-03
9.750000000000000000e+01 4.185858706779269425e-03 3.572440061568190727e-03 4.904606602532740438e-03
9.775000000000000000e+01 4.124373146932727892e-03 3.519832816689372028e-03 4.832744832221660437e-03
9.800000000000000000e+01 4.063927732899268348e-03 3.468117225247593742e-03 4.762096418770482217e-03
9.825000000000000000e+01 4.004502704058497328e-03 3.417280488629259854e-03 4.692632624149677655e-03
9.850000000000000000e+01 3.946072744763383031e-03 3.367297651942395033e-03 4.624328383320121770e-03
9.875000000000000000e+01 3.888633688778525381e-03 3.318164255832810414e-03 4.557180054881886447e-03
9.900000000000000000e+01 3.832160496446694337e-03 3.269859016844326675e-03 4.491158179871376777e-03
9.925000000000000000e+01 3.776631780819222992e-03 3.222277247328719091e-03 4.426356428428936639e-03
9.950000000000000000e+01 3.722029487015118734e-03 3.175574636308648151e-03 4.362518626963723251e-03
9.975000000000000000e+01 3.668338500672289372e-03 3.129652823256557671e-03 4.299744449453742762e-03
1.000000000000000000e+02 3.615541333953068651e-03 3.084497694484068624e-03 4.238012289942612656e-03
