5.000000000000000000e-01 1.128813404605691910e+09 3.129707579668481350e+08 4.071369832425261021e+09
7.500000000000000000e-01 1.794401346334079504e+08 6.396547945843987912e+07 5.033771682767732143e+08
1.000000000000000000e+00 5.508486312965058535e+07 2.290894752291981503e+07 1.324522718896866441e+08
1.250000000000000000e+00 2.183909338703232259e+07 1.009171457207584754e+07 4.726114641482690722e+07
1.500000000000000000e+00 9.927092785965776071e+06 4.954230286173102446e+06 1.989152007249476761e+07
1.750000000000000000e+00 5.167586107440362684e+06 2.735243125892704818e+06 9.762915012937007472e+06
2.000000000000000000e+00 2.917102374588695355e+06 1.617570694176558405e+06 5.260658031495093368e+06
2.250000000000000000e+00 1.751437357285738923e+06 1.008548120266809245e+06 3.041533423000723124e+06
2.500000000000000000e+00 1.083887357864249265e+06 6.439601213553358102e+05 1.824354902700076578e+06
2.750000000000000000e+00 7.136933294209472369e+05 4.353273189151391271e+05 1.170057899718553759e+06
3.000000000000000000e+00 4.864048086212195340e+05 3.034324205192063237e+05 7.797111378046361497e+05
3.250000000000000000e+00 3.414094485157669988e+05 2.171564960202121001e+05 5.367576548342866590e+05
3.500000000000000000e+00 2.449048156722176063e+05 1.584366729244251037e+05 3.785636723642435391e+05
3.750000000000000000e+00 1.793974342286772153e+05 1.178031067259995034e+05 2.731968646861634916e+05
4.000000000000000000e+00 1.339159703640384541e+05 8.912338759579033649e+04 2.012208871578967955e+05
4.250000000000000000e+00 1.016633285024533689e+05 6.797292387282164418e+04 1.520521962764982018e+05
4.500000000000000000e+00 7.830345655394659843e+04 5.256013236116445478e+04 1.166555530371187779e+05
4.750000000000000000e+00 6.113625390108643478e+04 4.133967271746149345e+04 9.041294464528649405e+04
5.000000000000000000e+00 4.829017109243507730e+04 3.295294927430541429e+04 7.076576377808311372e+04
6.000000000000000000e+00 2.083272562077343173e+04 1.483004107965609546e+04 2.926508796970198091e+04
7.000000000000000000e+00 1.016012540871371857e+04 7.449922744426981808e+03 1.385627097918718027e+04
8.000000000000000000e+00 5.423525932914913028e+03 4.081497347523863027e+03 7.206824123711769971e+03
9.000000000000000000e+00 3.101256255265123400e+03 2.391456221056927006e+03 4.021729637421663483e+03
1.000000000000000000e+01 1.874685841648712540e+03 1.475860974402663714e+03 2.381285951612461304e+03
1.100000000000000000e+01 1.184352015462601003e+03 9.474113662718571049e+02 1.480549786994878787e+03
1.200000000000000000e+01 7.765467544407888454e+02 6.300806800329388579e+02 9.570597559045904745e+02
1.300000000000000000e+01 5.258265845974005970e+02 4.315815190860371899e+02 6.406520780938429880e+02
1.400000000000000000e+01 3.659074236569569507e+02 3.033971042372085662e+02 4.412970355267212312e+02
1.500000000000000000e+01 2.607199931016187406e+02 2.179062306273682452e+02 3.119457144809640567e+02
1.600000000000000000e+01 1.900491059756038510e+02 1.599718707568343632e+02 2.257813358764089458e+02
1.700000000000000000e+01 1.407131412121747189e+02 1.191791789945717284e+02 1.661379804495822725e+02
1.800000000000000000e+01 1.058635692291451136e+02 9.011612398261955548e+01 1.243628198222937442e+02
1.900000000000000000e+01 8.080131822987760870e+01 6.902377847398007304e+01 9.458846171609015130e+01
2.000000000000000000e+01 6.245385644890087207e+01 5.356420694025021589e+01 7.281885438331660509e+01
2.250000000000000000e+01 3.449108593066683426e+01 2.977896744296622700e+01 3.994883338232181558e+01
2.500000000000000000e+01 2.020630322414453062e+01 1.757302165508207992e+01 2.323417668286977289e+01
2.750000000000000000e+01 1.241482366393971759e+01 1.085785942190366171e+01 1.419504900715458362e+01
3.000000000000000000e+01 7.935066678544256291e+00 6.956937540908810114e+00 9.050718483914689472e+00
3.250000000000000000e+01 5.248405922980993843e+00 4.611078843456631660e+00 5.973822107047875640e+00
3.500000000000000000e+01 3.572617949539645732e+00 3.146819118758377165e+00 4.056031990300390966e+00
3.750000000000000000e+01 2.493098384737662432e+00 2.198280111033818596e+00 2.827455666265599632e+00
4.000000000000000000e+01 1.778159527447167099e+00 1.570081911351844051e+00 2.013812962362436121e+00
4.250000000000000000e+01 1.292125169407835505e+00 1.141575058090665840e+00 1.462529722933580523e+00
4.500000000000000000e+01 9.555531493572393398e-01 8.451935996467574430e-01 1.080322687758348499e+00
4.750000000000000000e+01 7.175790865671077823e-01 6.348450409120111049e-01 8.110951685765033226e-01
5.000000000000000000e+01 5.463815896239189174e-01 4.836126291056517257e-01 6.172974474054564453e-01
5.250000000000000000e+01 4.212789772245864595e-01 3.728946844592154197e-01 4.759412886476924176e-01
5.500000000000000000e+01 3.285389185952087288e-01 2.909496420916027337e-01 3.709845465206861870e-01
5.750000000000000000e+01 2.588843682265847268e-01 2.299053620227211325e-01 2.915161069860316423e-01
6.000000000000000000e+01 2.058797562063183206e-01 1.828391575130751678e-01 2.318238313504694947e-01
6.250000000000000000e+01 1.652264410689909258e-01 1.467325823668327034e-01 1.860512258966114107e-01
6.500000000000000000e+01 1.336813670386883812e-01 1.187069776781335129e-01 1.505447130647013521e-01
6.750000000000000000e+01 1.089687345700686011e-01 9.678547682027881238e-02 1.226856084601542912e-01
7.000000000000000000e+01 8.945402749357574124e-02 7.943504684686795991e-02 1.007366817602237674e-01
7.250000000000000000e+01 7.391363408077784858e-02 6.561604703139073402e-02 8.326050638822415917e-02
7.500000000000000000e+01 6.144599352418230603e-02 5.453129241107990133e-02 6.923749563299748389e-02
7.750000000000000000e+01 5.130780712278427969e-02 4.550113618892050182e-02 5.785550191139716969e-02
8.000000000000000000e+01 4.312689346108509320e-02 3.820800988078765226e-02 4.867903210365905065e-02
8.250000000000000000e+01 3.642194747834766322e-02 3.225905976411356374e-02 4.112203727621470406e-02
8.500000000000000000e+01 3.091382746955546879e-02 2.737268476511532656e-02 3.491307984649623386e-02
8.750000000000000000e+01 2.635626421935354652e-02 2.333292306789728696e-02 2.977135190387342548e-02
9.000000000000000000e+01 2.256576770658735853e-02 1.997236644870022115e-02 2.549592075108355477e-02
9.250000000000000000e+01 1.939798624505883681e-02 1.716559929426118153e-02 2.192069521798115789e-02
9.500000000000000000e+01 1.673805337732133316e-02 1.480915764897731968e-02 1.891818815781229346e-02
9.750000000000000000e+01 1.449165388357266833e-02 1.282989034401768938e-02 1.636865371801008232e-02
1.000000000000000000e+02 1.259198430424177638e-02 1.113894484508441696e-02 1.423456807834383442e-02
1.050000000000000000e+02 9.600499402637366342e-03 8.488625095650631155e-03 1.085801148495366131e-02
1.100000000000000000e+02 7.405554727513388030e-03 6.544728858355015194e-03 8.379604718411546097e-03
1.150000000000000000e+02 5.775346118001191929e-03 5.103919935354347959e-03 6.535099140499299637e-03
1.200000000000000000e+02 4.549260181914451667e-03 4.020184235865307751e-03 5.147965115160383839e-03
1.250000000000000000e+02 3.616461685829179540e-03 3.193889700006816504e-03 4.094942641582931600e-03
1.300000000000000000e+02 2.898604599248730002e-03 2.558954768466523925e-03 3.283336120794666784e-03
1.350000000000000000e+02 2.341465333994557745e-03 2.065941409076317049e-03 2.653734460334697919e-03
1.400000000000000000e+02 1.905882160045998608e-03 1.681253622539635468e-03 2.160522814216846946e-03
1.450000000000000000e+02 1.561855131048592565e-03 1.377366717026549340e-03 1.771054447757355052e-03
1.500000000000000000e+02 1.287961648156290585e-03 1.135187883524780856e-03 1.461295730157655733e-03
1.600000000000000000e+02 8.911428009692010533e-04 7.849337499985636077e-04 1.011722953332923076e-03
1.700000000000000000e+02 6.298125203539691082e-04 5.547371087375011249e-04 7.150482715990757240e-04
1.800000000000000000e+02 4.535204446180805338e-04 3.992413129691892420e-04 5.151791335343457396e-04
1.900000000000000000e+02 3.319232963033438128e-04 2.920730835734512264e-04 3.772106394773990954e-04
2.000000000000000000e+02 2.466716552072542395e-04 2.168523098448957428e-04 2.805914565826273487e-04
