5.000000000000000000e-01 3.268415957058950067e+08
7.500000000000000000e-01 8.533484194407290220e+07
1.000000000000000000e+00 2.576070719753388315e+07
1.250000000000000000e+00 9.726584806249007583e+06
1.500000000000000000e+00 4.262040204426299781e+06
1.750000000000000000e+00 2.103986520384630654e+06
2.000000000000000000e+00 1.138339263454968575e+06
2.250000000000000000e+00 6.585894937662351876e+05
2.500000000000000000e+00 4.026934246945634368e+05
2.750000000000000000e+00 2.575753508786283492e+05
3.000000000000000000e+00 1.708811424194423598e+05
3.250000000000000000e+00 1.170259587091807043e+05
3.500000000000000000e+00 8.228844276890189212e+04
3.750000000000000000e+00 5.917721321538433403e+04
4.000000000000000000e+00 4.338037274734886159e+04
4.250000000000000000e+00 3.237245943832815465e+04
4.500000000000000000e+00 2.452970678269668861e+04
4.750000000000000000e+00 1.887361390600406230e+04
5.000000000000000000e+00 1.471716126660918417e+04
5.250000000000000000e+00 1.159160362545210592e+04
5.500000000000000000e+00 9.224958305876596569e+03
5.750000000000000000e+00 7.412449460059047851e+03
6.000000000000000000e+00 6.006191833913131632e+03
6.250000000000000000e+00 4.907775588914927539e+03
6.500000000000000000e+00 4.039763112900610849e+03
6.750000000000000000e+00 3.348086692164746637e+03
7.000000000000000000e+00 2.792436698558630269e+03
7.250000000000000000e+00 2.343056027381467175e+03
7.500000000000000000e+00 1.975952341654867723e+03
7.750000000000000000e+00 1.675668006483146428e+03
8.000000000000000000e+00 1.427920050610787939e+03
8.250000000000000000e+00 1.222337472990089509e+03
8.500000000000000000e+00 1.050835536225631586e+03
8.750000000000000000e+00 9.070729223212259740e+02
9.000000000000000000e+00 7.860002632742108517e+02
9.250000000000000000e+00 6.833597034470622020e+02
9.500000000000000000e+00 5.963712206232188464e+02
9.750000000000000000e+00 5.221597921492659680e+02
1.000000000000000000e+01 4.583575719802235540e+02
1.025000000000000000e+01 4.037810971325865239e+02
1.050000000000000000e+01 3.567124730382666371e+02
1.075000000000000000e+01 3.159777015685875199e+02
1.100000000000000000e+01 2.806285742602947835e+02
1.125000000000000000e+01 2.498336371028892700e+02
1.150000000000000000e+01 2.229342769005340870e+02
1.175000000000000000e+01 1.993828706037250527e+02
1.200000000000000000e+01 1.787094382340214622e+02
1.225000000000000000e+01 1.605170925474191961e+02
1.250000000000000000e+01 1.444661907190660486e+02
1.275000000000000000e+01 1.302122567382087084e+02
1.300000000000000000e+01 1.176412671588255137e+02
1.325000000000000000e+01 1.064758810327252974e+02
1.350000000000000000e+01 9.653772991243776858e+01
1.375000000000000000e+01 8.767406845725784592e+01
1.400000000000000000e+01 7.975264278178033805e+01
1.425000000000000000e+01 7.265951219205390998e+01
1.450000000000000000e+01 6.629655958338257449e+01
1.475000000000000000e+01 6.057735062697440043e+01
1.500000000000000000e+01 5.543139483447900773e+01
1.525000000000000000e+01 5.079183290320315081e+01
1.550000000000000000e+01 4.660174182397776832e+01
1.575000000000000000e+01 4.281199772977908680e+01
1.600000000000000000e+01 3.936331515231324829e+01
1.625000000000000000e+01 3.625079298328326871e+01
1.650000000000000000e+01 3.342456987705115523e+01
1.675000000000000000e+01 3.085266778743726235e+01
1.700000000000000000e+01 2.851022221060301831e+01
1.725000000000000000e+01 2.637389138175013414e+01
1.750000000000000000e+01 2.442315936002667343e+01
1.775000000000000000e+01 2.263806157536749453e+01
1.800000000000000000e+01 2.100590178257642648e+01
1.825000000000000000e+01 1.951012083914197248e+01
1.850000000000000000e+01 1.813780973842713351e+01
1.875000000000000000e+01 1.687728243278565543e+01
1.900000000000000000e+01 1.571794045200844359e+01
1.925000000000000000e+01 1.465172142085672746e+01
1.950000000000000000e+01 1.366592515692201815e+01
1.975000000000000000e+01 1.275087229379047571e+01
2.000000000000000000e+01 1.190972741494243969e+01
2.025000000000000000e+01 1.113783277951463546e+01
2.050000000000000000e+01 1.042397464771573823e+01
2.075000000000000000e+01 9.759908279742079529e+00
2.100000000000000000e+01 9.147675135858015949e+00
2.125000000000000000e+01 8.588559358636901564e+00
2.150000000000000000e+01 8.057840026075579587e+00
2.175000000000000000e+01 7.565834908775924461e+00
2.200000000000000000e+01 7.107660319056417819e+00
2.225000000000000000e+01 6.684509129732772337e+00
2.250000000000000000e+01 6.290556420195902554e+00
2.275000000000000000e+01 5.923519905231560578e+00
2.300000000000000000e+01 5.581313494728825653e+00
2.325000000000000000e+01 5.262003023824999737e+00
2.350000000000000000e+01 4.963870285702097540e+00
2.375000000000000000e+01 4.685310174992983967e+00
2.400000000000000000e+01 4.424867809403966845e+00
2.425000000000000000e+01 4.181223308686077722e+00
2.450000000000000000e+01 3.951651618576227154e+00
2.475000000000000000e+01 3.738034635136395334e+00
2.500000000000000000e+01 3.537806210210070468e+00
2.525000000000000000e+01 3.350010730605309739e+00
2.550000000000000000e+01 3.173766862122069821e+00
2.575000000000000000e+01 3.008255215966604723e+00
2.600000000000000000e+01 2.852749051366922473e+00
2.625000000000000000e+01 2.705895495044427612e+00
2.650000000000000000e+01 2.568412454336161055e+00
2.675000000000000000e+01 2.439550289763194435e+00
2.700000000000000000e+01 2.317119323536763975e+00
2.725000000000000000e+01 2.202333760993839373e+00
2.750000000000000000e+01 2.094128276552559953e+00
2.775000000000000000e+01 1.992084136707283015e+00
2.800000000000000000e+01 1.895800939614098235e+00
2.825000000000000000e+01 1.804909574385003435e+00
2.850000000000000000e+01 1.719144752422265388e+00
2.875000000000000000e+01 1.638025065412617609e+00
2.900000000000000000e+01 1.561338707586980457e+00
2.925000000000000000e+01 1.488740373255963201e+00
2.950000000000000000e+01 1.420186460123113559e+00
2.975000000000000000e+01 1.355227609940439226e+00
3.000000000000000000e+01 1.293713162052460897e+00
3.025000000000000000e+01 1.235431982902878811e+00
3.050000000000000000e+01 1.180116265226481831e+00
3.075000000000000000e+01 1.127738974779478598e+00
3.100000000000000000e+01 1.077781253075708490e+00
3.125000000000000000e+01 1.030640489520404213e+00
3.150000000000000000e+01 9.858883476773404597e-01
3.175000000000000000e+01 9.433895977431919766e-01
3.200000000000000000e+01 9.030168582187441118e-01
3.225000000000000000e+01 8.643939866961592999e-01
3.250000000000000000e+01 8.279246815011567229e-01
3.275000000000000000e+01 7.932372614632960950e-01
3.300000000000000000e+01 7.602335035404270691e-01
3.325000000000000000e+01 7.288196673884262955e-01
3.350000000000000000e+01 6.989092766862881057e-01
3.375000000000000000e+01 6.704205868842512128e-01
3.400000000000000000e+01 6.432531042343578864e-01
3.425000000000000000e+01 6.173844736190767790e-01
3.450000000000000000e+01 5.925801207740156729e-01
3.475000000000000000e+01 5.690627028962695899e-01
3.500000000000000000e+01 5.466256098206165870e-01
3.525000000000000000e+01 5.251964149312101648e-01
3.550000000000000000e+01 5.045992101422841491e-01
3.575000000000000000e+01 4.850835972544877417e-01
3.600000000000000000e+01 4.664383238682057176e-01
3.625000000000000000e+01 4.486319432458134582e-01
3.650000000000000000e+01 4.316120790961004983e-01
3.675000000000000000e+01 4.153388969887237270e-01
3.700000000000000000e+01 3.997760365225521695e-01
3.725000000000000000e+01 3.848881551833020498e-01
3.750000000000000000e+01 3.706421845552448913e-01
3.775000000000000000e+01 3.570064569511204877e-01
3.800000000000000000e+01 3.439442153176870409e-01
3.825000000000000000e+01 3.314417319076375379e-01
3.850000000000000000e+01 3.194651192829454089e-01
3.875000000000000000e+01 3.079882276641304761e-01
3.900000000000000000e+01 2.969886095908615964e-01
3.925000000000000000e+01 2.864437557549750490e-01
3.950000000000000000e+01 2.763320665746241689e-01
3.975000000000000000e+01 2.666330250655316592e-01
4.000000000000000000e+01 2.573279658698955918e-01
4.025000000000000000e+01 2.483985259358416908e-01
4.050000000000000000e+01 2.397849707342271097e-01
4.075000000000000000e+01 2.315574253904973401e-01
4.100000000000000000e+01 2.236559506416058718e-01
4.125000000000000000e+01 2.160662679393761387e-01
4.150000000000000000e+01 2.087743929097509443e-01
4.175000000000000000e+01 2.017671562420678411e-01
4.200000000000000000e+01 1.950318136410865433e-01
4.225000000000000000e+01 1.885564599299245914e-01
4.250000000000000000e+01 1.823298240482895127e-01
4.275000000000000000e+01 1.763408543900382153e-01
4.300000000000000000e+01 1.705793397635277098e-01
4.325000000000000000e+01 1.650354342705097621e-01
4.350000000000000000e+01 1.596998101840960971e-01
4.375000000000000000e+01 1.545636517342455774e-01
4.400000000000000000e+01 1.495686549801443777e-01
4.425000000000000000e+01 1.448060560215868320e-01
4.450000000000000000e+01 1.402189078194857330e-01
4.475000000000000000e+01 1.357996612797479075e-01
4.500000000000000000e+01 1.315410678344809126e-01
4.525000000000000000e+01 1.274368560818230078e-01
4.550000000000000000e+01 1.234806472616643835e-01
4.575000000000000000e+01 1.196663594209228937e-01
4.600000000000000000e+01 1.159881722309013680e-01
4.625000000000000000e+01 1.124406803766353075e-01
4.650000000000000000e+01 1.090185874660508369e-01
4.675000000000000000e+01 1.057167142292756434e-01
4.700000000000000000e+01 1.025304932312227774e-01
4.725000000000000000e+01 9.945512083075525034e-02
4.750000000000000000e+01 9.648618522482399484e-02
4.775000000000000000e+01 9.361960344325803707e-02
4.800000000000000000e+01 9.085143855839673821e-02
4.825000000000000000e+01 8.817813234512947296e-02
4.850000000000000000e+01 8.559572416520963567e-02
4.875000000000000000e+01 8.309743634092521536e-02
4.900000000000000000e+01 8.068642690413746488e-02
4.925000000000000000e+01 7.835618147495518326e-02
4.950000000000000000e+01 7.610362400229646329e-02
4.975000000000000000e+01 7.392554266830410337e-02
5.000000000000000000e+01 7.181938560534471827e-02
5.025000000000000000e+01 6.978244350978565769e-02
5.050000000000000000e+01 6.781204847613023223e-02
5.075000000000000000e+01 6.590582046980943132e-02
5.100000000000000000e+01 6.406140423538000950e-02
5.125000000000000000e+01 6.227660444712799365e-02
5.150000000000000000e+01 6.054923202393316245e-02
5.175000000000000000e+01 5.887718113493896344e-02
5.200000000000000000e+01 5.725839546667099711e-02
5.225000000000000000e+01 5.569096796806151384e-02
5.250000000000000000e+01 5.417305121329615142e-02
5.275000000000000000e+01 5.270288030465156842e-02
5.300000000000000000e+01 5.127875020840819836e-02
5.325000000000000000e+01 4.989901481416008505e-02
5.350000000000000000e+01 4.856209423959673144e-02
5.375000000000000000e+01 4.726646987954428308e-02
5.400000000000000000e+01 4.601069545505226399e-02
5.425000000000000000e+01 4.479338376531163263e-02
5.450000000000000000e+01 4.361320512269567518e-02
5.475000000000000000e+01 4.246889910832968296e-02
5.500000000000000000e+01 4.135921707105148781e-02
5.525000000000000000e+01 4.028299092400409315e-02
5.550000000000000000e+01 3.923905142246033456e-02
5.575000000000000000e+01 3.822357060372208459e-02
5.600000000000000000e+01 3.724100603721898495e-02
5.625000000000000000e+01 3.628755750181832801e-02
5.650000000000000000e+01 3.536224450037345202e-02
5.675000000000000000e+01 3.446413407296638337e-02
5.700000000000000000e+01 3.359230681459730861e-02
5.725000000000000000e+01 3.274588307083547284e-02
5.750000000000000000e+01 3.192400470291305303e-02
5.775000000000000000e+01 3.112583487469417626e-02
5.800000000000000000e+01 3.035064959545991439e-02
5.825000000000000000e+01 2.959768427743880367e-02
5.850000000000000000e+01 2.886624664612693486e-02
5.875000000000000000e+01 2.815562155325750451e-02
5.900000000000000000e+01 2.746515804656483525e-02
5.925000000000000000e+01 2.679423102667206208e-02
5.950000000000000000e+01 2.614218328988906007e-02
5.975000000000000000e+01 2.550840682398299031e-02
6.000000000000000000e+01 2.489236208600381986e-02
6.025000000000000000e+01 2.429340958962765071e-02
6.050000000000000000e+01 2.371104662937708468e-02
6.075000000000000000e+01 2.314474887411600498e-02
6.100000000000000000e+01 2.259163378018619328e-02
6.125000000000000000e+01 2.205604370633537994e-02
6.150000000000000000e+01 2.153508265335313254e-02
6.175000000000000000e+01 2.102829260499701827e-02
6.200000000000000000e+01 2.053523323408104964e-02
6.225000000000000000e+01 2.005548449385631191e-02
6.250000000000000000e+01 1.958862932974530027e-02
6.275000000000000000e+01 1.913425218212749107e-02
6.300000000000000000e+01 1.869201055667383399e-02
6.325000000000000000e+01 1.826154037319889858e-02
6.350000000000000000e+01 1.784248261797247159e-02
6.375000000000000000e+01 1.743449316163359769e-02
6.400000000000000000e+01 1.703722624398369689e-02
6.425000000000000000e+01 1.665036368965486929e-02
6.450000000000000000e+01 1.627359161762763698e-02
6.475000000000000000e+01 1.590662324064921057e-02
6.500000000000000000e+01 1.554917068417960811e-02
6.525000000000000000e+01 1.520095148590128176e-02
6.550000000000000000e+01 1.486169199292641623e-02
6.575000000000000000e+01 1.453141144876692568e-02
6.600000000000000000e+01 1.420928612093421382e-02
6.625000000000000000e+01 1.389536608250353106e-02
6.650000000000000000e+01 1.358941411808156988e-02
6.675000000000000000e+01 1.329119944958482083e-02
6.700000000000000000e+01 1.300049939488853723e-02
6.725000000000000000e+01 1.271710310668190506e-02
6.750000000000000000e+01 1.244080244989818028e-02
6.775000000000000000e+01 1.217139734424560471e-02
6.800000000000000000e+01 1.190869718963339687e-02
6.825000000000000000e+01 1.165251173035301152e-02
6.850000000000000000e+01 1.140265230888780172e-02
6.875000000000000000e+01 1.115894536676483896e-02
6.900000000000000000e+01 1.092121399206367159e-02
6.925000000000000000e+01 1.068929240961498037e-02
6.950000000000000000e+01 1.046280062636536709e-02
6.975000000000000000e+01 1.024204781371106446e-02
7.000000000000000000e+01 1.002659806002021217e-02
7.025000000000000000e+01 9.816398421228420684e-03
7.050000000000000000e+01 9.611257415310221763e-03
7.075000000000000000e+01 9.411036577699972289e-03
7.100000000000000000e+01 9.215604868854886111e-03
7.125000000000000000e+01 9.024834870306959120e-03
7.150000000000000000e+01 8.838594590138476245e-03
7.175000000000000000e+01 8.656217140382449493e-03
7.200000000000000000e+01 8.478687525478440651e-03
7.225000000000000000e+01 8.305334868000967263e-03
7.250000000000000000e+01 8.136049318810886777e-03
7.275000000000000000e+01 7.970716152936863780e-03
7.300000000000000000e+01 7.809238140501811171e-03
7.325000000000000000e+01 7.651515388824473712e-03
7.350000000000000000e+01 7.495643632063161109e-03
7.375000000000000000e+01 7.345182167831215518e-03
7.400000000000000000e+01 7.198185028819080108e-03
7.425000000000000000e+01 7.054561139612870735e-03
7.450000000000000000e+01 6.914224053324211430e-03
7.475000000000000000e+01 6.777088297709454867e-03
7.500000000000000000e+01 6.643070605039207155e-03
7.525000000000000000e+01 6.512091206725302041e-03
7.550000000000000000e+01 6.384073231223348285e-03
7.575000000000000000e+01 6.258821513192922535e-03
7.600000000000000000e+01 6.136504000479508884e-03
7.625000000000000000e+01 6.015730341152557108e-03
7.650000000000000000e+01 5.898850784864853418e-03
7.675000000000000000e+01 5.784572729865586349e-03
7.700000000000000000e+01 5.672830825183766169e-03
7.725000000000000000e+01 5.562099708412634146e-03
7.750000000000000000e+01 5.455269966052276806e-03
7.775000000000000000e+01 5.350790597049368512e-03
7.800000000000000000e+01 5.248603025157953100e-03
7.825000000000000000e+01 5.148649826458002662e-03
7.850000000000000000e+01 5.050875969732311621e-03
7.875000000000000000e+01 4.954956422128072892e-03
7.900000000000000000e+01 4.861386189346222388e-03
7.925000000000000000e+01 4.769839253611226314e-03
7.950000000000000000e+01 4.680265943407624883e-03
7.975000000000000000e+01 4.592617647196728728e-03
8.000000000000000000e+01 4.506850003374305788e-03
8.025000000000000000e+01 4.422915905404941478e-03
8.050000000000000000e+01 4.340770420899421091e-03
8.075000000000000000e+01 4.260366440032004563e-03
8.100000000000000000e+01 4.181666910020220319e-03
8.125000000000000000e+01 4.104630990135939121e-03
8.150000000000000000e+01 4.029218578498387424e-03
8.175000000000000000e+01 3.955391328036327210e-03
8.200000000000000000e+01 3.883112957644607472e-03
8.225000000000000000e+01 3.812345984282029983e-03
8.250000000000000000e+01 3.743054676202759584e-03
8.275000000000000000e+01 3.675207926230289728e-03
8.300000000000000000e+01 3.608752756933219889e-03
8.325000000000000000e+01 3.543687445060571088e-03
8.350000000000000000e+01 3.479963694259004866e-03
8.375000000000000000e+01 3.417550320797270794e-03
8.400000000000000000e+01 3.356416340656207756e-03
8.425000000000000000e+01 3.296532720652444858e-03
8.450000000000000000e+01 3.237869671317023228e-03
8.475000000000000000e+01 3.180399368731011422e-03
8.500000000000000000e+01 3.123910501823514742e-03
8.525000000000000000e+01 3.068747744270781865e-03
8.550000000000000000e+01 3.014697849285740468e-03
8.575000000000000000e+01 2.961735834665322163e-03
8.600000000000000000e+01 2.909835691631698466e-03
8.625000000000000000e+01 2.859001018893421887e-03
8.650000000000000000e+01 2.809153437062089642e-03
8.675000000000000000e+01 2.760297542229976295e-03
8.700000000000000000e+01 2.712410937220873126e-03
8.725000000000000000e+01 2.665472726511081657e-03
8.750000000000000000e+01 2.619460869447007550e-03
8.775000000000000000e+01 2.574356301478532543e-03
8.800000000000000000e+01 2.530138336942915327e-03
8.825000000000000000e+01 2.486786025521221365e-03
8.850000000000000000e+01 2.444280882767541855e-03
8.875000000000000000e+01 2.402603999728973334e-03
8.900000000000000000e+01 2.361737821658506029e-03
8.925000000000000000e+01 2.321664388411285099e-03
8.950000000000000000e+01 2.282366931476898300e-03
8.975000000000000000e+01 2.243829606437683193e-03
9.000000000000000000e+01 2.205903013624395392e-03
9.025000000000000000e+01 2.168836532059941619e-03
9.050000000000000000e+01 2.132480513714909119e-03
9.075000000000000000e+01 2.096820264537324879e-03
9.100000000000000000e+01 2.061840152109435404e-03
9.125000000000000000e+01 2.027525107671862385e-03
9.150000000000000000e+01 1.993861287627313010e-03
9.175000000000000000e+01 1.960834743925173474e-03
9.200000000000000000e+01 1.928432059284077103e-03
9.225000000000000000e+01 1.896639816208110091e-03
9.250000000000000000e+01 1.865444957105876714e-03
9.275000000000000000e+01 1.834834934156232217e-03
9.300000000000000000e+01 1.804797463332707399e-03
9.325000000000000000e+01 1.775320673337353692e-03
9.350000000000000000e+01 1.746392570350310640e-03
9.375000000000000000e+01 1.717876968416678788e-03
9.400000000000000000e+01 1.690013269934648177e-03
9.425000000000000000e+01 1.662576788291902485e-03
9.450000000000000000e+01 1.635733100596057418e-03
9.475000000000000000e+01 1.609382882997182880e-03
9.500000000000000000e+01 1.583513986960743102e-03
9.525000000000000000e+01 1.558118439085024896e-03
9.550000000000000000e+01 1.533186582333567402e-03
9.575000000000000000e+01 1.508708929161621222e-03
9.600000000000000000e+01 1.484676416912174366e-03
9.625000000000000000e+01 1.461079832209960560e-03
9.650000000000000000e+01 1.437910563164388313e-03
9.675000000000000000e+01 1.415159236115074576e-03
9.700000000000000000e+01 1.392817912687314367e-03
9.725000000000000000e+01 1.370878032129271753e-03
9.750000000000000000e+01 1.349331330161999357e-03
9.775000000000000000e+01 1.328170189414834990e-03
9.800000000000000000e+01 1.307386925577041017e-03
9.825000000000000000e+01 1.286973814376705461e-03
9.850000000000000000e+01 1.266923493272508654e-03
9.875000000000000000e+01 1.247228688156733819e-03
9.900000000000000000e+01 1.227882609514578584e-03
9.925000000000000000e+01 1.208878019217371003e-03
9.950000000000000000e+01 1.190005018217003916e-03
9.975000000000000000e+01 1.171666369631395831e-03
1.000000000000000000e+02 1.153649129891190549e-03
