5.000000000000000000e-01 1.478813749757227898e+08
7.500000000000000000e-01 2.154516387287658453e+07
1.000000000000000000e+00 4.920826341635516845e+06
1.250000000000000000e+00 1.522170899508952862e+06
1.500000000000000000e+00 5.684929111396869412e+05
1.750000000000000000e+00 2.421282571788484929e+05
2.000000000000000000e+00 1.136344248897883226e+05
2.250000000000000000e+00 5.727221795348891465e+04
2.500000000000000000e+00 3.057463216853995254e+04
2.750000000000000000e+00 1.708304440993307071e+04
3.000000000000000000e+00 9.923005896418431803e+03
3.250000000000000000e+00 5.955285349963075532e+03
3.500000000000000000e+00 3.672525208795664184e+03
3.750000000000000000e+00 2.319986081431116418e+03
4.000000000000000000e+00 1.495955445634614762e+03
4.250000000000000000e+00 9.827358376221942535e+02
4.500000000000000000e+00 6.557634619093558968e+02
4.750000000000000000e+00 4.441295033106032975e+02
5.000000000000000000e+00 3.047235532611215376e+02
5.250000000000000000e+00 2.115943279814540858e+02
5.500000000000000000e+00 1.483984241953451715e+02
5.750000000000000000e+00 1.050602235514974439e+02
6.000000000000000000e+00 7.502500987714164182e+01
6.250000000000000000e+00 5.401518871151802159e+01
6.500000000000000000e+00 3.917019935429333088e+01
6.750000000000000000e+00 2.858359567662031608e+01
7.000000000000000000e+00 2.098665350513896044e+01
7.250000000000000000e+00 1.549188015932056572e+01
7.500000000000000000e+00 1.149190519995625159e+01
7.750000000000000000e+00 8.565790210906008895e+00
8.000000000000000000e+00 6.411861785816698855e+00
8.250000000000000000e+00 4.818947001685466525e+00
8.500000000000000000e+00 3.634505792867556373e+00
8.750000000000000000e+00 2.750321646110201801e+00
9.000000000000000000e+00 2.087870434634280681e+00
9.250000000000000000e+00 1.589475596287461601e+00
9.500000000000000000e+00 1.212913179015338239e+00
9.750000000000000000e+00 9.275069008318328478e-01
1.000000000000000000e+01 7.108472969987803536e-01
1.025000000000000000e+01 5.459493699939385047e-01
1.050000000000000000e+01 4.201172115903909487e-01
1.075000000000000000e+01 3.237017904268835733e-01
1.100000000000000000e+01 2.497903889538646560e-01
1.125000000000000000e+01 1.929655850705910836e-01
1.150000000000000000e+01 1.491338233583801576e-01
1.175000000000000000e+01 1.154528586176693933e-01
1.200000000000000000e+01 8.942847364142171573e-02
1.225000000000000000e+01 6.927441103703446679e-02
1.250000000000000000e+01 5.371466791118705009e-02
1.275000000000000000e+01 4.166395399624118340e-02
1.300000000000000000e+01 3.232359220346935069e-02
1.325000000000000000e+01 2.507962081006610486e-02
1.350000000000000000e+01 1.946229595354607642e-02
1.375000000000000000e+01 1.510214854945057805e-02
1.400000000000000000e+01 1.171555824786249186e-02
1.425000000000000000e+01 9.081700063079997665e-03
1.450000000000000000e+01 7.037993527680914789e-03
1.475000000000000000e+01 5.452100231573117975e-03
1.500000000000000000e+01 4.222355901249718636e-03
1.525000000000000000e+01 3.266105176005527043e-03
1.550000000000000000e+01 2.522656497291726318e-03
1.575000000000000000e+01 1.947578295175162897e-03
1.600000000000000000e+01 1.501574071810432261e-03
1.625000000000000000e+01 1.156316538093175167e-03
1.650000000000000000e+01 8.891023822929647671e-04
1.675000000000000000e+01 6.817661975168802296e-04
1.700000000000000000e+01 5.225649345924483465e-04
1.725000000000000000e+01 3.997244335424982985e-04
1.750000000000000000e+01 3.051038804568382244e-04
1.775000000000000000e+01 2.324206691700573385e-04
1.800000000000000000e+01 1.766766686627575019e-04
1.825000000000000000e+01 1.339264514680990755e-04
1.850000000000000000e+01 1.012296313297395201e-04
1.875000000000000000e+01 7.631733534514922694e-05
1.900000000000000000e+01 5.740794272513749757e-05
1.925000000000000000e+01 4.301129047954144045e-05
1.950000000000000000e+01 3.212712848905981806e-05
1.975000000000000000e+01 2.390292382040253027e-05
2.000000000000000000e+01 1.772513169298500541e-05
2.025000000000000000e+01 1.309677547174154365e-05
2.050000000000000000e+01 9.630602047635434878e-06
2.075000000000000000e+01 7.048215833183809396e-06
2.100000000000000000e+01 5.138301132295399223e-06
2.125000000000000000e+01 3.727228817638547117e-06
2.150000000000000000e+01 2.688457771684423786e-06
2.175000000000000000e+01 1.927592343737630430e-06
2.200000000000000000e+01 1.374348525366651623e-06
2.225000000000000000e+01 9.739566236521488770e-07
2.250000000000000000e+01 6.857952356581770385e-07
2.275000000000000000e+01 4.790888202218606846e-07
2.300000000000000000e+01 3.322099156755294658e-07
2.325000000000000000e+01 2.286667359650136621e-07
2.350000000000000000e+01 1.558872693314048116e-07
2.375000000000000000e+01 1.053182773564742554e-07
2.400000000000000000e+01 7.048896834012660256e-08
2.425000000000000000e+01 4.664909565985022348e-08
2.450000000000000000e+01 3.054295713807786536e-08
2.475000000000000000e+01 1.974581450825608873e-08
2.500000000000000000e+01 1.259949353968626563e-08
2.525000000000000000e+01 7.926749145206431161e-09
2.550000000000000000e+01 4.910702308522148531e-09
2.575000000000000000e+01 2.992306984181295187e-09
2.600000000000000000e+01 1.789050842642822576e-09
2.625000000000000000e+01 1.049394570319030453e-09
2.650000000000000000e+01 6.024289370235488573e-10
2.675000000000000000e+01 3.374268617362378514e-10
2.700000000000000000e+01 1.841215857476423470e-10
2.725000000000000000e+01 9.765333454417050368e-11
2.750000000000000000e+01 5.013290943422290304e-11
2.775000000000000000e+01 2.481504558114403106e-11
2.800000000000000000e+01 1.180025448413194763e-11
2.825000000000000000e+01 5.356945924021629693e-12
2.850000000000000000e+01 2.310399169855523713e-12
2.875000000000000000e+01 9.394827898226520188e-13
2.900000000000000000e+01 3.561880251992840773e-13
2.925000000000000000e+01 1.246817450372962960e-13
2.950000000000000000e+01 3.952788078422413828e-14
2.975000000000000000e+01 1.121443125346011043e-14
3.000000000000000000e+01 2.708710096091889371e-15
