5.000000000000000000e-01 1.389619684997030497e+08
7.500000000000000000e-01 6.161600686621734500e+07
1.000000000000000000e+00 2.146062956247952580e+07
1.250000000000000000e+00 8.718154867380885407e+06
1.500000000000000000e+00 4.017477823270711116e+06
1.750000000000000000e+00 2.040916887182872044e+06
2.000000000000000000e+00 1.138948133211209439e+06
2.250000000000000000e+00 6.769561241004266776e+05
2.500000000000000000e+00 4.250980972224900615e+05
2.750000000000000000e+00 2.781876409282893874e+05
3.000000000000000000e+00 1.885939590571205481e+05
3.250000000000000000e+00 1.314800802403768175e+05
3.500000000000000000e+00 9.398552759246139613e+04
3.750000000000000000e+00 6.866178149650210980e+04
4.000000000000000000e+00 5.114062094958859234e+04
4.250000000000000000e+00 3.870561846627327031e+04
4.500000000000000000e+00 2.971465342962161594e+04
4.750000000000000000e+00 2.314363046535000831e+04
5.000000000000000000e+00 1.824566627392369264e+04
5.250000000000000000e+00 1.454722738513246441e+04
5.500000000000000000e+00 1.171206316770442209e+04
5.750000000000000000e+00 9.513034774995907355e+03
6.000000000000000000e+00 7.785581229773756604e+03
6.250000000000000000e+00 6.422338391511931150e+03
6.500000000000000000e+00 5.337235317195866628e+03
6.750000000000000000e+00 4.463812758632836449e+03
7.000000000000000000e+00 3.755669937972229945e+03
7.250000000000000000e+00 3.174804836307336245e+03
7.500000000000000000e+00 2.700662209501279449e+03
7.750000000000000000e+00 2.308406526254393157e+03
8.000000000000000000e+00 1.982111644015900765e+03
8.250000000000000000e+00 1.709416108244606448e+03
8.500000000000000000e+00 1.480669414302116365e+03
8.750000000000000000e+00 1.286719683138472647e+03
9.000000000000000000e+00 1.122900278745192963e+03
9.250000000000000000e+00 9.844494258688805530e+02
9.500000000000000000e+00 8.650185223036174875e+02
9.750000000000000000e+00 7.623929952588197239e+02
1.000000000000000000e+01 6.739164093272457876e+02
1.025000000000000000e+01 5.973968611051329844e+02
1.050000000000000000e+01 5.310101897510201070e+02
1.075000000000000000e+01 4.732127362782499063e+02
1.100000000000000000e+01 4.227440550544039297e+02
1.125000000000000000e+01 3.785253640005446982e+02
1.150000000000000000e+01 3.396784462998750769e+02
1.175000000000000000e+01 3.054813819578980656e+02
1.200000000000000000e+01 2.753015111898363330e+02
1.225000000000000000e+01 2.486033192670348910e+02
1.250000000000000000e+01 2.249282304709016103e+02
1.275000000000000000e+01 2.038844952523538154e+02
1.300000000000000000e+01 1.851354061985201440e+02
1.325000000000000000e+01 1.683961365159169645e+02
1.350000000000000000e+01 1.534213778348228914e+02
1.375000000000000000e+01 1.399484350340423191e+02
1.400000000000000000e+01 1.278994199133881864e+02
1.425000000000000000e+01 1.170629304464057725e+02
1.450000000000000000e+01 1.073047730384493548e+02
1.475000000000000000e+01 9.849176754139777756e+01
1.500000000000000000e+01 9.052016390777569654e+01
1.525000000000000000e+01 8.330841150395154671e+01
1.550000000000000000e+01 7.676631288979439205e+01
1.575000000000000000e+01 7.082722108855456611e+01
1.600000000000000000e+01 6.542474829614911869e+01
1.625000000000000000e+01 6.050249032873448840e+01
1.650000000000000000e+01 5.601133431018859454e+01
1.675000000000000000e+01 5.190954316306676475e+01
1.700000000000000000e+01 4.815862011820006927e+01
1.725000000000000000e+01 4.472457581200670518e+01
1.750000000000000000e+01 4.157664214985216233e+01
1.775000000000000000e+01 3.867565848680462182e+01
1.800000000000000000e+01 3.602163310922169615e+01
1.825000000000000000e+01 3.358040687045058093e+01
1.850000000000000000e+01 3.133227686167960968e+01
1.875000000000000000e+01 2.925982697241669328e+01
1.900000000000000000e+01 2.734735780779169900e+01
1.925000000000000000e+01 2.558075638307929367e+01
1.950000000000000000e+01 2.393568124830962773e+01
1.975000000000000000e+01 2.242492094582189921e+01
2.000000000000000000e+01 2.102626668140426958e+01
2.025000000000000000e+01 1.972856765853619976e+01
2.050000000000000000e+01 1.852432907131491291e+01
2.075000000000000000e+01 1.740598782082372509e+01
2.100000000000000000e+01 1.636632456932795066e+01
2.125000000000000000e+01 1.539915372679344330e+01
2.150000000000000000e+01 1.449867657402872645e+01
2.175000000000000000e+01 1.365956334296046570e+01
2.200000000000000000e+01 1.287703387222791740e+01
2.225000000000000000e+01 1.214695176549606259e+01
2.250000000000000000e+01 1.146526790584856315e+01
2.275000000000000000e+01 1.082821242689120389e+01
2.300000000000000000e+01 1.023249098171526050e+01
2.325000000000000000e+01 9.675030894579323970e+00
2.350000000000000000e+01 9.153073651604564986e+00
2.375000000000000000e+01 8.664030092669069205e+00
2.400000000000000000e+01 8.205441390227198539e+00
2.425000000000000000e+01 7.775185845961328113e+00
2.450000000000000000e+01 7.371285899327056690e+00
2.475000000000000000e+01 6.991900705711556974e+00
2.500000000000000000e+01 6.632373166691833077e+00
2.525000000000000000e+01 6.297181775182184360e+00
2.550000000000000000e+01 5.981790011310239130e+00
2.575000000000000000e+01 5.684841834337346356e+00
2.600000000000000000e+01 5.405114422020133702e+00
2.625000000000000000e+01 5.141455261479869421e+00
2.650000000000000000e+01 4.892806022661986276e+00
2.675000000000000000e+01 4.658185971969375672e+00
2.700000000000000000e+01 4.435290873259864597e+00
2.725000000000000000e+01 4.226164396029906456e+00
2.750000000000000000e+01 4.028552197424246195e+00
2.775000000000000000e+01 3.841743846947652585e+00
2.800000000000000000e+01 3.665016485956936521e+00
2.825000000000000000e+01 3.497794497927870783e+00
2.850000000000000000e+01 3.339488820250869239e+00
2.875000000000000000e+01 3.189546682612392381e+00
2.900000000000000000e+01 3.047432229058610442e+00
2.925000000000000000e+01 2.912680385123096016e+00
2.950000000000000000e+01 2.784919525409118801e+00
2.975000000000000000e+01 2.663766317201252232e+00
3.000000000000000000e+01 2.548492987027979773e+00
3.025000000000000000e+01 2.439237966417741710e+00
3.050000000000000000e+01 2.335446679603947917e+00
3.075000000000000000e+01 2.236802998468513604e+00
3.100000000000000000e+01 2.143019795462595578e+00
3.125000000000000000e+01 2.053827667543403734e+00
3.150000000000000000e+01 1.968969862537123694e+00
3.175000000000000000e+01 1.888198010167464913e+00
3.200000000000000000e+01 1.811288972924000262e+00
3.225000000000000000e+01 1.738042160316669804e+00
3.250000000000000000e+01 1.668215553462570222e+00
3.275000000000000000e+01 1.601694202878795936e+00
3.300000000000000000e+01 1.538268478796723349e+00
3.325000000000000000e+01 1.477291216661638096e+00
3.350000000000000000e+01 1.419593933446158251e+00
3.375000000000000000e+01 1.364525887962213968e+00
3.400000000000000000e+01 1.311950089076770798e+00
3.425000000000000000e+01 1.261736940745343150e+00
3.450000000000000000e+01 1.213766097165715374e+00
3.475000000000000000e+01 1.167921379794733872e+00
3.500000000000000000e+01 1.124094821144296708e+00
3.525000000000000000e+01 1.081742479623521547e+00
3.550000000000000000e+01 1.041674926001002310e+00
3.575000000000000000e+01 1.003338189258760060e+00
3.600000000000000000e+01 9.666449933917385939e-01
3.625000000000000000e+01 9.315140353552436858e-01
3.650000000000000000e+01 8.978707670393958340e-01
3.675000000000000000e+01 8.656437824418151683e-01
3.700000000000000000e+01 8.347645588517023096e-01
3.725000000000000000e+01 8.051696687654166240e-01
3.750000000000000000e+01 7.767971963954942716e-01
3.775000000000000000e+01 7.495880141723714196e-01
3.800000000000000000e+01 7.234882949824084086e-01
3.825000000000000000e+01 6.979825837245761111e-01
3.850000000000000000e+01 6.742960940207947118e-01
3.875000000000000000e+01 6.512230735105651869e-01
3.900000000000000000e+01 6.290698498606247524e-01
3.925000000000000000e+01 6.077939198421025147e-01
3.950000000000000000e+01 5.873567103265030509e-01
3.975000000000000000e+01 5.677199540091457663e-01
4.000000000000000000e+01 5.488482956286040437e-01
4.025000000000000000e+01 5.307077510543318777e-01
4.050000000000000000e+01 5.132658265688732069e-01
4.075000000000000000e+01 4.964915009993851602e-01
4.100000000000000000e+01 4.803557369987226378e-01
4.125000000000000000e+01 4.648305877011566500e-01
4.150000000000000000e+01 4.498895988629058040e-01
4.175000000000000000e+01 4.354460547483915978e-01
4.200000000000000000e+01 4.214399206575575874e-01
4.225000000000000000e+01 4.080064651086912075e-01
4.250000000000000000e+01 3.951746528452882989e-01
4.275000000000000000e+01 3.826636554111091382e-01
4.300000000000000000e+01 3.707562179332324903e-01
4.325000000000000000e+01 3.592815253821187160e-01
4.350000000000000000e+01 3.482184333058044867e-01
4.375000000000000000e+01 3.375513352843062531e-01
4.400000000000000000e+01 3.272644481914778192e-01
4.425000000000000000e+01 3.173423840819510344e-01
4.450000000000000000e+01 3.077702587008431245e-01
4.475000000000000000e+01 2.985342088245797609e-01
4.500000000000000000e+01 2.896207234483791360e-01
4.525000000000000000e+01 2.810169433664035377e-01
4.550000000000000000e+01 2.727105264782440086e-01
4.575000000000000000e+01 2.646895822495103356e-01
4.600000000000000000e+01 2.569430654010490533e-01
4.625000000000000000e+01 2.494600402952165119e-01
4.650000000000000000e+01 2.422303355088213095e-01
4.675000000000000000e+01 2.352445759852759555e-01
4.700000000000000000e+01 2.285045123965021019e-01
4.725000000000000000e+01 2.219669054190965274e-01
4.750000000000000000e+01 2.156577341736028164e-01
4.775000000000000000e+01 2.095566090801981307e-01
4.800000000000000000e+01 2.036558836491643432e-01
4.825000000000000000e+01 1.979578258253792133e-01
4.850000000000000000e+01 1.924311325761239588e-01
4.875000000000000000e+01 1.870790945840266062e-01
4.900000000000000000e+01 1.819079524064524389e-01
4.925000000000000000e+01 1.769028443340764645e-01
4.950000000000000000e+01 1.720577427518310831e-01
4.975000000000000000e+01 1.673665074047597789e-01
5.000000000000000000e+01 1.628238842939986886e-01
5.025000000000000000e+01 1.584248477719260029e-01
5.050000000000000000e+01 1.541640136425729002e-01
5.075000000000000000e+01 1.500364524006174705e-01
5.100000000000000000e+01 1.460035986454336354e-01
5.125000000000000000e+01 1.421293076595408211e-01
5.150000000000000000e+01 1.383809251377668137e-01
5.175000000000000000e+01 1.347411937795492676e-01
5.200000000000000000e+01 1.312126728216614358e-01
5.225000000000000000e+01 1.277914126454213484e-01
5.250000000000000000e+01 1.244738193858389019e-01
5.275000000000000000e+01 1.212562832821673792e-01
5.300000000000000000e+01 1.181353463616290761e-01
5.325000000000000000e+01 1.151076744027357129e-01
5.350000000000000000e+01 1.121701050705102842e-01
5.375000000000000000e+01 1.093197162204765510e-01
5.400000000000000000e+01 1.065467839759616508e-01
5.425000000000000000e+01 1.038619563124919265e-01
5.450000000000000000e+01 1.012557299099406671e-01
5.475000000000000000e+01 9.872567664952339173e-02
5.500000000000000000e+01 9.627501071124222598e-02
5.525000000000000000e+01 9.388983701461775522e-02
5.550000000000000000e+01 9.157328886022679526e-02
5.575000000000000000e+01 8.932319400571553381e-02
5.600000000000000000e+01 8.713205992723228877e-02
5.625000000000000000e+01 8.500866853271696333e-02
5.650000000000000000e+01 8.294536299009713787e-02
5.675000000000000000e+01 8.094017107184328652e-02
5.700000000000000000e+01 7.899123148042916376e-02
5.725000000000000000e+01 7.709672851136127603e-02
5.750000000000000000e+01 7.523589812072942196e-02
5.775000000000000000e+01 7.344566839620750298e-02
5.800000000000000000e+01 7.170483818152824373e-02
5.825000000000000000e+01 7.001183214889518391e-02
5.850000000000000000e+01 6.836515537856287239e-02
5.875000000000000000e+01 6.676343023007971778e-02
5.900000000000000000e+01 6.520525638163661430e-02
5.925000000000000000e+01 6.368928542953374017e-02
5.950000000000000000e+01 6.221091115230650836e-02
5.975000000000000000e+01 6.077583081918983693e-02
6.000000000000000000e+01 5.937915629173153020e-02
6.025000000000000000e+01 5.801529785759591135e-02
6.050000000000000000e+01 5.669205154885508663e-02
6.075000000000000000e+01 5.540384953860120337e-02
6.100000000000000000e+01 5.414955063701919202e-02
6.125000000000000000e+01 5.292812267064529730e-02
6.150000000000000000e+01 5.173868424604233240e-02
6.175000000000000000e+01 5.058031332184330375e-02
6.200000000000000000e+01 4.945207956888929973e-02
6.225000000000000000e+01 4.835028507431454736e-02
6.250000000000000000e+01 4.727962562577710942e-02
6.275000000000000000e+01 4.623647781455121619e-02
6.300000000000000000e+01 4.520905001238099269e-02
6.325000000000000000e+01 4.421874333277542313e-02
6.350000000000000000e+01 4.325331652272105393e-02
6.375000000000000000e+01 4.231275529604672236e-02
6.400000000000000000e+01 4.139563499488855408e-02
6.425000000000000000e+01 4.050132814564728900e-02
6.450000000000000000e+01 3.961754358768709156e-02
6.475000000000000000e+01 3.876783907216300312e-02
6.500000000000000000e+01 3.793917727745021312e-02
6.525000000000000000e+01 3.713103189569677554e-02
6.550000000000000000e+01 3.634285756554674063e-02
6.575000000000000000e+01 3.557410994549266292e-02
6.600000000000000000e+01 3.482421902867761238e-02
6.625000000000000000e+01 3.409266732720792753e-02
6.650000000000000000e+01 3.337892593958419196e-02
6.675000000000000000e+01 3.268249501339458296e-02
6.700000000000000000e+01 3.200408401798961189e-02
6.725000000000000000e+01 3.134082128672707052e-02
6.750000000000000000e+01 3.069348300416529021e-02
6.775000000000000000e+01 3.005978761935024571e-02
6.800000000000000000e+01 2.944303518804332331e-02
6.825000000000000000e+01 2.884094956988614289e-02
6.850000000000000000e+01 2.825314711241664126e-02
6.875000000000000000e+01 2.767921783531180485e-02
6.900000000000000000e+01 2.711878550401638013e-02
6.925000000000000000e+01 2.657150435203462641e-02
6.950000000000000000e+01 2.603699473527133421e-02
6.975000000000000000e+01 2.551492801695870102e-02
7.000000000000000000e+01 2.500497185838068334e-02
7.025000000000000000e+01 2.450681766363320066e-02
7.050000000000000000e+01 2.402015908713728970e-02
7.075000000000000000e+01 2.354469207958638857e-02
7.100000000000000000e+01 2.308013027337424763e-02
7.125000000000000000e+01 2.262620335967360091e-02
7.150000000000000000e+01 2.218060471731691033e-02
7.175000000000000000e+01 2.174530969846749651e-02
7.200000000000000000e+01 2.132159725725140884e-02
7.225000000000000000e+01 2.090738695554896984e-02
7.250000000000000000e+01 2.050248794166115510e-02
7.275000000000000000e+01 2.010666120252729491e-02
7.300000000000000000e+01 1.971967482545387146e-02
7.325000000000000000e+01 1.933558600517318662e-02
7.350000000000000000e+01 1.896562912506495613e-02
7.375000000000000000e+01 1.860385631377296442e-02
7.400000000000000000e+01 1.825006751144041608e-02
7.425000000000000000e+01 1.790406335417339331e-02
7.450000000000000000e+01 1.756565046739435795e-02
7.475000000000000000e+01 1.723466232754887820e-02
7.500000000000000000e+01 1.691090183410435752e-02
7.525000000000000000e+01 1.659417381546390499e-02
7.550000000000000000e+01 1.628430587483623015e-02
7.575000000000000000e+01 1.598111153444662161e-02
7.600000000000000000e+01 1.568444231353585336e-02
7.625000000000000000e+01 1.539414350646341190e-02
7.650000000000000000e+01 1.511005929604495104e-02
7.675000000000000000e+01 1.483204223852939777e-02
7.700000000000000000e+01 1.455994326788946289e-02
7.725000000000000000e+01 1.429361720966064453e-02
7.750000000000000000e+01 1.403292284919798946e-02
7.775000000000000000e+01 1.377772171066387122e-02
7.800000000000000000e+01 1.352788568136742073e-02
7.825000000000000000e+01 1.328328787484795576e-02
7.850000000000000000e+01 1.304380477995057026e-02
7.875000000000000000e+01 1.280931535739730787e-02
7.900000000000000000e+01 1.257969988410520372e-02
7.925000000000000000e+01 1.235484140501818227e-02
7.950000000000000000e+01 1.213461825619269012e-02
7.975000000000000000e+01 1.191893158151208394e-02
8.000000000000000000e+01 1.170767563709464686e-02
8.025000000000000000e+01 1.150075118361567478e-02
8.050000000000000000e+01 1.129804966567302810e-02
8.075000000000000000e+01 1.109947839969469864e-02
8.100000000000000000e+01 1.090494474759578190e-02
8.125000000000000000e+01 1.071434881201574485e-02
8.150000000000000000e+01 1.052758872351957503e-02
8.175000000000000000e+01 1.034455668366015407e-02
8.200000000000000000e+01 1.016520299132258644e-02
8.225000000000000000e+01 9.989438110528117698e-03
8.250000000000000000e+01 9.817189797634351400e-03
8.275000000000000000e+01 9.648399168001935491e-03
8.300000000000000000e+01 9.482960226029246015e-03
8.325000000000000000e+01 9.320787604665451906e-03
8.350000000000000000e+01 9.161818568526989767e-03
8.375000000000000000e+01 9.005980055613560867e-03
8.400000000000000000e+01 8.853202243167629382e-03
8.425000000000000000e+01 8.703417079653275046e-03
8.450000000000000000e+01 8.556557639612782235e-03
8.475000000000000000e+01 8.412558613068272031e-03
8.500000000000000000e+01 8.271355917283170628e-03
8.525000000000000000e+01 8.132888484426637268e-03
8.550000000000000000e+01 7.997099192066658285e-03
8.575000000000000000e+01 7.863929133874630537e-03
8.600000000000000000e+01 7.733320581821528580e-03
8.625000000000000000e+01 7.605216881476837415e-03
8.650000000000000000e+01 7.479560623004807146e-03
8.675000000000000000e+01 7.356299231483421144e-03
8.700000000000000000e+01 7.235382524528327294e-03
8.725000000000000000e+01 7.116759034902923713e-03
8.750000000000000000e+01 7.000379195928582536e-03
8.775000000000000000e+01 6.886192291106375298e-03
8.800000000000000000e+01 6.774155499492806078e-03
8.825000000000000000e+01 6.664223512795226789e-03
8.850000000000000000e+01 6.556080132073328556e-03
8.875000000000000000e+01 6.450223146139378097e-03
8.900000000000000000e+01 6.346338248162906870e-03
8.925000000000000000e+01 6.244383672548647901e-03
8.950000000000000000e+01 6.144317802735332033e-03
8.975000000000000000e+01 6.046100610752963393e-03
9.000000000000000000e+01 5.949696409920460401e-03
9.025000000000000000e+01 5.855067002553031828e-03
9.050000000000000000e+01 5.762175777765068084e-03
9.075000000000000000e+01 5.670984543211209095e-03
9.100000000000000000e+01 5.581457965988621296e-03
9.125000000000000000e+01 5.493560479952004118e-03
9.150000000000000000e+01 5.407259097406713101e-03
9.175000000000000000e+01 5.322522453889676382e-03
9.200000000000000000e+01 5.239318448951175468e-03
9.225000000000000000e+01 5.157613600262307002e-03
9.250000000000000000e+01 5.077374311794907551e-03
9.275000000000000000e+01 4.998569387730754203e-03
9.300000000000000000e+01 4.921174283903970159e-03
9.325000000000000000e+01 4.845162698569173941e-03
9.350000000000000000e+01 4.770504831720168495e-03
9.375000000000000000e+01 4.697173321208562152e-03
9.400000000000000000e+01 4.625141376439359867e-03
9.425000000000000000e+01 4.554381073691510934e-03
9.450000000000000000e+01 4.484867973889479498e-03
9.475000000000000000e+01 4.416581130031102358e-03
9.500000000000000000e+01 4.349496586705242120e-03
9.525000000000000000e+01 4.283585605201588840e-03
9.550000000000000000e+01 4.218825246853759488e-03
9.575000000000000000e+01 4.155192876897718761e-03
9.600000000000000000e+01 4.092660489751232325e-03
9.625000000000000000e+01 4.031210739054175846e-03
9.650000000000000000e+01 3.970829388575730992e-03
9.675000000000000000e+01 3.911489619176498900e-03
9.700000000000000000e+01 3.853170038924166353e-03
9.725000000000000000e+01 3.795852086860871527e-03
9.750000000000000000e+01 3.739516096305183900e-03
9.775000000000000000e+01 3.684142922793523078e-03
9.800000000000000000e+01 3.629714438693575421e-03
9.825000000000000000e+01 3.576211982912848048e-03
9.850000000000000000e+01 3.523389022466245045e-03
9.875000000000000000e+01 3.471687416565870984e-03
9.900000000000000000e+01 3.420858655618604256e-03
9.925000000000000000e+01 3.370886969353693256e-03
9.950000000000000000e+01 3.321755912943144713e-03
9.975000000000000000e+01 3.273449274237654610e-03
1.000000000000000000e+02 3.225951538920862702e-03
