5.000000000000000000e-01 1.742327126743437052e+08 1.676382683865259960e+07 1.810865648878318310e+09
7.500000000000000000e-01 1.822121239720811322e+07 2.254058627811267506e+06 1.472954505830937624e+08
1.000000000000000000e+00 3.474895688745225780e+06 5.015064224826531718e+05 2.407725904662331566e+07
1.250000000000000000e+00 9.079335604536994360e+05 1.455949417192729306e+05 5.661895533346061595e+06
1.500000000000000000e+00 2.863337182121156948e+05 4.958935571682744921e+04 1.653318479339592159e+06
1.750000000000000000e+00 1.029595382189077500e+05 1.891196534875132420e+04 5.605269634734520223e+05
2.000000000000000000e+00 4.065246369821692497e+04 7.822765903614046692e+03 2.112581183045945654e+05
2.250000000000000000e+00 1.724530310965866738e+04 3.446154243575492274e+03 8.629923628590711451e+04
2.500000000000000000e+00 7.744441801402959754e+03 1.596712801861387788e+03 3.756240868451690767e+04
2.750000000000000000e+00 3.636581506800896022e+03 7.697673290142937503e+02 1.718015893522119950e+04
3.000000000000000000e+00 1.771450526169609020e+03 3.834908565148026014e+02 8.182820824426768922e+03
3.250000000000000000e+00 8.888029676653827664e+02 1.961844808123698272e+02 4.026672813566312016e+03
3.500000000000000000e+00 4.571100512551624888e+02 1.026221298989601536e+02 2.036106628894032838e+03
3.750000000000000000e+00 2.399486876399334676e+02 5.467902471256636687e+01 1.052970000887641163e+03
4.000000000000000000e+00 1.280943629210943584e+02 3.522494974759255371e+01 4.658109076020029420e+02
4.250000000000000000e+00 6.931208217915697389e+01 1.930797115233884398e+01 2.488176876848225447e+02
4.500000000000000000e+00 3.794064610013089123e+01 1.068526802623851424e+01 1.347175029171556844e+02
4.750000000000000000e+00 2.095704717529954308e+01 5.936561140468482378e+00 7.398185850623133319e+01
5.000000000000000000e+00 1.164722839027655432e+01 3.307073903632694822e+00 4.102053148139480498e+01
5.250000000000000000e+00 6.506311440711964877e+00 1.847117580232906953e+00 2.291791763370129331e+01
5.500000000000000000e+00 3.646164964116241247e+00 1.031272834488721424e+00 1.289136928748818534e+01
5.750000000000000000e+00 2.046989167555784306e+00 5.755126226892446351e-01 7.280751953816406719e+00
6.000000000000000000e+00 1.149946886733796747e+00 3.208196441820083677e-01 4.121873040787166431e+00
6.250000000000000000e+00 6.449388663505590813e-01 1.781667949549046170e-01 2.334588448059715216e+00
6.500000000000000000e+00 3.610132432617909615e-01 9.859560451063383024e-02 1.321869899345670119e+00
6.750000000000000000e+00 2.011685917678711077e-01 5.415106782614825809e-02 7.473315659036176006e-01
7.000000000000000000e+00 1.115343577456031909e-01 2.954123147067711300e-02 4.211033981461524967e-01
7.250000000000000000e+00 6.132956685099245908e-02 1.593816200536776057e-02 2.359943241173977357e-01
7.500000000000000000e+00 3.346513976185347405e-02 8.523478595598621768e-03 1.313918450922950121e-01
7.750000000000000000e+00 1.806937315167660846e-02 4.500448294355789518e-03 7.254882730327383289e-02
8.000000000000000000e+00 9.632467767605392903e-03 2.338224143604180055e-03 3.968158294308656714e-02
8.250000000000000000e+00 5.063544843364502050e-03 1.196033008935673157e-03 2.143710599056068353e-02
8.500000000000000000e+00 2.617048015052811719e-03 6.000530297534526544e-04 1.141389172871258920e-02
8.750000000000000000e+00 1.328319894132755797e-03 2.949144718939693374e-04 5.982865913013664209e-03
9.000000000000000000e+00 6.594839942535160940e-04 1.413660562567134818e-04 3.076545743674003863e-03
9.250000000000000000e+00 3.196886498949664483e-04 6.604236004905978275e-05 1.547504250237971730e-03
9.500000000000000000e+00 1.505599031434790903e-04 2.986424975804299005e-05 7.590441621078667950e-04
9.750000000000000000e+00 6.867916195635101061e-05 1.303927873961844659e-05 3.617398923067055485e-04
1.000000000000000000e+01 3.016083619545510173e-05 5.456529416528704582e-06 1.667133026449962234e-04
1.025000000000000000e+01 1.268283339028101349e-05 2.178836498468384070e-06 7.382576109712669357e-05
1.050000000000000000e+01 5.067496337996115750e-06 8.223250689184353184e-07 3.122794148715310871e-05
1.075000000000000000e+01 1.907722027712437645e-06 2.911299975703208650e-07 1.250095615495677900e-05
1.100000000000000000e+01 6.685355170219685604e-07 9.531635941019033913e-08 4.689013935125685884e-06
1.125000000000000000e+01 2.149445055431431496e-07 2.845471256671496690e-08 1.623672716948485404e-06
1.150000000000000000e+01 6.222743701530443180e-08 7.599696867420420761e-09 5.095274173492194925e-07
1.175000000000000000e+01 1.579722774640393957e-08 1.767031850293215280e-09 1.412268853163821626e-07
1.200000000000000000e+01 3.393682755709906853e-09 3.450979772959205469e-10 3.337337047480553879e-08
