5.000000000000000000e-01 2.022485356706477106e+08
7.500000000000000000e-01 2.863780505546987802e+07
1.000000000000000000e+00 6.612844152963183820e+06
1.250000000000000000e+00 2.092290269988043467e+06
1.500000000000000000e+00 8.074693427024165867e+05
1.750000000000000000e+00 3.596955597953007091e+05
2.000000000000000000e+00 1.778004496752659907e+05
2.250000000000000000e+00 9.504195947184519900e+04
2.500000000000000000e+00 5.404905448498287296e+04
2.750000000000000000e+00 3.233389544335728351e+04
3.000000000000000000e+00 2.014677545273982832e+04
3.250000000000000000e+00 1.299223306829503963e+04
3.500000000000000000e+00 8.637726551425224898e+03
3.750000000000000000e+00 5.887998977469090278e+03
4.000000000000000000e+00 4.104672257591127163e+03
4.250000000000000000e+00 2.920821111864586783e+03
4.500000000000000000e+00 2.114348367765226612e+03
4.750000000000000000e+00 1.555029372616537785e+03
5.000000000000000000e+00 1.159906527335352848e+03
5.250000000000000000e+00 8.763075488180140837e+02
5.500000000000000000e+00 6.696982657780292811e+02
5.750000000000000000e+00 5.172790291999450574e+02
6.000000000000000000e+00 4.033884350812241451e+02
6.250000000000000000e+00 3.173530709210107261e+02
6.500000000000000000e+00 2.516432926215507280e+02
6.750000000000000000e+00 2.011585681043838463e+02
7.000000000000000000e+00 1.619328517884356700e+02
7.250000000000000000e+00 1.312178640684699360e+02
7.500000000000000000e+00 1.069724755286496247e+02
7.750000000000000000e+00 8.770905446359829227e+01
8.000000000000000000e+00 7.226530126035557089e+01
8.250000000000000000e+00 5.988577672234044513e+01
8.500000000000000000e+00 4.984053518241241676e+01
8.750000000000000000e+00 4.165446987542527069e+01
9.000000000000000000e+00 3.497242745332243175e+01
9.250000000000000000e+00 2.947950015007169355e+01
9.500000000000000000e+00 2.494175149589203855e+01
9.750000000000000000e+00 2.117400543176979610e+01
1.000000000000000000e+01 1.803897512165936945e+01
1.025000000000000000e+01 1.541454044793437639e+01
1.050000000000000000e+01 1.321385886650159236e+01
1.075000000000000000e+01 1.135979148683285267e+01
1.100000000000000000e+01 9.793175854396027447e+00
1.125000000000000000e+01 8.464122899768307562e+00
1.150000000000000000e+01 7.333974651726402172e+00
1.175000000000000000e+01 6.369922512847435492e+00
1.200000000000000000e+01 5.545815767463584400e+00
1.225000000000000000e+01 4.838029168148741732e+00
1.250000000000000000e+01 4.230084791174812509e+00
1.275000000000000000e+01 3.706022531051769153e+00
1.300000000000000000e+01 3.253074672305972026e+00
1.325000000000000000e+01 2.860895613367269164e+00
1.350000000000000000e+01 2.520498380493062296e+00
1.375000000000000000e+01 2.224221561726055896e+00
1.400000000000000000e+01 1.966174414968010264e+00
1.425000000000000000e+01 1.740219191178490998e+00
1.450000000000000000e+01 1.543272894882725899e+00
1.475000000000000000e+01 1.370237038547637676e+00
1.500000000000000000e+01 1.218543813730466274e+00
1.525000000000000000e+01 1.085130621405350881e+00
1.550000000000000000e+01 9.674014234359687991e-01
1.575000000000000000e+01 8.637218281646409368e-01
1.600000000000000000e+01 7.720066348687276703e-01
1.625000000000000000e+01 6.909023476433633348e-01
1.650000000000000000e+01 6.189801813872843894e-01
1.675000000000000000e+01 5.552037242711387321e-01
1.700000000000000000e+01 4.985628234926508529e-01
1.725000000000000000e+01 4.480582561766972560e-01
1.750000000000000000e+01 4.031718745061678155e-01
1.775000000000000000e+01 3.631265760403685761e-01
1.800000000000000000e+01 3.276029944451867570e-01
1.825000000000000000e+01 2.956376813193611341e-01
1.850000000000000000e+01 2.670375244592843589e-01
1.875000000000000000e+01 2.413724842622787525e-01
1.900000000000000000e+01 2.183639896166067740e-01
1.925000000000000000e+01 1.977108177496320340e-01
1.950000000000000000e+01 1.791641702921800139e-01
1.975000000000000000e+01 1.624657717435467608e-01
2.000000000000000000e+01 1.474314511841268716e-01
2.025000000000000000e+01 1.338839818179810848e-01
2.050000000000000000e+01 1.216857627121245011e-01
2.075000000000000000e+01 1.106485179387004525e-01
2.100000000000000000e+01 1.006825494360470419e-01
2.125000000000000000e+01 9.167407261283300191e-02
2.150000000000000000e+01 8.351634257618383017e-02
2.175000000000000000e+01 7.613810451892910613e-02
2.200000000000000000e+01 6.945207759084071064e-02
2.225000000000000000e+01 6.339688188258603418e-02
2.250000000000000000e+01 5.789392265637581525e-02
2.275000000000000000e+01 5.289935750534044412e-02
2.300000000000000000e+01 4.836610535016687418e-02
2.325000000000000000e+01 4.424380130124072608e-02
2.350000000000000000e+01 4.048195530733111891e-02
2.375000000000000000e+01 3.706741053518268492e-02
2.400000000000000000e+01 3.395322628839959195e-02
2.425000000000000000e+01 3.110955223022647889e-02
2.450000000000000000e+01 2.852240745501039704e-02
2.475000000000000000e+01 2.616131386013098234e-02
2.500000000000000000e+01 2.400499901229283944e-02
2.525000000000000000e+01 2.203771403387071864e-02
2.550000000000000000e+01 2.023105428660628563e-02
2.575000000000000000e+01 1.858518941821806630e-02
2.600000000000000000e+01 1.707811555656849403e-02
2.625000000000000000e+01 1.569919056216249539e-02
2.650000000000000000e+01 1.443709009355723799e-02
2.675000000000000000e+01 1.328100257861747173e-02
2.700000000000000000e+01 1.222183435938448137e-02
2.725000000000000000e+01 1.124996777757815945e-02
2.750000000000000000e+01 1.036025221474886487e-02
2.775000000000000000e+01 9.541542078328770632e-03
2.800000000000000000e+01 8.792600354860813719e-03
2.825000000000000000e+01 8.101384148132318580e-03
2.850000000000000000e+01 7.469580062976130357e-03
2.875000000000000000e+01 6.888609619180107758e-03
2.900000000000000000e+01 6.353586645269042668e-03
2.925000000000000000e+01 5.861554158072840998e-03
2.950000000000000000e+01 5.408871631539278330e-03
2.975000000000000000e+01 4.993614390548395225e-03
3.000000000000000000e+01 4.610969307366786021e-03
3.025000000000000000e+01 4.258421415614085763e-03
3.050000000000000000e+01 3.933619912877547170e-03
3.075000000000000000e+01 3.633955541221338056e-03
3.100000000000000000e+01 3.357478690167596362e-03
3.125000000000000000e+01 3.103182453521515817e-03
3.150000000000000000e+01 2.868617932513695991e-03
3.175000000000000000e+01 2.652549903730291262e-03
3.200000000000000000e+01 2.452387708952311670e-03
3.225000000000000000e+01 2.268114892913655669e-03
3.250000000000000000e+01 2.097179099041365184e-03
3.275000000000000000e+01 1.940244225719043323e-03
3.300000000000000000e+01 1.795531919751513399e-03
3.325000000000000000e+01 1.661696941169849137e-03
3.350000000000000000e+01 1.537728699048054176e-03
3.375000000000000000e+01 1.423455930898911244e-03
3.400000000000000000e+01 1.317884500983828493e-03
3.425000000000000000e+01 1.220212882074982750e-03
3.450000000000000000e+01 1.130050424028720621e-03
3.475000000000000000e+01 1.046324942042948158e-03
3.500000000000000000e+01 9.692430986475343178e-04
3.525000000000000000e+01 8.978912174814264761e-04
3.550000000000000000e+01 8.317615260277841371e-04
3.575000000000000000e+01 7.704772533823414649e-04
3.600000000000000000e+01 7.139471339282776885e-04
3.625000000000000000e+01 6.614960929472048614e-04
3.650000000000000000e+01 6.129449962295150387e-04
3.675000000000000000e+01 5.680947085688464997e-04
3.700000000000000000e+01 5.265598666474879432e-04
3.725000000000000000e+01 4.879771040174889652e-04
3.750000000000000000e+01 4.522994915827609620e-04
3.775000000000000000e+01 4.191674615010046413e-04
3.800000000000000000e+01 3.885276635330240464e-04
3.825000000000000000e+01 3.600885235975496480e-04
3.850000000000000000e+01 3.337750216457671779e-04
3.875000000000000000e+01 3.094352739837587978e-04
3.900000000000000000e+01 2.868546048153166055e-04
3.925000000000000000e+01 2.659813785705521716e-04
3.950000000000000000e+01 2.465700419781813942e-04
3.975000000000000000e+01 2.286166962865526201e-04
4.000000000000000000e+01 2.119704267856808977e-04
4.025000000000000000e+01 1.965018862326735317e-04
4.050000000000000000e+01 1.821404288302726031e-04
4.075000000000000000e+01 1.688288692035413269e-04
4.100000000000000000e+01 1.565333043496482536e-04
4.125000000000000000e+01 1.451273428084556892e-04
4.150000000000000000e+01 1.345470487969790420e-04
4.175000000000000000e+01 1.247336857894003109e-04
4.200000000000000000e+01 1.156390178699117087e-04
4.225000000000000000e+01 1.072021525921330426e-04
4.250000000000000000e+01 9.938443779987687270e-05
4.275000000000000000e+01 9.212917980830906883e-05
4.300000000000000000e+01 8.539486403793329931e-05
4.325000000000000000e+01 7.914510925295496508e-05
4.350000000000000000e+01 7.337171333764890479e-05
4.375000000000000000e+01 6.799976137098832072e-05
4.400000000000000000e+01 6.301092212343233491e-05
4.425000000000000000e+01 5.839219511797872595e-05
4.450000000000000000e+01 5.412052462672094851e-05
4.475000000000000000e+01 5.015000486830903614e-05
4.500000000000000000e+01 4.647275655745214856e-05
4.525000000000000000e+01 4.306172634180803585e-05
4.550000000000000000e+01 3.989619419065555228e-05
4.575000000000000000e+01 3.696211065882210820e-05
4.600000000000000000e+01 3.423796006489954625e-05
4.625000000000000000e+01 3.171212959755147150e-05
4.650000000000000000e+01 2.937283207284214186e-05
4.675000000000000000e+01 2.720204162729981419e-05
4.700000000000000000e+01 2.519180123356592099e-05
4.725000000000000000e+01 2.332323442901737689e-05
4.750000000000000000e+01 2.158910692247021257e-05
4.775000000000000000e+01 1.998188242916014573e-05
4.800000000000000000e+01 1.849887425751930927e-05
4.825000000000000000e+01 1.712268553549082438e-05
4.850000000000000000e+01 1.584707614090881354e-05
4.875000000000000000e+01 1.466500647917525163e-05
4.900000000000000000e+01 1.357064782934406722e-05
4.925000000000000000e+01 1.255698410375338059e-05
4.950000000000000000e+01 1.161833920870334835e-05
4.975000000000000000e+01 1.074820677007379654e-05
5.000000000000000000e+01 9.941601403752063545e-06
5.025000000000000000e+01 9.192218770991029354e-06
5.050000000000000000e+01 8.498991566425405749e-06
5.075000000000000000e+01 7.855314213114234024e-06
5.100000000000000000e+01 7.261495770559238642e-06
5.125000000000000000e+01 6.710832712522489154e-06
5.150000000000000000e+01 6.201814285763859081e-06
5.175000000000000000e+01 5.729758494649040021e-06
5.200000000000000000e+01 5.293874496996965468e-06
5.225000000000000000e+01 4.890266257674183483e-06
5.250000000000000000e+01 4.516558290865899107e-06
5.275000000000000000e+01 4.170474254434091807e-06
5.300000000000000000e+01 3.850510406247485740e-06
5.325000000000000000e+01 3.554343055380791722e-06
5.350000000000000000e+01 3.280009890832475017e-06
5.375000000000000000e+01 3.026992943970813165e-06
5.400000000000000000e+01 2.792642688039854179e-06
5.425000000000000000e+01 2.575793381814711858e-06
5.450000000000000000e+01 2.373999593184461073e-06
5.475000000000000000e+01 2.188897983885580896e-06
5.500000000000000000e+01 2.018232821802345133e-06
5.525000000000000000e+01 1.860281985441840529e-06
5.550000000000000000e+01 1.714168978642595353e-06
5.575000000000000000e+01 1.579625047062803255e-06
5.600000000000000000e+01 1.454964300887691516e-06
5.625000000000000000e+01 1.339870415183426907e-06
5.650000000000000000e+01 1.233697536029054393e-06
5.675000000000000000e+01 1.135678082932951622e-06
5.700000000000000000e+01 1.045132675077450368e-06
5.725000000000000000e+01 9.617425064135899549e-07
5.750000000000000000e+01 8.848418352999183923e-07
5.775000000000000000e+01 8.136816539816988825e-07
5.800000000000000000e+01 7.481546527381141714e-07
5.825000000000000000e+01 6.876704083005037983e-07
5.850000000000000000e+01 6.320178921765354773e-07
5.875000000000000000e+01 5.806410897652642740e-07
5.900000000000000000e+01 5.332771534058303898e-07
5.925000000000000000e+01 4.897093981542851942e-07
5.950000000000000000e+01 4.494648589446892777e-07
5.975000000000000000e+01 4.125252763609855551e-07
6.000000000000000000e+01 3.786064527160298464e-07
6.025000000000000000e+01 3.472559490597540680e-07
6.050000000000000000e+01 3.184243420605766096e-07
6.075000000000000000e+01 2.918797739002606705e-07
6.100000000000000000e+01 2.674447551924087832e-07
6.125000000000000000e+01 2.450038276137921508e-07
6.150000000000000000e+01 2.243824687663201115e-07
6.175000000000000000e+01 2.054192956208981586e-07
6.200000000000000000e+01 1.879918929292826643e-07
6.225000000000000000e+01 1.719536096503784893e-07
6.250000000000000000e+01 1.572755699638316007e-07
6.275000000000000000e+01 1.437909822592872485e-07
6.300000000000000000e+01 1.314549526404400955e-07
6.325000000000000000e+01 1.200950916421679740e-07
6.350000000000000000e+01 1.096669218647538326e-07
6.375000000000000000e+01 1.001409730162560490e-07
6.400000000000000000e+01 9.137111730833859342e-08
6.425000000000000000e+01 8.334671999789984986e-08
6.450000000000000000e+01 7.601531786393739012e-08
6.475000000000000000e+01 6.928176281327740863e-08
6.500000000000000000e+01 6.312051430442764858e-08
6.525000000000000000e+01 5.750287126273819593e-08
6.550000000000000000e+01 5.234935349489478648e-08
6.575000000000000000e+01 4.763366981711774065e-08
6.600000000000000000e+01 4.333433718912951440e-08
6.625000000000000000e+01 3.940381788412460395e-08
6.650000000000000000e+01 3.579442250219200889e-08
6.675000000000000000e+01 3.252227666642514807e-08
6.700000000000000000e+01 2.953693448565354061e-08
6.725000000000000000e+01 2.679200576602971502e-08
6.750000000000000000e+01 2.430703070570126502e-08
6.775000000000000000e+01 2.204744635058086078e-08
6.800000000000000000e+01 1.998075068724530872e-08
6.825000000000000000e+01 1.809296208928322478e-08
6.850000000000000000e+01 1.638122370957679910e-08
6.875000000000000000e+01 1.482214744931726183e-08
6.900000000000000000e+01 1.340110061092232541e-08
6.925000000000000000e+01 1.211177124973089522e-08
6.950000000000000000e+01 1.093853807787923451e-08
6.975000000000000000e+01 9.871302718795437817e-09
7.000000000000000000e+01 8.908786473131891910e-09
7.025000000000000000e+01 8.031483575002497220e-09
7.050000000000000000e+01 7.235305078384316822e-09
7.075000000000000000e+01 6.517843155661703541e-09
7.100000000000000000e+01 5.864540599562219501e-09
7.125000000000000000e+01 5.275237995016863665e-09
7.150000000000000000e+01 4.741290394073753005e-09
7.175000000000000000e+01 4.259761500905178620e-09
7.200000000000000000e+01 3.823226709458855823e-09
7.225000000000000000e+01 3.428710925621699567e-09
7.250000000000000000e+01 3.073392552654769855e-09
7.275000000000000000e+01 2.752649911129324683e-09
7.300000000000000000e+01 2.463618667989522930e-09
7.325000000000000000e+01 2.203483722129325801e-09
7.350000000000000000e+01 1.969778928356422507e-09
7.375000000000000000e+01 1.757902645950875334e-09
7.400000000000000000e+01 1.568653647297562559e-09
7.425000000000000000e+01 1.398190245005255557e-09
7.450000000000000000e+01 1.246206250901383289e-09
7.475000000000000000e+01 1.108905771838998304e-09
7.500000000000000000e+01 9.860237941026456473e-10
7.525000000000000000e+01 8.757738428102368502e-10
7.550000000000000000e+01 7.772584322298170234e-10
7.575000000000000000e+01 6.891985695498855311e-10
7.600000000000000000e+01 6.107456218356756119e-10
7.625000000000000000e+01 5.403329203939779725e-10
7.650000000000000000e+01 4.777897300190461418e-10
7.675000000000000000e+01 4.220369465712588461e-10
7.700000000000000000e+01 3.724112609954266032e-10
7.725000000000000000e+01 3.282807400008346415e-10
7.750000000000000000e+01 2.890376374085235316e-10
7.775000000000000000e+01 2.541368256714512833e-10
7.800000000000000000e+01 2.232573945682986148e-10
7.825000000000000000e+01 1.958885701745412841e-10
7.850000000000000000e+01 1.716862426989546857e-10
7.875000000000000000e+01 1.502841358799471999e-10
7.900000000000000000e+01 1.314103980469664092e-10
7.925000000000000000e+01 1.147306671107498210e-10
7.950000000000000000e+01 1.000441413576574555e-10
7.975000000000000000e+01 8.711730286704844204e-11
8.000000000000000000e+01 7.575881689440973644e-11
8.025000000000000000e+01 6.578759675620842049e-11
8.050000000000000000e+01 5.704919079055400861e-11
8.075000000000000000e+01 4.940566091891595963e-11
8.100000000000000000e+01 4.271573864950141318e-11
8.125000000000000000e+01 3.686893068325786208e-11
8.150000000000000000e+01 3.177515472468738335e-11
8.175000000000000000e+01 2.734676754322680079e-11
8.200000000000000000e+01 2.348663177824284151e-11
8.225000000000000000e+01 2.014399112362202082e-11
8.250000000000000000e+01 1.724812542001531726e-11
8.275000000000000000e+01 1.473992519156599967e-11
8.300000000000000000e+01 1.256973114258954886e-11
8.325000000000000000e+01 1.070237558625537526e-11
8.350000000000000000e+01 9.088147332573648194e-12
8.375000000000000000e+01 7.709539542190414189e-12
8.400000000000000000e+01 6.523060760694880576e-12
8.425000000000000000e+01 5.507240984609162523e-12
8.450000000000000000e+01 4.640117965966998551e-12
8.475000000000000000e+01 3.900983900870072869e-12
8.500000000000000000e+01 3.271609965713903247e-12
8.525000000000000000e+01 2.736541400152372051e-12
8.550000000000000000e+01 2.283402882916731767e-12
8.575000000000000000e+01 1.900744509440132511e-12
8.600000000000000000e+01 1.578112298940946831e-12
8.625000000000000000e+01 1.307149528807127312e-12
8.650000000000000000e+01 1.079019143934668366e-12
8.675000000000000000e+01 8.883452499593434778e-13
8.700000000000000000e+01 7.292623689313169591e-13
8.725000000000000000e+01 5.967451060987831234e-13
8.750000000000000000e+01 4.867351142315320769e-13
8.775000000000000000e+01 3.958519885176047797e-13
8.800000000000000000e+01 3.207590710683808718e-13
8.825000000000000000e+01 2.590655089267442511e-13
8.850000000000000000e+01 2.083662709990877444e-13
8.875000000000000000e+01 1.670849796868588924e-13
8.900000000000000000e+01 1.333968704101484369e-13
8.925000000000000000e+01 1.060637623818648159e-13
8.950000000000000000e+01 8.400784639134812345e-14
8.975000000000000000e+01 6.626392302773657071e-14
9.000000000000000000e+01 5.198850152392544082e-14
9.025000000000000000e+01 4.061473200833302491e-14
9.050000000000000000e+01 3.158108943441544134e-14
9.075000000000000000e+01 2.444509519975241329e-14
9.100000000000000000e+01 1.880744490977434327e-14
9.125000000000000000e+01 1.439370808505520103e-14
9.150000000000000000e+01 1.094950808291639693e-14
9.175000000000000000e+01 8.284550342535705054e-15
9.200000000000000000e+01 6.230569718244946835e-15
9.225000000000000000e+01 4.654760459509748038e-15
9.250000000000000000e+01 3.452749426434103423e-15
9.275000000000000000e+01 2.542585928824148890e-15
9.300000000000000000e+01 1.858304615221265426e-15
9.325000000000000000e+01 1.346478082871681963e-15
9.350000000000000000e+01 9.692879317054961718e-16
9.375000000000000000e+01 6.918730386640233164e-16
9.400000000000000000e+01 4.886016128372476977e-16
9.425000000000000000e+01 3.416584423902046121e-16
9.450000000000000000e+01 2.360171825884697662e-16
9.475000000000000000e+01 1.614641707530452182e-16
9.500000000000000000e+01 1.094515188924727600e-16
9.525000000000000000e+01 7.338648986713050482e-17
9.550000000000000000e+01 4.834384045787812128e-17
9.575000000000000000e+01 3.124825608119896624e-17
9.600000000000000000e+01 1.987918774668433666e-17
9.625000000000000000e+01 1.251870802376941929e-17
9.650000000000000000e+01 7.804500241036132539e-18
9.675000000000000000e+01 4.764919462005391646e-18
9.700000000000000000e+01 2.798059373789683375e-18
9.725000000000000000e+01 1.579220677505222902e-18
9.750000000000000000e+01 8.777447523908936055e-19
9.775000000000000000e+01 4.912071886935577103e-19
9.800000000000000000e+01 2.729241002527785172e-19
9.825000000000000000e+01 1.405524419801035181e-19
9.850000000000000000e+01 6.265136611423401467e-20
9.875000000000000000e+01 2.624084093238321499e-20
