5.000000000000000000e-01 6.430227493245323747e+07
7.500000000000000000e-01 3.449113859145058692e+07
1.000000000000000000e+00 1.317773220194607973e+07
1.250000000000000000e+00 5.557079332687982358e+06
1.500000000000000000e+00 2.634484682586251758e+06
1.750000000000000000e+00 1.372302212408411084e+06
2.000000000000000000e+00 7.807551092159294058e+05
2.250000000000000000e+00 4.734241925793883856e+05
2.500000000000000000e+00 3.012690471824528067e+05
2.750000000000000000e+00 1.996389493552877393e+05
3.000000000000000000e+00 1.364322776155960455e+05
3.250000000000000000e+00 9.559580676629435038e+04
3.500000000000000000e+00 6.887233599175613199e+04
3.750000000000000000e+00 5.070057685299353761e+04
4.000000000000000000e+00 3.802419646033785830e+04
4.250000000000000000e+00 2.901874430437299452e+04
4.500000000000000000e+00 2.245454594867985361e+04
4.750000000000000000e+00 1.759274186807521619e+04
5.000000000000000000e+00 1.394464353987252434e+04
5.250000000000000000e+00 1.115866066882516498e+04
5.500000000000000000e+00 9.024852670750486141e+03
5.750000000000000000e+00 7.364885141870701773e+03
6.000000000000000000e+00 6.056871513943241553e+03
6.250000000000000000e+00 5.019181085937109856e+03
6.500000000000000000e+00 4.188258344383591975e+03
6.750000000000000000e+00 3.517411432180916108e+03
7.000000000000000000e+00 2.971221687361427485e+03
7.250000000000000000e+00 2.521524542511895106e+03
7.500000000000000000e+00 2.151593637831349497e+03
7.750000000000000000e+00 1.845894343776324831e+03
8.000000000000000000e+00 1.590861661615166440e+03
8.250000000000000000e+00 1.376814810664838205e+03
8.500000000000000000e+00 1.195246123220396839e+03
8.750000000000000000e+00 1.043740674446395587e+03
9.000000000000000000e+00 9.134532693853803949e+02
9.250000000000000000e+00 8.022751040877351443e+02
9.500000000000000000e+00 7.068593100287246216e+02
9.750000000000000000e+00 6.248598766375378091e+02
1.000000000000000000e+01 5.538935371464202717e+02
1.025000000000000000e+01 4.923674351709509551e+02
1.050000000000000000e+01 4.388252245541925163e+02
1.075000000000000000e+01 3.920967148271260498e+02
1.100000000000000000e+01 3.512024501059963768e+02
1.125000000000000000e+01 3.152960474060602678e+02
1.150000000000000000e+01 2.836774519590217665e+02
1.175000000000000000e+01 2.557647163971238058e+02
1.200000000000000000e+01 2.310690871455305739e+02
1.225000000000000000e+01 2.090784607446761640e+02
1.250000000000000000e+01 1.896126506230021107e+02
1.275000000000000000e+01 1.722663329770505811e+02
1.300000000000000000e+01 1.567761466460550537e+02
1.325000000000000000e+01 1.429152637502433265e+02
1.350000000000000000e+01 1.304886420060562671e+02
1.375000000000000000e+01 1.193275243946698936e+02
1.400000000000000000e+01 1.092841840383312899e+02
1.425000000000000000e+01 1.002300058195471877e+02
1.450000000000000000e+01 9.205272348881041466e+01
1.475000000000000000e+01 8.465609401486004515e+01
1.500000000000000000e+01 7.795532894336743368e+01
1.525000000000000000e+01 7.187510056208128617e+01
1.550000000000000000e+01 6.634975223398406285e+01
1.575000000000000000e+01 6.132183741340229233e+01
1.600000000000000000e+01 5.674058470021338962e+01
1.625000000000000000e+01 5.256050871761389232e+01
1.650000000000000000e+01 4.874044445160337347e+01
1.675000000000000000e+01 4.522718832971310121e+01
1.700000000000000000e+01 4.202688089073620858e+01
1.725000000000000000e+01 3.909186572215320865e+01
1.750000000000000000e+01 3.639627676309219595e+01
1.775000000000000000e+01 3.391656547700217317e+01
1.800000000000000000e+01 3.163475025809758989e+01
1.825000000000000000e+01 2.953258655774697772e+01
1.850000000000000000e+01 2.759407382605287751e+01
1.875000000000000000e+01 2.580460073745259209e+01
1.900000000000000000e+01 2.415089086407538232e+01
1.925000000000000000e+01 2.262135829830905465e+01
1.950000000000000000e+01 2.120531606770538247e+01
1.975000000000000000e+01 1.989301246739182005e+01
2.000000000000000000e+01 1.867652066421524637e+01
2.025000000000000000e+01 1.754678675603448212e+01
2.050000000000000000e+01 1.649674632620569525e+01
2.075000000000000000e+01 1.551654581662698718e+01
2.100000000000000000e+01 1.460808915376166794e+01
2.125000000000000000e+01 1.376247556819751416e+01
2.150000000000000000e+01 1.297410263157480870e+01
2.175000000000000000e+01 1.223850180646675945e+01
2.200000000000000000e+01 1.155162196662941199e+01
2.225000000000000000e+01 1.091008012166275520e+01
2.250000000000000000e+01 1.030518612866557682e+01
2.275000000000000000e+01 9.744278153201411996e+00
2.300000000000000000e+01 9.219139803041073833e+00
2.325000000000000000e+01 8.727176790682072749e+00
2.350000000000000000e+01 8.266031158644212340e+00
2.375000000000000000e+01 7.833417489526310007e+00
2.400000000000000000e+01 7.427232705382436073e+00
2.425000000000000000e+01 7.045621699959887962e+00
2.450000000000000000e+01 6.687157311722829789e+00
2.475000000000000000e+01 6.350050611330336103e+00
2.500000000000000000e+01 6.032831263699464763e+00
2.525000000000000000e+01 5.734241486854680936e+00
2.550000000000000000e+01 5.452962676347386406e+00
2.575000000000000000e+01 5.187799029331109146e+00
2.600000000000000000e+01 4.937681606922127209e+00
2.625000000000000000e+01 4.701671628351018484e+00
2.650000000000000000e+01 4.478764729468515782e+00
2.675000000000000000e+01 4.268325365139293837e+00
2.700000000000000000e+01 4.069493804907560630e+00
2.725000000000000000e+01 3.881566008262883560e+00
2.750000000000000000e+01 3.703755566553035727e+00
2.775000000000000000e+01 3.535400264542714499e+00
2.800000000000000000e+01 3.374549486354618377e+00
2.825000000000000000e+01 3.223680379704240373e+00
2.850000000000000000e+01 3.080688866154812633e+00
2.875000000000000000e+01 2.945109166698013148e+00
2.900000000000000000e+01 2.816507558307353332e+00
2.925000000000000000e+01 2.694470767938472289e+00
2.950000000000000000e+01 2.578526352905631480e+00
2.975000000000000000e+01 2.468497439111660974e+00
3.000000000000000000e+01 2.363958704186118975e+00
3.025000000000000000e+01 2.264591755642277437e+00
3.050000000000000000e+01 2.169353985142955299e+00
3.075000000000000000e+01 2.079522949427346834e+00
3.100000000000000000e+01 1.994040301366310608e+00
3.125000000000000000e+01 1.912664324964913121e+00
3.150000000000000000e+01 1.835169990058789669e+00
3.175000000000000000e+01 1.761348932606947137e+00
3.200000000000000000e+01 1.690997334044658018e+00
3.225000000000000000e+01 1.623929728779938797e+00
3.250000000000000000e+01 1.559970698614381979e+00
3.275000000000000000e+01 1.498934124348309860e+00
3.300000000000000000e+01 1.440703776174615758e+00
3.325000000000000000e+01 1.385161848420439101e+00
3.350000000000000000e+01 1.331859186494485536e+00
3.375000000000000000e+01 1.281172094890990154e+00
3.400000000000000000e+01 1.232726850915237371e+00
3.425000000000000000e+01 1.186427215973928195e+00
3.450000000000000000e+01 1.142155561838665623e+00
3.475000000000000000e+01 1.099813464325609225e+00
3.500000000000000000e+01 1.059300088766819581e+00
3.525000000000000000e+01 1.020528402872458384e+00
3.550000000000000000e+01 9.835146599728243899e-01
3.575000000000000000e+01 9.479713409581205230e-01
3.600000000000000000e+01 9.139258577252656890e-01
3.625000000000000000e+01 8.813080565755484486e-01
3.650000000000000000e+01 8.500508051841494384e-01
3.675000000000000000e+01 8.200875476139515285e-01
3.700000000000000000e+01 7.913593363047262130e-01
3.725000000000000000e+01 7.637994215393749675e-01
3.750000000000000000e+01 7.373587171432467446e-01
3.775000000000000000e+01 7.119866746066870755e-01
3.800000000000000000e+01 6.876342725977471204e-01
3.825000000000000000e+01 6.641417046108488709e-01
3.850000000000000000e+01 6.416123592306592904e-01
3.875000000000000000e+01 6.200460865053344373e-01
3.900000000000000000e+01 5.993276771743835107e-01
3.925000000000000000e+01 5.794169815022116587e-01
3.950000000000000000e+01 5.602817210991437591e-01
3.975000000000000000e+01 5.418874815092735719e-01
4.000000000000000000e+01 5.241967037930034268e-01
4.025000000000000000e+01 5.071783737758626120e-01
4.050000000000000000e+01 4.908039701936781629e-01
4.075000000000000000e+01 4.750458131255807515e-01
4.100000000000000000e+01 4.598778345678442014e-01
4.125000000000000000e+01 4.452747031369876374e-01
4.150000000000000000e+01 4.312112484161985115e-01
4.175000000000000000e+01 4.176642964347695997e-01
4.200000000000000000e+01 4.045566135395505247e-01
4.225000000000000000e+01 3.919809788602520162e-01
4.250000000000000000e+01 3.798604357314663282e-01
4.275000000000000000e+01 3.681764060997897992e-01
4.300000000000000000e+01 3.569104031649065201e-01
4.325000000000000000e+01 3.460458674064559315e-01
4.350000000000000000e+01 3.355660178541431948e-01
4.375000000000000000e+01 3.254558594203971200e-01
4.400000000000000000e+01 3.157005579581061427e-01
4.425000000000000000e+01 3.062856404456167914e-01
4.450000000000000000e+01 2.971977137643909694e-01
4.475000000000000000e+01 2.883186361324333036e-01
4.500000000000000000e+01 2.797725693996548357e-01
4.525000000000000000e+01 2.714880200588936643e-01
4.550000000000000000e+01 2.635915861286748374e-01
4.575000000000000000e+01 2.559620743721219283e-01
4.600000000000000000e+01 2.485893283534989229e-01
4.625000000000000000e+01 2.414585869910955418e-01
4.650000000000000000e+01 2.345704284759495828e-01
4.675000000000000000e+01 2.279109229653256408e-01
4.700000000000000000e+01 2.214716644479537144e-01
4.725000000000000000e+01 2.152439014348717095e-01
4.750000000000000000e+01 2.092200432974649638e-01
4.775000000000000000e+01 2.033922028863002496e-01
4.800000000000000000e+01 1.977529943877392171e-01
4.825000000000000000e+01 1.922804731931724020e-01
4.850000000000000000e+01 1.869945585211743311e-01
4.875000000000000000e+01 1.818818099022963541e-01
4.900000000000000000e+01 1.769316072749848034e-01
4.925000000000000000e+01 1.721379716674960592e-01
4.950000000000000000e+01 1.674891090966190155e-01
4.975000000000000000e+01 1.629923723073315456e-01
5.000000000000000000e+01 1.586360270805407535e-01
5.025000000000000000e+01 1.544107524468731341e-01
5.050000000000000000e+01 1.503215731121079479e-01
5.075000000000000000e+01 1.463586617730203987e-01
5.100000000000000000e+01 1.425172542628041217e-01
5.125000000000000000e+01 1.387885491925514303e-01
5.150000000000000000e+01 1.351775041146324186e-01
5.175000000000000000e+01 1.316754736030787132e-01
5.200000000000000000e+01 1.282787275361378931e-01
5.225000000000000000e+01 1.249838863825182556e-01
5.250000000000000000e+01 1.217873572310337188e-01
5.275000000000000000e+01 1.186792928381623091e-01
5.300000000000000000e+01 1.156697641118744763e-01
5.325000000000000000e+01 1.127487508545755301e-01
5.350000000000000000e+01 1.098876971642951533e-01
5.375000000000000000e+01 1.071346036515648803e-01
5.400000000000000000e+01 1.044625235244901196e-01
5.425000000000000000e+01 1.018608418788041758e-01
5.450000000000000000e+01 9.934117898108771327e-02
5.475000000000000000e+01 9.689393758499886822e-02
5.500000000000000000e+01 9.451655081624379950e-02
5.525000000000000000e+01 9.220693668052279413e-02
5.550000000000000000e+01 8.996245418193932197e-02
5.575000000000000000e+01 8.778175820287137388e-02
5.600000000000000000e+01 8.566242850149796695e-02
5.625000000000000000e+01 8.360241057989660496e-02
5.650000000000000000e+01 8.159977181851417460e-02
5.675000000000000000e+01 7.965258722243533096e-02
5.700000000000000000e+01 7.775913997557266921e-02
5.725000000000000000e+01 7.591780705194518808e-02
5.750000000000000000e+01 7.412703432240747015e-02
5.775000000000000000e+01 7.238498461972744935e-02
5.800000000000000000e+01 7.069066776500916582e-02
5.825000000000000000e+01 6.904235710343270549e-02
5.850000000000000000e+01 6.743865378801303101e-02
5.875000000000000000e+01 6.587814065476559067e-02
5.900000000000000000e+01 6.435947064114973248e-02
5.925000000000000000e+01 6.288143381663550968e-02
5.950000000000000000e+01 6.144248834424850120e-02
5.975000000000000000e+01 6.002780958494461500e-02
6.000000000000000000e+01 5.866467226606327662e-02
6.025000000000000000e+01 5.734649487914642019e-02
6.050000000000000000e+01 5.605457346477477759e-02
6.075000000000000000e+01 5.479640278037774259e-02
6.100000000000000000e+01 5.357092800157268325e-02
6.125000000000000000e+01 5.237720338074274701e-02
6.150000000000000000e+01 5.119985732079054830e-02
6.175000000000000000e+01 5.006721225930513969e-02
6.200000000000000000e+01 4.896355107866311868e-02
6.225000000000000000e+01 4.788788068189681058e-02
6.250000000000000000e+01 4.683950181896993220e-02
6.275000000000000000e+01 4.581769873629931017e-02
6.300000000000000000e+01 4.482171294632220082e-02
6.325000000000000000e+01 4.385081800065201985e-02
6.350000000000000000e+01 4.290430231542115974e-02
6.375000000000000000e+01 4.198144030920655106e-02
6.400000000000000000e+01 4.108155288357585866e-02
6.425000000000000000e+01 4.020399684242412924e-02
6.450000000000000000e+01 3.934816350841367077e-02
6.475000000000000000e+01 3.850431086418221877e-02
6.500000000000000000e+01 3.769023058838406881e-02
6.525000000000000000e+01 3.689607194195246298e-02
6.550000000000000000e+01 3.612127975381639738e-02
6.575000000000000000e+01 3.536531286302453669e-02
6.600000000000000000e+01 3.462045023428111240e-02
6.625000000000000000e+01 3.390079584576786986e-02
6.650000000000000000e+01 3.319848402901531131e-02
6.675000000000000000e+01 3.251300481637776213e-02
6.700000000000000000e+01 3.184387478560216783e-02
6.725000000000000000e+01 3.119067259780714321e-02
6.750000000000000000e+01 3.054968262279156299e-02
6.775000000000000000e+01 2.992710208805231253e-02
6.800000000000000000e+01 2.931919354829915642e-02
6.825000000000000000e+01 2.872556134445651554e-02
6.850000000000000000e+01 2.814582952781873731e-02
6.875000000000000000e+01 2.757962514672930923e-02
6.900000000000000000e+01 2.702659641762678727e-02
6.925000000000000000e+01 2.648638433665129882e-02
6.950000000000000000e+01 2.594494647876810500e-02
6.975000000000000000e+01 2.542946480278121535e-02
7.000000000000000000e+01 2.492582754668877174e-02
7.025000000000000000e+01 2.443371743017467776e-02
7.050000000000000000e+01 2.395284863709215561e-02
7.075000000000000000e+01 2.348291901755203415e-02
7.100000000000000000e+01 2.302365169008021434e-02
7.125000000000000000e+01 2.257476946098076545e-02
7.150000000000000000e+01 2.213600882843766784e-02
7.175000000000000000e+01 2.170716233703936376e-02
7.200000000000000000e+01 2.128790376138181908e-02
7.225000000000000000e+01 2.087800273052088998e-02
7.250000000000000000e+01 2.047721656469304527e-02
7.275000000000000000e+01 2.008531482472119406e-02
7.300000000000000000e+01 1.970205825356679402e-02
7.325000000000000000e+01 1.932724184512677607e-02
7.350000000000000000e+01 1.896065498605782260e-02
7.375000000000000000e+01 1.860060458975090064e-02
7.400000000000000000e+01 1.824981804468020496e-02
7.425000000000000000e+01 1.790665454824982850e-02
7.450000000000000000e+01 1.757091058164179237e-02
7.475000000000000000e+01 1.724242905323540576e-02
7.500000000000000000e+01 1.692103661367831691e-02
7.525000000000000000e+01 1.660655462466701163e-02
7.550000000000000000e+01 1.629881681105887700e-02
7.575000000000000000e+01 1.599766010313281514e-02
7.600000000000000000e+01 1.570292311222063614e-02
7.625000000000000000e+01 1.541445088379206005e-02
7.650000000000000000e+01 1.513081919718051865e-02
7.675000000000000000e+01 1.485445609094404769e-02
7.700000000000000000e+01 1.458392049064046424e-02
7.725000000000000000e+01 1.431906904366525915e-02
7.750000000000000000e+01 1.405976425625384864e-02
7.775000000000000000e+01 1.380585714599969795e-02
7.800000000000000000e+01 1.355723490319507736e-02
7.825000000000000000e+01 1.331379292364330905e-02
7.850000000000000000e+01 1.307539756365822502e-02
7.875000000000000000e+01 1.284193297969331640e-02
7.900000000000000000e+01 1.261327891534810494e-02
7.925000000000000000e+01 1.238932104113312817e-02
7.950000000000000000e+01 1.216994750485997194e-02
7.975000000000000000e+01 1.195505203224657940e-02
8.000000000000000000e+01 1.174452869816293606e-02
8.025000000000000000e+01 1.153827793932522133e-02
8.050000000000000000e+01 1.133620192647465282e-02
8.075000000000000000e+01 1.113820621336611069e-02
8.100000000000000000e+01 1.094419535113668948e-02
8.125000000000000000e+01 1.075408456273830270e-02
8.150000000000000000e+01 1.056778181608925178e-02
8.175000000000000000e+01 1.038519268796619238e-02
8.200000000000000000e+01 1.020623718397684759e-02
8.225000000000000000e+01 1.003084051524310433e-02
8.250000000000000000e+01 9.858927207299800557e-03
8.275000000000000000e+01 9.690407415023463353e-03
8.300000000000000000e+01 9.525202276666361670e-03
8.325000000000000000e+01 9.363238967474464547e-03
8.350000000000000000e+01 9.204435266965771065e-03
8.375000000000000000e+01 9.048727428588081156e-03
8.400000000000000000e+01 8.896053244226627757e-03
8.425000000000000000e+01 8.746346419507625147e-03
8.450000000000000000e+01 8.599542702032121622e-03
8.475000000000000000e+01 8.455575630962091499e-03
8.500000000000000000e+01 8.314384071228449538e-03
8.525000000000000000e+01 8.175905356569729276e-03
8.550000000000000000e+01 8.040081943303772904e-03
8.575000000000000000e+01 7.906856873808295119e-03
8.600000000000000000e+01 7.776181796982421096e-03
8.625000000000000000e+01 7.647991705330513430e-03
8.650000000000000000e+01 7.522238755020804225e-03
8.675000000000000000e+01 7.398871080617892143e-03
8.700000000000000000e+01 7.277830709278451833e-03
8.725000000000000000e+01 7.159066997740846927e-03
8.750000000000000000e+01 7.042532839814438263e-03
8.775000000000000000e+01 6.928177560550859843e-03
8.800000000000000000e+01 6.815959895132141060e-03
8.825000000000000000e+01 6.705833725027941783e-03
8.850000000000000000e+01 6.597479016389409638e-03
8.875000000000000000e+01 6.491409291618207948e-03
8.900000000000000000e+01 6.387301427270107926e-03
8.925000000000000000e+01 6.285113332741794345e-03
8.950000000000000000e+01 6.184805405741909505e-03
8.975000000000000000e+01 6.086336715909506506e-03
9.000000000000000000e+01 5.989668079440458627e-03
9.025000000000000000e+01 5.894764931349499512e-03
9.050000000000000000e+01 5.801590485715924644e-03
9.075000000000000000e+01 5.710109163029795931e-03
9.100000000000000000e+01 5.620284820249189447e-03
9.125000000000000000e+01 5.532082803396359653e-03
9.150000000000000000e+01 5.445471012797477826e-03
9.175000000000000000e+01 5.360418538533864678e-03
9.200000000000000000e+01 5.276892558020536937e-03
9.225000000000000000e+01 5.194859910033924541e-03
9.250000000000000000e+01 5.114290355205280622e-03
9.275000000000000000e+01 5.035155539593437132e-03
9.300000000000000000e+01 4.957427036599705399e-03
9.325000000000000000e+01 4.881077854268639493e-03
9.350000000000000000e+01 4.806079957112015938e-03
9.375000000000000000e+01 4.732390611970773917e-03
9.400000000000000000e+01 4.660014119927194561e-03
9.425000000000000000e+01 4.588909024794339715e-03
9.450000000000000000e+01 4.519050257584808668e-03
9.475000000000000000e+01 4.450411506391335585e-03
9.500000000000000000e+01 4.382967991278741149e-03
9.525000000000000000e+01 4.316698423897084858e-03
9.550000000000000000e+01 4.251579425392313510e-03
9.575000000000000000e+01 4.187588470591154487e-03
9.600000000000000000e+01 4.124703499011905979e-03
9.625000000000000000e+01 4.062902886926482958e-03
9.650000000000000000e+01 4.002166747755925465e-03
9.675000000000000000e+01 3.942474027799069101e-03
9.700000000000000000e+01 3.883803413433528640e-03
9.725000000000000000e+01 3.826135209298976627e-03
9.750000000000000000e+01 3.769450190269477835e-03
9.775000000000000000e+01 3.713731977373210206e-03
9.800000000000000000e+01 3.658954860480843549e-03
9.825000000000000000e+01 3.605111141600702337e-03
9.850000000000000000e+01 3.552176741953225626e-03
9.875000000000000000e+01 3.500133780112150549e-03
9.900000000000000000e+01 3.448965710233317921e-03
9.925000000000000000e+01 3.398655655072136284e-03
9.950000000000000000e+01 3.349185423612304705e-03
9.975000000000000000e+01 3.300540164931165758e-03
1.000000000000000000e+02 3.252704799799139603e-03
