5.000000000000000000e-01 2.119919651602770686e+08 1.257747009952123836e+07 3.573102773206099033e+09
7.500000000000000000e-01 1.861722189675084129e+07 1.420146792618500302e+06 2.440599471508068442e+08
1.000000000000000000e+00 3.026700974547693972e+06 2.693609706772411591e+05 3.400982245607115328e+07
1.250000000000000000e+00 6.675093256718058838e+05 6.600547791548942041e+04 6.750480625703763217e+06
1.500000000000000000e+00 1.767481685560327605e+05 1.887562411273571706e+04 1.655040114240972092e+06
1.750000000000000000e+00 5.315324266148964671e+04 6.020468196434092533e+03 4.692769919629509095e+05
2.000000000000000000e+00 1.749425873740919997e+04 2.075866564251107320e+03 1.474319660241884994e+05
2.250000000000000000e+00 6.152729271148717089e+03 7.581621698419590984e+02 4.993137219170593016e+04
2.500000000000000000e+00 2.274936330059721968e+03 2.892253518868157016e+02 1.789378168982534771e+04
2.750000000000000000e+00 8.722220545359274411e+02 1.138475364672608805e+02 6.682369562187665906e+03
3.000000000000000000e+00 3.437790804523600059e+02 4.589188075790103483e+01 2.575271577561634786e+03
3.250000000000000000e+00 1.379544561624209962e+02 1.877696133172455717e+01 1.013552280310384390e+03
3.500000000000000000e+00 5.598907447249454350e+01 7.750932709197704717e+00 4.044386111837396243e+02
3.750000000000000000e+00 2.285889553656899764e+01 3.212092538404450970e+00 1.626756075375496380e+02
4.000000000000000000e+00 9.326269912964122000e+00 1.808951448697590836e+00 4.808272248107221714e+01
4.250000000000000000e+00 3.786543175798349203e+00 7.267644929152161648e-01 1.972841183348468519e+01
4.500000000000000000e+00 1.520382460180887962e+00 2.864749971151202002e-01 8.068986293755981976e+00
4.750000000000000000e+00 5.996162037343690798e-01 1.101124749689395138e-01 3.265203074240545345e+00
5.000000000000000000e+00 2.312583372688004624e-01 4.116608365763831101e-02 1.299137877703045563e+00
5.250000000000000000e+00 8.651882147586366367e-02 1.480291808910388571e-02 5.056777605952093024e-01
5.500000000000000000e+00 3.113557886134056887e-02 5.079528050880929499e-03 1.908492799567536313e-01
5.750000000000000000e+00 1.069720211704404227e-02 1.653128310402745844e-03 6.922035779849014525e-02
6.000000000000000000e+00 3.466940648025725047e-03 5.034241044016347271e-04 2.387584812058117859e-02
6.250000000000000000e+00 1.045723178196340851e-03 1.414240086368151873e-04 7.732329015120200690e-03
6.500000000000000000e+00 2.879981264890656167e-04 3.585167347737380365e-05 2.313502071627356223e-03
6.750000000000000000e+00 7.071834182819848765e-05 8.002963538069085648e-06 6.249039930196363581e-04
7.000000000000000000e+00 1.497731531703203238e-05 1.518627572445965197e-06 1.477123016701871060e-04
