5.000000000000000000e-01 2.422786271318981349e+08 6.485681983736445010e+07 9.050541379011691809e+08
7.500000000000000000e-01 7.664251571494230628e+07 2.637878370043659583e+07 2.226818067816355228e+08
1.000000000000000000e+00 2.564432823067272455e+07 1.029729445553724468e+07 6.386450083971763402e+07
1.250000000000000000e+00 1.026795683468265273e+07 4.581137527539739385e+06 2.301413937588705868e+07
1.500000000000000000e+00 4.649354659578103572e+06 2.240297668658124283e+06 9.648940430085035041e+06
1.750000000000000000e+00 2.367114039553431794e+06 1.209724110894289799e+06 4.631823756995943375e+06
2.000000000000000000e+00 1.321098901415015571e+06 7.073036070141486125e+05 2.467543343498103786e+06
2.250000000000000000e+00 7.841878242114788154e+05 4.359945419236911694e+05 1.410454683511068812e+06
2.500000000000000000e+00 4.892906853471884388e+05 2.806730493080514134e+05 8.529688737758469069e+05
2.750000000000000000e+00 3.177781657397738891e+05 1.871489007212643919e+05 5.395861916995018255e+05
3.000000000000000000e+00 2.138750737946380686e+05 1.288199826343455788e+05 3.550889097734293900e+05
3.250000000000000000e+00 1.485671710411496460e+05 9.123869926639214100e+04 2.419171304352486623e+05
3.500000000000000000e+00 1.058622410602046002e+05 6.612389303051549359e+04 1.694820672025018139e+05
3.750000000000000000e+00 7.715445428538306442e+04 4.891707296750386740e+04 1.216918645158875297e+05
4.000000000000000000e+00 5.728661260577094072e+04 3.460750054438556981e+04 9.482788217064923083e+04
4.250000000000000000e+00 4.320965330848207668e+04 2.647222273885488175e+04 7.052955686636765313e+04
4.500000000000000000e+00 3.313003356974650524e+04 2.061463009515867452e+04 5.324369728032618877e+04
4.750000000000000000e+00 2.574625572967761764e+04 1.627441977018010039e+04 4.073077218473528046e+04
5.000000000000000000e+00 2.024824299763651288e+04 1.298871990582745821e+04 3.156518482682741524e+04
5.250000000000000000e+00 1.609966837756198220e+04 1.048713098936078495e+04 2.471594205607114782e+04
5.500000000000000000e+00 1.292939063074268961e+04 8.549151469570660993e+03 1.955388703514597000e+04
5.750000000000000000e+00 1.046951432509013466e+04 7.023246177041822193e+03 1.560684723847105306e+04
6.000000000000000000e+00 8.551343731557915817e+03 5.805876689014876320e+03 1.259507969806065012e+04
6.250000000000000000e+00 7.042005717355610614e+03 4.840276075923086864e+03 1.024525125125468185e+04
6.500000000000000000e+00 5.840243938149490532e+03 4.062873731729475821e+03 8.395153654596264460e+03
6.750000000000000000e+00 4.870495109623634562e+03 3.424082850641806090e+03 6.927905558249377464e+03
7.000000000000000000e+00 4.090605936521856165e+03 2.907106816656077626e+03 5.755914035231488924e+03
7.250000000000000000e+00 3.454974156320621660e+03 2.480353971139525129e+03 4.812557626748475741e+03
7.500000000000000000e+00 2.933686953297681157e+03 2.124199660546240466e+03 4.051652629365289613e+03
7.750000000000000000e+00 2.501638366439679430e+03 1.824557677217582295e+03 3.429978999615195335e+03
8.000000000000000000e+00 2.145288360533621926e+03 1.575516873071473583e+03 2.921112574864980616e+03
8.250000000000000000e+00 1.849905538063416543e+03 1.367831907156420129e+03 2.501879420894627856e+03
8.500000000000000000e+00 1.599848726865239314e+03 1.189867428807444185e+03 2.151093379720147823e+03
8.750000000000000000e+00 1.388901137392865849e+03 1.038414425615635764e+03 1.857684486911417480e+03
9.000000000000000000e+00 1.209721405219686858e+03 9.095673494945791617e+02 1.608925253374451131e+03
9.250000000000000000e+00 1.057754689835115414e+03 7.992178732515235424e+02 1.399924878201600450e+03
9.500000000000000000e+00 9.279942216009836784e+02 7.048719047640815916e+02 1.221744361641208570e+03
9.750000000000000000e+00 8.167368100037809882e+02 6.240512891607371557e+02 1.068916975898334613e+03
1.000000000000000000e+01 7.209962397084518670e+02 5.532889354585139472e+02 9.395372731300626583e+02
1.025000000000000000e+01 6.382852733328828663e+02 4.921650081310485803e+02 8.277875985144246442e+02
1.050000000000000000e+01 5.665888022421615915e+02 4.389279908186182979e+02 7.313793550224189630e+02
1.075000000000000000e+01 5.042329523547166445e+02 3.922597167129575269e+02 6.481697187029943734e+02
1.100000000000000000e+01 4.498634945411603780e+02 3.512494025049471702e+02 5.761637237744034792e+02
1.125000000000000000e+01 4.023406336890882926e+02 3.152169814340417702e+02 5.135446218058832528e+02
1.150000000000000000e+01 3.606454729362664011e+02 2.834721546134366577e+02 4.588286892826902204e+02
1.175000000000000000e+01 3.239709115424278139e+02 2.554139409896620236e+02 4.109296114336991650e+02
1.200000000000000000e+01 2.915214414435781691e+02 2.307374043587989263e+02 3.683180499386629663e+02
1.225000000000000000e+01 2.629564977160540025e+02 2.087434657081921898e+02 3.312492654872092430e+02
1.250000000000000000e+01 2.376569053699618905e+02 1.891992231856558533e+02 2.985255632609231498e+02
1.275000000000000000e+01 2.151801553339487612e+02 1.717422543621426030e+02 2.696045852053799763e+02
1.300000000000000000e+01 1.951908406445272135e+02 1.561892027704610371e+02 2.439314856322622802e+02
1.325000000000000000e+01 1.773618272873243598e+02 1.422694205798132145e+02 2.211101841175430991e+02
1.350000000000000000e+01 1.614307000563709948e+02 1.297998481484904403e+02 2.007696564550494713e+02
1.375000000000000000e+01 1.471678517353360860e+02 1.186025602364305485e+02 1.826130611448737682e+02
1.400000000000000000e+01 1.343681860224918694e+02 1.085738349723361011e+02 1.662906115416778334e+02
1.425000000000000000e+01 1.228629454972053026e+02 9.948089210578987718e+01 1.517407318804158649e+02
1.450000000000000000e+01 1.125044776808196758e+02 9.123065884043263907e+01 1.387390780589700796e+02
1.475000000000000000e+01 1.031659342734539706e+02 8.380973784826269934e+01 1.269925222028987548e+02
1.500000000000000000e+01 9.473092366980299062e+01 7.709859417933442671e+01 1.163957397000038441e+02
1.525000000000000000e+01 8.707190604301499093e+01 7.097498979021760590e+01 1.068195549498843633e+02
1.550000000000000000e+01 8.015977001634318810e+01 6.543771638186159123e+01 9.819396342587093329e+01
1.575000000000000000e+01 7.388706124471767112e+01 6.041658126140658425e+01 9.036091922778153673e+01
1.600000000000000000e+01 6.818645789967195014e+01 5.584533282733773518e+01 8.325481836196949814e+01
1.625000000000000000e+01 6.299849940416358152e+01 5.165514260323089957e+01 7.683283265058994971e+01
1.650000000000000000e+01 5.827052494914945413e+01 4.783244208967582978e+01 7.098642531116605880e+01
1.675000000000000000e+01 5.392571502455203358e+01 4.431219891360887431e+01 6.562488010533181182e+01
1.700000000000000000e+01 4.998521115312253471e+01 4.111729778585196016e+01 6.076569883155018204e+01
1.725000000000000000e+01 4.638030394510084875e+01 3.822103657992479242e+01 5.628137765289698535e+01
1.750000000000000000e+01 4.307832871873829816e+01 3.553989054798733349e+01 5.221576027911446971e+01
1.775000000000000000e+01 4.004998642357705307e+01 3.307146970952399556e+01 4.850106229378678790e+01
1.800000000000000000e+01 3.726982064052958776e+01 3.079511919881583992e+01 4.510583386963015329e+01
1.825000000000000000e+01 3.471444406426346063e+01 2.871069461880444607e+01 4.197364928612996238e+01
1.850000000000000000e+01 3.236333065387926666e+01 2.679073476115463848e+01 3.909505208983602387e+01
1.875000000000000000e+01 3.019771102631668214e+01 2.502008235700932914e+01 3.644679254916443512e+01
1.900000000000000000e+01 2.819997142024727310e+01 2.338499874895626007e+01 3.400634725876377473e+01
1.925000000000000000e+01 2.635632378337203008e+01 2.187342605799212691e+01 3.175797890701847237e+01
1.950000000000000000e+01 2.465315308598129818e+01 2.046487246128808124e+01 2.969859490844708816e+01
1.975000000000000000e+01 2.307854326460628869e+01 1.918398517366944134e+01 2.776373909772089732e+01
2.000000000000000000e+01 2.162205553053420104e+01 1.798621981659454505e+01 2.599285954095617868e+01
2.025000000000000000e+01 2.027160362550419492e+01 1.687460258340874475e+01 2.435244987361021174e+01
2.050000000000000000e+01 1.901945741639987375e+01 1.584821056204757106e+01 2.282527475250251925e+01
2.075000000000000000e+01 1.785787873662744474e+01 1.488918675700925220e+01 2.141848565516602321e+01
2.100000000000000000e+01 1.677872311617435841e+01 1.399800971093251079e+01 2.011182698275819902e+01
2.125000000000000000e+01 1.577537253541185258e+01 1.316872124604216765e+01 1.889799123098772071e+01
2.150000000000000000e+01 1.484225323256574214e+01 1.240289388029518847e+01 1.776137755799014073e+01
2.175000000000000000e+01 1.397364362878729160e+01 1.168232981350704769e+01 1.671436429046763905e+01
2.200000000000000000e+01 1.315784954524310457e+01 1.100556558773434190e+01 1.573104110598420746e+01
2.225000000000000000e+01 1.240344356217401867e+01 1.037900751331936711e+01 1.482274793640976718e+01
2.250000000000000000e+01 1.169953112150270336e+01 9.793662029565938454e+00 1.397628670968921227e+01
2.275000000000000000e+01 1.104220153631570689e+01 9.247141210037078451e+00 1.318571999703723030e+01
2.300000000000000000e+01 1.042795098778558938e+01 8.735678279382634415e+00 1.244805020582138866e+01
2.325000000000000000e+01 9.853551032538028664e+00 8.262504385152634967e+00 1.175097324308864977e+01
2.350000000000000000e+01 9.316056632630260737e+00 7.814311586140221699e+00 1.110640524448840694e+01
2.375000000000000000e+01 8.812738090693462922e+00 7.395002044018470500e+00 1.050227602276041772e+01
2.400000000000000000e+01 8.341096626927651414e+00 7.002040921374753424e+00 9.936230553488963224e+00
2.425000000000000000e+01 7.898922836793197177e+00 6.633416358793160050e+00 9.405859455649254741e+00
2.450000000000000000e+01 7.484105355143884530e+00 6.284130631044122062e+00 8.913219068074477391e+00
2.475000000000000000e+01 7.094687145167971387e+00 5.956570401287640593e+00 8.450262868870106914e+00
2.500000000000000000e+01 6.728886793587242288e+00 5.651453799407778256e+00 8.011729209510217942e+00
2.525000000000000000e+01 6.385027885562155170e+00 5.364490002920919487e+00 7.599712382203747119e+00
2.550000000000000000e+01 6.061690860475592579e+00 5.094739429623116322e+00 7.212163957655334023e+00
2.575000000000000000e+01 5.757426859933152841e+00 4.842973589065213247e+00 6.844547763449174482e+00
2.600000000000000000e+01 5.470831040638258536e+00 4.603335878509796864e+00 6.501805009479365793e+00
2.625000000000000000e+01 5.200994449245592399e+00 4.377666082376079792e+00 6.179170076489996610e+00
2.650000000000000000e+01 4.946679875481815536e+00 4.164852468295173082e+00 5.875272167927022338e+00
2.675000000000000000e+01 4.706844413730018495e+00 3.965687662010940695e+00 5.586517704681594587e+00
2.700000000000000000e+01 4.480558018807837328e+00 3.775961581024256386e+00 5.316632526345148158e+00
2.725000000000000000e+01 4.266952533673293857e+00 3.596717602683908943e+00 5.062083248080075037e+00
2.750000000000000000e+01 4.065228529406669011e+00 3.427338353779750602e+00 4.821841700594442059e+00
2.775000000000000000e+01 3.874615069500960463e+00 3.267203180087026038e+00 4.594952045928178741e+00
2.800000000000000000e+01 3.694425226426914843e+00 3.115774039874967372e+00 4.380541585810012961e+00
2.825000000000000000e+01 3.524006391655041259e+00 2.972376526925100571e+00 4.178010738522600853e+00
2.850000000000000000e+01 3.361357579055747724e+00 2.835684072833691616e+00 3.984479400409627114e+00
2.875000000000000000e+01 3.208773085184533969e+00 2.707465964305817430e+00 3.802900885162034061e+00
2.900000000000000000e+01 3.064356597331330700e+00 2.586089572091166300e+00 3.631073516148504154e+00
2.925000000000000000e+01 2.927410945258530628e+00 2.470931581074521599e+00 3.468220208142212435e+00
2.950000000000000000e+01 2.797595759407719651e+00 2.361783029999604544e+00 3.313827702901805505e+00
2.975000000000000000e+01 2.674488489831359228e+00 2.258772442008385006e+00 3.166715048055235293e+00
3.000000000000000000e+01 2.557702041777638602e+00 2.160480722884282390e+00 3.027955614331991008e+00
3.025000000000000000e+01 2.446854823925110445e+00 2.067163311874597120e+00 2.896287146242070509e+00
3.050000000000000000e+01 2.341610703380502922e+00 1.978540222154324679e+00 2.771306150256496181e+00
3.075000000000000000e+01 2.241642619453034335e+00 1.894349822521158577e+00 2.652604906236707638e+00
3.100000000000000000e+01 2.146647404055543884e+00 1.814313292878176220e+00 2.539856316671885939e+00
3.125000000000000000e+01 2.056340199957614079e+00 1.738209416698939913e+00 2.432695955584106784e+00
3.150000000000000000e+01 1.970461617682859989e+00 1.665823548768848639e+00 2.330810480876521318e+00
3.175000000000000000e+01 1.888598399313707654e+00 1.596808912085048826e+00 2.233707419150679829e+00
3.200000000000000000e+01 1.810862420034472509e+00 1.531274921986707449e+00 2.141498340506076570e+00
3.225000000000000000e+01 1.736857889922432063e+00 1.468890409325331214e+00 2.053710277250279770e+00
3.250000000000000000e+01 1.666381943405494948e+00 1.409490221609021043e+00 1.970094392097272662e+00
3.275000000000000000e+01 1.599236789963739636e+00 1.352872979925901165e+00 1.890464476948610084e+00
3.300000000000000000e+01 1.535243645954304625e+00 1.299340196267085190e+00 1.813976862421779579e+00
3.325000000000000000e+01 1.474233132002241708e+00 1.247854269239882852e+00 1.741680403767837504e+00
3.350000000000000000e+01 1.416047133147104065e+00 1.198745332316361933e+00 1.672740180284548517e+00
3.375000000000000000e+01 1.360537384969116470e+00 1.151885102360139079e+00 1.606984908569347725e+00
3.400000000000000000e+01 1.307561901230555490e+00 1.107161578294305393e+00 1.544235420618243371e+00
3.425000000000000000e+01 1.256965917355476803e+00 1.064447467246715462e+00 1.484303703103362793e+00
3.450000000000000000e+01 1.208704442207840346e+00 1.024081278061862443e+00 1.426611793331420408e+00
3.475000000000000000e+01 1.162387141230396770e+00 9.849487133768548563e-01 1.371791086934298187e+00
3.500000000000000000e+01 1.118318893548842174e+00 9.476847991611435651e-01 1.319676277149665733e+00
3.525000000000000000e+01 1.075766879483423644e+00 9.117036979850889900e-01 1.269353608580438442e+00
3.550000000000000000e+01 1.035200821998507159e+00 8.792530452701199373e-01 1.218808109487025559e+00
3.575000000000000000e+01 9.967056921561404659e-01 8.466388739276431430e-01 1.173371867710095939e+00
3.600000000000000000e+01 9.594601037633667673e-01 8.150693901547392262e-01 1.129429839757377430e+00
3.625000000000000000e+01 9.242328827783229395e-01 7.851956858015816110e-01 1.087889856063965377e+00
3.650000000000000000e+01 8.905107254429048824e-01 7.566038176612802646e-01 1.048117037765023074e+00
3.675000000000000000e+01 8.582210788326751771e-01 7.292218094374905979e-01 1.010040306831851531e+00
3.700000000000000000e+01 8.270675040694556168e-01 7.027969710192448760e-01 9.733119015803893825e-01
3.725000000000000000e+01 7.974343225359898923e-01 6.776587831062629297e-01 9.383800735874445742e-01
3.750000000000000000e+01 7.690377453109958905e-01 6.532955225211299899e-01 9.052856377014147915e-01
3.775000000000000000e+01 7.418166931723356727e-01 6.300329152464710925e-01 8.734337412416984803e-01
3.800000000000000000e+01 7.157168467011658652e-01 6.076271287467031046e-01 8.430344538902214691e-01
3.825000000000000000e+01 6.906858089460968797e-01 5.864045338169554533e-01 8.135115933950692879e-01
3.850000000000000000e+01 6.673341075063390360e-01 5.669895596246604663e-01 7.854374097048414383e-01
3.875000000000000000e+01 6.438333559227253922e-01 5.472584994583049589e-01 7.574508036129655730e-01
3.900000000000000000e+01 6.217136136622459786e-01 5.284782838909013458e-01 7.313977304179313244e-01
3.925000000000000000e+01 6.002250814613335761e-01 5.102335806426185894e-01 7.060886662173799788e-01
3.950000000000000000e+01 5.798442830152807925e-01 4.929080118844712532e-01 6.821138720388842946e-01
3.975000000000000000e+01 5.602686079280203568e-01 4.762838875460432830e-01 6.590626331008444527e-01
4.000000000000000000e+01 5.414626746717413619e-01 4.603098818194784614e-01 6.369227332331186542e-01
4.025000000000000000e+01 5.233910989133762071e-01 4.451289374523964559e-01 6.154132418116433634e-01
4.050000000000000000e+01 5.060216936104979801e-01 4.303689968040816383e-01 5.949730494201997955e-01
4.075000000000000000e+01 4.893226363296251380e-01 4.163498984822806004e-01 5.750851466456278205e-01
4.100000000000000000e+01 4.732634919840869037e-01 4.026955596806724436e-01 5.561976720641794714e-01
4.125000000000000000e+01 4.578175337933028666e-01 3.895620055402275739e-01 5.380321778504096875e-01
4.150000000000000000e+01 4.429595854142910905e-01 3.769190335119012025e-01 5.205712019427780612e-01
4.175000000000000000e+01 4.286610052751141375e-01 3.647606418817386231e-01 5.037557135976481471e-01
4.200000000000000000e+01 4.149001252424274755e-01 3.530610635040877243e-01 4.875703715886783307e-01
4.225000000000000000e+01 4.016535196919359674e-01 3.416564998714445855e-01 4.721863917168925839e-01
4.250000000000000000e+01 3.889002877076142006e-01 3.307265640039435683e-01 4.573065796349569112e-01
4.275000000000000000e+01 3.766183132830902558e-01 3.202900089333770572e-01 4.428528831497334783e-01
4.300000000000000000e+01 3.647874160214460426e-01 3.101031111219941239e-01 4.291148786161453899e-01
4.325000000000000000e+01 3.532679907194762881e-01 3.003312257444961109e-01 4.155354574190927575e-01
4.350000000000000000e+01 3.422874353173770423e-01 2.910030727585329879e-01 4.026097981218382804e-01
4.375000000000000000e+01 3.316932665993776452e-01 2.820010659089081106e-01 3.901418696867783309e-01
4.400000000000000000e+01 3.214790144054801013e-01 2.733173443960239535e-01 3.781273264289126135e-01
4.425000000000000000e+01 3.116414282968619220e-01 2.649541898505343163e-01 3.665553652338752189e-01
4.450000000000000000e+01 3.021539247643669768e-01 2.568962221788290701e-01 3.553847288067848997e-01
4.475000000000000000e+01 2.930023626881292920e-01 2.491186174491537009e-01 3.446164940215619699e-01
4.500000000000000000e+01 2.841730046298512891e-01 2.416148482449514967e-01 3.342273752914720619e-01
4.525000000000000000e+01 2.756528234643286779e-01 2.343736769513323215e-01 3.242022742154381243e-01
4.550000000000000000e+01 2.674291688199412764e-01 2.274709437907978249e-01 3.144065749403985310e-01
4.575000000000000000e+01 2.594907457548515928e-01 2.207205532637541434e-01 3.050710327458507343e-01
4.600000000000000000e+01 2.518262249951686571e-01 2.142025379041279376e-01 2.960583390645961099e-01
4.625000000000000000e+01 2.444247796108618420e-01 2.079083745548248596e-01 2.873548168309314477e-01
4.650000000000000000e+01 2.372760588386813030e-01 2.018291254202492779e-01 2.789484816960359770e-01
4.675000000000000000e+01 2.303702746511404054e-01 1.959564157958587349e-01 2.708278941891293368e-01
4.700000000000000000e+01 2.236965350455638879e-01 1.902815965794740216e-01 2.629793983807107716e-01
4.725000000000000000e+01 2.171964175262182384e-01 1.847536267576964375e-01 2.553361718202813990e-01
4.750000000000000000e+01 2.109660252890036558e-01 1.794550519945878886e-01 2.480100912822603976e-01
4.775000000000000000e+01 2.049432908911961448e-01 1.743328837846885304e-01 2.409284557765252188e-01
4.800000000000000000e+01 1.991198410501554827e-01 1.693806954869212233e-01 2.340804599122729979e-01
4.825000000000000000e+01 1.934892160733705790e-01 1.645922382962523856e-01 2.274595517031735847e-01
4.850000000000000000e+01 1.880389800574305825e-01 1.599510460391649069e-01 2.210592484176752970e-01
4.875000000000000000e+01 1.827713076937285686e-01 1.554711964164971483e-01 2.148652077429497320e-01
4.900000000000000000e+01 1.776752185299964870e-01 1.511375663800803293e-01 2.088725128754136129e-01
4.925000000000000000e+01 1.727443009657317341e-01 1.469365134435325349e-01 2.030849434004502740e-01
4.950000000000000000e+01 1.679723061742287582e-01 1.428786405901950607e-01 1.974731529145375974e-01
4.975000000000000000e+01 1.633533399102442274e-01 1.389505907596646217e-01 1.920417431400937014e-01
5.000000000000000000e+01 1.588818775093603641e-01 1.351484230641463169e-01 1.867831708914423627e-01
5.025000000000000000e+01 1.545526288368589685e-01 1.314724632923192915e-01 1.816845480963872606e-01
5.050000000000000000e+01 1.503602548551532525e-01 1.279075249093489242e-01 1.767543094601322640e-01
5.075000000000000000e+01 1.463000080489857968e-01 1.244550010462220774e-01 1.719793674436920772e-01
5.100000000000000000e+01 1.423663820612623143e-01 1.211035997189459090e-01 1.673623805423719302e-01
5.125000000000000000e+01 1.385563189110837479e-01 1.178351081518775184e-01 1.629213382266841426e-01
5.150000000000000000e+01 1.348647689135819006e-01 1.147009160822104190e-01 1.585733271831714641e-01
5.175000000000000000e+01 1.312873986030652085e-01 1.116583174435359233e-01 1.543671929381913721e-01
5.200000000000000000e+01 1.278202719375845786e-01 1.087037338507314543e-01 1.502986267300893963e-01
5.225000000000000000e+01 1.244596254621210124e-01 1.058450951285341418e-01 1.463478147131971607e-01
5.250000000000000000e+01 1.212016604471762710e-01 1.030738086662689734e-01 1.425177034324519032e-01
5.275000000000000000e+01 1.180433091444775956e-01 1.003913321913104950e-01 1.387990629233307738e-01
5.300000000000000000e+01 1.149800660069083408e-01 9.778556431475754485e-02 1.351980291937407153e-01
5.325000000000000000e+01 1.120090749248273398e-01 9.525331887075468018e-02 1.317122911227773807e-01
5.350000000000000000e+01 1.091262703485074842e-01 9.280093809763893808e-02 1.283235183209696650e-01
5.375000000000000000e+01 1.063303964084700154e-01 9.042285848241886359e-02 1.250364497444045597e-01
5.400000000000000000e+01 1.036177439671640693e-01 8.811523071151583508e-02 1.218476848797672013e-01
5.425000000000000000e+01 1.009855998716094605e-01 8.585789604316863832e-02 1.187787245135996927e-01
5.450000000000000000e+01 9.843107555315507018e-02 8.368554288531598884e-02 1.157747957473184985e-01
5.475000000000000000e+01 9.595153515259696730e-02 8.157694843850646360e-02 1.128590523961576497e-01
5.500000000000000000e+01 9.354456223446215579e-02 7.953012287078371767e-02 1.100285628610764843e-01
5.525000000000000000e+01 9.118521852259553473e-02 7.752359672747580199e-02 1.072543641936907349e-01
5.550000000000000000e+01 8.891702991363996389e-02 7.559454440030163869e-02 1.045874179331861414e-01
5.575000000000000000e+01 8.671445522823818808e-02 7.372123249316099580e-02 1.019977080039687206e-01
5.600000000000000000e+01 8.457528683647447254e-02 7.190182992634361336e-02 9.948257437675034343e-02
5.625000000000000000e+01 8.249743056128300278e-02 7.013483776993192920e-02 9.703916435280458830e-02
5.650000000000000000e+01 8.047887024239849807e-02 6.841842292438389539e-02 9.466527111639264080e-02
5.675000000000000000e+01 7.852124114366491880e-02 6.675487283702992436e-02 9.236157674652081817e-02
5.700000000000000000e+01 7.661550771490450995e-02 6.513438865741789929e-02 9.012038254149006000e-02
5.725000000000000000e+01 7.476341791949123183e-02 6.355954185928640310e-02 8.794224274585193957e-02
5.750000000000000000e+01 7.294230598137767252e-02 6.200965983118873065e-02 8.580243814214338904e-02
5.775000000000000000e+01 7.119304186585967420e-02 6.050727572978627927e-02 8.376594630947782616e-02
5.800000000000000000e+01 6.949248713045247383e-02 5.906155554875223285e-02 8.176563794683404385e-02
5.825000000000000000e+01 6.783911713398420307e-02 5.767808712139963628e-02 7.979019491114412721e-02
5.850000000000000000e+01 6.622748533894552703e-02 5.632257221629353994e-02 7.787428098057277981e-02
5.875000000000000000e+01 6.466420008542943243e-02 5.501388565015740556e-02 7.600733384438711215e-02
5.900000000000000000e+01 6.314388497511227993e-02 5.371999375002824845e-02 7.422097307574823666e-02
5.925000000000000000e+01 6.166500672339865485e-02 5.246152784731134694e-02 7.248307874799500561e-02
5.950000000000000000e+01 6.022634727997765863e-02 5.123711152018357168e-02 7.079268910894055689e-02
5.975000000000000000e+01 5.882661372105735254e-02 5.003030136819089368e-02 6.916949103342226457e-02
6.000000000000000000e+01 5.746461388588595953e-02 4.887123380387232985e-02 6.756902971400545466e-02
6.025000000000000000e+01 5.613920635067946169e-02 4.774717906694080777e-02 6.600621337787641874e-02
6.050000000000000000e+01 5.484927556679788235e-02 4.664949589902989829e-02 6.449036527027279808e-02
6.075000000000000000e+01 5.359371662221849159e-02 4.558136910109360229e-02 6.301448416374456907e-02
6.100000000000000000e+01 5.237150293752403096e-02 4.454158542259507164e-02 6.157783325206320213e-02
6.125000000000000000e+01 5.116947071536628172e-02 4.351894410883498654e-02 6.016494165719363241e-02
6.150000000000000000e+01 5.001123675889826425e-02 4.253319205301451383e-02 5.880404647356608089e-02
6.175000000000000000e+01 4.888341595218283903e-02 4.157365253817040668e-02 5.747843187365238998e-02
6.200000000000000000e+01 4.778508598073013397e-02 4.063915560854396841e-02 5.618754641904288860e-02
6.225000000000000000e+01 4.671535281832125269e-02 3.972883823655368185e-02 5.493048087503158566e-02
6.250000000000000000e+01 4.567331089323189292e-02 3.884220818361365513e-02 5.370578619239924079e-02
6.275000000000000000e+01 4.465648954343448551e-02 3.797710348553994669e-02 5.251064128948592508e-02
6.300000000000000000e+01 4.365421652732133506e-02 3.712426342027788650e-02 5.133275235767601613e-02
6.325000000000000000e+01 4.269138912149045284e-02 3.629575253130477852e-02 5.021399414574957698e-02
6.350000000000000000e+01 4.175316503286043146e-02 3.549761891209342324e-02 4.911109093199932107e-02
6.375000000000000000e+01 4.083884175681214840e-02 3.471983313891977702e-02 4.803626184966837409e-02
6.400000000000000000e+01 3.994771979735119855e-02 3.396180618206925267e-02 4.698867629278877245e-02
6.425000000000000000e+01 3.907910470849766671e-02 3.322245909260248403e-02 4.596819340076409299e-02
6.450000000000000000e+01 3.823238425930566148e-02 3.250205788117407901e-02 4.497300483234514118e-02
6.475000000000000000e+01 3.740693056918228260e-02 3.178906110402671820e-02 4.401760876260599892e-02
6.500000000000000000e+01 3.660213727427420044e-02 3.111308790742962557e-02 4.305957856162827974e-02
6.525000000000000000e+01 3.581741853124462832e-02 3.044548907576097307e-02 4.213719369230663897e-02
6.550000000000000000e+01 3.505201316780377774e-02 2.979433121573350426e-02 4.123749642908846463e-02
6.575000000000000000e+01 3.430575617976022035e-02 2.915946950515297190e-02 4.036029897104887604e-02
6.600000000000000000e+01 3.357795381230724296e-02 2.853976299795409413e-02 3.950554818210169628e-02
6.625000000000000000e+01 3.286799079023589032e-02 2.793580554613359773e-02 3.867097430940375641e-02
6.650000000000000000e+01 3.217541926649603035e-02 2.734660474352290649e-02 3.785689721573229360e-02
6.675000000000000000e+01 3.149976739535650244e-02 2.676258563067721030e-02 3.707546646106543026e-02
6.700000000000000000e+01 3.084054728218758867e-02 2.620198592188046835e-02 3.630027737212778577e-02
6.725000000000000000e+01 3.019730810065965679e-02 2.565498516721205144e-02 3.554386839761559946e-02
6.750000000000000000e+01 2.956762720039502260e-02 2.511958277909221576e-02 3.480330807839689122e-02
6.775000000000000000e+01 2.895509189953411611e-02 2.459878257942681515e-02 3.408287967924313044e-02
6.800000000000000000e+01 2.835724573175588473e-02 2.409127839930941262e-02 3.337860997506210403e-02
6.825000000000000000e+01 2.777369639071853094e-02 2.359513435341984919e-02 3.269225763454951250e-02
6.850000000000000000e+01 2.720539904685926116e-02 2.311195672778091834e-02 3.202384575293008157e-02
6.875000000000000000e+01 2.664928905181045485e-02 2.263868807691602272e-02 3.137039587073502112e-02
6.900000000000000000e+01 2.610635083937423023e-02 2.217710288375857042e-02 3.073176680113719195e-02
6.925000000000000000e+01 2.557622099474321509e-02 2.172641680786770862e-02 3.010818977453572423e-02
6.950000000000000000e+01 2.505855899853794144e-02 2.128605245787630607e-02 2.949966323374620877e-02
6.975000000000000000e+01 2.455303261996179959e-02 2.085628888899367442e-02 2.890501824392384053e-02
7.000000000000000000e+01 2.405932004965511892e-02 2.043661322973489361e-02 2.832420786872452689e-02
7.025000000000000000e+01 2.357711848322219597e-02 2.003315972702065725e-02 2.774801996023263523e-02
7.050000000000000000e+01 2.310612217335174245e-02 1.963269650569795036e-02 2.719406790274105090e-02
7.075000000000000000e+01 2.264599294901104704e-02 1.924146341212780095e-02 2.665291021073879635e-02
7.100000000000000000e+01 2.219649106964315458e-02 1.885492705874674754e-02 2.613026368490741630e-02
7.125000000000000000e+01 2.175577676184474799e-02 1.848030838441688806e-02 2.561179243688029711e-02
7.150000000000000000e+01 2.132669272611314656e-02 1.811558175211037611e-02 2.510699511932936931e-02
7.175000000000000000e+01 2.090742229351010700e-02 1.776378601196797885e-02 2.460738418401700947e-02
7.200000000000000000e+01 2.049770448997909750e-02 1.741543888360866724e-02 2.412548384031585474e-02
7.225000000000000000e+01 2.009728321748326108e-02 1.707465829954981154e-02 2.365498539636272032e-02
7.250000000000000000e+01 1.970591796788168093e-02 1.674191805175956338e-02 2.319466633132095251e-02
7.275000000000000000e+01 1.932337591091388279e-02 1.641670152817692116e-02 2.274469423432054493e-02
7.300000000000000000e+01 1.894943170449359809e-02 1.609847175386039039e-02 2.230528260157117401e-02
7.325000000000000000e+01 1.858386389799068783e-02 1.578772967021839502e-02 2.187521604392053329e-02
7.350000000000000000e+01 1.822646124684189003e-02 1.548393372118782828e-02 2.145474758317066077e-02
7.375000000000000000e+01 1.787700084900982478e-02 1.518689332208673221e-02 2.104361653022960785e-02
7.400000000000000000e+01 1.753529709699763392e-02 1.489644377729339511e-02 2.064161412461909886e-02
7.425000000000000000e+01 1.720115891735376351e-02 1.461245066406542323e-02 2.024847678888520505e-02
7.450000000000000000e+01 1.687438913542124719e-02 1.433901395261776013e-02 1.985806064730406134e-02
7.475000000000000000e+01 1.655480332814244018e-02 1.406728558908887546e-02 1.948218876327132906e-02
7.500000000000000000e+01 1.623953339678880364e-02 1.379922786717048197e-02 1.911139141145981601e-02
7.525000000000000000e+01 1.593383566043702834e-02 1.353931170821503702e-02 1.875184827156077538e-02
7.550000000000000000e+01 1.563479194576721659e-02 1.329107792826650022e-02 1.839179038048944712e-02
7.575000000000000000e+01 1.534223425914067393e-02 1.304219505911115816e-02 1.804789385494679974e-02
7.600000000000000000e+01 1.505599129373051855e-02 1.279869263346565360e-02 1.771140852653694392e-02
7.625000000000000000e+01 1.477593100820344743e-02 1.256044783123555150e-02 1.738219369983335510e-02
7.650000000000000000e+01 1.450189937229772255e-02 1.232733473081579906e-02 1.706006123761121332e-02
7.675000000000000000e+01 1.423374229237105854e-02 1.209895922106991178e-02 1.674519402402916898e-02
7.700000000000000000e+01 1.396755084232680424e-02 1.187252751447287827e-02 1.643226147887735800e-02
7.725000000000000000e+01 1.371070829830938614e-02 1.165402338581231385e-02 1.613035394026943875e-02
7.750000000000000000e+01 1.345932950336412200e-02 1.144016621457931947e-02 1.583487051519114064e-02
7.775000000000000000e+01 1.321328201150861678e-02 1.122502536517309968e-02 1.555371287243098935e-02
7.800000000000000000e+01 1.297244487098706857e-02 1.102024111596285223e-02 1.527047585982836166e-02
7.825000000000000000e+01 1.273668855871244732e-02 1.081977934326538819e-02 1.499321107159269639e-02
7.850000000000000000e+01 1.250589046663398360e-02 1.062353646939974416e-02 1.472177337687283379e-02
7.875000000000000000e+01 1.227993305729322901e-02 1.043141452042881806e-02 1.445602181720260539e-02
7.900000000000000000e+01 1.205870025847840393e-02 1.024331324379896928e-02 1.419582204145283279e-02
7.925000000000000000e+01 1.184205156277060023e-02 1.005911197077997109e-02 1.394101046122901699e-02
7.950000000000000000e+01 1.162993821021554401e-02 9.878768745330899007e-03 1.369153041843991676e-02
7.975000000000000000e+01 1.142221512773881377e-02 9.702164340659054018e-03 1.344720557634699470e-02
8.000000000000000000e+01 1.121878289117810186e-02 9.529213406543135881e-03 1.320792012832552008e-02
8.025000000000000000e+01 1.101953301407468042e-02 9.359821626975392550e-03 1.297354935678637564e-02
8.050000000000000000e+01 1.082436741907439985e-02 9.193899908849403890e-03 1.274398581502314554e-02
8.075000000000000000e+01 1.063320356505611033e-02 9.031383467058503450e-03 1.251912494562108617e-02
8.100000000000000000e+01 1.044595378763919953e-02 8.872197341350371649e-03 1.229886423117880143e-02
8.125000000000000000e+01 1.026251774266662489e-02 8.716256615297481719e-03 1.208308509798879798e-02
8.150000000000000000e+01 1.008281630422860377e-02 8.563491236002359480e-03 1.187169833226535062e-02
8.175000000000000000e+01 9.906759897611512253e-03 8.413796963932428097e-03 1.166463751022740400e-02
8.200000000000000000e+01 9.734259507598675212e-03 8.267163808165318636e-03 1.146170686344532251e-02
8.225000000000000000e+01 9.565231551621859729e-03 8.123482868186244696e-03 1.126286053909908783e-02
8.250000000000000000e+01 9.399595637274466009e-03 7.982692940876048512e-03 1.106799407150603487e-02
8.275000000000000000e+01 9.237275536203480575e-03 7.841697623114119234e-03 1.088122284647056841e-02
8.300000000000000000e+01 9.078202879151380661e-03 7.706532622916042845e-03 1.069401396809350167e-02
8.325000000000000000e+01 8.922313436442954118e-03 7.574081237028087998e-03 1.051053910921172924e-02
8.350000000000000000e+01 8.769518632368645747e-03 7.444262185146014073e-03 1.033070237597393491e-02
8.375000000000000000e+01 8.619748926410264467e-03 7.317017621675980105e-03 1.015442020178329227e-02
8.400000000000000000e+01 8.472936640882161932e-03 7.192287781168601492e-03 9.981616073312762558e-03
8.425000000000000000e+01 8.329014499131806235e-03 7.070009872063631740e-03 9.812218622333980511e-03
8.450000000000000000e+01 8.187916816384669880e-03 6.950129212288146466e-03 9.646148977130033358e-03
8.475000000000000000e+01 8.049580816079851889e-03 6.832592343358279488e-03 9.483333419940738473e-03
8.500000000000000000e+01 7.913945092376971011e-03 6.717351106727500847e-03 9.323694106510583765e-03
8.525000000000000000e+01 7.780949558386460012e-03 6.604349337145307142e-03 9.167167413394865585e-03
8.550000000000000000e+01 7.650527362585863959e-03 6.493535084578038949e-03 9.013667927148565767e-03
8.575000000000000000e+01 7.522612677170676873e-03 6.384855286351926590e-03 8.863114190182730737e-03
8.600000000000000000e+01 7.397169754799025679e-03 6.278282971743970493e-03 8.715459406270434015e-03
8.625000000000000000e+01 7.274143677937204046e-03 6.173757938786019611e-03 8.570657737461991402e-03
8.650000000000000000e+01 7.153480273411207124e-03 6.071235686206087959e-03 8.428643305406054165e-03
8.675000000000000000e+01 7.035121471212451953e-03 5.970666863007562455e-03 8.289347781461000805e-03
8.700000000000000000e+01 6.919025532060971324e-03 5.872023880924005269e-03 8.152711106784268913e-03
8.725000000000000000e+01 6.805142071564187871e-03 5.775146060006582267e-03 8.018837642024960119e-03
8.750000000000000000e+01 6.693423932889597597e-03 5.680059042803619479e-03 7.887580676144780728e-03
8.775000000000000000e+01 6.583822899001697329e-03 5.586930458185836862e-03 7.758593791320336774e-03
8.800000000000000000e+01 6.476293565219808611e-03 5.495563686033775978e-03 7.632042996699013593e-03
8.825000000000000000e+01 6.370790640787878795e-03 5.405923497685576756e-03 7.507870469518634730e-03
8.850000000000000000e+01 6.267019789840086105e-03 5.317721077395134652e-03 7.385783585604351401e-03
8.875000000000000000e+01 6.165450116734852958e-03 5.231427487450470044e-03 7.266233782869709577e-03
8.900000000000000000e+01 6.065781529360748069e-03 5.146597304837346488e-03 7.149132403918834894e-03
8.925000000000000000e+01 5.967973375206581631e-03 5.063512435797417298e-03 7.033992047768242682e-03
8.950000000000000000e+01 5.871986143200022198e-03 4.981976275358578760e-03 6.920992666399511037e-03
8.975000000000000000e+01 5.777781018655926693e-03 4.901955772655650773e-03 6.810088676392830366e-03
9.000000000000000000e+01 5.685319730206908270e-03 4.823419035726020029e-03 6.701234165074923706e-03
9.025000000000000000e+01 5.594566605915342675e-03 4.746335404876950506e-03 6.594387635535114284e-03
9.050000000000000000e+01 5.505485472771132205e-03 4.670673158521479983e-03 6.489507885087991007e-03
9.075000000000000000e+01 5.418042706635085165e-03 4.596405859900419555e-03 6.386552377156184089e-03
9.100000000000000000e+01 5.332204506387988943e-03 4.523424680620769661e-03 6.285592643943939406e-03
9.125000000000000000e+01 5.247935956300402160e-03 4.451839541089886408e-03 6.186393635087788882e-03
9.150000000000000000e+01 5.165204524793099231e-03 4.381579014739605399e-03 6.088977898879370000e-03
9.175000000000000000e+01 5.083978345332073982e-03 4.312597810887259728e-03 5.993333241174143150e-03
9.200000000000000000e+01 5.004225978214200780e-03 4.244869344569637652e-03 5.899422481181870910e-03
9.225000000000000000e+01 4.925916762951851671e-03 4.178366545674517922e-03 5.807210949611167627e-03
9.250000000000000000e+01 4.849021465420485372e-03 4.113064229247140845e-03 5.716664720407849468e-03
9.275000000000000000e+01 4.773510981968575803e-03 4.049011976272259145e-03 5.627646257532930782e-03
9.300000000000000000e+01 4.699359619129745910e-03 3.986046768147892549e-03 5.540321555275815740e-03
9.325000000000000000e+01 4.626537214794951801e-03 3.924215471602432448e-03 5.454554357368677532e-03
9.350000000000000000e+01 4.555017209806832244e-03 3.863491429924112951e-03 5.370319090378817412e-03
9.375000000000000000e+01 4.484773259737302904e-03 3.803851600308248444e-03 5.287585664389447999e-03
9.400000000000000000e+01 4.415779199342032349e-03 3.745277442981288351e-03 5.206318152446464884e-03
9.425000000000000000e+01 4.348009909191463337e-03 3.687745150760952852e-03 5.126490415566308835e-03
9.450000000000000000e+01 4.281441415825332913e-03 3.631175567903898761e-03 5.048155963366397422e-03
9.475000000000000000e+01 4.216049755459957971e-03 3.575652890436780643e-03 4.971141239143789942e-03
9.500000000000000000e+01 4.151808879130402911e-03 3.521122417609057371e-03 4.895460857203260546e-03
9.525000000000000000e+01 4.088696855493717704e-03 3.467556027033998414e-03 4.821102195837802425e-03
9.550000000000000000e+01 4.026687465682569911e-03 3.414925367373746086e-03 4.748042841930300711e-03
9.575000000000000000e+01 3.965760952166826753e-03 3.363212112579714620e-03 4.676261681772938585e-03
9.600000000000000000e+01 3.905898176676638692e-03 3.312387450543570738e-03 4.605753642757684507e-03
9.625000000000000000e+01 3.847078432642446044e-03 3.262462917498162775e-03 4.536453851329022222e-03
9.650000000000000000e+01 3.789280932823037035e-03 3.213406102673264670e-03 4.468358349077361166e-03
9.675000000000000000e+01 3.732484598323443196e-03 3.165197863375852818e-03 4.401444041751969953e-03
9.700000000000000000e+01 3.676669529809022206e-03 3.117822733418658832e-03 4.335685504673919555e-03
9.725000000000000000e+01 3.621816615801750662e-03 3.071264717248762752e-03 4.271059907284170329e-03
9.750000000000000000e+01 3.567907112763703693e-03 3.025506375235166578e-03 4.207547295060766468e-03
9.775000000000000000e+01 3.514922598082215015e-03 2.980532931891213214e-03 4.145124765546446578e-03
9.800000000000000000e+01 3.462845618440537915e-03 2.932722838841034414e-03 4.088794078437907840e-03
9.825000000000000000e+01 3.411657857445452979e-03 2.889335736275599770e-03 4.028403203593323469e-03
9.850000000000000000e+01 3.361342496118880589e-03 2.846682290539079459e-03 3.969049659586379106e-03
9.875000000000000000e+01 3.311879239475532498e-03 2.804750723721257354e-03 3.910701940141155832e-03
9.900000000000000000e+01 3.263252910912336786e-03 2.763530998914584449e-03 3.853338198399190295e-03
9.925000000000000000e+01 3.215449650956800180e-03 2.723009067614182675e-03 3.796945291444447923e-03
9.950000000000000000e+01 3.168453630805917812e-03 2.683174675849881244e-03 3.741500134495482494e-03
9.975000000000000000e+01 3.122026571604464250e-03 2.643822847041820030e-03 3.686725804911748436e-03
1.000000000000000000e+02 3.076602334077806113e-03 2.605321217004238216e-03 3.633134317670436500e-03
