5.000000000000000000e-01 2.262080608131656647e+08 6.806524039319798350e+06 7.517800052016928673e+09
7.500000000000000000e-01 1.760661557291989774e+07 6.811419953421299579e+05 4.551076193398991823e+08
1.000000000000000000e+00 2.700841006884639617e+06 1.219010885840482806e+05 5.983984416546205431e+07
1.250000000000000000e+00 5.815579402310139267e+05 2.916480286784220880e+04 1.159650004761929624e+07
1.500000000000000000e+00 1.532421573940656090e+05 8.299808432567635464e+03 2.829361544134194963e+06
1.750000000000000000e+00 4.615568292169892084e+04 2.651362422234853966e+03 8.034914608817315893e+05
2.000000000000000000e+00 1.521433432447719679e+04 9.155883477320824113e+02 2.528166391701382818e+05
2.250000000000000000e+00 5.332882824677923963e+03 3.332727147786538922e+02 8.533443621579774481e+04
2.500000000000000000e+00 1.946443023476251710e+03 1.255024547770511418e+02 3.018777959658002874e+04
2.750000000000000000e+00 7.288890779558834083e+02 4.825045681039828338e+01 1.101086545255015517e+04
3.000000000000000000e+00 2.759979887013666939e+02 1.868554379021699319e+01 4.076675028696884056e+03
3.250000000000000000e+00 1.047768091684008027e+02 7.232661836230819929e+00 1.517861610025524442e+03
3.500000000000000000e+00 3.951461711287790024e+01 2.774290082347749653e+00 5.628124382205916163e+02
3.750000000000000000e+00 1.469050287953064604e+01 1.046918517308438545e+00 2.061391324019507749e+02
4.000000000000000000e+00 5.336180969123303974e+00 9.278027775311842307e-01 3.069060367657355926e+01
4.250000000000000000e+00 1.880631418937468657e+00 3.099242995116379684e-01 1.141173679981794109e+01
4.500000000000000000e+00 6.360049012139853408e-01 9.811819464010390623e-02 4.122601683122273819e+00
4.750000000000000000e+00 2.037208370609382146e-01 2.905917877699895277e-02 1.428195193377567840e+00
5.000000000000000000e+00 6.086201044420328637e-02 7.937291607129276505e-03 4.666811424671875042e-01
5.250000000000000000e+00 1.659693090182520411e-02 1.949465425186140471e-03 1.412993079031698573e-01
5.500000000000000000e+00 4.012147562929134492e-03 4.170749277104234269e-04 3.859577020149872195e-02
5.750000000000000000e+00 8.256928042334927848e-04 7.458170249156532180e-05 9.141231484224597581e-03
6.000000000000000000e+00 1.362205216330273478e-04 1.045817991426408864e-05 1.774307830434738043e-03
6.250000000000000000e+00 1.636116754789511505e-05 1.036340321846148407e-06 2.583010598810187692e-04
6.500000000000000000e+00 1.213901536816505030e-06 6.112031407498968785e-08 2.410911925742949228e-05
6.750000000000000000e+00 4.098882703572252771e-08 1.589456773978709272e-09 1.057017698920375028e-06
7.000000000000000000e+00 3.283695553466746591e-10 1.031815474597408846e-11 1.045017908077452770e-08
