5.000000000000000000e-01 6.488743376267820597e+07
7.500000000000000000e-01 3.480501231259811670e+07
1.000000000000000000e+00 1.329765123075818270e+07
1.250000000000000000e+00 5.607649457076254301e+06
1.500000000000000000e+00 2.658458826218450442e+06
1.750000000000000000e+00 1.384790336011682870e+06
2.000000000000000000e+00 7.878600794037008891e+05
2.250000000000000000e+00 4.777324125765963108e+05
2.500000000000000000e+00 3.040106335947136977e+05
2.750000000000000000e+00 2.014556890304360422e+05
3.000000000000000000e+00 1.376738285880668263e+05
3.250000000000000000e+00 9.646574069196864730e+04
3.500000000000000000e+00 6.949908295531429758e+04
3.750000000000000000e+00 5.116195851132823009e+04
4.000000000000000000e+00 3.837022145470001124e+04
4.250000000000000000e+00 2.928281854575219404e+04
4.500000000000000000e+00 2.265888515525325784e+04
4.750000000000000000e+00 1.775283804294285073e+04
5.000000000000000000e+00 1.407154155880369944e+04
5.250000000000000000e+00 1.126020589145851955e+04
5.500000000000000000e+00 9.106979970870372199e+03
5.750000000000000000e+00 7.431906527644150628e+03
6.000000000000000000e+00 6.111989810358803879e+03
6.250000000000000000e+00 5.064856268285159786e+03
6.500000000000000000e+00 4.226372024747994146e+03
6.750000000000000000e+00 3.549420320843673380e+03
7.000000000000000000e+00 2.998260180303424477e+03
7.250000000000000000e+00 2.544470734590320717e+03
7.500000000000000000e+00 2.171173411914854569e+03
7.750000000000000000e+00 1.862692215641009170e+03
8.000000000000000000e+00 1.605338703833942645e+03
8.250000000000000000e+00 1.389343999482673325e+03
8.500000000000000000e+00 1.206123014030702734e+03
8.750000000000000000e+00 1.053238846521315736e+03
9.000000000000000000e+00 9.217658096048393190e+02
9.250000000000000000e+00 8.095759089491454006e+02
9.500000000000000000e+00 7.132918191028520596e+02
9.750000000000000000e+00 6.305461805023984425e+02
1.000000000000000000e+01 5.589340383511791970e+02
1.025000000000000000e+01 4.968480410703247117e+02
1.050000000000000000e+01 4.428185895687752804e+02
1.075000000000000000e+01 3.956648444963221891e+02
1.100000000000000000e+01 3.543984367968567426e+02
1.125000000000000000e+01 3.181652812934848384e+02
1.150000000000000000e+01 2.862589526310261476e+02
1.175000000000000000e+01 2.580922076471142077e+02
1.200000000000000000e+01 2.331718450475995894e+02
1.225000000000000000e+01 2.109811011667002560e+02
1.250000000000000000e+01 1.913381497122794883e+02
1.275000000000000000e+01 1.738339783830317060e+02
1.300000000000000000e+01 1.582028293983364051e+02
1.325000000000000000e+01 1.442158107160424834e+02
1.350000000000000000e+01 1.316761051431554961e+02
1.375000000000000000e+01 1.204134199506478922e+02
1.400000000000000000e+01 1.102786839275052841e+02
1.425000000000000000e+01 1.011421115424071928e+02
1.450000000000000000e+01 9.289041490878456386e+01
1.475000000000000000e+01 8.542647517162606619e+01
1.500000000000000000e+01 7.866473229095072384e+01
1.525000000000000000e+01 7.252917306280369303e+01
1.550000000000000000e+01 6.695354336647103821e+01
1.575000000000000000e+01 6.187987388545192857e+01
1.600000000000000000e+01 5.725693119346475868e+01
1.625000000000000000e+01 5.303881599102741262e+01
1.650000000000000000e+01 4.918398865730846836e+01
1.675000000000000000e+01 4.563876146060434280e+01
1.700000000000000000e+01 4.240933081938742077e+01
1.725000000000000000e+01 3.944760664176011034e+01
1.750000000000000000e+01 3.672748748242689487e+01
1.775000000000000000e+01 3.422521051017741911e+01
1.800000000000000000e+01 3.192263048434048400e+01
1.825000000000000000e+01 2.980133682858579647e+01
1.850000000000000000e+01 2.784518338598922682e+01
1.875000000000000000e+01 2.603942586607847431e+01
1.900000000000000000e+01 2.437066702381091687e+01
1.925000000000000000e+01 2.282721551835054186e+01
1.950000000000000000e+01 2.139828712444892389e+01
1.975000000000000000e+01 2.007404139548647493e+01
2.000000000000000000e+01 1.884647936312636318e+01
2.025000000000000000e+01 1.770646473357344064e+01
2.050000000000000000e+01 1.664686880309941230e+01
2.075000000000000000e+01 1.565774834497808143e+01
2.100000000000000000e+01 1.474102461164424938e+01
2.125000000000000000e+01 1.388771583555890565e+01
2.150000000000000000e+01 1.309216860555607020e+01
2.175000000000000000e+01 1.234987371995350713e+01
2.200000000000000000e+01 1.165674318674634335e+01
2.225000000000000000e+01 1.100936322989429428e+01
2.250000000000000000e+01 1.039896462509723385e+01
2.275000000000000000e+01 9.832952316152935524e+00
2.300000000000000000e+01 9.303035140624306365e+00
2.325000000000000000e+01 8.806595202664642130e+00
2.350000000000000000e+01 8.341253087082614925e+00
2.375000000000000000e+01 7.904702578889790665e+00
2.400000000000000000e+01 7.494821461865089240e+00
2.425000000000000000e+01 7.109737748054406836e+00
2.450000000000000000e+01 6.748011288571527544e+00
2.475000000000000000e+01 6.407836874592384824e+00
2.500000000000000000e+01 6.087730790798922875e+00
2.525000000000000000e+01 5.786423809240632821e+00
2.550000000000000000e+01 5.502585326001751653e+00
2.575000000000000000e+01 5.235008656278748340e+00
2.600000000000000000e+01 4.982615133708932831e+00
2.625000000000000000e+01 4.744457434499212312e+00
2.650000000000000000e+01 4.519522054659601551e+00
2.675000000000000000e+01 4.307167665513707000e+00
2.700000000000000000e+01 4.106526712949911229e+00
2.725000000000000000e+01 3.916888749600138997e+00
2.750000000000000000e+01 3.737460210394019988e+00
2.775000000000000000e+01 3.567572853853901549e+00
2.800000000000000000e+01 3.405258313251424696e+00
2.825000000000000000e+01 3.253016278659424554e+00
2.850000000000000000e+01 3.108723524261386206e+00
2.875000000000000000e+01 2.971910032401134050e+00
2.900000000000000000e+01 2.842138133117811716e+00
2.925000000000000000e+01 2.718990792530113776e+00
2.950000000000000000e+01 2.601991268664140655e+00
2.975000000000000000e+01 2.490961077846079785e+00
3.000000000000000000e+01 2.385471027218154294e+00
3.025000000000000000e+01 2.285199826881759488e+00
3.050000000000000000e+01 2.189095380632050780e+00
3.075000000000000000e+01 2.098446871136044667e+00
3.100000000000000000e+01 2.012186320171938547e+00
3.125000000000000000e+01 1.930069812098691662e+00
3.150000000000000000e+01 1.851870268948997200e+00
3.175000000000000000e+01 1.777377430542750325e+00
3.200000000000000000e+01 1.706385623540520369e+00
3.225000000000000000e+01 1.638707694589991881e+00
3.250000000000000000e+01 1.574166629164977849e+00
3.275000000000000000e+01 1.512574614357556468e+00
3.300000000000000000e+01 1.453814362654683778e+00
3.325000000000000000e+01 1.397766996336984757e+00
3.350000000000000000e+01 1.343979273449607437e+00
3.375000000000000000e+01 1.292830922905252589e+00
3.400000000000000000e+01 1.243944821085440688e+00
3.425000000000000000e+01 1.197223853613508471e+00
3.450000000000000000e+01 1.152549321829311690e+00
3.475000000000000000e+01 1.109821905876495096e+00
3.500000000000000000e+01 1.068939853478894531e+00
3.525000000000000000e+01 1.029815340341832641e+00
3.550000000000000000e+01 9.924647677029686532e-01
3.575000000000000000e+01 9.565979999922612498e-01
3.600000000000000000e+01 9.222426985583567216e-01
3.625000000000000000e+01 8.893280712950170086e-01
3.650000000000000000e+01 8.577863749647810510e-01
3.675000000000000000e+01 8.275504479630906296e-01
3.700000000000000000e+01 7.985608062994676848e-01
3.725000000000000000e+01 7.707500928259504169e-01
3.750000000000000000e+01 7.440687746774936606e-01
3.775000000000000000e+01 7.184658433466151184e-01
3.800000000000000000e+01 6.938918314010487087e-01
3.825000000000000000e+01 6.701854780758147445e-01
3.850000000000000000e+01 6.474511128047697461e-01
3.875000000000000000e+01 6.256885842714891011e-01
3.900000000000000000e+01 6.047816347966481487e-01
3.925000000000000000e+01 5.846897492769828064e-01
3.950000000000000000e+01 5.653803555853917917e-01
3.975000000000000000e+01 5.468187260900696511e-01
4.000000000000000000e+01 5.289669600603207344e-01
4.025000000000000000e+01 5.117937610887661748e-01
4.050000000000000000e+01 4.952703483641238136e-01
4.075000000000000000e+01 4.793687900747452546e-01
4.100000000000000000e+01 4.640627809947753257e-01
4.125000000000000000e+01 4.493267592219413187e-01
4.150000000000000000e+01 4.351353252854559539e-01
4.175000000000000000e+01 4.214650943285492279e-01
4.200000000000000000e+01 4.082381298620640364e-01
4.225000000000000000e+01 3.955480553175196312e-01
4.250000000000000000e+01 3.833172137141250824e-01
4.275000000000000000e+01 3.715268579358422252e-01
4.300000000000000000e+01 3.601583329501354958e-01
4.325000000000000000e+01 3.491949285429158389e-01
4.350000000000000000e+01 3.386197110349373207e-01
4.375000000000000000e+01 3.284175488814364829e-01
4.400000000000000000e+01 3.185734729426877854e-01
4.425000000000000000e+01 3.090728784907113003e-01
4.450000000000000000e+01 2.999022505278972073e-01
4.475000000000000000e+01 2.909423721670998386e-01
4.500000000000000000e+01 2.823185351467595861e-01
4.525000000000000000e+01 2.739585953597618584e-01
4.550000000000000000e+01 2.659903028826034466e-01
4.575000000000000000e+01 2.582913616046324523e-01
4.600000000000000000e+01 2.508515226652638930e-01
4.625000000000000000e+01 2.436558906550779502e-01
4.650000000000000000e+01 2.367050490267239293e-01
4.675000000000000000e+01 2.299849411741366756e-01
4.700000000000000000e+01 2.234870845902811320e-01
4.725000000000000000e+01 2.172026481465393066e-01
4.750000000000000000e+01 2.111239721386166390e-01
4.775000000000000000e+01 2.052430976430230647e-01
4.800000000000000000e+01 1.995525716342824996e-01
4.825000000000000000e+01 1.940302498050731628e-01
4.850000000000000000e+01 1.886962326413765823e-01
4.875000000000000000e+01 1.835369573637730678e-01
4.900000000000000000e+01 1.785417072668064042e-01
4.925000000000000000e+01 1.737044489693342908e-01
4.950000000000000000e+01 1.690132811614075969e-01
4.975000000000000000e+01 1.644756234989128707e-01
5.000000000000000000e+01 1.600796349798801754e-01
5.025000000000000000e+01 1.558159098129364983e-01
5.050000000000000000e+01 1.516895184293188537e-01
5.075000000000000000e+01 1.476905440961008287e-01
5.100000000000000000e+01 1.438141792919558903e-01
5.125000000000000000e+01 1.400515425342247211e-01
5.150000000000000000e+01 1.364076364896306681e-01
5.175000000000000000e+01 1.328737370577361965e-01
5.200000000000000000e+01 1.294460801722093768e-01
5.225000000000000000e+01 1.261212555475966501e-01
5.250000000000000000e+01 1.228956375767658593e-01
5.275000000000000000e+01 1.197592894050342471e-01
5.300000000000000000e+01 1.167223735869078738e-01
5.325000000000000000e+01 1.137747787397272586e-01
5.350000000000000000e+01 1.108876890992044756e-01
5.375000000000000000e+01 1.081095420874945423e-01
5.400000000000000000e+01 1.054131456934903760e-01
5.425000000000000000e+01 1.027877884159545951e-01
5.450000000000000000e+01 1.002451962673626684e-01
5.475000000000000000e+01 9.777568466521785462e-02
5.500000000000000000e+01 9.537666337634574665e-02
5.525000000000000000e+01 9.304603146003535830e-02
5.550000000000000000e+01 9.078112388699360880e-02
5.575000000000000000e+01 8.858058329885812321e-02
5.600000000000000000e+01 8.644196742930140842e-02
5.625000000000000000e+01 8.436320308421016434e-02
5.650000000000000000e+01 8.234234005694904268e-02
5.675000000000000000e+01 8.037743583490564170e-02
5.700000000000000000e+01 7.846675797874912150e-02
5.725000000000000000e+01 7.660866869275691216e-02
5.750000000000000000e+01 7.480159970501190636e-02
5.775000000000000000e+01 7.304369712982800023e-02
5.800000000000000000e+01 7.133396177755611800e-02
5.825000000000000000e+01 6.967065128059919676e-02
5.850000000000000000e+01 6.805235406228783701e-02
5.875000000000000000e+01 6.647764006226607181e-02
5.900000000000000000e+01 6.494514995955386061e-02
5.925000000000000000e+01 6.345366281310046985e-02
5.950000000000000000e+01 6.200162275502011516e-02
5.975000000000000000e+01 6.057407024017946034e-02
6.000000000000000000e+01 5.919852819938446753e-02
6.025000000000000000e+01 5.786835523161814460e-02
6.050000000000000000e+01 5.656467716906616455e-02
6.075000000000000000e+01 5.529505697239792822e-02
6.100000000000000000e+01 5.405843021819558419e-02
6.125000000000000000e+01 5.285384255241942775e-02
6.150000000000000000e+01 5.166578249449537558e-02
6.175000000000000000e+01 5.052283021977475169e-02
6.200000000000000000e+01 4.940912558287697404e-02
6.225000000000000000e+01 4.832366644952645202e-02
6.250000000000000000e+01 4.726574720642318095e-02
6.275000000000000000e+01 4.623464558653588713e-02
6.300000000000000000e+01 4.522959619996914232e-02
6.325000000000000000e+01 4.424986598756421030e-02
6.350000000000000000e+01 4.329473688995032904e-02
6.375000000000000000e+01 4.236347672282177873e-02
6.400000000000000000e+01 4.145540020786463165e-02
6.425000000000000000e+01 4.056985829580807279e-02
6.450000000000000000e+01 3.970623677027370485e-02
6.475000000000000000e+01 3.885470496030978688e-02
6.500000000000000000e+01 3.803321645109539184e-02
6.525000000000000000e+01 3.723183086059303482e-02
6.550000000000000000e+01 3.644998796560478677e-02
6.575000000000000000e+01 3.568714168054624991e-02
6.600000000000000000e+01 3.493550070772446364e-02
6.625000000000000000e+01 3.420929737330547643e-02
6.650000000000000000e+01 3.350059443024244743e-02
6.675000000000000000e+01 3.280887727011964905e-02
6.700000000000000000e+01 3.213365807148042819e-02
6.725000000000000000e+01 3.147451166120630167e-02
6.750000000000000000e+01 3.082768859639164680e-02
6.775000000000000000e+01 3.019944250008693362e-02
6.800000000000000000e+01 2.958600191577735739e-02
6.825000000000000000e+01 2.898696758383972200e-02
6.850000000000000000e+01 2.840196013438764031e-02
6.875000000000000000e+01 2.783060322185738553e-02
6.900000000000000000e+01 2.727254186141261916e-02
6.925000000000000000e+01 2.672741378221297689e-02
6.950000000000000000e+01 2.618104877138081876e-02
6.975000000000000000e+01 2.566087614698130126e-02
7.000000000000000000e+01 2.515265572819449721e-02
7.025000000000000000e+01 2.465606734741333447e-02
7.050000000000000000e+01 2.417082258752796878e-02
7.075000000000000000e+01 2.369661654904704068e-02
7.100000000000000000e+01 2.323316983084003362e-02
7.125000000000000000e+01 2.278020271671335126e-02
7.150000000000000000e+01 2.233744930695114039e-02
7.175000000000000000e+01 2.190470025827136527e-02
7.200000000000000000e+01 2.148162637657758528e-02
7.225000000000000000e+01 2.106799519452093664e-02
7.250000000000000000e+01 2.066356182392137253e-02
7.275000000000000000e+01 2.026809372857615518e-02
7.300000000000000000e+01 1.988134947417744686e-02
7.325000000000000000e+01 1.950312218904072872e-02
7.350000000000000000e+01 1.913319934321463731e-02
7.375000000000000000e+01 1.876987244278797290e-02
7.400000000000000000e+01 1.841589369581481117e-02
7.425000000000000000e+01 1.806960736818821397e-02
7.450000000000000000e+01 1.773080808904322486e-02
7.475000000000000000e+01 1.739933733720555945e-02
7.500000000000000000e+01 1.707502018582183687e-02
7.525000000000000000e+01 1.675767637095740281e-02
7.550000000000000000e+01 1.644713810434482795e-02
7.575000000000000000e+01 1.614324083230794099e-02
7.600000000000000000e+01 1.584582169752126596e-02
7.625000000000000000e+01 1.555472433534871128e-02
7.650000000000000000e+01 1.526851156453561294e-02
7.675000000000000000e+01 1.498963351909780861e-02
7.700000000000000000e+01 1.471663601063352353e-02
7.725000000000000000e+01 1.444937438201142864e-02
7.750000000000000000e+01 1.418770988825630332e-02
7.775000000000000000e+01 1.393149219120288010e-02
7.800000000000000000e+01 1.368060745456082909e-02
7.825000000000000000e+01 1.343495012222205819e-02
7.850000000000000000e+01 1.319438533432596393e-02
7.875000000000000000e+01 1.295879619313511887e-02
7.900000000000000000e+01 1.272806134790060127e-02
7.925000000000000000e+01 1.250206542872013896e-02
7.950000000000000000e+01 1.228069556553626658e-02
7.975000000000000000e+01 1.206384451695752778e-02
8.000000000000000000e+01 1.185140539392183154e-02
8.025000000000000000e+01 1.164327772710689081e-02
8.050000000000000000e+01 1.143936279699530115e-02
8.075000000000000000e+01 1.123956529786917548e-02
8.100000000000000000e+01 1.104378891226888773e-02
8.125000000000000000e+01 1.085194809166449906e-02
8.150000000000000000e+01 1.066394996647073226e-02
8.175000000000000000e+01 1.047969925420097828e-02
8.200000000000000000e+01 1.029911523250387137e-02
8.225000000000000000e+01 1.012212243191306163e-02
8.250000000000000000e+01 9.948644691136208570e-03
8.275000000000000000e+01 9.778591347447861820e-03
8.300000000000000000e+01 9.611882821448413175e-03
8.325000000000000000e+01 9.448445625669368506e-03
8.350000000000000000e+01 9.288196791411941489e-03
8.375000000000000000e+01 9.131071992022257028e-03
8.400000000000000000e+01 8.977008453283833941e-03
8.425000000000000000e+01 8.825939277535707617e-03
8.450000000000000000e+01 8.677799627673971755e-03
8.475000000000000000e+01 8.532522438058574507e-03
8.500000000000000000e+01 8.390046017283575575e-03
8.525000000000000000e+01 8.250307128816605079e-03
8.550000000000000000e+01 8.113247705320725950e-03
8.575000000000000000e+01 7.978810270852088396e-03
8.600000000000000000e+01 7.846946034308686577e-03
8.625000000000000000e+01 7.717589396618458955e-03
8.650000000000000000e+01 7.590692078564717678e-03
8.675000000000000000e+01 7.466201742730043701e-03
8.700000000000000000e+01 7.344059888710910422e-03
8.725000000000000000e+01 7.224215412385597869e-03
8.750000000000000000e+01 7.106620778891177374e-03
8.775000000000000000e+01 6.991224852130846663e-03
8.800000000000000000e+01 6.877985991771575110e-03
8.825000000000000000e+01 6.766857659598568726e-03
8.850000000000000000e+01 6.657516909414493839e-03
8.875000000000000000e+01 6.550481936739783323e-03
8.900000000000000000e+01 6.445426677666021148e-03
8.925000000000000000e+01 6.342308658560078492e-03
8.950000000000000000e+01 6.241087916744742815e-03
8.975000000000000000e+01 6.141723149387607293e-03
9.000000000000000000e+01 6.044174816106975649e-03
9.025000000000000000e+01 5.948408037371845716e-03
9.050000000000000000e+01 5.854385692504984924e-03
9.075000000000000000e+01 5.762071878218416078e-03
9.100000000000000000e+01 5.671430122563965795e-03
9.125000000000000000e+01 5.582425456208310946e-03
9.150000000000000000e+01 5.495025487366531416e-03
9.175000000000000000e+01 5.409199024835782688e-03
9.200000000000000000e+01 5.324912947341408666e-03
9.225000000000000000e+01 5.242133791888512612e-03
9.250000000000000000e+01 5.160831043926270012e-03
9.275000000000000000e+01 5.080976091489062922e-03
9.300000000000000000e+01 5.002540249292562052e-03
9.325000000000000000e+01 4.925496279751115196e-03
9.350000000000000000e+01 4.849815892250011230e-03
9.375000000000000000e+01 4.775455964753040974e-03
9.400000000000000000e+01 4.702420837482877876e-03
9.425000000000000000e+01 4.630668676996040935e-03
9.450000000000000000e+01 4.560174186174177809e-03
9.475000000000000000e+01 4.490910813668337435e-03
9.500000000000000000e+01 4.422853554042800381e-03
9.525000000000000000e+01 4.355980925220949082e-03
9.550000000000000000e+01 4.290269335598204808e-03
9.575000000000000000e+01 4.225696055019368541e-03
9.600000000000000000e+01 4.162238822249567441e-03
9.625000000000000000e+01 4.099875816782058875e-03
9.650000000000000000e+01 4.038586971067499240e-03
9.675000000000000000e+01 3.978351039813381521e-03
9.700000000000000000e+01 3.919146515440663329e-03
9.725000000000000000e+01 3.860953523358748567e-03
9.750000000000000000e+01 3.803752663490625810e-03
9.775000000000000000e+01 3.747527407813759388e-03
9.800000000000000000e+01 3.692251812233390915e-03
9.825000000000000000e+01 3.637918108705149017e-03
9.850000000000000000e+01 3.584501999329533974e-03
9.875000000000000000e+01 3.531985439957044393e-03
9.900000000000000000e+01 3.480351734174246588e-03
9.925000000000000000e+01 3.429583851151491239e-03
9.950000000000000000e+01 3.379663434331928260e-03
9.975000000000000000e+01 3.330575497647627649e-03
1.000000000000000000e+02 3.282304824646114193e-03
