5.000000000000000000e-01 3.661071347433611751e+08
7.500000000000000000e-01 1.059557812767078578e+08
1.000000000000000000e+00 3.418949852764677256e+07
1.250000000000000000e+00 1.311395769503589161e+07
1.500000000000000000e+00 5.873465857726208866e+06
1.750000000000000000e+00 2.968206719150407705e+06
2.000000000000000000e+00 1.637163664685596479e+06
2.250000000000000000e+00 9.613338024757571984e+05
2.500000000000000000e+00 5.944562837514303392e+05
2.750000000000000000e+00 3.832133044866072014e+05
3.000000000000000000e+00 2.568121295298763143e+05
3.250000000000000000e+00 1.774364567393030738e+05
3.500000000000000000e+00 1.258859297252520046e+05
3.750000000000000000e+00 9.124000892347615445e+04
4.000000000000000000e+00 6.746121230101276888e+04
4.250000000000000000e+00 5.072309705598884466e+04
4.500000000000000000e+00 3.874522206616085168e+04
4.750000000000000000e+00 3.000767470643806519e+04
5.000000000000000000e+00 2.352637732729718482e+04
5.250000000000000000e+00 1.863689148703544561e+04
5.500000000000000000e+00 1.491768122493326337e+04
5.750000000000000000e+00 1.205724417353969147e+04
6.000000000000000000e+00 9.818074918835687640e+03
6.250000000000000000e+00 8.064962356354179065e+03
6.500000000000000000e+00 6.672608887058675464e+03
6.750000000000000000e+00 5.557356766363947827e+03
7.000000000000000000e+00 4.653808963000651602e+03
7.250000000000000000e+00 3.922987341435455164e+03
7.500000000000000000e+00 3.325204981330124610e+03
7.750000000000000000e+00 2.836488853336314605e+03
8.000000000000000000e+00 2.426662092902462973e+03
8.250000000000000000e+00 2.086080428941539139e+03
8.500000000000000000e+00 1.800880698952866851e+03
8.750000000000000000e+00 1.560796722624079621e+03
9.000000000000000000e+00 1.357836790606823797e+03
9.250000000000000000e+00 1.185482251026066706e+03
9.500000000000000000e+00 1.038492541306269004e+03
9.750000000000000000e+00 9.126126517084550187e+02
1.000000000000000000e+01 8.044149513208346889e+02
1.025000000000000000e+01 7.111047581717399453e+02
1.050000000000000000e+01 6.303486648548851008e+02
1.075000000000000000e+01 5.599896821382241114e+02
1.100000000000000000e+01 4.989618941842160780e+02
1.125000000000000000e+01 4.456728673114155868e+02
1.150000000000000000e+01 3.990066024138401417e+02
1.175000000000000000e+01 3.580185170813285822e+02
1.200000000000000000e+01 3.219226413954500003e+02
1.225000000000000000e+01 2.900574852092568676e+02
1.250000000000000000e+01 2.618600548251617965e+02
1.275000000000000000e+01 2.368475375565275840e+02
1.300000000000000000e+01 2.146134780645139983e+02
1.325000000000000000e+01 1.947389958817498155e+02
1.350000000000000000e+01 1.770614872558507784e+02
1.375000000000000000e+01 1.612511268538219440e+02
1.400000000000000000e+01 1.470818195143364449e+02
1.425000000000000000e+01 1.343636032668972859e+02
1.450000000000000000e+01 1.229253865143909792e+02
1.475000000000000000e+01 1.125563843656724288e+02
1.500000000000000000e+01 1.032621075778179716e+02
1.525000000000000000e+01 9.486043014496324588e+01
1.550000000000000000e+01 8.725397784843072202e+01
1.575000000000000000e+01 8.035733112053773652e+01
1.600000000000000000e+01 7.409483660323672893e+01
1.625000000000000000e+01 6.840029802312034235e+01
1.650000000000000000e+01 6.321532946639087669e+01
1.675000000000000000e+01 5.848738607970996384e+01
1.700000000000000000e+01 5.417112948781367976e+01
1.725000000000000000e+01 5.022559468745040334e+01
1.750000000000000000e+01 4.661437703474209115e+01
1.775000000000000000e+01 4.330547779395612196e+01
1.800000000000000000e+01 4.027000108323607463e+01
1.825000000000000000e+01 3.748218681721252921e+01
1.850000000000000000e+01 3.491826976780868108e+01
1.875000000000000000e+01 3.255812916860339357e+01
1.900000000000000000e+01 3.038371941494830253e+01
1.925000000000000000e+01 2.836501411291991914e+01
1.950000000000000000e+01 2.651491169792790714e+01
1.975000000000000000e+01 2.480519588989908897e+01
2.000000000000000000e+01 2.322483336480903660e+01
2.025000000000000000e+01 2.176073152859396131e+01
2.050000000000000000e+01 2.040414197332953350e+01
2.075000000000000000e+01 1.914614288452884949e+01
2.100000000000000000e+01 1.797857338530791083e+01
2.125000000000000000e+01 1.689396245075490555e+01
2.150000000000000000e+01 1.588546092150106048e+01
2.175000000000000000e+01 1.494720113500465786e+01
2.200000000000000000e+01 1.407351420537346520e+01
2.225000000000000000e+01 1.325932918082508571e+01
2.250000000000000000e+01 1.250018855205655299e+01
2.275000000000000000e+01 1.179146080426799337e+01
2.300000000000000000e+01 1.112960395025617011e+01
2.325000000000000000e+01 1.051109795594503460e+01
2.350000000000000000e+01 9.932618723036554798e+00
2.375000000000000000e+01 9.391222241134020265e+00
2.400000000000000000e+01 8.884124614085136429e+00
2.425000000000000000e+01 8.408966245155580665e+00
2.450000000000000000e+01 7.963398926592592630e+00
2.475000000000000000e+01 7.545367238819228994e+00
2.500000000000000000e+01 7.152825429827773362e+00
2.525000000000000000e+01 6.784034434674948599e+00
2.550000000000000000e+01 6.437440450312029938e+00
2.575000000000000000e+01 6.111496536225595300e+00
2.600000000000000000e+01 5.804743987684678252e+00
2.625000000000000000e+01 5.515912299774393901e+00
2.650000000000000000e+01 5.241860237343550999e+00
2.675000000000000000e+01 4.985518066290914874e+00
2.700000000000000000e+01 4.743777448100617633e+00
2.725000000000000000e+01 4.515691441558296049e+00
2.750000000000000000e+01 4.300364106168146350e+00
2.775000000000000000e+01 4.096989977619211132e+00
2.800000000000000000e+01 3.904807254901541569e+00
2.825000000000000000e+01 3.723116505617115823e+00
2.850000000000000000e+01 3.551275178037919034e+00
2.875000000000000000e+01 3.388674883713919339e+00
2.900000000000000000e+01 3.234752533831432242e+00
2.925000000000000000e+01 3.088977048750093157e+00
2.950000000000000000e+01 2.950849689863533243e+00
2.975000000000000000e+01 2.819705768452672956e+00
3.000000000000000000e+01 2.695553080512513411e+00
3.025000000000000000e+01 2.577765096488654262e+00
3.050000000000000000e+01 2.465971672925219238e+00
3.075000000000000000e+01 2.359829366267756967e+00
3.100000000000000000e+01 2.259009666416329054e+00
3.125000000000000000e+01 2.163227573883847121e+00
3.150000000000000000e+01 2.072158263930793165e+00
3.175000000000000000e+01 1.985553428050148783e+00
3.200000000000000000e+01 1.903165315022218751e+00
3.225000000000000000e+01 1.824762741015137690e+00
3.250000000000000000e+01 1.750120669136882690e+00
3.275000000000000000e+01 1.678368489681182796e+00
3.300000000000000000e+01 1.609837781811724877e+00
3.325000000000000000e+01 1.544690998471648591e+00
3.350000000000000000e+01 1.483256236214505641e+00
3.375000000000000000e+01 1.424663018955954596e+00
3.400000000000000000e+01 1.368762470126815733e+00
3.425000000000000000e+01 1.315414867798937681e+00
3.450000000000000000e+01 1.264487494790182298e+00
3.475000000000000000e+01 1.215825057473292947e+00
3.500000000000000000e+01 1.169006900228168444e+00
3.525000000000000000e+01 1.124633655983788616e+00
3.550000000000000000e+01 1.082218136077692128e+00
3.575000000000000000e+01 1.041663129576600566e+00
3.600000000000000000e+01 1.002830465851464181e+00
3.625000000000000000e+01 9.657129983572866339e-01
3.650000000000000000e+01 9.301928353934126870e-01
3.675000000000000000e+01 8.961935577077606574e-01
3.700000000000000000e+01 8.636409634963182480e-01
3.725000000000000000e+01 8.324986522450115167e-01
3.750000000000000000e+01 8.026310046947056076e-01
3.775000000000000000e+01 7.739792085059405968e-01
3.800000000000000000e+01 7.465485274745345956e-01
3.825000000000000000e+01 7.202500664222530879e-01
3.850000000000000000e+01 6.949526974633201126e-01
3.875000000000000000e+01 6.707632122244917561e-01
3.900000000000000000e+01 6.475537784330722690e-01
3.925000000000000000e+01 6.252792617724378665e-01
3.950000000000000000e+01 6.038967760612210522e-01
3.975000000000000000e+01 5.833649170806575190e-01
4.000000000000000000e+01 5.636433257464203983e-01
4.025000000000000000e+01 5.446954644890211750e-01
4.050000000000000000e+01 5.264892047391012131e-01
4.075000000000000000e+01 5.089904583630705526e-01
4.100000000000000000e+01 4.921681985077187016e-01
4.125000000000000000e+01 4.759927500476037743e-01
4.150000000000000000e+01 4.604358244317081628e-01
4.175000000000000000e+01 4.454723990273521950e-01
4.200000000000000000e+01 4.309559212912966175e-01
4.225000000000000000e+01 4.171026606031265072e-01
4.250000000000000000e+01 4.037672903429218585e-01
4.275000000000000000e+01 3.909274459770207821e-01
4.300000000000000000e+01 3.785629083996205901e-01
4.325000000000000000e+01 3.666534998243500820e-01
4.350000000000000000e+01 3.551797554639851695e-01
4.375000000000000000e+01 3.441235112267174157e-01
4.400000000000000000e+01 3.334672479026316028e-01
4.425000000000000000e+01 3.231945373675641497e-01
4.450000000000000000e+01 3.132899983731562976e-01
4.475000000000000000e+01 3.036637896257233238e-01
4.500000000000000000e+01 2.944515616587918827e-01
4.525000000000000000e+01 2.855642168898813726e-01
4.550000000000000000e+01 2.769880485180317153e-01
4.575000000000000000e+01 2.687120566622673845e-01
4.600000000000000000e+01 2.607235892046877446e-01
4.625000000000000000e+01 2.530111582837573647e-01
4.650000000000000000e+01 2.455639010193756411e-01
4.675000000000000000e+01 2.383714887767972579e-01
4.700000000000000000e+01 2.314240335662351433e-01
4.725000000000000000e+01 2.247120292045624856e-01
4.750000000000000000e+01 2.182262098810549278e-01
4.775000000000000000e+01 2.119580648818669699e-01
4.800000000000000000e+01 2.059084480324176181e-01
4.825000000000000000e+01 2.000503285705256262e-01
4.850000000000000000e+01 1.943812307219443813e-01
4.875000000000000000e+01 1.889032957976237437e-01
4.900000000000000000e+01 1.836048207334107507e-01
4.925000000000000000e+01 1.784683738750140469e-01
4.950000000000000000e+01 1.735093623869025936e-01
4.975000000000000000e+01 1.687102608724924402e-01
5.000000000000000000e+01 1.640752419143901575e-01
5.025000000000000000e+01 1.595786629820132307e-01
5.050000000000000000e+01 1.552254638541032683e-01
5.075000000000000000e+01 1.510014463655589279e-01
5.100000000000000000e+01 1.469193461574683501e-01
5.125000000000000000e+01 1.429654888250241063e-01
5.150000000000000000e+01 1.391352647823543287e-01
5.175000000000000000e+01 1.354242676956837199e-01
5.200000000000000000e+01 1.318283040284264074e-01
5.225000000000000000e+01 1.283434708879344632e-01
5.250000000000000000e+01 1.249656673179718874e-01
5.275000000000000000e+01 1.216911751060061747e-01
5.300000000000000000e+01 1.185163678830527534e-01
5.325000000000000000e+01 1.154090317640567714e-01
5.350000000000000000e+01 1.124239459770117189e-01
5.375000000000000000e+01 1.095284170514951444e-01
5.400000000000000000e+01 1.067194481960771768e-01
5.425000000000000000e+01 1.039942922431034700e-01
5.450000000000000000e+01 1.013499144867160695e-01
5.475000000000000000e+01 9.878376364687356526e-02
5.500000000000000000e+01 9.629305878793940898e-02
5.525000000000000000e+01 9.387536270652414860e-02
5.550000000000000000e+01 9.150212489376829961e-02
5.575000000000000000e+01 8.922403000609706314e-02
5.600000000000000000e+01 8.701187050067209217e-02
5.625000000000000000e+01 8.486345238068396246e-02
5.650000000000000000e+01 8.277669696582719283e-02
5.675000000000000000e+01 8.074957738789440009e-02
5.700000000000000000e+01 7.877728814265499979e-02
5.725000000000000000e+01 7.686376448724105415e-02
5.750000000000000000e+01 7.500420368209838318e-02
5.775000000000000000e+01 7.319687745950027857e-02
5.800000000000000000e+01 7.144011887622675472e-02
5.825000000000000000e+01 6.973234568780899145e-02
5.850000000000000000e+01 6.807200044555036800e-02
5.875000000000000000e+01 6.645760137623919761e-02
5.900000000000000000e+01 6.488765734240237171e-02
5.925000000000000000e+01 6.336086135696938904e-02
5.950000000000000000e+01 6.187584894772370225e-02
5.975000000000000000e+01 6.041535492901899118e-02
6.000000000000000000e+01 5.901032381654674336e-02
6.025000000000000000e+01 5.764320591001425437e-02
6.050000000000000000e+01 5.631284504065525720e-02
6.075000000000000000e+01 5.501812473782716206e-02
6.100000000000000000e+01 5.375916618873367164e-02
6.125000000000000000e+01 5.253094845565467463e-02
6.150000000000000000e+01 5.132123817279441585e-02
6.175000000000000000e+01 5.016058006322584445e-02
6.200000000000000000e+01 4.902900190083318149e-02
6.225000000000000000e+01 4.792706391117586284e-02
6.250000000000000000e+01 4.685386442243914124e-02
6.275000000000000000e+01 4.580855476431226064e-02
6.300000000000000000e+01 4.479030131767613998e-02
6.325000000000000000e+01 4.379831850835254337e-02
6.350000000000000000e+01 4.283183068937594651e-02
6.375000000000000000e+01 4.189008768269960464e-02
6.400000000000000000e+01 4.097238989681799975e-02
6.425000000000000000e+01 4.007726476344644628e-02
6.450000000000000000e+01 3.920554510159099393e-02
6.475000000000000000e+01 3.835578521364767235e-02
6.500000000000000000e+01 3.752739824194584878e-02
6.525000000000000000e+01 3.671976896272282492e-02
6.550000000000000000e+01 3.593229570997899525e-02
6.575000000000000000e+01 3.516441346920257810e-02
6.600000000000000000e+01 3.441556991185564657e-02
6.625000000000000000e+01 3.368522678148833799e-02
6.650000000000000000e+01 3.297286449292848032e-02
6.675000000000000000e+01 3.227798515599414331e-02
6.700000000000000000e+01 3.160009111292575584e-02
6.725000000000000000e+01 3.093867750781127690e-02
6.750000000000000000e+01 3.029329639564051768e-02
6.775000000000000000e+01 2.966351229739334211e-02
6.800000000000000000e+01 2.904626122699311211e-02
6.825000000000000000e+01 2.844424962281608821e-02
6.850000000000000000e+01 2.785890038055479148e-02
6.875000000000000000e+01 2.728751605845130754e-02
6.900000000000000000e+01 2.672970485948537520e-02
6.925000000000000000e+01 2.618513207701938378e-02
6.950000000000000000e+01 2.565343330163278451e-02
6.975000000000000000e+01 2.513424078654403690e-02
7.000000000000000000e+01 2.462723023906159686e-02
7.025000000000000000e+01 2.413208385445329493e-02
7.050000000000000000e+01 2.364848234054799797e-02
7.075000000000000000e+01 2.317612103863025269e-02
7.100000000000000000e+01 2.271470671211365741e-02
7.125000000000000000e+01 2.226393767417516809e-02
7.150000000000000000e+01 2.182353623121240441e-02
7.175000000000000000e+01 2.139321349019957658e-02
7.200000000000000000e+01 2.097271305467582336e-02
7.225000000000000000e+01 2.056178984761515907e-02
7.250000000000000000e+01 2.016020092759153101e-02
7.275000000000000000e+01 1.976770290341317918e-02
7.300000000000000000e+01 1.938405433773282907e-02
7.325000000000000000e+01 1.900903153199261925e-02
7.350000000000000000e+01 1.864242505397515834e-02
7.375000000000000000e+01 1.828403369150628094e-02
7.400000000000000000e+01 1.793362713923350379e-02
7.425000000000000000e+01 1.759099825874119172e-02
7.450000000000000000e+01 1.725594820460084680e-02
7.475000000000000000e+01 1.692829384448945457e-02
7.500000000000000000e+01 1.660784549125355128e-02
7.525000000000000000e+01 1.629442261878736101e-02
7.550000000000000000e+01 1.598785272672617608e-02
7.575000000000000000e+01 1.568796892066660550e-02
7.600000000000000000e+01 1.539460806494215121e-02
7.625000000000000000e+01 1.510760301961462659e-02
7.650000000000000000e+01 1.482680050276395135e-02
7.675000000000000000e+01 1.455204627468932414e-02
7.700000000000000000e+01 1.427813400656000736e-02
7.725000000000000000e+01 1.401503629038850125e-02
7.750000000000000000e+01 1.375755377396714781e-02
7.775000000000000000e+01 1.350555052854551276e-02
7.800000000000000000e+01 1.325889338320704498e-02
7.825000000000000000e+01 1.301745345358953573e-02
7.850000000000000000e+01 1.278110721855787828e-02
7.875000000000000000e+01 1.254973325567836952e-02
7.900000000000000000e+01 1.232321124795162162e-02
7.925000000000000000e+01 1.210141056513431949e-02
7.950000000000000000e+01 1.188423343493002701e-02
7.975000000000000000e+01 1.167157058603870284e-02
8.000000000000000000e+01 1.146330954484727285e-02
8.025000000000000000e+01 1.125935212625147827e-02
8.050000000000000000e+01 1.105959698091990920e-02
8.075000000000000000e+01 1.086394504050845235e-02
8.100000000000000000e+01 1.067230101692724989e-02
8.125000000000000000e+01 1.048457376002739395e-02
8.150000000000000000e+01 1.030067316262331563e-02
8.175000000000000000e+01 1.012050083732557795e-02
8.200000000000000000e+01 9.943977890885666998e-03
8.225000000000000000e+01 9.771019719859106931e-03
8.250000000000000000e+01 9.601542491027100293e-03
8.275000000000000000e+01 9.435465198935351350e-03
8.300000000000000000e+01 9.272713632190314123e-03
8.325000000000000000e+01 9.113214816580866851e-03
8.350000000000000000e+01 8.956894119230904630e-03
8.375000000000000000e+01 8.803682730956514241e-03
8.400000000000000000e+01 8.653506076706228220e-03
8.425000000000000000e+01 8.506294560127258125e-03
8.450000000000000000e+01 8.361981003637256396e-03
8.475000000000000000e+01 8.220500152896820581e-03
8.500000000000000000e+01 8.081795545668311875e-03
8.525000000000000000e+01 7.945813202294546920e-03
8.550000000000000000e+01 7.812482617251574439e-03
8.575000000000000000e+01 7.681742052029754721e-03
8.600000000000000000e+01 7.553533652487227738e-03
8.625000000000000000e+01 7.427800980436385751e-03
8.650000000000000000e+01 7.304488185286844501e-03
8.675000000000000000e+01 7.183544863522601555e-03
8.700000000000000000e+01 7.064917939214782755e-03
8.725000000000000000e+01 6.948557044623455276e-03
8.750000000000000000e+01 6.834404574535121388e-03
8.775000000000000000e+01 6.722411723918590189e-03
8.800000000000000000e+01 6.612541579957353401e-03
8.825000000000000000e+01 6.504748034754215431e-03
8.850000000000000000e+01 6.398729166742268999e-03
8.875000000000000000e+01 6.294954160384870490e-03
8.900000000000000000e+01 6.193122651136366737e-03
8.925000000000000000e+01 6.093196113936812618e-03
8.950000000000000000e+01 5.995134007763477414e-03
8.975000000000000000e+01 5.898897392552127257e-03
9.000000000000000000e+01 5.804446636196111849e-03
9.025000000000000000e+01 5.711743420721756073e-03
9.050000000000000000e+01 5.620749847476470482e-03
9.075000000000000000e+01 5.531432692900571310e-03
9.100000000000000000e+01 5.443755991247595932e-03
9.125000000000000000e+01 5.357686928253688717e-03
9.150000000000000000e+01 5.273191473365607986e-03
9.175000000000000000e+01 5.190236613997359014e-03
9.200000000000000000e+01 5.108789967117927273e-03
9.225000000000000000e+01 5.028819413154097216e-03
9.250000000000000000e+01 4.950296714640312935e-03
9.275000000000000000e+01 4.873191519100275593e-03
9.300000000000000000e+01 4.797474511469367216e-03
9.325000000000000000e+01 4.723116505722868390e-03
9.350000000000000000e+01 4.650090564971640604e-03
9.375000000000000000e+01 4.578370477177426921e-03
9.400000000000000000e+01 4.507927386837440667e-03
9.425000000000000000e+01 4.438737938727462841e-03
9.450000000000000000e+01 4.370775384039931287e-03
9.475000000000000000e+01 4.304014535054751477e-03
9.500000000000000000e+01 4.238431896431208747e-03
9.525000000000000000e+01 4.174004117786204657e-03
9.550000000000000000e+01 4.110708010887939232e-03
9.575000000000000000e+01 4.048520908010284913e-03
9.600000000000000000e+01 3.987420382644795390e-03
9.625000000000000000e+01 3.927385253653138675e-03
9.650000000000000000e+01 3.868394352874478161e-03
9.675000000000000000e+01 3.810170480551902401e-03
9.700000000000000000e+01 3.753210032056155786e-03
9.725000000000000000e+01 3.697233261797639847e-03
9.750000000000000000e+01 3.642220856210508576e-03
9.775000000000000000e+01 3.588153821303011453e-03
9.800000000000000000e+01 3.535013822010106294e-03
9.825000000000000000e+01 3.482782330708440906e-03
9.850000000000000000e+01 3.431442159784113717e-03
9.875000000000000000e+01 3.380975978360502027e-03
9.900000000000000000e+01 3.331366746600889286e-03
9.925000000000000000e+01 3.282598744513047419e-03
9.950000000000000000e+01 3.234655576197249978e-03
9.975000000000000000e+01 3.187521674435919022e-03
1.000000000000000000e+02 3.141181064727821028e-03
