5.000000000000000000e-01 2.873437367705586553e+08 8.878354169194476679e+06 9.299744241759534836e+09
7.500000000000000000e-01 2.324165001707383245e+07 9.232985571440310450e+05 5.850483479439499378e+08
1.000000000000000000e+00 3.471154188901191112e+06 1.608777171097125683e+05 7.489484323617906868e+07
1.250000000000000000e+00 7.005608835203282069e+05 3.607658032896762597e+04 1.360399314578902721e+07
1.500000000000000000e+00 1.698525652357391082e+05 9.446596072646685570e+03 3.053998889684507623e+06
1.750000000000000000e+00 4.661989816144663200e+04 2.749974460136403650e+03 7.903400326401030179e+05
2.000000000000000000e+00 1.394408530751677245e+04 8.616894129448074864e+02 2.256468654974169331e+05
2.250000000000000000e+00 4.432607982384227398e+03 2.844529659263658345e+02 6.907297823915994377e+04
2.500000000000000000e+00 1.470564039450240671e+03 9.736612610083315644e+01 2.221058473544121080e+04
2.750000000000000000e+00 5.014525401644466456e+02 3.408656566330399329e+01 7.376942943479938549e+03
3.000000000000000000e+00 1.737068732926080941e+02 1.207619873712402736e+01 2.498640382286407203e+03
3.250000000000000000e+00 6.061063105217618130e+01 4.296306155816280281e+00 8.550714179364726988e+02
3.500000000000000000e+00 2.108753109496447564e+01 1.520313848997563611e+00 2.924948476752357465e+02
3.750000000000000000e+00 7.245663381591663565e+00 5.302342741317573882e-01 9.901215443928990112e+01
4.000000000000000000e+00 2.434910860080934825e+00 3.772277815262513045e-01 1.571673982375418710e+01
4.250000000000000000e+00 7.935140551848629542e-01 1.184704993525771133e-01 5.314948102835261423e+00
4.500000000000000000e+00 2.476832735200463487e-01 3.520714673627800551e-02 1.742458837722091092e+00
4.750000000000000000e+00 7.303890683735082823e-02 9.769224206657670107e-03 5.460701688430549261e-01
5.000000000000000000e+00 2.002614570224639859e-02 2.492161240862899620e-03 1.609231798937461044e-01
5.250000000000000000e+00 4.994074116828528011e-03 5.699225342594329679e-04 4.376169529212441123e-02
5.500000000000000000e+00 1.101515486240573806e-03 1.133556085763086656e-04 1.070380532261899081e-02
5.750000000000000000e+00 2.063193069076193012e-04 1.879279022382139208e-05 2.265105707873141076e-03
6.000000000000000000e+00 3.094169968390898362e-05 2.440421394769503028e-06 3.923046984349349989e-04
6.250000000000000000e+00 3.382758333425515027e-06 2.243490332549475005e-07 5.100558614556640675e-05
6.500000000000000000e+00 2.297374789506091431e-07 1.235351819109178883e-08 4.272411180212703802e-06
6.750000000000000000e+00 7.181566645131330113e-09 3.031398020467300969e-10 1.701356902994625918e-07
7.000000000000000000e+00 5.326103194985123836e-11 1.829051402082775924e-12 1.550933735997155197e-09
