5.000000000000000000e-01 2.561778171414778233e+08 4.313786000458826870e+07 1.521333556842925549e+09
7.500000000000000000e-01 2.644997469763230905e+07 5.726467579247952439e+06 1.221697585507446229e+08
1.000000000000000000e+00 5.302920754389956594e+06 1.339440641294668429e+06 2.099456120739979297e+07
1.250000000000000000e+00 1.512189479751323583e+06 4.243967387302321149e+05 5.388158800447641872e+06
1.500000000000000000e+00 5.328137900123357540e+05 1.614972150569576770e+05 1.757866442013786174e+06
1.750000000000000000e+00 2.180461558761646156e+05 7.009581990754137223e+04 6.782733429052531719e+05
2.000000000000000000e+00 9.926240493954572594e+04 3.342965269811864709e+04 2.947390786066066357e+05
2.250000000000000000e+00 4.892160281663429487e+04 1.710953337034314245e+04 1.398824369048541121e+05
2.500000000000000000e+00 2.570956910547377993e+04 9.276947372159449515e+03 7.124993999349068326e+04
2.750000000000000000e+00 1.421655632954815883e+04 5.266646471485655638e+03 3.837555358337977668e+04
3.000000000000000000e+00 8.198431424473643347e+03 3.106206773611485005e+03 2.163870042162360551e+04
3.250000000000000000e+00 4.897888194782574828e+03 1.892089295692077712e+03 1.267874028102666125e+04
3.500000000000000000e+00 3.013256432898938783e+03 1.183940708678055898e+03 7.669061688524003330e+03
3.750000000000000000e+00 1.902185485728281492e+03 7.586279727140780551e+02 4.769544166912832225e+03
4.000000000000000000e+00 1.227611474700529243e+03 4.755760158503514958e+02 3.168851839851028217e+03
4.250000000000000000e+00 8.074308383428380012e+02 3.206401425363864632e+02 2.033259321649144567e+03
4.500000000000000000e+00 5.400129367990780338e+02 2.189442118992257633e+02 1.331909938978369837e+03
4.750000000000000000e+00 3.666640943929535865e+02 1.513518713498820887e+02 8.882781356975241351e+02
5.000000000000000000e+00 2.522408302209076680e+02 1.057808732422706868e+02 6.014833729422045963e+02
5.250000000000000000e+00 1.756515936628780423e+02 7.464647604433079664e+01 4.133280496454468675e+02
5.500000000000000000e+00 1.236725405726779741e+02 5.317593209140362376e+01 2.876281936235818080e+02
5.750000000000000000e+00 8.783804305381072197e+01 3.818551525319550422e+01 2.020536257364614983e+02
6.000000000000000000e+00 6.292446061444878325e+01 2.759705835087327941e+01 1.434749926342791753e+02
6.250000000000000000e+00 4.543277753928622786e+01 2.007850979777530398e+01 1.028033103912411406e+02
6.500000000000000000e+00 3.303219873317929967e+01 1.469621072115847582e+01 7.424540746257349610e+01
6.750000000000000000e+00 2.416526426153615148e+01 1.080960008437383735e+01 5.402234978831810963e+01
7.000000000000000000e+00 1.777347862603906137e+01 7.982043752628372957e+00 3.957589713364414052e+01
7.250000000000000000e+00 1.313853665724349717e+01 5.917568014028739221e+00 2.917096095634208908e+01
7.500000000000000000e+00 9.757930665958644667e+00 4.407462817640396047e+00 2.160363338757152363e+01
7.750000000000000000e+00 7.276208774163474224e+00 3.293194668403362613e+00 1.607655163333601323e+01
8.000000000000000000e+00 5.446671382839181952e+00 2.467640487598206533e+00 1.202210342298034540e+01
8.250000000000000000e+00 4.091620112084082272e+00 1.854898845633480509e+00 9.025481460091960173e+00
8.500000000000000000e+00 3.081195469307212331e+00 1.397197561361155804e+00 6.794862646933355954e+00
8.750000000000000000e+00 2.326757078175490268e+00 1.055157250946032299e+00 5.130797799082405852e+00
9.000000000000000000e+00 1.760452516641789700e+00 7.972109445141152273e-01 3.887544551008779159e+00
9.250000000000000000e+00 1.335094352450356459e+00 6.035177924275926253e-01 2.953478675044514556e+00
9.500000000000000000e+00 1.014379781081998777e+00 4.577857472567362085e-01 2.247702875054554905e+00
9.750000000000000000e+00 7.716994026116386074e-01 3.474306011849114251e-01 1.714068841259636100e+00
1.000000000000000000e+01 5.877481634245147468e-01 2.637761960284196183e-01 1.309625010937951028e+00
1.025000000000000000e+01 4.480670262131694614e-01 2.003425611818227814e-01 1.002103890432486599e+00
1.050000000000000000e+01 3.416339044270821357e-01 1.521165848933348497e-01 7.672649549418500969e-01
1.075000000000000000e+01 2.607453791690363953e-01 1.156047948663064678e-01 5.881084157160682002e-01
1.100000000000000000e+01 1.990837061989041423e-01 8.780884928765182729e-02 4.513704757028991765e-01
1.125000000000000000e+01 1.519206996441177793e-01 6.660641778585045525e-02 3.465116387817696042e-01
1.150000000000000000e+01 1.159549331248235365e-01 5.054535137615873142e-02 2.660095567626087343e-01
1.175000000000000000e+01 8.850112251179935441e-02 3.833021344260663377e-02 2.043413793553839064e-01
1.200000000000000000e+01 6.749961997954663506e-02 2.902806970125502289e-02 1.569583766428060134e-01
1.225000000000000000e+01 5.147418438708542543e-02 2.198267510066801572e-02 1.205309020026935768e-01
1.250000000000000000e+01 3.921673774714015681e-02 1.662307596021188327e-02 9.251912962493401282e-02
1.275000000000000000e+01 2.984954042012404052e-02 1.254763005774902837e-02 7.100903192012486542e-02
1.300000000000000000e+01 2.268828467335228319e-02 9.452080242957813447e-03 5.445978537926485924e-02
1.325000000000000000e+01 1.722348529692251454e-02 7.114392527415924934e-03 4.169694666552985901e-02
1.350000000000000000e+01 1.306668810140153986e-02 5.349044209757828142e-03 3.191941050474857849e-02
1.375000000000000000e+01 9.894165531731185029e-03 4.010108938434959157e-03 2.441193320985018261e-02
1.400000000000000000e+01 7.478142723227872678e-03 3.000671277890492195e-03 1.863670272749111401e-02
1.425000000000000000e+01 5.643572301590066634e-03 2.240587631900013699e-03 1.421497997659923983e-02
1.450000000000000000e+01 4.250112332008691707e-03 1.669099093340635845e-03 1.082227826182510788e-02
1.475000000000000000e+01 3.192323278727949090e-03 1.238643928107604868e-03 8.227487887885600454e-03
1.500000000000000000e+01 2.392560306666867420e-03 9.172744023493629604e-04 6.240602382859931734e-03
1.525000000000000000e+01 1.789265216265176510e-03 6.773496550301784771e-04 4.726465851663911276e-03
1.550000000000000000e+01 1.334238462354896950e-03 4.986460507267576970e-04 3.570051887170462828e-03
1.575000000000000000e+01 9.921304391768055210e-04 3.659754773670561407e-04 2.689586787133094268e-03
1.600000000000000000e+01 7.353522211215033667e-04 2.675705679272047909e-04 2.020935610733699470e-03
1.625000000000000000e+01 5.432811150454145517e-04 1.948629354574937399e-04 1.514676812560756050e-03
1.650000000000000000e+01 3.999728914895006680e-04 1.413186637509690415e-04 1.132039531652979502e-03
1.675000000000000000e+01 2.932130434622849994e-04 1.019955661773593242e-04 8.429179039696341668e-04
1.700000000000000000e+01 2.140401236103924335e-04 7.326846601924239162e-05 6.252781995343021119e-04
1.725000000000000000e+01 1.556029026799757894e-04 5.238358536565103498e-05 4.622108844483654110e-04
1.750000000000000000e+01 1.125720491516001270e-04 3.725571996817335141e-05 3.401482043835430454e-04
1.775000000000000000e+01 8.102403376113322770e-05 2.633643729044291725e-05 2.492703919868293925e-04
1.800000000000000000e+01 5.800389939370300031e-05 1.851078326714323353e-05 1.817563468989853801e-04
1.825000000000000000e+01 4.127822237150455183e-05 1.292031657948583172e-05 1.318769266735092581e-04
1.850000000000000000e+01 2.920975356132399502e-05 8.966430435259260484e-06 9.515600542197365599e-05
1.875000000000000000e+01 2.052812983995434731e-05 6.173975683830550193e-06 6.825490353479498414e-05
1.900000000000000000e+01 1.431729595348575831e-05 4.216314158027391016e-06 4.861709913845750619e-05
1.925000000000000000e+01 9.912032105890135090e-06 2.856544317814039132e-06 3.439413834943792027e-05
1.950000000000000000e+01 6.806080648197858469e-06 1.918036654384436359e-06 2.415112020090144412e-05
1.975000000000000000e+01 4.630818798797940180e-06 1.274330458675485664e-06 1.682803907048519839e-05
2.000000000000000000e+01 3.121449026737324872e-06 8.384649160636786637e-07 1.162057450449055068e-05
