5.000000000000000000e-01 2.067248503922626972e+08
7.500000000000000000e-01 1.904679635410792008e+07
1.000000000000000000e+00 3.266715406776998192e+06
1.250000000000000000e+00 7.623634410230482463e+05
1.500000000000000000e+00 2.143812507986799174e+05
1.750000000000000000e+00 6.859483857503885520e+04
2.000000000000000000e+00 2.404942009554363176e+04
2.250000000000000000e+00 9.042664343423579339e+03
2.500000000000000000e+00 3.580952777588010122e+03
2.750000000000000000e+00 1.477486828113056163e+03
3.000000000000000000e+00 6.289125967894234464e+02
3.250000000000000000e+00 2.740936553053223292e+02
3.500000000000000000e+00 1.216298923597726969e+02
3.750000000000000000e+00 5.460501656524374425e+01
4.000000000000000000e+00 2.468491955054803455e+01
4.250000000000000000e+00 1.120801260611969141e+01
4.500000000000000000e+00 5.085337140351207097e+00
4.750000000000000000e+00 2.300512833642761379e+00
5.000000000000000000e+00 1.031775399542571359e+00
5.250000000000000000e+00 4.570952536321306603e-01
5.500000000000000000e+00 1.993871426738744179e-01
5.750000000000000000e+00 8.523109260863546977e-02
6.000000000000000000e+00 3.550474585892992446e-02
6.250000000000000000e+00 1.434357194680249865e-02
6.500000000000000000e+00 5.587468086021853651e-03
6.750000000000000000e+00 2.078691597623349378e-03
7.000000000000000000e+00 7.325799687125358808e-04
7.250000000000000000e+00 2.416258258699269755e-04
7.500000000000000000e+00 7.347618970162716806e-05
7.750000000000000000e+00 2.019881161379341337e-05
8.000000000000000000e+00 4.885387092935264167e-06
8.250000000000000000e+00 1.001078042893165332e-06
8.500000000000000000e+00 1.645820892200872602e-07
8.750000000000000000e+00 1.994189417113405371e-08
9.000000000000000000e+00 1.554659739123935873e-09
9.250000000000000000e+00 6.121068599654136044e-11
9.500000000000000000e+00 7.329615512688805447e-13
