5.000000000000000000e-01 1.789679342876946926e+08 8.086062422511965036e+06 3.961077695125499249e+09
7.500000000000000000e-01 1.512997056584767997e+07 8.789100224639866501e+05 2.604544304565567672e+08
1.000000000000000000e+00 2.554183576823587064e+06 1.731032538562171976e+05 3.768764363917831331e+07
1.250000000000000000e+00 6.089547191238811938e+05 4.585594146531521255e+04 8.086756875850700773e+06
1.500000000000000000e+00 1.789275540747680643e+05 1.455162836183995569e+04 2.200102202385476790e+06
1.750000000000000000e+00 6.051664746150545398e+04 5.219913840163828354e+03 7.015948408576018410e+05
2.000000000000000000e+00 2.262347116224487763e+04 2.044330463553765867e+03 2.503614051415150461e+05
2.250000000000000000e+00 9.107434543007277171e+03 8.546303955139366053e+02 9.705407669859733141e+04
2.500000000000000000e+00 3.872387932879159052e+03 3.749159711694617840e+02 3.999666446839689161e+04
2.750000000000000000e+00 1.715423658775805961e+03 1.705123895544190589e+02 1.725785637499740915e+04
3.000000000000000000e+00 7.841207087465670611e+02 7.971266082734400982e+01 7.713270131791999120e+03
3.250000000000000000e+00 3.663700297236948131e+02 3.797497439418810217e+01 3.534617226767211832e+03
3.500000000000000000e+00 1.741083092547800391e+02 1.835515886799985097e+01 1.651508634142450546e+03
3.750000000000000000e+00 8.353059666439138198e+01 8.938535323830521406e+00 7.805932768993246782e+02
4.000000000000000000e+00 4.027234934077954875e+01 1.019135865946178399e+01 1.591409129655181118e+02
4.250000000000000000e+00 1.944812154012224426e+01 4.885009304217454051e+00 7.742655292648549903e+01
4.500000000000000000e+00 9.369797127335308673e+00 2.321321930412252321e+00 3.782030275819153076e+01
4.750000000000000000e+00 4.484642286124930877e+00 1.088935454083074683e+00 1.846942934871647779e+01
5.000000000000000000e+00 2.129043005360821805e+00 5.040775014947522781e-01 8.992315874512463836e+00
5.250000000000000000e+00 9.981652414765095349e-01 2.290581776337090314e-01 4.349697791122364876e+00
5.500000000000000000e+00 4.601783538540434870e-01 1.016067746024854196e-01 2.084153524056822526e+00
5.750000000000000000e+00 2.080862485578940657e-01 4.402868040871091987e-02 9.834472992820137982e-01
6.000000000000000000e+00 9.188212699463794986e-02 1.852754640590626931e-02 4.556634254802084949e-01
6.250000000000000000e+00 3.937493954072118774e-02 7.520728391924053069e-03 2.061483652966768776e-01
6.500000000000000000e+00 1.628332952990845656e-02 2.926837123165852358e-03 9.059158723967160320e-02
6.750000000000000000e+00 6.451876766877533316e-03 1.084881037759908694e-03 3.836984182240482655e-02
7.000000000000000000e+00 2.423915459541127818e-03 3.784696526116929690e-04 1.552400863440049281e-02
7.250000000000000000e+00 8.539906065139747865e-04 1.228860507579899086e-04 5.934766000824453526e-03
7.500000000000000000e+00 2.777516827936467271e-04 3.650268989757001804e-05 2.113433215776192985e-03
7.750000000000000000e+00 8.174124056897441137e-05 9.705072706116200571e-06 6.884678365721197445e-04
8.000000000000000000e+00 2.117416888953772169e-05 2.243221613765236584e-06 1.998667565484631050e-04
8.250000000000000000e+00 4.643965944140831983e-06 4.326689177753874178e-07 4.984508663396912425e-05
8.500000000000000000e+00 8.153467251815526551e-07 6.567449495392285552e-08 1.012250315332761198e-05
8.750000000000000000e+00 1.050360344123766463e-07 7.181898350223840942e-09 1.536163279828948683e-06
9.000000000000000000e+00 8.643976312044727678e-09 4.948902782294537517e-10 1.509795802627335840e-07
9.250000000000000000e+00 3.576581612443896337e-10 1.731114818546752875e-11 7.389420905778183506e-09
9.500000000000000000e+00 4.595753816028893717e-12 2.043611854542631487e-13 1.033510991365387794e-10
