5.000000000000000000e-01 7.035583973691788316e+07
7.500000000000000000e-01 3.035542414192871377e+07
1.000000000000000000e+00 1.068752403024919704e+07
1.250000000000000000e+00 4.347847432721480727e+06
1.500000000000000000e+00 2.021474613083882956e+06
1.750000000000000000e+00 1.046535023012368823e+06
2.000000000000000000e+00 5.874592514002104290e+05
2.250000000000000000e+00 3.511059824692201219e+05
2.500000000000000000e+00 2.203685079986728961e+05
2.750000000000000000e+00 1.444666930179664341e+05
3.000000000000000000e+00 9.796868737240770133e+04
3.250000000000000000e+00 6.832665728245550417e+04
3.500000000000000000e+00 4.890730229897471872e+04
3.750000000000000000e+00 3.574127352082334255e+04
4.000000000000000000e+00 2.662395328887039432e+04
4.250000000000000000e+00 2.017170737064744389e+04
4.500000000000000000e+00 1.551484507478111846e+04
4.750000000000000000e+00 1.209186517096500575e+04
5.000000000000000000e+00 9.535042157244888585e+03
5.250000000000000000e+00 7.601009848674247223e+03
5.500000000000000000e+00 6.113711449855188221e+03
5.750000000000000000e+00 4.967721112749084568e+03
6.000000000000000000e+00 4.067446151907151034e+03
6.250000000000000000e+00 3.355573691488197255e+03
6.500000000000000000e+00 2.788110993405660338e+03
6.750000000000000000e+00 2.331729345850417303e+03
7.000000000000000000e+00 1.962119269135308741e+03
7.250000000000000000e+00 1.660265909578231231e+03
7.500000000000000000e+00 1.412349455805562002e+03
7.750000000000000000e+00 1.207448424574167802e+03
8.000000000000000000e+00 1.037034771455191731e+03
8.250000000000000000e+00 8.945479317939683597e+02
8.500000000000000000e+00 7.747881407667780422e+02
8.750000000000000000e+00 6.733528855816746272e+02
9.000000000000000000e+00 5.875847605226973656e+02
9.250000000000000000e+00 5.144947967268954017e+02
9.500000000000000000e+00 4.519493359209197365e+02
9.750000000000000000e+00 3.982408966144426472e+02
1.000000000000000000e+01 3.519505304520822619e+02
1.025000000000000000e+01 3.119059940560351265e+02
1.050000000000000000e+01 2.771554083935986341e+02
1.075000000000000000e+01 2.468832315981733814e+02
1.100000000000000000e+01 2.204637773380952694e+02
1.125000000000000000e+01 1.972397610836262345e+02
1.150000000000000000e+01 1.769360228328226583e+02
1.175000000000000000e+01 1.590628416253640296e+02
1.200000000000000000e+01 1.432918220882874891e+02
1.225000000000000000e+01 1.293441029637596671e+02
1.250000000000000000e+01 1.169730483823427107e+02
1.275000000000000000e+01 1.059790978741866070e+02
1.300000000000000000e+01 9.618831045040016647e+01
1.325000000000000000e+01 8.745085173427882808e+01
1.350000000000000000e+01 7.961721414937238706e+01
1.375000000000000000e+01 7.262104524569924990e+01
1.400000000000000000e+01 6.634172887064538315e+01
1.425000000000000000e+01 6.066423431223667961e+01
1.450000000000000000e+01 5.558011062179182460e+01
1.475000000000000000e+01 5.099062016556082710e+01
1.500000000000000000e+01 4.684377840967820106e+01
1.525000000000000000e+01 4.309021689042571523e+01
1.550000000000000000e+01 3.968804000719168101e+01
1.575000000000000000e+01 3.659828566299916730e+01
1.600000000000000000e+01 3.378787980192057461e+01
1.625000000000000000e+01 3.122924058750217569e+01
1.650000000000000000e+01 2.889615304039820032e+01
1.675000000000000000e+01 2.676598084799346822e+01
1.700000000000000000e+01 2.481885575452317028e+01
1.725000000000000000e+01 2.302562889763517617e+01
1.750000000000000000e+01 2.139326694254629757e+01
1.775000000000000000e+01 1.989557520003958047e+01
1.800000000000000000e+01 1.851978489794657534e+01
1.825000000000000000e+01 1.725467803571559244e+01
1.850000000000000000e+01 1.608523013199932805e+01
1.875000000000000000e+01 1.501282504525461903e+01
1.900000000000000000e+01 1.402360118613787421e+01
1.925000000000000000e+01 1.311023200487334606e+01
1.950000000000000000e+01 1.226595716391333291e+01
1.975000000000000000e+01 1.148532714630055906e+01
2.000000000000000000e+01 1.075970164672976637e+01
2.025000000000000000e+01 1.008956841126465953e+01
2.050000000000000000e+01 9.467987228898468999e+00
2.075000000000000000e+01 8.890936048893967936e+00
2.100000000000000000e+01 8.354805622670152587e+00
2.125000000000000000e+01 7.855808821681745435e+00
2.150000000000000000e+01 7.391862904191840222e+00
2.175000000000000000e+01 6.959726478317320719e+00
2.200000000000000000e+01 6.556934311982631769e+00
2.225000000000000000e+01 6.181251726402261504e+00
2.250000000000000000e+01 5.830581875948775306e+00
2.275000000000000000e+01 5.502110583700255297e+00
2.300000000000000000e+01 5.196112582786085454e+00
2.325000000000000000e+01 4.909882140883409463e+00
2.350000000000000000e+01 4.641960343138574530e+00
2.375000000000000000e+01 4.391004794031652558e+00
2.400000000000000000e+01 4.155779303964940219e+00
2.425000000000000000e+01 3.935167557480591771e+00
2.450000000000000000e+01 3.728140143631801795e+00
2.475000000000000000e+01 3.532996297626833648e+00
2.500000000000000000e+01 3.350431004875682905e+00
2.525000000000000000e+01 3.178819960991461802e+00
2.550000000000000000e+01 3.017414753620795587e+00
2.575000000000000000e+01 2.865521076704604653e+00
2.600000000000000000e+01 2.722498563270733030e+00
2.625000000000000000e+01 2.587752942191092753e+00
2.650000000000000000e+01 2.459830051883407531e+00
2.675000000000000000e+01 2.340918888803373843e+00
2.700000000000000000e+01 2.226465094376811837e+00
2.725000000000000000e+01 2.118998153983433941e+00
2.750000000000000000e+01 2.018342275695956811e+00
2.775000000000000000e+01 1.923228777783078991e+00
2.800000000000000000e+01 1.833312397853616549e+00
2.825000000000000000e+01 1.748231919649554600e+00
2.850000000000000000e+01 1.667752818526064829e+00
2.875000000000000000e+01 1.591575646688235146e+00
2.900000000000000000e+01 1.519435823745264313e+00
2.925000000000000000e+01 1.451086667992331325e+00
2.950000000000000000e+01 1.386193281085032147e+00
2.975000000000000000e+01 1.324764213759585196e+00
3.000000000000000000e+01 1.266438032269561198e+00
3.025000000000000000e+01 1.211134255855060626e+00
3.050000000000000000e+01 1.158591280146568536e+00
3.075000000000000000e+01 1.108694275734042778e+00
3.100000000000000000e+01 1.061322018170355097e+00
3.125000000000000000e+01 1.016054170027038461e+00
3.150000000000000000e+01 9.732493925230983889e-01
3.175000000000000000e+01 9.324802991298617449e-01
3.200000000000000000e+01 8.937385006477098770e-01
3.225000000000000000e+01 8.568586015644501508e-01
3.250000000000000000e+01 8.217303814108166682e-01
3.275000000000000000e+01 7.882455805068481203e-01
3.300000000000000000e+01 7.563308858774931975e-01
3.325000000000000000e+01 7.259377198284420185e-01
3.350000000000000000e+01 6.969567307294330938e-01
3.375000000000000000e+01 6.693134746646761668e-01
3.400000000000000000e+01 6.429375021199017493e-01
3.425000000000000000e+01 6.177607733108723131e-01
3.450000000000000000e+01 5.937250136671108347e-01
3.475000000000000000e+01 5.706363370976433869e-01
3.500000000000000000e+01 5.487134322786565432e-01
3.525000000000000000e+01 5.277656353312296655e-01
3.550000000000000000e+01 5.078556385640504711e-01
3.575000000000000000e+01 4.885704306268078279e-01
3.600000000000000000e+01 4.702660503473471421e-01
3.625000000000000000e+01 4.527535701076912944e-01
3.650000000000000000e+01 4.359938708926571205e-01
3.675000000000000000e+01 4.199503087545847779e-01
3.700000000000000000e+01 4.045884042161709826e-01
3.725000000000000000e+01 3.898753286151187547e-01
3.750000000000000000e+01 3.756911484145322722e-01
3.775000000000000000e+01 3.621872233015193121e-01
3.800000000000000000e+01 3.492432508866235019e-01
3.825000000000000000e+01 3.367331172550545593e-01
3.850000000000000000e+01 3.248351277212270238e-01
3.875000000000000000e+01 3.134220885866940143e-01
3.900000000000000000e+01 3.024713086348719271e-01
3.925000000000000000e+01 2.919614790360527956e-01
3.950000000000000000e+01 2.818979552692581492e-01
3.975000000000000000e+01 2.722105731484225632e-01
4.000000000000000000e+01 2.627300954218748652e-01
4.025000000000000000e+01 2.537977774774511919e-01
4.050000000000000000e+01 2.452154505151236119e-01
4.075000000000000000e+01 2.369692306700317275e-01
4.100000000000000000e+01 2.290429876788184216e-01
4.125000000000000000e+01 2.214223838988719217e-01
4.150000000000000000e+01 2.140937871783477053e-01
4.175000000000000000e+01 2.070444620410175074e-01
4.200000000000000000e+01 2.002618907239869517e-01
4.225000000000000000e+01 1.937343127981229207e-01
4.250000000000000000e+01 1.874514569383941009e-01
4.275000000000000000e+01 1.814033891713758839e-01
4.300000000000000000e+01 1.755800422219009338e-01
4.325000000000000000e+01 1.699719774486669055e-01
4.350000000000000000e+01 1.645560845009975959e-01
4.375000000000000000e+01 1.593523643571007065e-01
4.400000000000000000e+01 1.543382921158176491e-01
4.425000000000000000e+01 1.495057829213223832e-01
4.450000000000000000e+01 1.448474283054398404e-01
4.475000000000000000e+01 1.403561968363264134e-01
4.500000000000000000e+01 1.360135423496963425e-01
4.525000000000000000e+01 1.318367868662045639e-01
4.550000000000000000e+01 1.278075214933475090e-01
4.575000000000000000e+01 1.239196915883733069e-01
4.600000000000000000e+01 1.201680630631263014e-01
4.625000000000000000e+01 1.165469971821155998e-01
4.650000000000000000e+01 1.130511908448022795e-01
4.675000000000000000e+01 1.096757065609536980e-01
4.700000000000000000e+01 1.064159895715185294e-01
4.725000000000000000e+01 1.032672723398709858e-01
4.750000000000000000e+01 1.002255884146891762e-01
4.775000000000000000e+01 9.728702106483710921e-02
4.800000000000000000e+01 9.444745607203483551e-02
4.825000000000000000e+01 9.170309300058619717e-02
4.850000000000000000e+01 8.905040392630714230e-02
4.875000000000000000e+01 8.648233828820361957e-02
4.900000000000000000e+01 8.400301155411940557e-02
4.925000000000000000e+01 8.160530939977876652e-02
4.950000000000000000e+01 7.928617283289868256e-02
4.975000000000000000e+01 7.704268697257111997e-02
5.000000000000000000e+01 7.487203088452935862e-02
5.025000000000000000e+01 7.277158240207273754e-02
5.050000000000000000e+01 7.073883007762937769e-02
5.075000000000000000e+01 6.877115178383177985e-02
5.100000000000000000e+01 6.686626388643873709e-02
5.125000000000000000e+01 6.502191334746830476e-02
5.150000000000000000e+01 6.323596466703565455e-02
5.175000000000000000e+01 6.150629500664109295e-02
5.200000000000000000e+01 5.983090012457639023e-02
5.225000000000000000e+01 5.820779365473370548e-02
5.250000000000000000e+01 5.663519523288016583e-02
5.275000000000000000e+01 5.511132507755096138e-02
5.300000000000000000e+01 5.363449363464229541e-02
5.325000000000000000e+01 5.220306084476906971e-02
5.350000000000000000e+01 5.081537327380824393e-02
5.375000000000000000e+01 4.946992368007100543e-02
5.400000000000000000e+01 4.816528341916392203e-02
5.425000000000000000e+01 4.690007639238612941e-02
5.450000000000000000e+01 4.567296382645619907e-02
5.475000000000000000e+01 4.448266225136383173e-02
5.500000000000000000e+01 4.332794287562410918e-02
5.525000000000000000e+01 4.220745542895631974e-02
5.550000000000000000e+01 4.112026336100233631e-02
5.575000000000000000e+01 4.006515047338650437e-02
5.600000000000000000e+01 3.904104934297294299e-02
5.625000000000000000e+01 3.804691383978002495e-02
5.650000000000000000e+01 3.708171820595353857e-02
5.675000000000000000e+01 3.614454862095543841e-02
5.700000000000000000e+01 3.523449237570967785e-02
5.725000000000000000e+01 3.435068075023119116e-02
5.750000000000000000e+01 3.349221024173762440e-02
5.775000000000000000e+01 3.265831520905913832e-02
5.800000000000000000e+01 3.184572693546108141e-02
5.825000000000000000e+01 3.105868558119504602e-02
5.850000000000000000e+01 3.029390467456510513e-02
5.875000000000000000e+01 2.955066784451964440e-02
5.900000000000000000e+01 2.882831192812007615e-02
5.925000000000000000e+01 2.812618891007904326e-02
5.950000000000000000e+01 2.744360496233288690e-02
5.975000000000000000e+01 2.677995244005511657e-02
6.000000000000000000e+01 2.613466727611431922e-02
6.025000000000000000e+01 2.550718126460195176e-02
6.050000000000000000e+01 2.489693021277463933e-02
6.075000000000000000e+01 2.430337127723443402e-02
6.100000000000000000e+01 2.372598900222312387e-02
6.125000000000000000e+01 2.316428435560075744e-02
6.150000000000000000e+01 2.261777825820646820e-02
6.175000000000000000e+01 2.208600647197458272e-02
6.200000000000000000e+01 2.156852151488424310e-02
6.225000000000000000e+01 2.106270942980625893e-02
6.250000000000000000e+01 2.057256993085465960e-02
6.275000000000000000e+01 2.009545878762412571e-02
6.300000000000000000e+01 1.963098769899866702e-02
6.325000000000000000e+01 1.917876276131775040e-02
6.350000000000000000e+01 1.873842488736299564e-02
6.375000000000000000e+01 1.830963650584111965e-02
6.400000000000000000e+01 1.789206615343561652e-02
6.425000000000000000e+01 1.748537379266936267e-02
6.450000000000000000e+01 1.708923433213484916e-02
6.475000000000000000e+01 1.670333480032244050e-02
6.500000000000000000e+01 1.632344339773916450e-02
6.525000000000000000e+01 1.595723572200786339e-02
6.550000000000000000e+01 1.560039947767379032e-02
6.575000000000000000e+01 1.525266698654468428e-02
6.600000000000000000e+01 1.491377801084633851e-02
6.625000000000000000e+01 1.458347544385904179e-02
6.650000000000000000e+01 1.426151269233385740e-02
6.675000000000000000e+01 1.394776194985922549e-02
6.700000000000000000e+01 1.363903730841813794e-02
6.725000000000000000e+01 1.334076167629589735e-02
6.750000000000000000e+01 1.304992524318795283e-02
6.775000000000000000e+01 1.276301637490416183e-02
6.800000000000000000e+01 1.248650520202619803e-02
6.825000000000000000e+01 1.221681781130614340e-02
6.850000000000000000e+01 1.195376631468683670e-02
6.875000000000000000e+01 1.169716661538886676e-02
6.900000000000000000e+01 1.144683999767401143e-02
6.925000000000000000e+01 1.120261197425664358e-02
6.950000000000000000e+01 1.096431712947630067e-02
6.975000000000000000e+01 1.073179724869359128e-02
7.000000000000000000e+01 1.050423313852327789e-02
7.025000000000000000e+01 1.028280523404206427e-02
7.050000000000000000e+01 1.006669116436275518e-02
7.075000000000000000e+01 9.855749124363369015e-03
7.100000000000000000e+01 9.649841370316387945e-03
7.125000000000000000e+01 9.448831629923132303e-03
7.150000000000000000e+01 9.252588015293246662e-03
7.175000000000000000e+01 9.060988362521818842e-03
7.200000000000000000e+01 8.873913079159575362e-03
7.225000000000000000e+01 8.691233565161075522e-03
7.250000000000000000e+01 8.512834284416646857e-03
7.275000000000000000e+01 8.338602170277840953e-03
7.300000000000000000e+01 8.167976378495938120e-03
7.325000000000000000e+01 8.001759126220467019e-03
7.350000000000000000e+01 7.839388499599911006e-03
7.375000000000000000e+01 7.680763632776936925e-03
7.400000000000000000e+01 7.525785635796511039e-03
7.425000000000000000e+01 7.374363014397422589e-03
7.450000000000000000e+01 7.226405096587947691e-03
7.475000000000000000e+01 7.081822635846623387e-03
7.500000000000000000e+01 6.940530989820787276e-03
7.525000000000000000e+01 6.802444440157996361e-03
7.550000000000000000e+01 6.667481022506126578e-03
7.575000000000000000e+01 6.535560596386929579e-03
7.600000000000000000e+01 6.406605475449226109e-03
7.625000000000000000e+01 6.280128509746464062e-03
7.650000000000000000e+01 6.156893951666885141e-03
7.675000000000000000e+01 6.036623404225278759e-03
7.700000000000000000e+01 5.918778779536885970e-03
7.725000000000000000e+01 5.803582979803188074e-03
7.750000000000000000e+01 5.690932754448750977e-03
7.775000000000000000e+01 5.580764601492440267e-03
7.800000000000000000e+01 5.473018160692198764e-03
7.825000000000000000e+01 5.367633568278933585e-03
7.850000000000000000e+01 5.264552642379697646e-03
7.875000000000000000e+01 5.163373616833800799e-03
7.900000000000000000e+01 5.064736968407900115e-03
7.925000000000000000e+01 4.968233875978521341e-03
7.950000000000000000e+01 4.873815623294606124e-03
7.975000000000000000e+01 4.781433324955894522e-03
8.000000000000000000e+01 4.691037900792645668e-03
8.025000000000000000e+01 4.602582711814635907e-03
8.050000000000000000e+01 4.516020782010073814e-03
8.075000000000000000e+01 4.431305883648167625e-03
8.100000000000000000e+01 4.348394044763924556e-03
8.125000000000000000e+01 4.267151132934104973e-03
8.150000000000000000e+01 4.187724969627834061e-03
8.175000000000000000e+01 4.109975226670579095e-03
8.200000000000000000e+01 4.033862058432885304e-03
8.225000000000000000e+01 3.959347776959013833e-03
8.250000000000000000e+01 3.886394797830811012e-03
8.275000000000000000e+01 3.814967539738600439e-03
8.300000000000000000e+01 3.744769018186306850e-03
8.325000000000000000e+01 3.676293123986781961e-03
8.350000000000000000e+01 3.609040294711228503e-03
8.375000000000000000e+01 3.543370918881363907e-03
8.400000000000000000e+01 3.478452000831926474e-03
8.425000000000000000e+01 3.415471189013323874e-03
8.450000000000000000e+01 3.353132713540645394e-03
8.475000000000000000e+01 3.292719248448421066e-03
8.500000000000000000e+01 3.233541401079164171e-03
8.525000000000000000e+01 3.175568202735188153e-03
8.550000000000000000e+01 3.118068776686955083e-03
8.575000000000000000e+01 3.062436075307307243e-03
8.600000000000000000e+01 3.007916666890814075e-03
8.625000000000000000e+01 2.954507361870325685e-03
8.650000000000000000e+01 2.902172673962260738e-03
8.675000000000000000e+01 2.850886730687572472e-03
8.700000000000000000e+01 2.800626753303418412e-03
8.725000000000000000e+01 2.751369700933249847e-03
8.750000000000000000e+01 2.703090802329899140e-03
8.775000000000000000e+01 2.655775930519124837e-03
8.800000000000000000e+01 2.609398420555481685e-03
8.825000000000000000e+01 2.563936892362014310e-03
8.850000000000000000e+01 2.519370956778238177e-03
8.875000000000000000e+01 2.475594614630226287e-03
8.900000000000000000e+01 2.432765857449130723e-03
8.925000000000000000e+01 2.390775360685730780e-03
8.950000000000000000e+01 2.349604484246487889e-03
8.975000000000000000e+01 2.309235430364357192e-03
9.000000000000000000e+01 2.269651510990215119e-03
9.025000000000000000e+01 2.230834868510063462e-03
9.050000000000000000e+01 2.192768727745423706e-03
9.075000000000000000e+01 2.155436759408929127e-03
9.100000000000000000e+01 2.118823147745567664e-03
9.125000000000000000e+01 2.082912252434931596e-03
9.150000000000000000e+01 2.047688949836499583e-03
9.175000000000000000e+01 2.013138853011181909e-03
9.200000000000000000e+01 1.979247573919055026e-03
9.225000000000000000e+01 1.945999896577593541e-03
9.250000000000000000e+01 1.913383169350080888e-03
9.275000000000000000e+01 1.881383687214321617e-03
9.300000000000000000e+01 1.849987784503168142e-03
9.325000000000000000e+01 1.819183867806333779e-03
9.350000000000000000e+01 1.788959483071390086e-03
9.375000000000000000e+01 1.759302179229697187e-03
9.400000000000000000e+01 1.730200018807869205e-03
9.425000000000000000e+01 1.701641431979411924e-03
9.450000000000000000e+01 1.673615060649530362e-03
9.475000000000000000e+01 1.646109814461407372e-03
9.500000000000000000e+01 1.619114802046859539e-03
9.525000000000000000e+01 1.592619443306298333e-03
9.550000000000000000e+01 1.566613542299927523e-03
9.575000000000000000e+01 1.541086768942964529e-03
9.600000000000000000e+01 1.516028861820334275e-03
9.625000000000000000e+01 1.491430348916766109e-03
9.650000000000000000e+01 1.467281790771044533e-03
9.675000000000000000e+01 1.443574264699307164e-03
9.700000000000000000e+01 1.420298867663011928e-03
9.725000000000000000e+01 1.397446809048479574e-03
9.750000000000000000e+01 1.375009423095479395e-03
9.775000000000000000e+01 1.352978280832733493e-03
9.800000000000000000e+01 1.331345039390844590e-03
9.825000000000000000e+01 1.309868246455497777e-03
9.850000000000000000e+01 1.289011035835991789e-03
9.875000000000000000e+01 1.268528338259721768e-03
9.900000000000000000e+01 1.248412670550869347e-03
9.925000000000000000e+01 1.228656628810040558e-03
9.950000000000000000e+01 1.209252802328557828e-03
9.975000000000000000e+01 1.190194328446236242e-03
1.000000000000000000e+02 1.171474325585133546e-03
