5.000000000000000000e-01 3.971622888897677660e+08
7.500000000000000000e-01 1.085488241143169999e+08
1.000000000000000000e+00 3.549134304892831296e+07
1.250000000000000000e+00 1.382154121823746525e+07
1.500000000000000000e+00 6.139211303602645174e+06
1.750000000000000000e+00 3.100847557062549517e+06
2.000000000000000000e+00 1.714909483096957905e+06
2.250000000000000000e+00 1.010495936383198830e+06
2.500000000000000000e+00 6.259927161584185669e+05
2.750000000000000000e+00 4.039242651937625487e+05
3.000000000000000000e+00 2.709091094715155778e+05
3.250000000000000000e+00 1.874851974373713892e+05
3.500000000000000000e+00 1.330489537453622615e+05
3.750000000000000000e+00 9.662041889690584503e+04
4.000000000000000000e+00 7.143784175867203157e+04
4.250000000000000000e+00 5.378845489836536581e+04
4.500000000000000000e+00 4.112689575549587607e+04
4.750000000000000000e+00 3.187294413674114185e+04
5.000000000000000000e+00 2.500732134704414057e+04
5.250000000000000000e+00 1.984091353578435155e+04
5.500000000000000000e+00 1.588869748675550545e+04
5.750000000000000000e+00 1.284498372640299931e+04
6.000000000000000000e+00 1.047792797976254587e+04
6.250000000000000000e+00 8.604746670090120460e+03
6.500000000000000000e+00 7.123923294808047103e+03
6.750000000000000000e+00 5.937135245247891362e+03
7.000000000000000000e+00 4.978517252272346923e+03
7.250000000000000000e+00 4.195743365763329166e+03
7.500000000000000000e+00 3.557667790461118784e+03
7.750000000000000000e+00 3.032418551418910738e+03
8.000000000000000000e+00 2.601021513593121654e+03
8.250000000000000000e+00 2.236045458114537723e+03
8.500000000000000000e+00 1.931512691108815716e+03
8.750000000000000000e+00 1.674841384417729842e+03
9.000000000000000000e+00 1.457786938646786666e+03
9.250000000000000000e+00 1.273318168316698120e+03
9.500000000000000000e+00 1.115940874611844492e+03
9.750000000000000000e+00 9.811486283400386128e+02
1.000000000000000000e+01 8.652521664881735433e+02
1.025000000000000000e+01 7.652338102793481767e+02
1.050000000000000000e+01 6.786312519463983790e+02
1.075000000000000000e+01 6.034064947319166095e+02
1.100000000000000000e+01 5.378727112835802018e+02
1.125000000000000000e+01 4.803914271867682828e+02
1.150000000000000000e+01 4.302330724988269139e+02
1.175000000000000000e+01 3.861670926678350497e+02
1.200000000000000000e+01 3.473622657522545296e+02
1.225000000000000000e+01 3.130941311651836827e+02
1.250000000000000000e+01 2.827616896803610302e+02
1.275000000000000000e+01 2.558482858893617617e+02
1.300000000000000000e+01 2.319156682447133733e+02
1.325000000000000000e+01 2.105905899622548816e+02
1.350000000000000000e+01 1.915412596650554065e+02
1.375000000000000000e+01 1.744950911553451363e+02
1.400000000000000000e+01 1.591673468633226491e+02
1.425000000000000000e+01 1.454517047636064433e+02
1.450000000000000000e+01 1.331120141972852196e+02
1.475000000000000000e+01 1.219912937269775597e+02
1.500000000000000000e+01 1.119528722245192114e+02
1.525000000000000000e+01 1.028759104560539583e+02
1.550000000000000000e+01 9.460322702583488308e+01
1.575000000000000000e+01 8.715271769934449253e+01
1.600000000000000000e+01 8.038561344894195315e+01
1.625000000000000000e+01 7.423021412741822189e+01
1.650000000000000000e+01 6.862393601827052692e+01
1.675000000000000000e+01 6.351085883500854123e+01
1.700000000000000000e+01 5.884130766699168902e+01
1.725000000000000000e+01 5.457158433829546595e+01
1.750000000000000000e+01 5.066278951440340705e+01
1.775000000000000000e+01 4.707991043753749949e+01
1.800000000000000000e+01 4.379222143912439691e+01
1.825000000000000000e+01 4.077173881035440672e+01
1.850000000000000000e+01 3.799406616931337055e+01
1.875000000000000000e+01 3.543694555998133211e+01
1.900000000000000000e+01 3.308032231782221544e+01
1.925000000000000000e+01 3.090615759513150707e+01
1.950000000000000000e+01 2.889852008380782422e+01
1.975000000000000000e+01 2.704232861484251771e+01
2.000000000000000000e+01 2.532483527956316749e+01
2.025000000000000000e+01 2.373446553907857393e+01
2.050000000000000000e+01 2.224975276302784621e+01
2.075000000000000000e+01 2.088307455999732554e+01
2.100000000000000000e+01 1.961405044616558158e+01
2.125000000000000000e+01 1.843489837071364690e+01
2.150000000000000000e+01 1.733913100348546621e+01
2.175000000000000000e+01 1.631853344305438114e+01
2.200000000000000000e+01 1.536804535123248883e+01
2.225000000000000000e+01 1.448201266043681201e+01
2.250000000000000000e+01 1.365565517041904187e+01
2.275000000000000000e+01 1.288419426908656185e+01
2.300000000000000000e+01 1.216355805308531934e+01
2.325000000000000000e+01 1.148981514195541997e+01
2.350000000000000000e+01 1.085967065665202291e+01
2.375000000000000000e+01 1.026980855852554875e+01
2.400000000000000000e+01 9.717295817707199745e+00
2.425000000000000000e+01 9.199567823499863906e+00
2.450000000000000000e+01 8.713868041660701280e+00
2.475000000000000000e+01 8.258112644160327420e+00
2.500000000000000000e+01 7.830154239879109745e+00
2.525000000000000000e+01 7.428063086959731720e+00
2.550000000000000000e+01 7.050019043626136295e+00
2.575000000000000000e+01 6.694345573670358540e+00
2.600000000000000000e+01 6.359612583966009147e+00
2.625000000000000000e+01 6.044384316616752351e+00
2.650000000000000000e+01 5.747354943334386235e+00
2.675000000000000000e+01 5.467372164705784243e+00
2.700000000000000000e+01 5.203250378204611337e+00
2.725000000000000000e+01 4.953968472079864682e+00
2.750000000000000000e+01 4.718628284696604780e+00
2.775000000000000000e+01 4.496347637541918019e+00
2.800000000000000000e+01 4.286245274815993156e+00
2.825000000000000000e+01 4.086051469489069277e+00
2.850000000000000000e+01 3.898196526967566466e+00
2.875000000000000000e+01 3.720399555239197742e+00
2.900000000000000000e+01 3.552044652711564332e+00
2.925000000000000000e+01 3.392570255415982672e+00
2.950000000000000000e+01 3.241432192525688816e+00
2.975000000000000000e+01 3.098136737011250919e+00
3.000000000000000000e+01 2.962227236986896717e+00
3.025000000000000000e+01 2.833266582268517908e+00
3.050000000000000000e+01 2.710839215037928795e+00
3.075000000000000000e+01 2.594581921914758560e+00
3.100000000000000000e+01 2.484134139385097750e+00
3.125000000000000000e+01 2.379168982020064771e+00
3.150000000000000000e+01 2.279371099187440297e+00
3.175000000000000000e+01 2.184283433297717458e+00
3.200000000000000000e+01 2.093978576363118016e+00
3.225000000000000000e+01 2.008028829060903409e+00
3.250000000000000000e+01 1.926191537302599510e+00
3.275000000000000000e+01 1.848240295367928443e+00
3.300000000000000000e+01 1.773964818418655609e+00
3.325000000000000000e+01 1.703167998132742778e+00
3.350000000000000000e+01 1.635632458327501704e+00
3.375000000000000000e+01 1.571293968620288251e+00
3.400000000000000000e+01 1.509860934236704422e+00
3.425000000000000000e+01 1.451226018790012340e+00
3.450000000000000000e+01 1.395247998686933943e+00
3.475000000000000000e+01 1.341785356872310597e+00
3.500000000000000000e+01 1.290199634608434343e+00
3.525000000000000000e+01 1.240764100682784754e+00
3.550000000000000000e+01 1.194155972987374081e+00
3.575000000000000000e+01 1.149085739648061377e+00
3.600000000000000000e+01 1.106471327745269129e+00
3.625000000000000000e+01 1.065697564059468361e+00
3.650000000000000000e+01 1.026672833418759812e+00
3.675000000000000000e+01 9.893120797672319000e-01
3.700000000000000000e+01 9.535103196563269323e-01
3.725000000000000000e+01 9.192395205712894368e-01
3.750000000000000000e+01 8.861261361241967727e-01
3.775000000000000000e+01 8.546656547623542322e-01
3.800000000000000000e+01 8.245039286522891642e-01
3.825000000000000000e+01 7.955812430161854909e-01
3.850000000000000000e+01 7.678073123565144487e-01
3.875000000000000000e+01 7.411877407342893909e-01
3.900000000000000000e+01 7.156367455274299516e-01
3.925000000000000000e+01 6.911396058671449572e-01
3.950000000000000000e+01 6.675653036024944420e-01
3.975000000000000000e+01 6.449535289454794151e-01
4.000000000000000000e+01 6.232338786638671468e-01
4.025000000000000000e+01 6.023657269543651882e-01
4.050000000000000000e+01 5.823109509665640449e-01
4.075000000000000000e+01 5.630335968615924891e-01
4.100000000000000000e+01 5.445004575389612578e-01
4.125000000000000000e+01 5.266778042199727894e-01
4.150000000000000000e+01 5.095341359147754767e-01
4.175000000000000000e+01 4.929852364473848447e-01
4.200000000000000000e+01 4.771150144397154347e-01
4.225000000000000000e+01 4.618395640394947765e-01
4.250000000000000000e+01 4.471323730488955261e-01
4.275000000000000000e+01 4.329713811151091329e-01
4.300000000000000000e+01 4.193315941587282825e-01
4.325000000000000000e+01 4.061913619065742886e-01
4.350000000000000000e+01 3.935300292084946694e-01
4.375000000000000000e+01 3.813273012011086927e-01
4.400000000000000000e+01 3.695649500703639401e-01
4.425000000000000000e+01 3.582248473929682264e-01
4.450000000000000000e+01 3.472899595243152948e-01
4.475000000000000000e+01 3.367441604982487346e-01
4.500000000000000000e+01 3.265719816891992644e-01
4.525000000000000000e+01 3.166709950876171464e-01
4.550000000000000000e+01 3.072015556473768894e-01
4.575000000000000000e+01 2.980615805156026088e-01
4.600000000000000000e+01 2.892377677141469983e-01
4.625000000000000000e+01 2.807178733850249075e-01
4.650000000000000000e+01 2.724902940256870298e-01
4.675000000000000000e+01 2.645431725536999679e-01
4.700000000000000000e+01 2.568654212109867663e-01
4.725000000000000000e+01 2.494467540632678004e-01
4.750000000000000000e+01 2.422779154968363879e-01
4.775000000000000000e+01 2.353480743627393013e-01
4.800000000000000000e+01 2.285931602109469440e-01
4.825000000000000000e+01 2.221164961800987103e-01
4.850000000000000000e+01 2.158527117004437057e-01
4.875000000000000000e+01 2.097950459890009223e-01
4.900000000000000000e+01 2.039350427045747149e-01
4.925000000000000000e+01 1.982654287997926423e-01
4.950000000000000000e+01 1.927791692092195308e-01
4.975000000000000000e+01 1.874694733074130926e-01
5.000000000000000000e+01 1.823298032054040396e-01
5.025000000000000000e+01 1.773540134151255221e-01
5.050000000000000000e+01 1.725360714011421326e-01
5.075000000000000000e+01 1.678703510513238351e-01
5.100000000000000000e+01 1.633513640940897349e-01
5.125000000000000000e+01 1.589807627411976287e-01
5.150000000000000000e+01 1.547393479636728630e-01
5.175000000000000000e+01 1.506294625417194111e-01
5.200000000000000000e+01 1.466464567232652616e-01
5.225000000000000000e+01 1.427858922095792960e-01
5.250000000000000000e+01 1.390401648102873589e-01
5.275000000000000000e+01 1.354038689815765251e-01
5.300000000000000000e+01 1.318858926316681113e-01
5.325000000000000000e+01 1.284741493857203543e-01
5.350000000000000000e+01 1.251726445099880791e-01
5.375000000000000000e+01 1.219624609840635893e-01
5.400000000000000000e+01 1.188478965709860169e-01
5.425000000000000000e+01 1.158258017221662217e-01
5.450000000000000000e+01 1.128930250714360317e-01
5.475000000000000000e+01 1.100465227673837754e-01
5.500000000000000000e+01 1.072769782915043574e-01
5.525000000000000000e+01 1.045949104016846154e-01
5.550000000000000000e+01 1.019905404380917618e-01
5.575000000000000000e+01 9.946157499812069425e-02
5.600000000000000000e+01 9.700551600152769460e-02
5.625000000000000000e+01 9.462003663722025337e-02
5.650000000000000000e+01 9.230273551731721371e-02
5.675000000000000000e+01 9.005138407728902061e-02
5.700000000000000000e+01 8.786386121317249498e-02
5.725000000000000000e+01 8.571671501948655014e-02
5.750000000000000000e+01 8.365110752532799177e-02
5.775000000000000000e+01 8.164332980099045511e-02
5.800000000000000000e+01 7.969146646390021238e-02
5.825000000000000000e+01 7.779387848180482901e-02
5.850000000000000000e+01 7.594893795131060776e-02
5.875000000000000000e+01 7.415475831184605016e-02
5.900000000000000000e+01 7.240984242239927038e-02
5.925000000000000000e+01 7.071264515523416339e-02
5.950000000000000000e+01 6.906168030568549110e-02
5.975000000000000000e+01 6.743637396190534095e-02
6.000000000000000000e+01 6.587424847416221974e-02
6.025000000000000000e+01 6.435422962783067524e-02
6.050000000000000000e+01 6.287496958641038136e-02
6.075000000000000000e+01 6.143523397920308549e-02
6.100000000000000000e+01 6.003382960178638844e-02
6.125000000000000000e+01 5.866744358043183422e-02
6.150000000000000000e+01 5.733926293605415975e-02
6.175000000000000000e+01 5.604604095189121699e-02
6.200000000000000000e+01 5.478669445615741429e-02
6.225000000000000000e+01 5.356021238466428247e-02
6.250000000000000000e+01 5.236562479674688325e-02
6.275000000000000000e+01 5.120198751373469109e-02
6.300000000000000000e+01 5.006839753034587198e-02
6.325000000000000000e+01 4.896399536449456968e-02
6.350000000000000000e+01 4.788796142514713250e-02
6.375000000000000000e+01 4.683944316322925794e-02
6.400000000000000000e+01 4.581760733300315608e-02
6.425000000000000000e+01 4.480981777657493809e-02
6.450000000000000000e+01 4.383926342100465806e-02
6.475000000000000000e+01 4.289309226844435774e-02
6.500000000000000000e+01 4.197062301206461177e-02
6.525000000000000000e+01 4.107119533505509262e-02
6.550000000000000000e+01 4.019504998028922832e-02
6.575000000000000000e+01 3.933859385627338362e-02
6.600000000000000000e+01 3.850441663421310529e-02
6.625000000000000000e+01 3.767938186512188176e-02
6.650000000000000000e+01 3.688740180223842868e-02
6.675000000000000000e+01 3.611346389125031503e-02
6.700000000000000000e+01 3.535836999105318457e-02
6.725000000000000000e+01 3.462160266094124056e-02
6.750000000000000000e+01 3.390265252963442499e-02
6.775000000000000000e+01 3.320103450104640308e-02
6.800000000000000000e+01 3.251627347609702123e-02
6.825000000000000000e+01 3.184790583471754782e-02
6.850000000000000000e+01 3.119548964421913970e-02
6.875000000000000000e+01 3.055986358423089244e-02
6.900000000000000000e+01 2.993621511525336454e-02
6.925000000000000000e+01 2.932910612875866060e-02
6.950000000000000000e+01 2.873629230951576033e-02
6.975000000000000000e+01 2.815735253411461025e-02
7.000000000000000000e+01 2.759194281789621728e-02
7.025000000000000000e+01 2.703970584225166493e-02
7.050000000000000000e+01 2.650029406605300744e-02
7.075000000000000000e+01 2.597335432077991363e-02
7.100000000000000000e+01 2.545857651391086884e-02
7.125000000000000000e+01 2.495564354683828603e-02
7.150000000000000000e+01 2.446424325437356051e-02
7.175000000000000000e+01 2.398407435412821392e-02
7.200000000000000000e+01 2.351484536911715995e-02
7.225000000000000000e+01 2.305626614021327042e-02
7.250000000000000000e+01 2.260803238211206087e-02
7.275000000000000000e+01 2.216989383525804977e-02
7.300000000000000000e+01 2.173962595716724677e-02
7.325000000000000000e+01 2.131929815486143659e-02
7.350000000000000000e+01 2.091003243251026919e-02
7.375000000000000000e+01 2.050988285174890069e-02
7.400000000000000000e+01 2.011861556024713282e-02
7.425000000000000000e+01 1.973599726854070868e-02
7.450000000000000000e+01 1.936180636070228625e-02
7.475000000000000000e+01 1.899585892746029694e-02
7.500000000000000000e+01 1.863793800866121730e-02
7.525000000000000000e+01 1.828784085581262875e-02
7.550000000000000000e+01 1.794537056044894982e-02
7.575000000000000000e+01 1.761034035751847873e-02
7.600000000000000000e+01 1.728256286974320238e-02
7.625000000000000000e+01 1.696186430788266392e-02
7.650000000000000000e+01 1.664807049526012897e-02
7.675000000000000000e+01 1.634100825894394676e-02
7.700000000000000000e+01 1.604051131489507218e-02
7.725000000000000000e+01 1.574642151109166208e-02
7.750000000000000000e+01 1.545856227449487683e-02
7.775000000000000000e+01 1.517680421690687474e-02
7.800000000000000000e+01 1.490099953639851746e-02
7.825000000000000000e+01 1.463100548871913882e-02
7.850000000000000000e+01 1.436668384703817039e-02
7.875000000000000000e+01 1.410789318687268035e-02
7.900000000000000000e+01 1.385449776181355529e-02
7.925000000000000000e+01 1.360637010603524613e-02
7.950000000000000000e+01 1.336340932653591954e-02
7.975000000000000000e+01 1.312548098513056580e-02
8.000000000000000000e+01 1.289246235047960751e-02
8.025000000000000000e+01 1.266424193795268743e-02
8.050000000000000000e+01 1.244070475360594362e-02
8.075000000000000000e+01 1.222173987039792617e-02
8.100000000000000000e+01 1.200724009080385811e-02
8.125000000000000000e+01 1.179710345066910422e-02
8.150000000000000000e+01 1.159123563357965063e-02
8.175000000000000000e+01 1.138953298377642226e-02
8.200000000000000000e+01 1.119189593543096391e-02
8.225000000000000000e+01 1.099823137988935849e-02
8.250000000000000000e+01 1.080845012978211457e-02
8.275000000000000000e+01 1.062246432616559787e-02
8.300000000000000000e+01 1.043646556966290259e-02
8.325000000000000000e+01 1.025782074138926678e-02
8.350000000000000000e+01 1.008271920971972983e-02
8.375000000000000000e+01 9.911080673235504734e-03
8.400000000000000000e+01 9.742825037395754992e-03
8.425000000000000000e+01 9.577878613625506049e-03
8.450000000000000000e+01 9.416170589569739999e-03
8.475000000000000000e+01 9.257625767625024538e-03
8.500000000000000000e+01 9.102173615571640397e-03
8.525000000000000000e+01 8.949746472047975104e-03
8.550000000000000000e+01 8.800265355132704317e-03
8.575000000000000000e+01 8.653674029146607091e-03
8.600000000000000000e+01 8.509909195112474317e-03
8.625000000000000000e+01 8.368911173780678794e-03
8.650000000000000000e+01 8.230619248379479960e-03
8.675000000000000000e+01 8.094974179424110558e-03
8.700000000000000000e+01 7.961919076274982451e-03
8.725000000000000000e+01 7.831397326365127989e-03
8.750000000000000000e+01 7.703353675639412063e-03
8.775000000000000000e+01 7.577738037508646024e-03
8.800000000000000000e+01 7.454494282097641131e-03
8.825000000000000000e+01 7.333567665070207277e-03
8.850000000000000000e+01 7.214911984691572272e-03
8.875000000000000000e+01 7.098481985443055517e-03
8.900000000000000000e+01 6.984226168441897212e-03
8.925000000000000000e+01 6.872098240473688800e-03
8.950000000000000000e+01 6.762052541893441744e-03
8.975000000000000000e+01 6.654048375060049071e-03
9.000000000000000000e+01 6.548041654157513852e-03
9.025000000000000000e+01 6.443994456702719677e-03
9.050000000000000000e+01 6.341863287513107607e-03
9.075000000000000000e+01 6.241606744760940656e-03
9.100000000000000000e+01 6.143184672633751099e-03
9.125000000000000000e+01 6.046559708759053145e-03
9.150000000000000000e+01 5.951699001411686271e-03
9.175000000000000000e+01 5.858564326817116905e-03
9.200000000000000000e+01 5.767123785870640999e-03
9.225000000000000000e+01 5.677334942282757056e-03
9.250000000000000000e+01 5.589164339724335233e-03
9.275000000000000000e+01 5.502579076469819690e-03
9.300000000000000000e+01 5.417546123726912910e-03
9.325000000000000000e+01 5.334033666044816699e-03
9.350000000000000000e+01 5.252011074219883717e-03
9.375000000000000000e+01 5.171449163576522824e-03
9.400000000000000000e+01 5.092316507236854459e-03
9.425000000000000000e+01 5.014584430534130798e-03
9.450000000000000000e+01 4.938215389361841519e-03
9.475000000000000000e+01 4.863188724960759018e-03
9.500000000000000000e+01 4.789481296754325920e-03
9.525000000000000000e+01 4.717066316471084375e-03
9.550000000000000000e+01 4.645917697283286074e-03
9.575000000000000000e+01 4.576006930993272576e-03
9.600000000000000000e+01 4.507128590798381573e-03
9.625000000000000000e+01 4.439626825428093400e-03
9.650000000000000000e+01 4.373294410915272955e-03
9.675000000000000000e+01 4.308108730832032642e-03
9.700000000000000000e+01 4.244046801884639002e-03
9.725000000000000000e+01 4.181086476941995971e-03
9.750000000000000000e+01 4.119205907087726895e-03
9.775000000000000000e+01 4.058383514209787206e-03
9.800000000000000000e+01 3.998599860183324126e-03
9.825000000000000000e+01 3.939833927668317387e-03
9.850000000000000000e+01 3.882066632924354842e-03
9.875000000000000000e+01 3.825278444390821115e-03
9.900000000000000000e+01 3.769451390819997944e-03
9.925000000000000000e+01 3.714566365136000303e-03
9.950000000000000000e+01 3.660604533198170540e-03
9.975000000000000000e+01 3.607548800323140143e-03
1.000000000000000000e+02 3.555382489283097271e-03
