5.000000000000000000e-01 7.096401673571439087e+07 1.875390155155415460e+07 2.685250137110494971e+08
7.500000000000000000e-01 3.061782554060245678e+07 1.040332714867556095e+07 9.011071433566464484e+07
1.000000000000000000e+00 1.077991019625315070e+07 4.273265181169946678e+06 2.719383396830695122e+07
1.250000000000000000e+00 4.385431531109692529e+06 1.931588124485849170e+06 9.956578977814065292e+06
1.500000000000000000e+00 2.038948846465586917e+06 9.699118771675609751e+05 4.286278471652465872e+06
1.750000000000000000e+00 1.055581585910503054e+06 5.325640631312906044e+05 2.092241218759518815e+06
2.000000000000000000e+00 5.925374255186317023e+05 3.131837529764627689e+05 1.121069012371899327e+06
2.250000000000000000e+00 3.541410479801442125e+05 1.943793485081919644e+05 6.452119673566519050e+05
2.500000000000000000e+00 2.222734395342078060e+05 1.258734776831912459e+05 3.925011275744277518e+05
2.750000000000000000e+00 1.457155064798519306e+05 8.471920918904092105e+04 2.506280338535835035e+05
3.000000000000000000e+00 9.881555811526258185e+04 5.875722656742492109e+04 1.661840610265341529e+05
3.250000000000000000e+00 6.891729341897560516e+04 4.178278084304790536e+04 1.136734615639506228e+05
3.500000000000000000e+00 4.933007170152391336e+04 3.041879276961898722e+04 7.999844019148334337e+04
3.750000000000000000e+00 3.605023181830569229e+04 2.256422474736223739e+04 5.759644874595152942e+04
4.000000000000000000e+00 2.685409873334053918e+04 1.587284401644260106e+04 4.543247687893699913e+04
4.250000000000000000e+00 2.034607766450159033e+04 1.218821201827339610e+04 3.396420046757384989e+04
4.500000000000000000e+00 1.564896005300689467e+04 9.533668239871114565e+03 2.568685469003862090e+04
4.750000000000000000e+00 1.219639088335829365e+04 7.564017779010918275e+03 1.966573254129980705e+04
5.000000000000000000e+00 9.617465923975205442e+03 6.073837583731718041e+03 1.522853542323330475e+04
5.250000000000000000e+00 7.666715259552366661e+03 4.922774451401925944e+03 1.194012105395443177e+04
5.500000000000000000e+00 6.166560206901997844e+03 4.019930918859262420e+03 9.459482153523671514e+03
5.750000000000000000e+00 5.010663585307255744e+03 3.315147484154023914e+03 7.573343172553009026e+03
6.000000000000000000e+00 4.102606377450379114e+03 2.752844230178780890e+03 6.114177803370816036e+03
6.250000000000000000e+00 3.384580277786660645e+03 2.299540311562134775e+03 4.981597234536194264e+03
6.500000000000000000e+00 2.812212261795342783e+03 1.933099524936603302e+03 4.091117763660637593e+03
6.750000000000000000e+00 2.351885514277483708e+03 1.635496044680859086e+03 3.382072057133969793e+03
7.000000000000000000e+00 1.979080417106048117e+03 1.389960021183934032e+03 2.817893491667803119e+03
7.250000000000000000e+00 1.674617746495637448e+03 1.187581675199162191e+03 2.361390930360917991e+03
7.500000000000000000e+00 1.424558228474548741e+03 1.019401902271490599e+03 1.990741965256875574e+03
7.750000000000000000e+00 1.217885971219975772e+03 8.786450227613873949e+02 1.688106346101987810e+03
8.000000000000000000e+00 1.045999211326986597e+03 7.601125755421111307e+02 1.439410931093143972e+03
8.250000000000000000e+00 9.022806726506252062e+02 6.602917580979175227e+02 1.232955587063585199e+03
8.500000000000000000e+00 7.814856420391193979e+02 5.754362268838575574e+02 1.061316233113280305e+03
8.750000000000000000e+00 6.791735500583596377e+02 5.031621509201820572e+02 9.167555831759068496e+02
9.000000000000000000e+00 5.926640195796500166e+02 4.419377448429191872e+02 7.947966522505450939e+02
9.250000000000000000e+00 5.189422441959302432e+02 3.891175912514940478e+02 6.920814141169324785e+02
9.500000000000000000e+00 4.558561216512338206e+02 3.438367451133787540e+02 6.043705525957725513e+02
9.750000000000000000e+00 4.016834104726619330e+02 3.049068977988382585e+02 5.291764909674135424e+02
1.000000000000000000e+01 3.549928964892950489e+02 2.708974149554746873e+02 4.651943857735677739e+02
1.025000000000000000e+01 3.146022030996761600e+02 2.412228946767076820e+02 4.103032853818365311e+02
1.050000000000000000e+01 2.795512229429996864e+02 2.152728297237198376e+02 3.630225251798967747e+02
1.075000000000000000e+01 2.490173643639538739e+02 1.925348524109495827e+02 3.220697290816508485e+02
1.100000000000000000e+01 2.223695324103990458e+02 1.725947713771777501e+02 2.864988814542852538e+02
1.125000000000000000e+01 1.989447607878118731e+02 1.549643550444677089e+02 2.554072375777146533e+02
1.150000000000000000e+01 1.784655109285917547e+02 1.395267146771791431e+02 2.282712573337229855e+02
1.175000000000000000e+01 1.604378285774278652e+02 1.258522205899785433e+02 2.045279512588099351e+02
1.200000000000000000e+01 1.445304796131725027e+02 1.137184221153636372e+02 1.836910779154357556e+02
1.225000000000000000e+01 1.304621922175682016e+02 1.029291066239389494e+02 1.653602577199010000e+02
1.250000000000000000e+01 1.179841985266841817e+02 9.333035772918331929e+01 1.491505169451559993e+02
1.275000000000000000e+01 1.068952130100629745e+02 8.477447669170813072e+01 1.347880519041219998e+02
1.300000000000000000e+01 9.701979108069009783e+01 7.712520453149942057e+01 1.220462223538917073e+02
1.325000000000000000e+01 8.820680314852998549e+01 7.028503785067654519e+01 1.106983841740739365e+02
1.350000000000000000e+01 8.030544924876093660e+01 6.412422325831226999e+01 1.005698759588382956e+02
1.375000000000000000e+01 7.324880336090539856e+01 5.862787104305056829e+01 9.151598204657254598e+01
1.400000000000000000e+01 6.691520669011838152e+01 5.364171026430042133e+01 8.347319398131162416e+01
1.425000000000000000e+01 6.118863416442042791e+01 4.913612933386360027e+01 7.619747427534871065e+01
1.450000000000000000e+01 5.606056178259292722e+01 4.508999393012248191e+01 6.970031072193984301e+01
1.475000000000000000e+01 5.143139839313971606e+01 4.142875478638838871e+01 6.384910080722347914e+01
1.500000000000000000e+01 4.724871009227933882e+01 3.812305114831134034e+01 5.855881253311345347e+01
1.525000000000000000e+01 4.346270166047328587e+01 3.512495404372015884e+01 5.377961301461218113e+01
1.550000000000000000e+01 4.003111533896152707e+01 3.239136482922327787e+01 4.947275929032434050e+01
1.575000000000000000e+01 3.691465223070485280e+01 2.990331325278376084e+01 4.556991855031404981e+01
1.600000000000000000e+01 3.407995237770771269e+01 2.762870255364095584e+01 4.203755684190709729e+01
1.625000000000000000e+01 3.149919551784229910e+01 2.556383711439185191e+01 3.881261306084097384e+01
1.650000000000000000e+01 2.914594006161190620e+01 2.367696598770097438e+01 3.587815358252996845e+01
1.675000000000000000e+01 2.699735402131991080e+01 2.195161665290770969e+01 3.320289050583133417e+01
1.700000000000000000e+01 2.503339739403442010e+01 2.036138539951511106e+01 3.077742367680801294e+01
1.725000000000000000e+01 2.322466934588694443e+01 1.890465982811101497e+01 2.853186839277165632e+01
1.750000000000000000e+01 2.157819676403974896e+01 1.757823608136659388e+01 2.648835602345697282e+01
1.775000000000000000e+01 2.006755852451890831e+01 1.636183454479530397e+01 2.461257654405828887e+01
1.800000000000000000e+01 1.867987547805629944e+01 1.524604091492622615e+01 2.288710556548952724e+01
1.825000000000000000e+01 1.740383265233592169e+01 1.421514900658733538e+01 2.130778867320718462e+01
1.850000000000000000e+01 1.622427568988351609e+01 1.326126095341853706e+01 1.984932824909757798e+01
1.875000000000000000e+01 1.514260041164383885e+01 1.238510245862728887e+01 1.851404524045662114e+01
1.900000000000000000e+01 1.414482540453390591e+01 1.157681619059270872e+01 1.728247926120906186e+01
1.925000000000000000e+01 1.322356078588234851e+01 1.082908792211509486e+01 1.614748731523567926e+01
1.950000000000000000e+01 1.237198777975432051e+01 1.013756114459691737e+01 1.509890588467334460e+01
1.975000000000000000e+01 1.158460976193207514e+01 9.493071229005529688e+00 1.413696159007022501e+01
2.000000000000000000e+01 1.085271173771756636e+01 8.886049144270060651e+00 1.325463658255152666e+01
2.025000000000000000e+01 1.017678566939788887e+01 8.335867908163827167e+00 1.242425716216457054e+01
2.050000000000000000e+01 9.549831352698948450e+00 7.825510635464007159e+00 1.165409940811922951e+01
2.075000000000000000e+01 8.967791969069567770e+00 7.351291789367946805e+00 1.093974978884944349e+01
2.100000000000000000e+01 8.427027070500550110e+00 6.910474325416986474e+00 1.027639810276901144e+01
2.125000000000000000e+01 7.923716791370613244e+00 6.504813395589402525e+00 9.652127428039712242e+00
2.150000000000000000e+01 7.455760386098059023e+00 6.122436285562242730e+00 9.079451437656606672e+00
2.175000000000000000e+01 7.019888443235300812e+00 5.766209912738168519e+00 8.546139405470892569e+00
2.200000000000000000e+01 6.613614420500686819e+00 5.431796843007378861e+00 8.052564734515645029e+00
2.225000000000000000e+01 6.234684321874452095e+00 5.122181398891010318e+00 7.588815304714318977e+00
2.250000000000000000e+01 5.880983175966107979e+00 4.833010354741232639e+00 7.156194706280160744e+00
2.275000000000000000e+01 5.549672479263636049e+00 4.561896115685497577e+00 6.751329676534769675e+00
2.300000000000000000e+01 5.241029339772063089e+00 4.309273929452678509e+00 6.374249813318400903e+00
2.325000000000000000e+01 4.952324636006100178e+00 4.072926106674656488e+00 6.021596920258597940e+00
2.350000000000000000e+01 4.682086841814149025e+00 3.851460135036877119e+00 5.691850993046639218e+00
2.375000000000000000e+01 4.428961957606432520e+00 3.643962524329212638e+00 5.383069636682363601e+00
2.400000000000000000e+01 4.191703107791273197e+00 3.449317880145785775e+00 5.093869441550108235e+00
2.425000000000000000e+01 3.969184327144902547e+00 3.266739228480605828e+00 4.822675800229172083e+00
2.450000000000000000e+01 3.760367306183270308e+00 3.100390588923303881e+00 4.560832537658636276e+00
2.475000000000000000e+01 3.563536578193228888e+00 2.938559879768649630e+00 4.321434125453611941e+00
2.500000000000000000e+01 3.379393136247285323e+00 2.787740354368025919e+00 4.096614647566135581e+00
2.525000000000000000e+01 3.206298634983831608e+00 2.645343272322355777e+00 3.886206771068326127e+00
2.550000000000000000e+01 3.043498192548444337e+00 2.511385343586259200e+00 3.688355222627145658e+00
2.575000000000000000e+01 2.890291501092046467e+00 2.385250450172959447e+00 3.502267428847635422e+00
2.600000000000000000e+01 2.746032658118142233e+00 2.266457495987633131e+00 3.327084391743888148e+00
2.625000000000000000e+01 2.610122255440618932e+00 2.154521531600029238e+00 3.162065492697594848e+00
2.650000000000000000e+01 2.481093561267957881e+00 2.048238840299813290e+00 3.005423556397481377e+00
2.675000000000000000e+01 2.361154494398333359e+00 1.949441432893438408e+00 2.859819460255719203e+00
2.700000000000000000e+01 2.245711327014878300e+00 1.854361156086701712e+00 2.719653260493085423e+00
2.725000000000000000e+01 2.137315410128253212e+00 1.765028848048616927e+00 2.588126062314578313e+00
2.750000000000000000e+01 2.035789432212983474e+00 1.681704994886760618e+00 2.464426653254444322e+00
2.775000000000000000e+01 1.939853744672038083e+00 1.602645372837181670e+00 2.348013237673652664e+00
2.800000000000000000e+01 1.849160100562478704e+00 1.527856568820794125e+00 2.238032775649442918e+00
2.825000000000000000e+01 1.763344161164522639e+00 1.457080641024957712e+00 2.133981155995438694e+00
2.850000000000000000e+01 1.682169374531910622e+00 1.390109571699695845e+00 2.035590475902697705e+00
2.875000000000000000e+01 1.605333704353099078e+00 1.326736304750500972e+00 1.942432940972907529e+00
2.900000000000000000e+01 1.532570283124965016e+00 1.266706549151213723e+00 1.854235043066276623e+00
2.925000000000000000e+01 1.463630296751979198e+00 1.209820884258610230e+00 1.770686614393382374e+00
2.950000000000000000e+01 1.398175951927915772e+00 1.155399170222065175e+00 1.691965896231175881e+00
2.975000000000000000e+01 1.336215873304123614e+00 1.103815405235126335e+00 1.617546603899384872e+00
3.000000000000000000e+01 1.277385502792371064e+00 1.055271057659569633e+00 1.546250805326748079e+00
3.025000000000000000e+01 1.221603663932909978e+00 1.009594662052518910e+00 1.478133322040761755e+00
3.050000000000000000e+01 1.168606490969524403e+00 9.658333321875594013e-01 1.413951129273001150e+00
3.075000000000000000e+01 1.118278161872281462e+00 9.242627313943818645e-01 1.353020093576446481e+00
3.100000000000000000e+01 1.070496404293541426e+00 8.845961532569651675e-01 1.295464091027436426e+00
3.125000000000000000e+01 1.024837247281924046e+00 8.469059091254935723e-01 1.240151204637256255e+00
3.150000000000000000e+01 9.816624524316792666e-01 8.112559158314825991e-01 1.187863350773215920e+00
3.175000000000000000e+01 9.405409387566826540e-01 7.776251891558615403e-01 1.137588223495671347e+00
3.200000000000000000e+01 9.014642445385555591e-01 7.453182935423293687e-01 1.090323142773250709e+00
3.225000000000000000e+01 8.642655445366478340e-01 7.145644405482254324e-01 1.045328999159477412e+00
3.250000000000000000e+01 8.288336655028704092e-01 6.852610730050857635e-01 1.002486894605533196e+00
3.275000000000000000e+01 7.950594119280898209e-01 6.575892939361958067e-01 9.612678830455122503e-01
3.300000000000000000e+01 7.628688370978905509e-01 6.309599847841818043e-01 9.223546288979779240e-01
3.325000000000000000e+01 7.322129433977907498e-01 6.056000400077666823e-01 8.852968280391469991e-01
3.350000000000000000e+01 7.029814339292106418e-01 5.812836306489178595e-01 8.501579442336720804e-01
3.375000000000000000e+01 6.750992212608044607e-01 5.582187074132642923e-01 8.164523196631853219e-01
3.400000000000000000e+01 6.484952468915531343e-01 5.362355930355674483e-01 7.842561939245282776e-01
3.425000000000000000e+01 6.231008828808994870e-01 5.152236903867489781e-01 7.535653299550643114e-01
3.450000000000000000e+01 5.988573509154856422e-01 4.951647172252289786e-01 7.242642988684264704e-01
3.475000000000000000e+01 5.755690888947647688e-01 4.758974634200507925e-01 6.961158685536964486e-01
3.500000000000000000e+01 5.534566759054886376e-01 4.576096600636250789e-01 6.693789900802439297e-01
3.525000000000000000e+01 5.323277999129316651e-01 4.401322235204282451e-01 6.438358098245214878e-01
3.550000000000000000e+01 5.122456951569175354e-01 4.235163960919583470e-01 6.195643300426545430e-01
3.575000000000000000e+01 4.927937800930413670e-01 4.074222995781601186e-01 5.960540450285322089e-01
3.600000000000000000e+01 4.743311712556553816e-01 3.921477917346739006e-01 5.737379242390061584e-01
3.625000000000000000e+01 4.566673078797388041e-01 3.775269237274714307e-01 5.523977681567218134e-01
3.650000000000000000e+01 4.397627327935978436e-01 3.633604455607125638e-01 5.322298106929755912e-01
3.675000000000000000e+01 4.235804852882891769e-01 3.499824484446828476e-01 5.126555011955726826e-01
3.700000000000000000e+01 4.080857878355571011e-01 3.371601436725198409e-01 4.939314843664324162e-01
3.725000000000000000e+01 3.932455279922931202e-01 3.247954862236447915e-01 4.761212881494767402e-01
3.750000000000000000e+01 3.789387354801055374e-01 3.129715618881594441e-01 4.588102649996519400e-01
3.775000000000000000e+01 3.653180783846741164e-01 3.017129736470944845e-01 4.423319845396250227e-01
3.800000000000000000e+01 3.522622143865745126e-01 2.909201123297658897e-01 4.265386352658736002e-01
3.825000000000000000e+01 3.396439394044788451e-01 2.804939939755850542e-01 4.112672928898233882e-01
3.850000000000000000e+01 3.276431000774649993e-01 2.707572227390298014e-01 3.964806550399632146e-01
3.875000000000000000e+01 3.161314032065742907e-01 2.613366254545044787e-01 3.824150706757933338e-01
3.900000000000000000e+01 3.050859614255354013e-01 2.520855393301196790e-01 3.692296039918946948e-01
3.925000000000000000e+01 2.944852817047197147e-01 2.433207605711897870e-01 3.564084747110408680e-01
3.950000000000000000e+01 2.843347658175169879e-01 2.348496066040979546e-01 3.442469426350382999e-01
3.975000000000000000e+01 2.745636430575748577e-01 2.267712800117370475e-01 3.324283131671067482e-01
4.000000000000000000e+01 2.650012132356154293e-01 2.188647185345499457e-01 3.208632413965903929e-01
4.025000000000000000e+01 2.559916816534887896e-01 2.114111691906526425e-01 3.099729372230280999e-01
4.050000000000000000e+01 2.473351664805712447e-01 2.042544627440466831e-01 2.995023156709701873e-01
4.075000000000000000e+01 2.390176638357066896e-01 1.973785051224582199e-01 2.894410594002343462e-01
4.100000000000000000e+01 2.310229040206994433e-01 1.907699554636579919e-01 2.797693276828629450e-01
4.125000000000000000e+01 2.233364254540510241e-01 1.844163412147999670e-01 2.704703856828818420e-01
4.150000000000000000e+01 2.159444781435040650e-01 1.783521691424674316e-01 2.614603335910130055e-01
4.175000000000000000e+01 2.088342165235507752e-01 1.724730845979217109e-01 2.528610773830318736e-01
4.200000000000000000e+01 2.019930146239966029e-01 1.668169578543009512e-01 2.445865125566318576e-01
4.225000000000000000e+01 1.954090103550286117e-01 1.613734798345084209e-01 2.366230273220283620e-01
4.250000000000000000e+01 1.890718436031985916e-01 1.561266121651353200e-01 2.289690498484749648e-01
4.275000000000000000e+01 1.829714945228335665e-01 1.510896358977817655e-01 2.215808358329019734e-01
4.300000000000000000e+01 1.770978088142175777e-01 1.462229549059878009e-01 2.144918621495647548e-01
4.325000000000000000e+01 1.714412662455994663e-01 1.415433685431607969e-01 2.076544318141756995e-01
4.350000000000000000e+01 1.659785566934942891e-01 1.369990456754843211e-01 2.010881254407548835e-01
4.375000000000000000e+01 1.607298540305694690e-01 1.327010587892579474e-01 1.946788233070181062e-01
4.400000000000000000e+01 1.556724386436590390e-01 1.285200084701403345e-01 1.885613644267239986e-01
4.425000000000000000e+01 1.507981557890162305e-01 1.244853005005598368e-01 1.826728432829395898e-01
4.450000000000000000e+01 1.460995329574431290e-01 1.206316445985118752e-01 1.769442305244533220e-01
4.475000000000000000e+01 1.415694779352884847e-01 1.168858958350539601e-01 1.714656583643993648e-01
4.500000000000000000e+01 1.371892842396550960e-01 1.132631722808102870e-01 1.661696324691201154e-01
4.525000000000000000e+01 1.329764236279443179e-01 1.097793964973524244e-01 1.610751179644621944e-01
4.550000000000000000e+01 1.289123280756596102e-01 1.064187939930582860e-01 1.561602768301482425e-01
4.575000000000000000e+01 1.249908906018996485e-01 1.031979672867437414e-01 1.513859540473997123e-01
4.600000000000000000e+01 1.212068318734795119e-01 1.000684825421113838e-01 1.468104214193868551e-01
4.625000000000000000e+01 1.175544644119860677e-01 9.708580233049556030e-02 1.423385476709214392e-01
4.650000000000000000e+01 1.140284392752873438e-01 9.417620563806754219e-02 1.380655004675839237e-01
4.675000000000000000e+01 1.106237762920029843e-01 9.135825443316419880e-02 1.339519888709772844e-01
4.700000000000000000e+01 1.073358813303771087e-01 8.863330530356866577e-02 1.299849010652311121e-01
4.725000000000000000e+01 1.041599456417661718e-01 8.600345721014822364e-02 1.261495133804398927e-01
4.750000000000000000e+01 1.010919684876523811e-01 8.346600368555021077e-02 1.224401030533313339e-01
4.775000000000000000e+01 9.812799927950004164e-02 8.101211843605218843e-02 1.188600474655949341e-01
4.800000000000000000e+01 9.526388823449133403e-02 7.860533708823211341e-02 1.154528272217318907e-01
4.825000000000000000e+01 9.249580206482307942e-02 7.632147855912825574e-02 1.120978466499018278e-01
4.850000000000000000e+01 8.982018234987555749e-02 7.410727333604194556e-02 1.088646875561295468e-01
4.875000000000000000e+01 8.722991758148898600e-02 7.196551747198495774e-02 1.057320059462567990e-01
4.900000000000000000e+01 8.472915880284655199e-02 6.989659721798524572e-02 1.027092968352791014e-01
4.925000000000000000e+01 8.231073019131790458e-02 6.789755181260780093e-02 9.978351389349920941e-02
4.950000000000000000e+01 7.997154631177239015e-02 6.596427743993689419e-02 9.695320660973306970e-02
4.975000000000000000e+01 7.770866708619642016e-02 6.409449729301679166e-02 9.421459244319912996e-02
5.000000000000000000e+01 7.551924719532064623e-02 6.228549198196513259e-02 9.156476918572471757e-02
5.025000000000000000e+01 7.340064180564831453e-02 6.053359684716066308e-02 8.900271085962729867e-02
5.050000000000000000e+01 7.135031775990080538e-02 5.883973611158321154e-02 8.652091564082704800e-02
5.075000000000000000e+01 6.936563026425451861e-02 5.720008495872774823e-02 8.411859292567530622e-02
5.100000000000000000e+01 6.744427594404836523e-02 5.561269578806905117e-02 8.179302033750375511e-02
5.125000000000000000e+01 6.558398228536371777e-02 5.407599077075830873e-02 7.954100648180477406e-02
5.150000000000000000e+01 6.378259532841371038e-02 5.258801429207190375e-02 7.736020311079708223e-02
5.175000000000000000e+01 6.203797388424537457e-02 5.114521531062610205e-02 7.525064036366839459e-02
5.200000000000000000e+01 6.034809638588352343e-02 4.974815584822139120e-02 7.320658776801862444e-02
5.225000000000000000e+01 5.871095929647539985e-02 4.839441026716188171e-02 7.122675371976469605e-02
5.250000000000000000e+01 5.712476686178523388e-02 4.708431189024615132e-02 6.930629031215213010e-02
5.275000000000000000e+01 5.558772391538297636e-02 4.581482074545459998e-02 6.744531572568482347e-02
5.300000000000000000e+01 5.409812629815196477e-02 4.458469982528320136e-02 6.564151559704285710e-02
5.325000000000000000e+01 5.265431977354144422e-02 4.339239445997949279e-02 6.389316435098768565e-02
5.350000000000000000e+01 5.125463661464747800e-02 4.223655204050123790e-02 6.219820623569029261e-02
5.375000000000000000e+01 4.989755655073162960e-02 4.111594696707854962e-02 6.055475632671214470e-02
5.400000000000000000e+01 4.858163858776946842e-02 4.002830566027412024e-02 5.896266576716473889e-02
5.425000000000000000e+01 4.730549473164988306e-02 3.897443965143086719e-02 5.741737025137700484e-02
5.450000000000000000e+01 4.606777463633328351e-02 3.795094484547834046e-02 5.592060668278318186e-02
5.475000000000000000e+01 4.486718373710933683e-02 3.695952375229654557e-02 5.446672392185365058e-02
5.500000000000000000e+01 4.370248262045066390e-02 3.599781632266209341e-02 5.305619013307837084e-02
5.525000000000000000e+01 4.257230934393489014e-02 3.506472077610978816e-02 5.168732226467655233e-02
5.550000000000000000e+01 4.147571926138146625e-02 3.415930748656030580e-02 5.035919679945917438e-02
5.575000000000000000e+01 4.041148566123087954e-02 3.328085523861459838e-02 4.906989804315649295e-02
5.600000000000000000e+01 3.937853189322123443e-02 3.242825547955760501e-02 4.781844570834115765e-02
5.625000000000000000e+01 3.837580278430931247e-02 3.160064330397589771e-02 4.660355250283500922e-02
5.650000000000000000e+01 3.740226370968206815e-02 3.079719754744498009e-02 4.542391652530927693e-02
5.675000000000000000e+01 3.645699294946242591e-02 3.001709549020858958e-02 4.427851240139812905e-02
5.700000000000000000e+01 3.553906990484309580e-02 2.925897771740491524e-02 4.316710931940744012e-02
5.725000000000000000e+01 3.464761834636267274e-02 2.852349707181386917e-02 4.208661560862626827e-02
5.750000000000000000e+01 3.378172696108953238e-02 2.780912286542490744e-02 4.103707556675453838e-02
5.775000000000000000e+01 3.294062348942173452e-02 2.711512212065223318e-02 4.001769459284080371e-02
5.800000000000000000e+01 3.212101095885592367e-02 2.643899223729435921e-02 3.902415552600228821e-02
5.825000000000000000e+01 3.132716618286177090e-02 2.578346340213817298e-02 3.806282056611732384e-02
5.850000000000000000e+01 3.055577428049543326e-02 2.514720528649013950e-02 3.712759852412605283e-02
5.875000000000000000e+01 2.980611268817889153e-02 2.452889722898424912e-02 3.621868302055778616e-02
5.900000000000000000e+01 2.907751251039403240e-02 2.392873361050962613e-02 3.533416132898786755e-02
5.925000000000000000e+01 2.836932013021483540e-02 2.334458756721062567e-02 3.447558550064279415e-02
5.950000000000000000e+01 2.768083572191957359e-02 2.277675280717613576e-02 3.364082109292100553e-02
5.975000000000000000e+01 2.701144638801746684e-02 2.222410060533359932e-02 3.283004558563056008e-02
6.000000000000000000e+01 2.636058318541149512e-02 2.168735983101261269e-02 3.204079940064121640e-02
6.025000000000000000e+01 2.572767299645066855e-02 2.116538763088417902e-02 3.127337752352072481e-02
6.050000000000000000e+01 2.511214675134017596e-02 2.065777311503767810e-02 3.052700361017082059e-02
6.075000000000000000e+01 2.451345691418077913e-02 2.016377283816744165e-02 2.980144513163491410e-02
6.100000000000000000e+01 2.393108357345995890e-02 1.966110655739984614e-02 2.912840939689528147e-02
6.125000000000000000e+01 2.336452338325414185e-02 1.919457292499920226e-02 2.844038026059140384e-02
6.150000000000000000e+01 2.281329312309838403e-02 1.874005679916352848e-02 2.777186583253250449e-02
6.175000000000000000e+01 2.227692454191380206e-02 1.829813086546205197e-02 2.712087757459539020e-02
6.200000000000000000e+01 2.175496628951063133e-02 1.786842427350097962e-02 2.648686593812415307e-02
6.225000000000000000e+01 2.124478181292956472e-02 1.744841821240835505e-02 2.586714444739833876e-02
6.250000000000000000e+01 2.075040540101411729e-02 1.704213817753165439e-02 2.526556936817419760e-02
6.275000000000000000e+01 2.026916996583756625e-02 1.664511775894029003e-02 2.468226762068685340e-02
6.300000000000000000e+01 1.980068384969251027e-02 1.625950724814819934e-02 2.411309733633695482e-02
6.325000000000000000e+01 1.934454974389693271e-02 1.588408064378915921e-02 2.355890864482758362e-02
6.350000000000000000e+01 1.890040545717474457e-02 1.552004056157278017e-02 2.301703562103320569e-02
6.375000000000000000e+01 1.846791050016506272e-02 1.516412591267298979e-02 2.249148551035655766e-02
6.400000000000000000e+01 1.804673054428297327e-02 1.481753149513514133e-02 2.197967208268691852e-02
6.425000000000000000e+01 1.763652261266532989e-02 1.447608128890116863e-02 2.148695656368934670e-02
6.450000000000000000e+01 1.723695880371690220e-02 1.414738990553565147e-02 2.100124127382521980e-02
6.475000000000000000e+01 1.684772344050837478e-02 1.383052546681889407e-02 2.052313817062379614e-02
6.500000000000000000e+01 1.646454814260161700e-02 1.351529235140703188e-02 2.005737933680916407e-02
6.525000000000000000e+01 1.609517485778946128e-02 1.321142290248304187e-02 1.960838401850943311e-02
6.550000000000000000e+01 1.573525401384073819e-02 1.291391080035555333e-02 1.917298506299687511e-02
6.575000000000000000e+01 1.538451561867253820e-02 1.262543849472512122e-02 1.874654261870310756e-02
6.600000000000000000e+01 1.504269718493721729e-02 1.234519435928573515e-02 1.832962139048982184e-02
6.625000000000000000e+01 1.470953938340739675e-02 1.207117651126255950e-02 1.792456175834532955e-02
6.650000000000000000e+01 1.438479348920807151e-02 1.180720315276306137e-02 1.752508879960619839e-02
6.675000000000000000e+01 1.406833059113069342e-02 1.154375201821710405e-02 1.714502575150704533e-02
6.700000000000000000e+01 1.375693724121297874e-02 1.128762417638000046e-02 1.676644432002758964e-02
6.725000000000000000e+01 1.345608322498734882e-02 1.104019942257208203e-02 1.640062546221671136e-02
6.750000000000000000e+01 1.316273271444546797e-02 1.079897389121328190e-02 1.604388845248585008e-02
6.775000000000000000e+01 1.287334371977709446e-02 1.056099720708068845e-02 1.569198204279557279e-02
6.800000000000000000e+01 1.259444230131492003e-02 1.033164688676104295e-02 1.535282599373446154e-02
6.825000000000000000e+01 1.232242365183205783e-02 1.010781980552048764e-02 1.502224293435662494e-02
6.850000000000000000e+01 1.205709825911057895e-02 9.889652496563405490e-03 1.469956790497581323e-02
6.875000000000000000e+01 1.179828043498324687e-02 9.676849554351179064e-03 1.438478716039536844e-02
6.900000000000000000e+01 1.154578991883934737e-02 9.469261888030442234e-03 1.407768276199816010e-02
6.925000000000000000e+01 1.129945071507278131e-02 9.266736814652979867e-03 1.377805251363881101e-02
6.950000000000000000e+01 1.105909597812045758e-02 9.069133871729450833e-03 1.348569836801375051e-02
6.975000000000000000e+01 1.082456612568814813e-02 8.876303382538112616e-03 1.320045369786482931e-02
7.000000000000000000e+01 1.059503488303708239e-02 8.687568387567288705e-03 1.292130998743210024e-02
7.025000000000000000e+01 1.037169288927911916e-02 8.503941987300785502e-03 1.264966453794767742e-02
7.050000000000000000e+01 1.015371066470624646e-02 8.324730607874300178e-03 1.238452571246568580e-02
7.075000000000000000e+01 9.940945178390440951e-03 8.152507637431282914e-03 1.212171707586420788e-02
7.100000000000000000e+01 9.733257495906056170e-03 7.981713931897477243e-03 1.186916773639492585e-02
7.125000000000000000e+01 9.530510166975751651e-03 7.815103837011217608e-03 1.162244621916183433e-02
7.150000000000000000e+01 9.332570163630661206e-03 7.652335401298852348e-03 1.138173659302832257e-02
7.175000000000000000e+01 9.139314265944400995e-03 7.493428256401458119e-03 1.114670914215261377e-02
7.200000000000000000e+01 8.950621847674668924e-03 7.338283443187617813e-03 1.091721682329446601e-02
7.225000000000000000e+01 8.766363197118626216e-03 7.186787544873059035e-03 1.069311193964803640e-02
7.250000000000000000e+01 8.586421779437783744e-03 7.038852910292358808e-03 1.047424060624975971e-02
7.275000000000000000e+01 8.410683550601646269e-03 6.894394200882534435e-03 1.026045156792831925e-02
7.300000000000000000e+01 8.238582818255447277e-03 6.752925147308568889e-03 1.005108828731881947e-02
7.325000000000000000e+01 8.070928734154570253e-03 6.615183743749725176e-03 9.847026651882273898e-03
7.350000000000000000e+01 7.907154527095488356e-03 6.480556599694854703e-03 9.647796721397457545e-03
7.375000000000000000e+01 7.747158459306117961e-03 6.350797169293021481e-03 9.450540238286286865e-03
7.400000000000000000e+01 7.590840785996968640e-03 6.222261245145186900e-03 9.260437896803638130e-03
7.425000000000000000e+01 7.438109222002969000e-03 6.096692009719182834e-03 9.074670117868383415e-03
7.450000000000000000e+01 7.288872311536480700e-03 5.973999819095540328e-03 8.893147168177626891e-03
7.475000000000000000e+01 7.143040036602317337e-03 5.854120693059112687e-03 8.715744624978203833e-03
7.500000000000000000e+01 7.000527023173912754e-03 5.736973171445512547e-03 8.542375419517623386e-03
7.525000000000000000e+01 6.861246811923652975e-03 5.622483842941753893e-03 8.372937856145330413e-03
7.550000000000000000e+01 6.725116729974949144e-03 5.510589434060029872e-03 8.207324383893896055e-03
7.575000000000000000e+01 6.592055944091201360e-03 5.401224619949861888e-03 8.045434994412715979e-03
7.600000000000000000e+01 6.461986096377091496e-03 5.294323749654396803e-03 7.887176206875651241e-03
7.625000000000000000e+01 6.334415825815690494e-03 5.189227378745236811e-03 7.732331024593978169e-03
7.650000000000000000e+01 6.210115991222305183e-03 5.086919276761190864e-03 7.581315630585242805e-03
7.675000000000000000e+01 6.088805789064613214e-03 4.987247320488194351e-03 7.433671032243428616e-03
7.700000000000000000e+01 5.969942480064651009e-03 4.889757794648771916e-03 7.288748177728603811e-03
7.725000000000000000e+01 5.853750893257443286e-03 4.794296290269066570e-03 7.147326207156297177e-03
7.750000000000000000e+01 5.740126885538585078e-03 4.700946864044235583e-03 7.009025546342114235e-03
7.775000000000000000e+01 5.629006405996756814e-03 4.609657271727696411e-03 6.873767668822098643e-03
7.800000000000000000e+01 5.520328572617846929e-03 4.520377911531293924e-03 6.741477846779807791e-03
7.825000000000000000e+01 5.414033004152374144e-03 4.434019021168060341e-03 6.610651246671816160e-03
7.850000000000000000e+01 5.310061015785814964e-03 4.348590617554286622e-03 6.484111858574206390e-03
7.875000000000000000e+01 5.208007368370181321e-03 4.265572699107925657e-03 6.358663340721048239e-03
7.900000000000000000e+01 5.108518075145564510e-03 4.183818790731489573e-03 6.237592551068925871e-03
7.925000000000000000e+01 5.011180781015975479e-03 4.103837281047744909e-03 6.119134629434573938e-03
7.950000000000000000e+01 4.915946348612456641e-03 4.026325810225816863e-03 6.002129395753187310e-03
7.975000000000000000e+01 4.822765469954674693e-03 3.949755747935402954e-03 5.888735471894686498e-03
8.000000000000000000e+01 4.731588640609167389e-03 3.874837127223683744e-03 5.777773446695199863e-03
8.025000000000000000e+01 4.642368818424280619e-03 3.801530405525790912e-03 5.669187392254262936e-03
8.050000000000000000e+01 4.555058621313472743e-03 3.729798606200594811e-03 5.562916724004562247e-03
8.075000000000000000e+01 4.469611421939571026e-03 3.659602006916850420e-03 5.458906795158115915e-03
8.100000000000000000e+01 4.385982868230718298e-03 3.590781880273175020e-03 5.357286062429912968e-03
8.125000000000000000e+01 4.304037668282743520e-03 3.523474021190173278e-03 5.257521451439393055e-03
8.150000000000000000e+01 4.223924921377922304e-03 3.457675513064249403e-03 5.159981517648548274e-03
8.175000000000000000e+01 4.145503086302859859e-03 3.392658198664282292e-03 5.065407368567954004e-03
8.200000000000000000e+01 4.068731972990517060e-03 3.329737958975046222e-03 4.971736536628577549e-03
8.225000000000000000e+01 3.993573567699152706e-03 3.268029127178193310e-03 4.880198192846681854e-03
8.250000000000000000e+01 3.919989961119620114e-03 3.206973952392029072e-03 4.791532928983446848e-03
8.275000000000000000e+01 3.847945264366721407e-03 3.147838711696400622e-03 4.703761569023596351e-03
8.300000000000000000e+01 3.777139925721244122e-03 3.089546724959535851e-03 4.617760237519741122e-03
8.325000000000000000e+01 3.708072105336488421e-03 3.032190116404625234e-03 4.534609708008084661e-03
8.350000000000000000e+01 3.640237922416059493e-03 2.976540241861041786e-03 4.451924400494841616e-03
8.375000000000000000e+01 3.574000880788239572e-03 2.922104315487611317e-03 4.371330013159918128e-03
8.400000000000000000e+01 3.508520784123181097e-03 2.868394409480293662e-03 4.291501214735201492e-03
8.425000000000000000e+01 3.444995547261016627e-03 2.815964587723583570e-03 4.214539618995094550e-03
8.450000000000000000e+01 3.382118199292973113e-03 2.764477108797495745e-03 4.137753023017220165e-03
8.475000000000000000e+01 3.321182502072981494e-03 2.714508364264101546e-03 4.063444179169450367e-03
8.500000000000000000e+01 3.261493103626474013e-03 2.665564189470863519e-03 3.990651325157038888e-03
8.525000000000000000e+01 3.203018767553046046e-03 2.617490093723758883e-03 3.919529342211053487e-03
8.550000000000000000e+01 3.145022299205306286e-03 2.569945843756128029e-03 3.848783540139548692e-03
8.575000000000000000e+01 3.088908692054559511e-03 2.523939401682252781e-03 3.780343102330712725e-03
8.600000000000000000e+01 3.033918001505539648e-03 2.478871780014491478e-03 3.713245079503691391e-03
8.625000000000000000e+01 2.980047010419522007e-03 2.434725243595596816e-03 3.647508156277773968e-03
8.650000000000000000e+01 2.927259925758836107e-03 2.391469814292165614e-03 3.583089622015513988e-03
8.675000000000000000e+01 2.875530651394960814e-03 2.349084223534829517e-03 3.519957455875923156e-03
8.700000000000000000e+01 2.824836211678762032e-03 2.307628844986919347e-03 3.457964932335924179e-03
8.725000000000000000e+01 2.775153366561437275e-03 2.266923318525551536e-03 3.397325416788451492e-03
8.750000000000000000e+01 2.726457130665722872e-03 2.227027748407595792e-03 3.337887680417647458e-03
8.775000000000000000e+01 2.678733254899570617e-03 2.187827578977564937e-03 3.279788553656599794e-03
8.800000000000000000e+01 2.631954843817742827e-03 2.149300374985787902e-03 3.222995901604253696e-03
8.825000000000000000e+01 2.586100332527481276e-03 2.111811683297116268e-03 3.166908765016908291e-03
8.850000000000000000e+01 2.541149155618276003e-03 2.075018666640159395e-03 3.111990814788799607e-03
8.875000000000000000e+01 2.496994397627522264e-03 2.038825716888697896e-03 3.058123590523459823e-03
8.900000000000000000e+01 2.453795415812594360e-03 2.003888442526526818e-03 3.004714142206145640e-03
8.925000000000000000e+01 2.411441940590049269e-03 1.969223471973236082e-03 2.952967154616434158e-03
8.950000000000000000e+01 2.369915170735785968e-03 1.935213661846379215e-03 2.902262436037658308e-03
8.975000000000000000e+01 2.329197154633516793e-03 1.901868302883193487e-03 2.852542090810620320e-03
9.000000000000000000e+01 2.289271059977612561e-03 1.869137041614226703e-03 2.803840419065788733e-03
9.025000000000000000e+01 2.250118874787499553e-03 1.837076543531135017e-03 2.756028304048265074e-03
9.050000000000000000e+01 2.211723678875020509e-03 1.805638319640358704e-03 2.709137028433674602e-03
9.075000000000000000e+01 2.174069001797546315e-03 1.774807840386800504e-03 2.663148041732153054e-03
9.100000000000000000e+01 2.137138891083931701e-03 1.744588776656484826e-03 2.618016750363851269e-03
9.125000000000000000e+01 2.100917571214143149e-03 1.714934630868297913e-03 2.573774277799458377e-03
9.150000000000000000e+01 2.065389787814371405e-03 1.685849135200412179e-03 2.530377651557045183e-03
9.175000000000000000e+01 2.030541029580506737e-03 1.657266992530387209e-03 2.487889333096860063e-03
9.200000000000000000e+01 1.996356784098088887e-03 1.629283953761764912e-03 2.446130031669861531e-03
9.225000000000000000e+01 1.962821703853071323e-03 1.601833216701356285e-03 2.405162410759871614e-03
9.250000000000000000e+01 1.929923027844193152e-03 1.574861301523838766e-03 2.365035504904060542e-03
9.275000000000000000e+01 1.897646932578931842e-03 1.548444251792777983e-03 2.325601245609547948e-03
9.300000000000000000e+01 1.865979634260011080e-03 1.522527095500604468e-03 2.286908394446857378e-03
9.325000000000000000e+01 1.834909439260225435e-03 1.497099729473521301e-03 2.248943463152114526e-03
9.350000000000000000e+01 1.804423785870578776e-03 1.472152200361677345e-03 2.211690610668920042e-03
9.375000000000000000e+01 1.774510115391655842e-03 1.447658958056703953e-03 2.175157437532305570e-03
9.400000000000000000e+01 1.745156387158967740e-03 1.423937762318963933e-03 2.138837030827706476e-03
9.425000000000000000e+01 1.716350931332966860e-03 1.400364375174633193e-03 2.103638575581571243e-03
9.450000000000000000e+01 1.688082291636076870e-03 1.377218074058867044e-03 2.069114453992786009e-03
9.475000000000000000e+01 1.660339281843107489e-03 1.354513605526200693e-03 2.035215090925834077e-03
9.500000000000000000e+01 1.633110916437618835e-03 1.332234066059363991e-03 2.001938948518732723e-03
9.525000000000000000e+01 1.606386523862466005e-03 1.310132785365098352e-03 1.969630630476763671e-03
9.550000000000000000e+01 1.580155820041087957e-03 1.288676490007103570e-03 1.937563410965896732e-03
9.575000000000000000e+01 1.554408385592348594e-03 1.267616280407768024e-03 1.906085829398286666e-03
9.600000000000000000e+01 1.529133870398420450e-03 1.246916830528686446e-03 1.875225625600263329e-03
9.625000000000000000e+01 1.504322720565089361e-03 1.226624811658055597e-03 1.844889183799749890e-03
9.650000000000000000e+01 1.479965415033603592e-03 1.206704108413690418e-03 1.815107460415386204e-03
9.675000000000000000e+01 1.456052953989742885e-03 1.187119115905542694e-03 1.785911941284036011e-03
9.700000000000000000e+01 1.432576357434427400e-03 1.167921678520241228e-03 1.757202608380664883e-03
9.725000000000000000e+01 1.409526758765274274e-03 1.149073418460364255e-03 1.729015441273886334e-03
9.750000000000000000e+01 1.386895417312620409e-03 1.130569423498375796e-03 1.701336387296618728e-03
9.775000000000000000e+01 1.364673831242629474e-03 1.112401224219530804e-03 1.674157332022953304e-03
9.800000000000000000e+01 1.342853585567636886e-03 1.094562065897519958e-03 1.647467794156764987e-03
9.825000000000000000e+01 1.321191140787041302e-03 1.076852921030506307e-03 1.620969768855475696e-03
9.850000000000000000e+01 1.300153634177816887e-03 1.059650917760569669e-03 1.595241833072930581e-03
9.875000000000000000e+01 1.279493878014999067e-03 1.042762574837440915e-03 1.569968680677932783e-03
9.900000000000000000e+01 1.259204324435951724e-03 1.026177727093689589e-03 1.545147091789721844e-03
9.925000000000000000e+01 1.239277505539751771e-03 1.009890213175117799e-03 1.520768015869974421e-03
9.950000000000000000e+01 1.219705946557330745e-03 9.938938681299473027e-04 1.496822390972640630e-03
9.975000000000000000e+01 1.200482725505609477e-03 9.781824590783191626e-04 1.473302614315217954e-03
1.000000000000000000e+02 1.181600901320220163e-03 9.627507665386328710e-04 1.450199510118729482e-03
