#pt	totcs	totdirect	directLO	directNLO	totfrag	fragLO	err_fragLO	fragNLO	err_fragNLO	errmess
0.50000000000000000	68996549.442662597	-10074396.109685253	6519019.2927429322	-16593415.402428187	79070945.552347854	32918142.022320252	-1	46152803.530027598	-1	Error
0.75000000000000000	11798895.018380405	-477599.54655555449	1884651.9636882020	-2362251.5102437567	12276494.564935960	5051560.9510509465	-1	7224933.6138850134	-1	Error
1.0000000000000000	2954223.2557513560	159767.15010126773	631244.01783939509	-471476.86773812736	2794456.1056500883	1163178.5088951399	-1	1631277.5967549484	-1	Error
1.2500000000000000	981708.21169509902	133521.85327132972	248203.96933673555	-114682.11606540580	848186.35842376924	354196.59529215039	-1	493989.76313161885	-1	Error
1.5000000000000000	393488.03816161567	80274.723675389352	110622.91161990185	-30348.187944512498	313213.31448622630	132041.88124738337	-1	181171.43323884293	-1	Error
1.7500000000000000	180172.91450639287	46873.662456714752	54476.913283275651	-7603.2508265608976	133299.25204967812	56411.871422885059	-1	76887.380626793063	-1	Error
2.0000000000000000	91252.471131295606	27898.151254744655	28974.837188000169	-1076.6859332555118	63354.319876550951	26698.630018444015	-1	36655.689858106940	-1	Error
2.2500000000000000	49818.566988405619	17104.937029912857	16385.730662384845	719.20636752801374	32713.629958492762	13753.285337293459	-1	18960.344621199303	-1	Error
2.5000000000000000	28802.597751212950	10811.777021480721	9740.8787629033959	1070.8982585773260	17990.820729732230	7552.0485070809764	-1	10438.772222651252	-1	Error
2.7500000000000000	17396.122704207730	7032.4975121318075	6036.1655824318741	996.33192969993377	10363.625192075922	4368.4752474452789	-1	5995.1499446306434	-1	Error
3.0000000000000000	10973.634921589830	4694.0731417058942	3873.4412043211678	820.63193738472648	6279.5617798839357	2638.3574896989116	-1	3641.2042901850241	-1	Error
3.2500000000000000	7150.0984308453390	3206.8357009310153	2560.9085385344183	645.92716239659660	3943.2627299143242	1653.1859653291206	-1	2290.0767645852038	-1	Error
3.5000000000000000	4793.5026694989774	2236.8477706108952	1737.4485568704692	499.39921374042592	2556.6548988880818	1068.8595520978201	-1	1487.7953467902616	-1	Error
3.7500000000000000	3292.0565096982186	1589.7717272774255	1205.6841093011692	384.08761797625635	1702.2847824207931	709.98978726970176	-1	992.29499515109137	-1	Error
4.0000000000000000	2309.7311258097029	1148.9532827300081	853.45191709961193	295.50136563039609	1160.7778430796948	482.95692748184052	-1	677.82091559785431	-1	OK
4.2500000000000000	1651.7237641026832	843.00183226918966	614.84436424510341	228.15746802408617	808.72193183349339	335.40503126825587	-1	473.31690056523752	-1	OK
4.5000000000000000	1200.6667050195986	627.04912770780174	449.96519775793308	177.08392994986858	573.61757731179682	237.25285343836094	-1	336.36472387343588	-1	OK
4.7500000000000000	885.66863107169900	472.22880028890580	333.98849213595696	138.24030815294884	413.43983078279319	170.59894349782567	-1	242.84088728496752	-1	OK
5.0000000000000000	662.20002451525966	359.71460664316885	251.09627837510237	108.61832826806659	302.48541787209086	124.50277715784516	-1	177.98264071424569	-1	OK
5.2500000000000000	501.29126074092511	276.87345727619413	190.98039645810996	85.893060818084194	224.41780346473098	92.079281009611350	-1	132.33852245511963	-1	OK
5.5000000000000000	383.74251495485220	215.14510564856900	146.80294921206237	68.342156436506613	168.59740930628320	68.936286168480464	-1	99.661123137802733	-1	OK
5.7500000000000000	296.67505583918216	168.66119696357222	113.94333565176578	54.717861311806431	128.01385887560997	52.192921964012484	-1	75.820936911597485	-1	OK
6.0000000000000000	231.53455760756754	133.29859881716891	89.228758584276846	44.069840232892084	98.235958790398612	39.868409021227798	-1	58.367549769170814	-1	OK
6.2500000000000000	182.18783656161537	106.14225291697302	70.449616022641877	35.692636894331137	76.045583644642349	30.739831414564986	-1	45.305752230077360	-1	OK
6.5000000000000000	144.49939600236698	85.107857978782221	56.046064775065474	29.061793203716743	59.391538023584765	23.944929659470219	-1	35.446608364114546	-1	OK
6.7500000000000000	115.44404298164187	68.691486850626887	44.902760351651580	23.788726498975304	46.752556131014991	18.805638887458937	-1	27.946917243556054	-1	OK
7.0000000000000000	92.860294259746098	55.778306045936894	36.210842638774452	19.567463407162435	37.081988213809204	14.881881746046410	-1	22.200106467762794	-1	OK
7.2500000000000000	75.149469235480481	45.548750539750756	29.379711592117722	16.169038947633034	29.600718695729725	11.860157278251901	-1	17.740561417477824	-1	OK
7.5000000000000000	61.181705302237447	37.393698734020873	23.973647185908948	13.420051548111919	23.788006568216577	9.5111894328881110	-1	14.276817135328466	-1	OK
7.7500000000000000	50.094704078598383	30.853897445636257	19.667170012613472	11.186727433022781	19.240806632962123	7.6774570241557942	-1	11.563349608806329	-1	OK
8.0000000000000000	41.229882507061873	25.577540188490126	16.215097544433842	9.3624426440562871	15.652342318571751	6.2329834872443195	-1	9.4193588313274326	-1	OK
8.2500000000000000	34.094262374956237	21.296403078828838	13.431771389737861	7.8646316890909782	12.797859296127401	5.0872939461664792	-1	7.7105653499609215	-1	OK
8.5000000000000000	28.324986227006058	17.806324572373864	11.175669826943437	6.6306547454304265	10.518661654632192	4.1729386544926284	-1	6.3457230001395635	-1	OK
8.7500000000000000	23.632400683931778	14.947385728486768	9.3374366040289516	5.6099491244578159	8.6850149554450109	3.4389744432554763	-1	5.2460405121895342	-1	OK
9.0000000000000000	19.797264019162103	12.594358274850846	7.8323247731064329	4.7620335017444146	7.2029057443112583	2.8430721703480590	-1	4.3598335739631988	-1	OK
9.2500000000000000	16.648529984288917	10.649010872458852	6.5942649331757686	4.0547459392830847	5.9995191118300646	2.3563019432721521	-1	3.6432171685579124	-1	OK
9.5000000000000000	14.051317539604945	9.0340512557051724	5.5714916799582825	3.4625595757468881	5.0172662838997724	1.9665774261593167	-1	3.0506888577404556	-1	OK
9.7500000000000000	11.900329142198160	7.6886694893452017	4.7231984624852634	2.9654710268599378	4.2116596528529593	1.6475323246107796	-1	2.5641273282421797	-1	OK
10.000000000000000	10.111675872011618	6.5636753746289056	4.0168304878063896	2.5468448868225155	3.5480004973827133	1.3830564655162609	-1	2.1649440318664523	-1	OK
10.250000000000000	8.6168271551772868	5.6194036419316609	3.4264220809074257	2.1929815610242342	2.9974235132456264	1.1669045517422776	-1	1.8305189615033488	-1	OK
10.500000000000000	7.3658492678241920	4.8241526209587988	2.9311935373395195	1.8929590836192802	2.5416966468653936	0.98774936150519621	-1	1.5539472853601974	-1	OK
10.750000000000000	6.3106966599161778	4.1522259918992628	2.5144019392455061	1.6378240526537562	2.1584706680169150	0.83870220798903194	-1	1.3197684600278832	-1	OK
11.000000000000000	5.4251730687622128	3.5828712648886163	2.1625289998055166	1.4203422650830990	1.8423018038735965	0.71202006230865778	-1	1.1302817415649389	-1	OK
11.250000000000000	4.6738692687202175	3.0990824431329065	1.8645598977151994	1.2345225454177069	1.5747868255873110	0.60816356042882203	-1	0.96662326515848895	-1	OK
11.500000000000000	4.0376934628146230	2.6867515449237129	1.6114732143563999	1.0752783305673133	1.3509419178909099	0.52083272199267050	-1	0.83010919589823939	-1	OK
11.750000000000000	3.4957932415360631	2.3343397985120546	1.3958993138572187	0.93844048465483620	1.1614534430240084	0.44721106494923979	-1	0.71424237807476865	-1	OK
12.000000000000000	3.0338506886856926	2.0323251264599871	1.2117870148427721	0.82053811161721457	1.0015255622257058	0.38494550096962765	-1	0.61658006125607812	-1	OK
12.250000000000000	2.6383131173356529	1.7729992638222429	1.0541726989329219	0.71882656488932095	0.86531385351340995	0.33158487202223969	-1	0.53372898149117032	-1	OK
12.500000000000000	2.2990667309961301	1.5497865868529788	0.91890479209033904	0.63088179476263961	0.74928014414315158	0.28672566636597996	-1	0.46255447777717162	-1	OK
12.750000000000000	2.0071883486436422	1.3571977619954123	0.80253310969130176	0.55466465230411077	0.64999058664822973	0.24808262337305542	-1	0.40190796327517431	-1	OK
13.000000000000000	1.7560889913870854	1.1906542256668384	0.70218603069003627	0.48846819497680194	0.56543476572024687	0.21509570320165181	-1	0.35033906251859503	-1	OK
13.250000000000000	1.5390900427819265	1.0463028068641500	0.61546495019691250	0.43083785666723762	0.49278723591777651	0.18717341321012854	-1	0.30561382270764798	-1	OK
13.500000000000000	1.3513557120093351	0.92093615422678810	0.54036897031497744	0.38056718391181066	0.43041955778254698	0.16320210908360991	-1	0.26721744869893704	-1	OK
13.750000000000000	1.1885478404677661	0.81190326451250094	0.47522196750860668	0.33668129700389426	0.37664457595526513	0.14249500421137892	-1	0.23414957174388620	-1	OK
14.000000000000000	1.0468975494566277	0.71689188032328677	0.41859136021297649	0.29830052011031044	0.33000566913334101	0.12469368109099487	-1	0.20531198804234613	-1	OK
14.250000000000000	0.92369056898894830	0.63392766926005284	0.36926738598545916	0.26466028327459357	0.28976289972889552	0.10929920646142319	-1	0.18046369326747233	-1	OK
14.500000000000000	0.81613607255020670	0.56135324549974730	0.32622919012670659	0.23512405537304074	0.25478282705045940	9.5502071753619716E-002	-1	0.15928075529683969	-1	OK
14.750000000000000	0.72221058097661706	0.49776258577655730	0.28861210606634041	0.20915047971021694	0.22444799520005981	8.3991333807217711E-002	-1	0.14045666139284210	-1	OK
15.000000000000000	0.63981053846514746	0.44195196077422538	0.25567849046199476	0.18627347031223060	0.19785857769092205	7.3980011621496311E-002	-1	0.12387856606942574	-1	OK
15.250000000000000	0.56763198716189633	0.39290289355050018	0.22680147400368714	0.16610141954681298	0.17472909361139613	6.5259725238494701E-002	-1	0.10946936837290143	-1	OK
15.500000000000000	0.50431878459707669	0.34973356033639474	0.20144208562905008	0.14829147470734466	0.15458522426068191	5.7653877930487429E-002	-1	9.6931346330194484E-002	-1	OK
15.750000000000000	0.44865563955097132	0.31168075773906978	0.17913689761839835	0.13254386012067138	0.13697488181190154	5.1005009843387794E-002	-1	8.5969871968513745E-002	-1	OK
16.000000000000000	0.39961622467000696	0.27808444626551776	0.15948841425810006	0.11859603200741775	0.12153177840448920	4.5183485514968251E-002	-1	7.6348292889520941E-002	-1	OK
16.250000000000000	0.35626642001959608	0.24838073107708292	0.14215578049892230	0.10622495057816057	0.10788568894251314	4.0014012128740166E-002	-1	6.7871676813772985E-002	-1	OK
16.500000000000000	0.31802129872154877	0.22208503889991682	0.12684595496331111	9.5239083936605795E-002	9.5936259821631967E-002	3.5536940081285294E-002	-1	6.0399319740346673E-002	-1	OK
16.750000000000000	0.28421868478496054	0.19878164091309264	0.11330636309567794	8.5475277817414694E-002	8.5437043871867902E-002	3.1674920208663727E-002	-1	5.3762123663204174E-002	-1	OK
17.000000000000000	0.25428220924544603	0.17810558635364820	0.10131725333287847	7.6788333020769747E-002	7.6176622891797843E-002	2.8178373577811174E-002	-1	4.7998249313986670E-002	-1	OK
17.250000000000000	0.22773424254701857	0.15973704837235661	9.0687589175412961E-002	6.9049459196943608E-002	6.7997194174661948E-002	2.5112476938509831E-002	-1	4.2884717236152115E-002	-1	OK
17.500000000000000	0.20415341913149132	0.14340002696999696	8.1251856890185450E-002	6.2148170079811507E-002	6.0753392161494370E-002	2.2405210289284778E-002	-1	3.8348181872209591E-002	-1	OK
17.750000000000000	0.18318481027987191	0.12885049428351433	7.2865541045783119E-002	5.5984953237731214E-002	5.4334315996357574E-002	1.9996494946722603E-002	-1	3.4337821049634967E-002	-1	OK
18.000000000000000	0.16447412260761821	0.11587803092582884	6.5403362508096946E-002	5.0474668417731905E-002	4.8596091681789362E-002	1.7878286148593374E-002	-1	3.0717805533195988E-002	-1	OK
18.250000000000000	0.14782932151229730	0.10429736921180602	5.8756158083037691E-002	4.5541211128768327E-002	4.3531952300491283E-002	1.6000461855201171E-002	-1	2.7531490445290113E-002	-1	OK
18.500000000000000	0.13298645654982189	9.3953952033460214E-002	5.2830191695580217E-002	4.1123760337880004E-002	3.9032504516361671E-002	1.4327842970601386E-002	-1	2.4704661545760287E-002	-1	OK
18.750000000000000	0.11972500615824376	8.4707519726273217E-002	4.7541874441232236E-002	3.7165645285040981E-002	3.5017486431970543E-002	1.2847572109540760E-002	-1	2.2169914322429783E-002	-1	OK
19.000000000000000	0.10790389655954348	7.6431845360502848E-002	4.2817347970108603E-002	3.3614497390394273E-002	3.1472051199040632E-002	1.1530712683910796E-002	-1	1.9941338515129838E-002	-1	OK
19.250000000000000	9.7347522301733963E-002	6.9017158940329768E-002	3.8592222187187344E-002	3.0424936753142409E-002	2.8330363361404199E-002	1.0347830445827206E-002	-1	1.7982532915576992E-002	-1	OK
19.500000000000000	8.7861951207174688E-002	6.2367726546694875E-002	3.4810084645927733E-002	2.7557641900767146E-002	2.5494224660479819E-002	9.3032835530802108E-003	-1	1.6190941107399610E-002	-1	OK
19.750000000000000	7.9368723794686361E-002	5.6398337487570102E-002	3.1421196041041835E-002	2.4977141446528267E-002	2.2970386307116262E-002	8.3621280731075616E-003	-1	1.4608258234008700E-002	-1	OK
20.000000000000000	7.1751527919730579E-002	5.1034519884571264E-002	2.8382030423453403E-002	2.2652489461117871E-002	2.0717008035159308E-002	7.5233644974346345E-003	-1	1.3193643537724674E-002	-1	OK
