#pt	totcs	totdirect	directLO	directNLO	totfrag	fragLO	err_fragLO	fragNLO	err_fragNLO	errmess
0.50000000000000000	21321418.317579478	-9153166.3601512555	1741321.2224102258	-10894487.582561478	30474584.677730735	15046301.369876361	-1	15428283.307854375	-1	Error
0.75000000000000000	8059181.9756156970	-96324.222177401185	402544.70967478096	-498868.93185218179	8155506.1977930982	3179378.9254039112	-1	4976127.2723891865	-1	Error
1.0000000000000000	2853930.4723019479	144095.26819628733	261824.81629947483	-117729.54810318761	2709835.2041056608	1141798.3741359729	-1	1568036.8299696879	-1	Error
1.2500000000000000	1041279.9284334964	114038.33411885018	140390.79234038194	-26352.458221531728	927241.59431464621	409452.35445840267	-1	517789.23985624354	-1	Error
1.5000000000000000	433864.01055661071	72566.484015441441	75793.379502673139	-3226.8954872317195	361297.52654116927	164270.02165164307	-1	197027.50488952620	-1	Error
1.7500000000000000	203164.66772827401	44880.839471572399	42567.153692081694	2313.6857794906741	158283.82825670161	72719.032887183668	-1	85564.795369517946	-1	Error
2.0000000000000000	104265.64489563811	28098.620743178886	24964.868847612561	3133.7518955663263	76167.024152459227	35456.051228167336	-1	40710.972924291891	-1	Error
2.2500000000000000	57555.729728739178	17972.606024473396	15217.690556023083	2754.9154684503187	39583.123704265781	18576.066338691238	-1	21007.057365574543	-1	Error
2.5000000000000000	33588.122892804407	11754.689823124096	9586.4583003181669	2168.2315228059324	21833.433069680312	10280.266250034401	-1	11553.166819645910	-1	Error
2.7500000000000000	20536.098495509454	7867.2675989436175	6224.5246927202697	1642.7429062233452	12668.830896565838	5988.5434433041873	-1	6680.2874532616506	-1	Error
3.0000000000000000	13066.672159499238	5384.2205962825910	4154.4159863342111	1229.8046099483811	7682.4515632166458	3636.9596077640908	-1	4045.4919554525550	-1	Error
3.2500000000000000	8586.9489616290866	3759.6145375839569	2839.9826073478985	919.63193023605902	4827.3344240451297	2287.8080728187533	-1	2539.5263512263764	-1	Error
3.5000000000000000	5801.5082489602264	2672.7216602365788	1982.4604738143792	690.26118642219865	3128.7865887236480	1479.1787938391901	-1	1649.6077948844579	-1	Error
3.7500000000000000	4014.2347227347950	1931.1873834935482	1409.8276455214620	521.35973797208612	2083.0473392412468	982.13639324605845	-1	1100.9109459951883	-1	Error
4.0000000000000000	2837.7523715604293	1416.0621833760704	1019.3791084034731	396.68307497259707	1421.6901881843592	664.80565706016182	-1	756.88453112419734	-1	OK
4.2500000000000000	2041.1062775229516	1052.2173352627869	748.07368840522861	304.14364685755839	988.88894226016464	462.03344452739367	-1	526.85549773277103	-1	OK
4.5000000000000000	1492.2376057846222	791.35732092034323	556.36145918290958	234.99586173743344	700.88028486427902	326.86828851406858	-1	374.01199635021044	-1	OK
4.7500000000000000	1106.3551260127540	601.77222733243593	418.83014184335559	182.94208548908057	504.58289868031812	234.90379438966102	-1	269.67910429065711	-1	OK
5.0000000000000000	831.73705512634660	462.27269125004727	318.80521227289245	143.46747897715483	369.46436387629939	171.42525501418146	-1	198.03910886211793	-1	OK
5.2500000000000000	632.59767425642553	358.44250641568442	245.13854379956265	113.30396261612175	274.15516784074106	126.68358964850265	-1	147.47157819223841	-1	OK
5.5000000000000000	486.12403059432216	280.33505426709189	190.25438919375091	90.080665073340995	205.78897632723027	94.851930159355504	-1	110.93704616787477	-1	OK
5.7500000000000000	377.19272493432510	220.99313656962050	148.92374934349385	72.069387226126679	156.19958836470460	71.817484359664320	-1	84.382104005040276	-1	OK
6.0000000000000000	295.26797050101499	175.49933096850873	117.49478304194122	58.004547926567504	119.76863953250626	54.935530172146287	-1	64.833109360359970	-1	OK
6.2500000000000000	232.86494258758052	140.32773767106158	93.379083500480661	46.948654170580951	92.537204916518945	42.415766508008232	-1	50.121438408510713	-1	OK
6.5000000000000000	185.07366051843417	112.92380181835802	74.719782590096116	38.204019228261899	72.149858700076166	33.033598454673097	-1	39.116260245403069	-1	OK
6.7500000000000000	148.15241280678526	91.415969180055157	60.169546471128129	31.246422708927032	56.736443626730114	25.926554550012497	-1	30.809889076717617	-1	OK
7.0000000000000000	119.36384129947663	74.419955830039385	48.740721468162910	25.679234361876464	44.943885469437241	20.483920783625230	-1	24.459964685812011	-1	OK
7.2500000000000000	96.708606813854672	60.902744619505135	39.702411741078201	21.200332878426927	35.805862194349537	16.263312655251394	-1	19.542549539098143	-1	OK
7.5000000000000000	78.835372495388881	50.087516568629312	32.508954811679146	17.578561756950165	28.747855926759573	13.027806458981209	-1	15.720049467778365	-1	OK
7.7500000000000000	64.598703903733366	41.384689344881721	26.749282892713520	14.635406452168194	23.214014558851645	10.499247207384089	-1	12.714767351467556	-1	OK
8.0000000000000000	53.185025024779733	34.343823790648841	22.111428006502742	12.232395784146094	18.841201234130896	8.5102236053122677	-1	10.330977628818628	-1	OK
8.2500000000000000	44.004476565966122	28.618863401704793	18.357086788172804	10.261776613531991	15.385613164261331	6.9328320504420260	-1	8.4527811138193059	-1	OK
8.5000000000000000	36.560840476664936	23.941625999056861	15.302723810573363	8.6389021884835007	12.619214477608077	5.6754001829061131	-1	6.9438142947019639	-1	OK
8.7500000000000000	30.502571723525293	20.103126980834809	12.806076889704292	7.2970500911305116	10.399444742690486	4.6681378940138814	-1	5.7313068486766046	-1	OK
9.0000000000000000	25.550686241110782	16.939499234469931	10.756167540651870	6.1833316938180580	8.6111870066408525	3.8569550123903142	-1	4.7542319942505387	-1	OK
9.2500000000000000	21.482726426762810	14.321504609046929	9.0659075333026866	5.2555970757442427	7.1612218177158793	3.2001197004300916	-1	3.9611021172857876	-1	OK
9.5000000000000000	18.125590510031973	12.146666800245743	7.6665732246297784	4.4800935756159648	5.9789237097862298	2.6655719179302815	-1	3.3133517918559483	-1	OK
9.7500000000000000	15.343447197153125	10.333281256460424	6.5036381963731742	3.8296430600872489	5.0101659406927022	2.2290882921481194	-1	2.7810776485445827	-1	OK
10.000000000000000	13.029455251051230	8.8159829843533348	5.5336419234225955	3.2823410609307402	4.2134722666978952	1.8708224068809440	-1	2.3426498598169512	-1	OK
10.250000000000000	11.094803370736427	7.5421964848306171	4.7217657018859338	2.8204307829446837	3.5526068859058104	1.5754277072361604	-1	1.9771791786696500	-1	OK
10.500000000000000	9.4773096448225491	6.4694341242213484	4.0399802547266486	2.4294538694947003	3.0078755206012007	1.3309446425217399	-1	1.6769308780794607	-1	OK
10.750000000000000	8.1170751713637195	5.5632029091669963	3.4656240434356365	2.0975788657313603	2.5538722621967223	1.1278925642013429	-1	1.4259796979953794	-1	OK
11.000000000000000	6.9706064412005242	4.7953919474431013	2.9803015766931327	1.8150903707499673	2.1752144937574229	0.95727093899556681	-1	1.2179435547618560	-1	OK
11.250000000000000	6.0010275116111718	4.1430562577789134	2.5690309707608661	1.5740252870180476	1.8579712538322584	0.81597649161693075	-1	1.0419947622153276	-1	OK
11.500000000000000	5.1781845847069636	3.5873505832446302	2.2195512978528824	1.3677992853917469	1.5908340014623339	0.69689286875350098	-1	0.89394113270883291	-1	OK
11.750000000000000	4.4784744075596663	3.1127452423270277	1.9217909667227382	1.1909542756042890	1.3657291652326389	0.59717050280981832	-1	0.76855866242282056	-1	OK
12.000000000000000	3.8813442947956052	2.7064084423300594	1.6674520866362628	1.0389563556937964	1.1749358524655458	0.51297029049667309	-1	0.66196556196887268	-1	OK
12.250000000000000	3.3707389082144479	2.3576895354477116	1.4496712752652712	0.90801826018244036	1.0130493727667365	0.44170938228707135	-1	0.57133999047966511	-1	OK
12.500000000000000	2.9336993971850047	2.0577439787685567	1.2627590552846393	0.79498492348391803	0.87595541841644775	0.38123392406825840	-1	0.49472149434818935	-1	OK
12.750000000000000	2.5582453341662035	1.7991878011100841	1.1019796434462128	0.69720815766387156	0.75905753305611934	0.32929469416951368	-1	0.42976283888660566	-1	OK
13.000000000000000	2.2344781382968568	1.5758430687448151	0.96338089770391455	0.61246217104090050	0.65863506955204154	0.28543081483161192	-1	0.37320425472042962	-1	OK
13.250000000000000	1.9555743419014306	1.3825234117421055	0.84365414377829318	0.53886926796381229	0.57305093015932529	0.24792379879690837	-1	0.32512713136241689	-1	OK
13.500000000000000	1.7141914917509009	1.2148699160931413	0.74002326326129542	0.47484665283184579	0.49932157565775948	0.21575131184813762	-1	0.28357026380962186	-1	OK
13.750000000000000	1.5051007891741044	1.0691967219839640	0.65014980371188080	0.41904691827208324	0.43590406719014052	0.18810538126935877	-1	0.24779868592078175	-1	OK
14.000000000000000	1.3238160816690008	0.94239501437847750	0.57206332902468138	0.37033168535379618	0.38142106729052322	0.16430193496375303	-1	0.21711913232677019	-1	OK
14.250000000000000	1.1661453849254035	0.83182277439229824	0.50409527724795200	0.32772749714434618	0.33432261053310525	0.14377093138389105	-1	0.19055167914921420	-1	OK
14.500000000000000	1.0287723081561242	0.73524434352318691	0.44483340455131659	0.29041093897187031	0.29352796463293740	0.12601985672982940	-1	0.16750810790310799	-1	OK
14.750000000000000	0.90885414113545304	0.65074928098296148	0.39307574601431178	0.25767353496864981	0.25810486015249157	0.11063378257168272	-1	0.14747107758080885	-1	OK
15.000000000000000	0.80402319981694592	0.57671146308847687	0.34779965989924372	0.22891180318923324	0.22731173672846908	9.67048216405968636E-002	-1	0.13060691508787220	-1	OK
15.250000000000000	0.71227477296617248	0.51173608168947604	0.30813124807908848	0.20360483361038736	0.20053869127669649	8.55229233611990297E-002	-1	0.11501576791549746	-1	OK
15.500000000000000	0.63169987152117579	0.45462994100019660	0.27332375550160665	0.18130618549859004	0.17706993052097922	7.54172433921347224E-002	-1	0.10165268712884450	-1	OK
15.750000000000000	0.56084173599157694	0.40436783717971042	0.24273695646847465	0.16163088071123574	0.15647389881186657	6.66025938852635307E-002	-1	8.98713049266030434E-002	-1	OK
16.000000000000000	0.49864077994325556	0.36007029287513481	0.21582158459386130	0.14424870828127354	0.13857048706812075	5.89006820459587813E-002	-1	7.96698050221619769E-002	-1	OK
16.250000000000000	0.44386615347233405	0.32097554559469382	0.19210426408165654	0.12887128151303720	0.12289060787764022	5.21580365378083444E-002	-1	7.07325713398318789E-002	-1	OK
16.500000000000000	0.39574198890433487	0.28642953505833912	0.17117779827496107	0.11525173678337805	0.10931245384599578	4.59641530949071522E-002	-1	6.33483007510886320E-002	-1	OK
16.750000000000000	0.35311141991070955	0.25586341067249896	0.15269014696656816	0.10317326370593086	9.72480092382105865E-002	4.08074144168904876E-002	-1	5.64405948213200989E-002	-1	OK
17.000000000000000	0.31533071777534621	0.22878706829580209	0.13633732544625674	9.24497428495453660E-002	8.65436494795441269E-002	3.62711485825385344E-002	-1	5.02725008970055925E-002	-1	OK
17.250000000000000	0.28181667022402451	0.20477372470696623	0.12185536936547869	8.29183553414875180E-002	7.70429455170583005E-002	3.24168838628795739E-002	-1	4.46260616541787267E-002	-1	OK
17.500000000000000	0.25214050912802266	0.18345231056174194	0.10901535649097428	7.44369540707676969E-002	6.86881985662807504E-002	2.88772589686207351E-002	-1	3.98109395976600153E-002	-1	OK
17.750000000000000	0.22587679943386918	0.16450081142440526	9.76183695865262824E-002	6.68824418378789337E-002	6.13759880094639151E-002	2.57515910557769255E-002	-1	3.56243969536869931E-002	-1	OK
18.000000000000000	0.20249004106157709	0.14763661346744711	8.74909487016773679E-002	6.01456647657697477E-002	5.48534275941299776E-002	2.29882383387176072E-002	-1	3.18651892554123739E-002	-1	OK
18.250000000000000	0.18169403686579624	0.13261507123511942	7.84823322827771924E-002	5.41327389523422672E-002	4.90789656306768254E-002	2.04051508517958807E-002	-1	2.86738147788809447E-002	-1	OK
18.500000000000000	0.16316393521232375	0.11922059470046456	7.04604703558795176E-002	4.87601243445850152E-002	4.39433405118591844E-002	1.82516563054509404E-002	-1	2.56916842064082440E-002	-1	OK
18.750000000000000	0.14666952155573112	0.10726528961271312	6.33102243964363820E-002	4.39550652162767480E-002	3.94042319430180088E-002	1.63418921858972145E-002	-1	2.30623397571207943E-002	-1	OK
19.000000000000000	0.13194045529553744	9.65847965909700096E-002	5.69307374908107761E-002	3.96540591001591988E-002	3.53556587045674373E-002	1.46465747820429017E-002	-1	2.07090839225245356E-002	-1	OK
19.250000000000000	0.11878258440298933	8.70337531867118458E-002	5.12334380800098591E-002	3.58003151067019798E-002	3.17488312162774941E-002	1.31395576606864375E-002	-1	1.86092735555910549E-002	-1	OK
19.500000000000000	0.10703672028890970	7.84852373617130755E-002	4.61407543433036554E-002	3.23444830184094062E-002	2.85514829271966350E-002	1.17960696614187836E-002	-1	1.67554132657778514E-002	-1	OK
19.750000000000000	9.65178207738260907E-002	7.08269203336713837E-002	4.15843805774319605E-002	2.92425397562394232E-002	2.56909004401547070E-002	1.05838839009484709E-002	-1	1.51070165392062361E-002	-1	OK
20.000000000000000	8.70887515812479029E-002	6.39603730664570630E-002	3.75043650348537566E-002	2.64560080316032960E-002	2.31283785147908434E-002	9.51292730773117823E-003	-1	1.36154512070596652E-002	-1	OK
20.250000000000000	7.86456192988052721E-002	5.77989402466949492E-002	3.38478737716549696E-002	2.39510664750399831E-002	2.08466790521103194E-002	8.56224422229131393E-003	-1	1.22844348298190055E-002	-1	OK
20.500000000000000	7.10735040163922582E-002	5.22653511942309107E-002	3.05681737943612024E-002	2.16971773998697083E-002	1.88081528221613441E-002	7.71258226230170461E-003	-1	1.10955705598596403E-002	-1	OK
20.750000000000000	6.42673203183583702E-002	4.72919923415926827E-002	2.76241531874870105E-002	1.96678391541056617E-002	1.69753279767656841E-002	6.95261646169173346E-003	-1	1.00227115150739506E-002	-1	OK
21.000000000000000	5.81522598047414935E-002	4.28185993192077771E-002	2.49793563958000085E-002	1.78392429234077547E-002	1.53336604855337198E-002	6.27236308124381851E-003	-1	9.06129740428990131E-003	-1	OK
21.250000000000000	5.26427534136116662E-002	3.87917166244218792E-002	2.26015453329953160E-002	1.61901712914265562E-002	1.38510367891897888E-002	5.66298182297140899E-003	-1	8.18805496621837978E-003	-1	OK
21.500000000000000	4.76985818778216247E-002	3.51642149337016083E-002	2.04622112339832435E-002	1.47020036997183596E-002	1.25343669441200199E-002	5.11018773674507681E-003	-1	7.42417920737494311E-003	-1	OK
21.750000000000000	4.32322755945693318E-002	3.18941847423886010E-002	1.85360705462375881E-002	1.33581141961510216E-002	1.13380908521807326E-002	4.62017622221411271E-003	-1	6.71791462996661985E-003	-1	OK
22.000000000000000	3.92163068140200521E-002	2.89443476169547916E-002	1.68006722789937647E-002	1.21436753379610268E-002	1.02719591970652641E-002	4.17991269355990052E-003	-1	6.09204650350536354E-003	-1	OK
22.250000000000000	3.55924087220345839E-002	2.62817100927318324E-002	1.52360930557071013E-002	1.10456170370247294E-002	9.31069862930275147E-003	3.78403798326407874E-003	-1	5.52666064603867316E-003	-1	OK
22.500000000000000	3.23231994957013380E-002	2.38766817458071975E-002	1.38245686506320367E-002	1.00521130951751626E-002	8.44651774989414392E-003	3.42363306247424467E-003	-1	5.02288468741989881E-003	-1	OK
22.750000000000000	2.93653579385233995E-002	2.17028841482562428E-002	1.25502888760385435E-002	9.15259527221769405E-003	7.66247379026715591E-003	3.09911648092328932E-003	-1	4.56335730934386702E-003	-1	OK
23.000000000000000	2.66856948520358059E-002	1.97368490492991384E-002	1.13991833428221181E-002	8.33766570647702203E-003	6.94884580273666744E-003	2.81183103262372868E-003	-1	4.13701477011293832E-003	-1	OK
23.250000000000000	2.42721421964118347E-002	1.79576155694233311E-002	1.03587067270848494E-002	7.59890884233848252E-003	6.31452662698850451E-003	2.55178648447334372E-003	-1	3.76274014251516079E-003	-1	OK
23.500000000000000	2.20804199901114828E-002	1.63464435654496823E-002	9.41766200020319535E-003	6.92878156524648781E-003	5.73397642466179878E-003	2.31673835308639046E-003	-1	3.41723807157540832E-003	-1	OK
23.750000000000000	2.01020438443481539E-002	1.48867426058810932E-002	8.56608643325414663E-003	6.32065617262694487E-003	5.21530123846706238E-003	2.10477544878379498E-003	-1	3.11052578968326740E-003	-1	OK
24.000000000000000	1.83077811137463062E-002	1.35634621110843588E-002	7.79501705757276123E-003	5.76844505351159671E-003	4.74431900266194823E-003	1.91082815850954256E-003	-1	2.83349084415240567E-003	-1	OK
24.250000000000000	1.66875644375165354E-002	1.23632410062585879E-002	7.09647576113028953E-003	5.26676524512829838E-003	4.32432343125794833E-003	1.73536322085482333E-003	-1	2.58896021040312500E-003	-1	OK
24.500000000000000	1.52138488000264152E-002	1.12740982782601456E-002	6.46330277233672992E-003	4.81079550592341306E-003	3.93975052176626962E-003	1.57887699969972047E-003	-1	2.36087352206654916E-003	-1	OK
24.750000000000000	1.38733959133777868E-002	1.02851227138547729E-002	5.88905065057632009E-003	4.39607206327845366E-003	3.58827319952301476E-003	1.43715079913355782E-003	-1	2.15112240038945694E-003	-1	OK
25.000000000000000	1.26536001458143130E-002	9.38667962627477183E-003	5.36798455775517463E-003	4.01869506851959372E-003	3.26692051953954114E-003	1.30727701550942331E-003	-1	1.95964350403011762E-003	-1	OK
25.250000000000000	1.15493123713933162E-002	8.57008869422544624E-003	4.89494200120354703E-003	3.67514669302189791E-003	2.97922367716786955E-003	1.18940314692321113E-003	-1	1.78982053024465842E-003	-1	OK
25.500000000000000	1.05511421568483151E-002	7.82747221967463463E-003	4.46527651782412278E-003	3.36219570185051272E-003	2.72366993717368085E-003	1.08417052434487413E-003	-1	1.63949941282880672E-003	-1	OK
25.750000000000000	9.63517452433796870E-003	7.15187308685467406E-003	4.07484873171696897E-003	3.07702435513770725E-003	2.48330143748329464E-003	9.87376896064794292E-004	-1	1.49592454141850035E-003	-1	OK
26.000000000000000	8.80591856060240763E-003	6.53701219975837220E-003	3.71992330073228324E-003	2.81708889902608766E-003	2.26890636084403586E-003	9.00782972865966100E-004	-1	1.36812338797806976E-003	-1	OK
26.250000000000000	8.04987128942128566E-003	5.97713123301400490E-003	3.39711573745224036E-003	2.58001549556176541E-003	2.07274005640728032E-003	8.22114752002688401E-004	-1	1.25062530440459181E-003	-1	OK
26.500000000000000	7.36280665894711861E-003	5.46710542784745613E-003	3.10339541219250030E-003	2.36371001565495583E-003	1.89570123109966205E-003	7.50622379286592311E-004	-1	1.14507885181306963E-003	-1	OK
26.750000000000000	6.73365713996380236E-003	5.00229793543794602E-003	2.83602433040086414E-003	2.16627360503708144E-003	1.73135920452585656E-003	6.85625632021614985E-004	-1	1.04573357250424158E-003	-1	OK
27.000000000000000	6.16445436252333577E-003	4.57849548189848219E-003	2.59253138759094276E-003	1.98596409430753856E-003	1.58595888062485401E-003	6.25658647501394914E-004	-1	9.60300233123459099E-004	-1	OK
27.250000000000000	5.64211038603131682E-003	4.19193667959614179E-003	2.37069721909720756E-003	1.82123946049893314E-003	1.45017370643517459E-003	5.71930461473338933E-004	-1	8.78243244961835661E-004	-1	OK
27.500000000000000	5.16746869417864657E-003	3.83919264286368585E-003	2.16851039950330437E-003	1.67068224336038040E-003	1.32827605131496094E-003	5.22628363148511937E-004	-1	8.05647688166449003E-004	-1	OK
27.750000000000000	4.73383953842035007E-003	3.51717849448545446E-003	1.98416217075609268E-003	1.53301632372936135E-003	1.21666104393489518E-003	4.78104056148758848E-004	-1	7.38556987786136328E-004	-1	OK
28.000000000000000	4.33778464346713886E-003	3.22314759091053621E-003	1.81602421421106432E-003	1.40712337669947189E-003	1.11463705255660265E-003	4.37533799344185393E-004	-1	6.77103253212417260E-004	-1	OK
28.250000000000000	3.97636832214370156E-003	2.95455056196484685E-003	1.66260881329252045E-003	1.29194174867232640E-003	1.02181776017885471E-003	4.00541416469135409E-004	-1	6.21276343709719356E-004	-1	OK
28.500000000000000	3.64601063110895577E-003	2.70908941188575990E-003	1.52257460627458789E-003	1.18651480561117158E-003	9.36921219223195651E-004	3.66796748028782324E-004	-1	5.70124471194413326E-004	-1	OK
28.750000000000000	3.34337744422089815E-003	2.48470024685792934E-003	1.39471190778592030E-003	1.08998833907200990E-003	8.58677197362968923E-004	3.35586701242637168E-004	-1	5.23090496120331809E-004	-1	OK
29.000000000000000	3.06717506293634722E-003	2.27950693260748054E-003	1.27792239908119422E-003	1.00158453352628589E-003	7.87668130328866671E-004	3.07088767591516944E-004	-1	4.80579362737349727E-004	-1	OK
29.250000000000000	2.81451396613438239E-003	2.09178724859392963E-003	1.17120730808785152E-003	9.20579940506077352E-004	7.22726717540452760E-004	2.81125592223407049E-004	-1	4.41601125317045711E-004	-1	OK
29.500000000000000	2.58329768307493128E-003	1.91999945419161675E-003	1.07366732144481320E-003	8.46332132746803662E-004	6.63298228883314636E-004	2.57463831575037005E-004	-1	4.05834397308277631E-004	-1	OK
29.750000000000000	2.37150657159732308E-003	1.76274161684215609E-003	9.84485750733015688E-004	7.78255866109140403E-004	6.08764954755166773E-004	2.35922680379327973E-004	-1	3.72842274375838800E-004	-1	OK
30.000000000000000	2.17776424123138123E-003	1.61874923745692636E-003	9.02923653478777738E-004	7.15825583978148511E-004	5.59015003774454978E-004	2.16328132269510076E-004	-1	3.42686871504944903E-004	-1	OK
30.250000000000000	1.99950648559210197E-003	1.48686462160785293E-003	8.28307665098174800E-004	6.58556956509677915E-004	5.12641863984249040E-004	1.98265345790696329E-004	-1	3.14376518193552738E-004	-1	OK
30.500000000000000	1.83723281564768465E-003	1.36603156765494342E-003	7.60025273424936774E-004	6.06006294230006758E-004	4.71201247992741228E-004	1.81811298859498358E-004	-1	2.89389949133242843E-004	-1	OK
30.750000000000000	1.68847251840523942E-003	1.25529071641262285E-003	6.97520816822402227E-004	5.57769899590220409E-004	4.33181801992616562E-004	1.66773012845159910E-004	-1	2.66408789147456679E-004	-1	OK
31.000000000000000	1.55195705312906719E-003	1.15377041014273697E-003	6.40289671448193102E-004	5.13480738694543763E-004	3.98186642986330329E-004	1.53140025932830360E-004	-1	2.45046617053499942E-004	-1	OK
31.250000000000000	1.42696705371232638E-003	1.06068437870188441E-003	5.87873280851862641E-004	4.72811097850021770E-004	3.66282675010441911E-004	1.40655485367964300E-004	-1	2.25627189642477611E-004	-1	OK
31.500000000000000	1.31175335859124321E-003	9.75290608930309464E-004	5.39849888673894687E-004	4.35440720256415048E-004	3.36462749660933799E-004	1.29217633544770403E-004	-1	2.07245116116163395E-004	-1	OK
31.750000000000000	1.20651725376235276E-003	8.96939702742389371E-004	4.95842117071731677E-004	4.01097585670657695E-004	3.09577551019963443E-004	1.18593514029926040E-004	-1	1.90984036990037389E-004	-1	OK
32.000000000000000	1.10991667788269449E-003	8.25038726045433353E-004	4.55505754628972900E-004	3.69532971416460345E-004	2.84877951837261085E-004	1.08996888487573957E-004	-1	1.75881063349687115E-004	-1	OK
32.250000000000000	1.02131782183150226E-003	7.59040494624084743E-004	4.18525097728329059E-004	3.40515396895755683E-004	2.62277327207417461E-004	1.00197850835334699E-004	-1	1.62079476372082763E-004	-1	OK
32.500000000000000	9.39800685685782209E-004	6.98443337013129623E-004	3.84612655141972082E-004	3.13830681871157488E-004	2.41357348672652586E-004	9.19943736375825033E-005	-1	1.49362975035070096E-004	-1	OK
32.750000000000000	8.64976037526805821E-004	6.42793230386773254E-004	3.53506834602126409E-004	2.89286395784646736E-004	2.22182807140032621E-004	8.46356995334575460E-005	-1	1.37547107606575088E-004	-1	OK
33.000000000000000	7.96270898315464947E-004	5.91677506648790067E-004	3.24969488567921727E-004	2.66708018080868395E-004	2.04593391666674853E-004	7.77486547345949248E-005	-1	1.26844736932079928E-004	-1	OK
33.250000000000000	7.33184517667674141E-004	5.44712535607514759E-004	2.98781912703368312E-004	2.45930622904146610E-004	1.88471982060159327E-004	7.15289938665867095E-005	-1	1.16942988193572618E-004	-1	OK
33.500000000000000	6.75087983704030880E-004	5.01554306136850871E-004	2.74745811049746744E-004	2.26808495087104127E-004	1.73533677567179982E-004	6.58182608459604988E-005	-1	1.07715416721219484E-004	-1	OK
33.750000000000000	6.21735767370660067E-004	4.61879328303290532E-004	2.52678331632019964E-004	2.09200996671270515E-004	1.59856439067369507E-004	6.05210089728541628E-005	-1	9.93354300945153512E-005	-1	OK
34.000000000000000	5.72758634455998081E-004	4.25400040723022217E-004	2.32414803154478512E-004	1.92985237568543732E-004	1.47358593732975864E-004	5.56482354784565308E-005	-1	9.17103582545193404E-005	-1	OK
34.250000000000000	5.27713614770093631E-004	3.91857116476280185E-004	2.13805348518526854E-004	1.78051767957753359E-004	1.35856498293813419E-004	5.11639300790709545E-005	-1	8.46925682147424647E-005	-1	OK
34.500000000000000	4.86227426898503518E-004	3.61008193571923529E-004	1.96711574168133226E-004	1.64296619403790357E-004	1.25219233326580016E-004	4.70188120609838894E-005	-1	7.82004212655961270E-005	-1	OK
34.750000000000000	4.48082555239333715E-004	3.32630562406293674E-004	1.81006910726143691E-004	1.51623651680149983E-004	1.15451992833040054E-004	4.32978718986400948E-005	-1	7.21541209343999596E-005	-1	OK
35.000000000000000	4.12930273534565595E-004	3.06521040485545826E-004	1.66575855483404301E-004	1.39945185002141525E-004	1.06409233049019756E-004	3.98769666722827165E-005	-1	6.65322663767370397E-005	-1	OK
35.250000000000000	3.80541861798074663E-004	2.82496372926122898E-004	1.53313368380347738E-004	1.29183004545775241E-004	9.80454888719517643E-005	3.67317472144929009E-005	-1	6.13137416574588634E-005	-1	OK
35.500000000000000	3.50780427694495406E-004	2.60385310235197579E-004	1.41122425647316935E-004	1.19262884587880617E-004	9.03951174592978264E-005	3.37969045491128716E-005	-1	5.65982129101849548E-005	-1	OK
35.750000000000000	3.23335901873748541E-004	2.40031225497082412E-004	1.29914323888938906E-004	1.10116901608143519E-004	8.33046763766661020E-005	3.11126890987179641E-005	-1	5.21919872779481379E-005	-1	OK
36.000000000000000	2.98137674053204171E-004	2.21289671270198500E-004	1.19607821045285276E-004	1.01681850224913265E-004	7.68480027830056986E-005	2.86693307101081694E-005	-1	4.81786720728975292E-005	-1	OK
36.250000000000000	2.74906448717750673E-004	2.04029914809224948E-004	1.10129020069200088E-004	9.39008947400248468E-005	7.08765339085256978E-005	2.63863676018199398E-005	-1	4.44901663067057547E-005	-1	OK
36.500000000000000	2.53530887136487176E-004	1.88134653826055862E-004	1.01410782859504795E-004	8.67238709665509998E-005	6.53962333104313404E-005	2.43196513987943326E-005	-1	4.10765819116370111E-005	-1	OK
36.750000000000000	2.33784692548224317E-004	1.73493760617441251E-004	9.33909047506359407E-005	8.01028558668052970E-005	6.02909319307830729E-005	2.24169600678276502E-005	-1	3.78739718629554227E-005	-1	OK
37.000000000000000	2.15656398526944623E-004	1.60006701913104190E-004	8.60125007558822243E-005	7.39942011572219932E-005	5.56496966138404325E-005	2.06248188671573984E-005	-1	3.50248777466830307E-005	-1	OK
37.250000000000000	1.98950370294199801E-004	1.47580349746423574E-004	7.92232157010648759E-005	6.83571340453587392E-005	5.13700205477762400E-005	1.89607855568969684E-005	-1	3.24092349908792750E-005	-1	OK
37.500000000000000	1.83541492673096015E-004	1.36129896956884740E-004	7.29753303616692257E-005	6.31545665952155006E-005	4.74115957162112681E-005	1.74806437106016529E-005	-1	2.99309520056096152E-005	-1	OK
37.750000000000000	1.69345420713463361E-004	1.25578057694879333E-004	6.72250486178215683E-005	5.83530090770577922E-005	4.37673630185840342E-005	1.61173381741381320E-005	-1	2.76500248444459022E-005	-1	OK
38.000000000000000	1.56261852241960231E-004	1.15852947097123425E-004	6.19319934963242716E-005	5.39209536007991403E-005	4.04089051448367986E-005	1.48617165076320316E-005	-1	2.55471886372047653E-005	-1	OK
38.250000000000000	1.44165441661487303E-004	1.06886927744472411E-004	5.70588220557513801E-005	4.98281056887210310E-005	3.72785139170148919E-005	1.37048870161551165E-005	-1	2.35736269008597754E-005	-1	OK
38.500000000000000	1.33037776148037300E-004	9.86198925948518983E-005	5.25718494114439005E-005	4.60480431834079911E-005	3.44178835531854015E-005	1.26387819153358390E-005	-1	2.17791016378495608E-005	-1	OK
38.750000000000000	1.22775421834848183E-004	9.09973577660610491E-005	4.84402906042601556E-005	4.25570671618009274E-005	3.17780640687871473E-005	1.16502201469014462E-005	-1	2.01278439218857010E-005	-1	OK
39.000000000000000	1.13308860099726731E-004	8.39688787586828248E-005	4.46357095329451834E-005	3.93331692257376414E-005	2.93399813410439062E-005	1.07327925491959610E-005	-1	1.86071887918479452E-005	-1	OK
39.250000000000000	1.04580250562678344E-004	7.74873516887097691E-005	4.11318710638339672E-005	3.63554806248758087E-005	2.70928988739685753E-005	9.90023513024719878E-006	-1	1.71926637437213765E-005	-1	OK
39.500000000000000	9.64835885878401601E-005	7.15096537200217821E-005	3.79046837971819852E-005	3.36049699228398036E-005	2.49739348678183747E-005	9.11979427369002713E-006	-1	1.58541405941283476E-005	-1	OK
39.750000000000000	8.90454020806172265E-005	6.59957839464249006E-005	3.49319952353207858E-005	3.10637887111041216E-005	2.30496181341923225E-005	8.41314594287361281E-006	-1	1.46364721913187097E-005	-1	OK
40.000000000000000	8.21990891471950549E-005	6.09098359955296067E-005	3.21936278861472314E-005	2.87162081093823787E-005	2.12892531516654549E-005	7.76157878240651043E-006	-1	1.35276743692589445E-005	-1	OK
40.250000000000000	7.58809390544010101E-005	5.62182949034914612E-005	2.96708721007444462E-005	2.65474228027470183E-005	1.96626441509095557E-005	7.16067947759081383E-006	-1	1.25019646733187427E-005	-1	OK
40.500000000000000	7.00414405460028785E-005	5.18894883379536563E-005	2.73463919086271181E-005	2.45430964293265416E-005	1.81519522080492256E-005	6.58845698382744788E-006	-1	1.15634952242217777E-005	-1	OK
40.750000000000000	6.46547012652927644E-005	4.78945377113652334E-005	2.52043610793847194E-005	2.26901766319805140E-005	1.67601635539275276E-005	6.07872850941920667E-006	-1	1.06814350445083201E-005	-1	OK
41.000000000000000	5.96846130693787780E-005	4.42079359104558163E-005	2.32304741515270854E-005	2.09774617589287342E-005	1.54766771589229617E-005	5.60857079778350783E-006	-1	9.86810636113945392E-006	-1	OK
41.250000000000000	5.50983057333154073E-005	4.08059549711560401E-005	2.14115005510322253E-005	1.93944544201238182E-005	1.42923507621593672E-005	5.16129135706547048E-006	-1	9.13105940509389586E-006	-1	OK
41.500000000000000	5.08633575347676721E-005	3.76664462120974378E-005	1.97351995858983522E-005	1.79312466261990857E-005	1.31969113226702326E-005	4.76225134530484644E-006	-1	8.43465997736538532E-006	-1	OK
41.750000000000000	4.69545846365365004E-005	3.47691973009961098E-005	1.81903568881856068E-005	1.65788404128104928E-005	1.21853873355403941E-005	4.39411414175139312E-006	-1	7.79127319378900093E-006	-1	OK
42.000000000000000	4.33483277152469537E-005	3.20952552339062318E-005	1.67665415301566799E-005	1.53287137037495587E-005	1.12530724813407202E-005	4.05051289328370912E-006	-1	7.20255958805701106E-006	-1	OK
42.250000000000000	4.00175833497006097E-005	2.96271290921307088E-005	1.54542035262075905E-005	1.41729255659231166E-005	1.03904542575699010E-005	3.73332665468443632E-006	-1	6.65712760288546467E-006	-1	OK
42.500000000000000	3.69421642105349942E-005	2.73491655527149782E-005	1.42446136203109481E-005	1.31045519324040317E-005	9.59299865782001767E-006	3.43871078476331681E-006	-1	6.15428787305670043E-006	-1	OK
42.750000000000000	3.41060787467688866E-005	2.52465352767470552E-005	1.31296321823014020E-005	1.21169030944456515E-005	8.85954347002183479E-006	3.17509905870163177E-006	-1	5.68444441132020345E-006	-1	OK
43.000000000000000	3.14821378103323539E-005	2.33052422781639122E-005	1.21017215872162282E-005	1.12035206909476857E-005	8.17689553216844002E-006	2.92635851894991582E-006	-1	5.25053701321852462E-006	-1	OK
43.250000000000000	2.90645676570214946E-005	2.15126574782356937E-005	1.11540454864692193E-005	1.03586119917664744E-005	7.55191017878580086E-006	2.69958993735838364E-006	-1	4.85232024142741722E-006	-1	OK
43.500000000000000	2.68333702710184720E-005	1.98577341053838965E-005	1.02804101360230099E-005	9.57732396936089003E-006	6.97563616563457630E-006	2.48787242569791805E-006	-1	4.48776373993665783E-006	-1	OK
43.750000000000000	2.47704681426491052E-005	1.83298943261651261E-005	9.47502147435244924E-006	8.85487285181267857E-006	6.44057381648397737E-006	2.29208481578112247E-006	-1	4.14848900070285532E-006	-1	OK
44.000000000000000	2.28693140266032344E-005	1.69193519528941275E-005	8.73253838016813829E-006	8.18681357272598412E-006	5.94996207370910608E-006	2.11336181788063288E-006	-1	3.83660025582847319E-006	-1	OK
44.250000000000000	2.11119389025980960E-005	1.56170762899947307E-005	8.04803467182381403E-006	7.56904161817091670E-006	5.49486261260336445E-006	1.94970401811502253E-006	-1	3.54515859448834191E-006	-1	OK
44.500000000000000	1.94885692341407168E-005	1.44147335913022110E-005	7.41696821804008330E-006	6.99776537326212939E-006	5.07383564283850580E-006	1.79687265200579392E-006	-1	3.27696299083271209E-006	-1	OK
44.750000000000000	1.79897489648824635E-005	1.33046575912628587E-005	6.83516708237288257E-006	6.46949050888997449E-006	4.68509137361960480E-006	1.65574628606965307E-006	-1	3.02934508754995194E-006	-1	OK
45.000000000000000	1.66038848284333319E-005	1.22797627509355398E-005	6.29877670800164954E-006	5.98098604293389022E-006	4.32412207749779127E-006	1.52734768092616968E-006	-1	2.79677439657162181E-006	-1	OK
45.250000000000000	1.53246814009428496E-005	1.13333934944944852E-005	5.80422054421483152E-006	5.52917295027965456E-006	3.99128790644836607E-006	1.40632262009884439E-006	-1	2.58496528634952168E-006	-1	OK
45.500000000000000	1.41420001313936120E-005	1.04594506486326947E-005	5.34821530929532592E-006	5.11123533933737052E-006	3.68254948276091768E-006	1.29586067221216017E-006	-1	2.38668881054875730E-006	-1	OK
45.750000000000000	1.30483661919036174E-005	9.65238303768729894E-006	4.92776820342834840E-006	4.72461483425895054E-006	3.39598315421631936E-006	1.19326934133956781E-006	-1	2.20271381287675175E-006	-1	OK
46.000000000000000	1.20421267269570372E-005	8.90713697910332215E-006	4.54012711751042370E-006	4.36700986159289506E-006	3.13498974785371500E-006	1.10047420150759317E-006	-1	2.03451554634612183E-006	-1	OK
46.250000000000000	1.11132416782157973E-005	8.21901779973382814E-006	4.18274915887882931E-006	4.03626864085500137E-006	2.89422387848196913E-006	1.01367415113427343E-006	-1	1.88054972734769570E-006	-1	OK
46.500000000000000	1.02567164431439905E-005	7.58371937294917526E-006	3.85329073332671434E-006	3.73042863962246092E-006	2.67299707019481486E-006	9.34730985927292898E-007	-1	1.73826608426752196E-006	-1	OK
46.750000000000000	9.46383199450024214E-006	6.99719026120224165E-006	3.54957047601404372E-006	3.44761978518819793E-006	2.46664173329800006E-006	8.59717902346214696E-007	-1	1.60692383095178537E-006	-1	OK
47.000000000000000	8.73200274155243329E-006	6.45563314848387354E-006	3.26957045620099582E-006	3.18606269228287942E-006	2.27636959306856017E-006	7.91987367984601492E-007	-1	1.48438222508395868E-006	-1	OK
47.250000000000000	8.05705518960841475E-006	5.95562693234670082E-006	3.01145097823324803E-006	2.94417595411345321E-006	2.10142825726171308E-006	7.30113390012392919E-007	-1	1.37131486724932006E-006	-1	OK
47.500000000000000	7.43219897128758414E-006	5.49405425013006985E-006	2.77351581620404938E-006	2.72053843392601963E-006	1.93814472115751471E-006	6.71982033428187465E-007	-1	1.26616268772932725E-006	-1	OK
47.750000000000000	6.85682986956338107E-006	5.06786511474955098E-006	2.55416705935538716E-006	2.51369805539416255E-006	1.78896475481382967E-006	6.19603668337408620E-007	-1	1.16936108647642115E-006	-1	OK
48.000000000000000	6.32615174430177239E-006	4.67431587102758527E-006	2.35195288370288781E-006	2.32236298732469534E-006	1.65183587327418754E-006	5.69878809005620844E-007	-1	1.08195706426856670E-006	-1	OK
48.250000000000000	5.83416128169404993E-006	4.31094144918884557E-006	2.16555341504062260E-006	2.14538803414822254E-006	1.52321983250520394E-006	5.25225507238267992E-007	-1	9.97994325266935945E-007	-1	OK
48.500000000000000	5.38084767982490427E-006	3.97549981538790145E-006	1.99375207486554980E-006	1.98174774052235122E-006	1.40534786443700304E-006	4.83547626828144407E-007	-1	9.21800237608858633E-007	-1	OK
48.750000000000000	4.96126440246626927E-006	3.66583553512237081E-006	1.83541024360423797E-006	1.83042529151813390E-006	1.29542886734389804E-006	4.44806257465357147E-007	-1	8.50622609878540896E-007	-1	OK
49.000000000000000	4.57364091371847728E-006	3.38001966518422322E-006	1.68949030797377255E-006	1.69052935721045045E-006	1.19362124853425427E-006	4.09720693498162752E-007	-1	7.83900555036091465E-007	-1	OK
49.250000000000000	4.21676296251521639E-006	3.11622911206672550E-006	1.55502331160972428E-006	1.56120580045700207E-006	1.10053385044849130E-006	3.76893033110498491E-007	-1	7.23640817337992813E-007	-1	OK
49.500000000000000	3.88688656523970892E-006	2.87276521345801630E-006	1.43111364180768338E-006	1.44165157165033271E-006	1.01412135178169220E-006	3.47199547094779953E-007	-1	6.66921804686912193E-007	-1	OK
49.750000000000000	3.58305821671708676E-006	2.64805948040950028E-006	1.31693674583817429E-006	1.33112273457132578E-006	9.34998736307586689E-007	3.19809799679979642E-007	-1	6.15188936627607100E-007	-1	OK
50.000000000000000	3.30271876052186719E-006	2.44070720626178683E-006	1.21173935041647106E-006	1.22896785584531556E-006	8.62011554260080355E-007	2.94169679889754424E-007	-1	5.67841874370325931E-007	-1	OK
50.250000000000000	3.04370622971819396E-006	2.24934626574863420E-006	1.11481179559049230E-006	1.13453447015814190E-006	7.94359963969559650E-007	2.70490614749035404E-007	-1	5.23869349220524246E-007	-1	OK
50.500000000000000	2.80497982791228246E-006	2.07270210728645701E-006	1.02550197674327706E-006	1.04720013054317994E-006	7.32277720625825242E-007	2.47458298134505431E-007	-1	4.84819422491319811E-007	-1	OK
50.750000000000000	2.58467533229779676E-006	1.90969385054272962E-006	9.43228002946029779E-007	9.66465847596699633E-007	6.74981481755067244E-007	2.27709976264575596E-007	-1	4.47271505490491648E-007	-1	OK
51.000000000000000	2.38068159910329883E-006	1.75930006282773992E-006	8.67447106357126600E-007	8.91852956470613105E-007	6.21381536275559018E-007	2.10029895332134587E-007	-1	4.11351640943424457E-007	-1	OK
51.250000000000000	2.19299394150677934E-006	1.62056450251093088E-006	7.97654072137181062E-007	8.22910430373749502E-007	5.72429438995848560E-007	1.92578123405228677E-007	-1	3.79851315590619884E-007	-1	OK
51.500000000000000	2.01967407539603025E-006	1.49258626757477449E-006	7.33380265919884267E-007	7.59206001654890226E-007	5.27087807821255646E-007	1.77207510361428168E-007	-1	3.49880297459827478E-007	-1	OK
51.750000000000000	1.86027348306617133E-006	1.37454278051518820E-006	6.74194711041359368E-007	7.00348069473828832E-007	4.85730702550983022E-007	1.63040179490278522E-007	-1	3.22690523060704500E-007	-1	OK
52.000000000000000	1.71298235281454424E-006	1.26567773253232095E-006	6.19700912310041690E-007	6.45976820222279468E-007	4.47304620282223350E-007	1.49982664461744578E-007	-1	2.97321955820478798E-007	-1	OK
52.250000000000000	1.57685480179398914E-006	1.16528655419504947E-006	5.69530614167214781E-007	5.95755940027834904E-007	4.11568247598939557E-007	1.37950413197761524E-007	-1	2.73617834401178007E-007	-1	OK
52.500000000000000	1.45144671856932562E-006	1.07270439370690179E-006	5.23342623205543727E-007	5.49361770501358172E-007	3.78742324862423935E-007	1.26862275258825746E-007	-1	2.51880049603598188E-007	-1	OK
52.750000000000000	1.33611057174054007E-006	9.87333226155064088E-007	4.80824850053078212E-007	5.06508376101985876E-007	3.48777345585475931E-007	1.16565396153556491E-007	-1	2.32211949431919426E-007	-1	OK
53.000000000000000	1.22896702126619611E-006	9.08608114966403152E-007	4.41688038829181314E-007	4.66920076137221732E-007	3.20358906299792958E-007	1.07160975555532148E-007	-1	2.13197930744260810E-007	-1	OK
53.250000000000000	1.13076627718459813E-006	8.36019323556556362E-007	4.05667769887507423E-007	4.30351553669048939E-007	2.94746953628041711E-007	9.83794600744723789E-008	-1	1.96367493553569346E-007	-1	OK
53.500000000000000	1.03956921992086183E-006	7.69095936945445417E-007	3.72521448153528230E-007	3.96574488791917239E-007	2.70473282975416361E-007	8.97565221227460466E-008	-1	1.80716760852670315E-007	-1	OK
53.750000000000000	9.56186169159274554E-007	7.07424944143615447E-007	3.42028310931404639E-007	3.65396633212210650E-007	2.48761225015659054E-007	8.24699813616055721E-008	-1	1.66291243654053482E-007	-1	OK
54.000000000000000	8.79187974208277338E-007	6.50601727058830336E-007	3.13979200637852145E-007	3.36622526420978085E-007	2.28586247149446975E-007	7.57614378989775831E-008	-1	1.52824809250469379E-007	-1	OK
54.250000000000000	8.08556866202219583E-007	5.98248793030357994E-007	2.88180456011227412E-007	3.10068337019130529E-007	2.10308073171861588E-007	6.95859017598133923E-008	-1	1.40722171412048196E-007	-1	OK
54.500000000000000	7.43231836750692275E-007	5.50008722696394923E-007	2.64452596793885874E-007	2.85556125902509102E-007	1.93223114054297326E-007	6.39018287253704652E-008	-1	1.29321285328926874E-007	-1	OK
54.750000000000000	6.83156101602672917E-007	5.05574067785354367E-007	2.42634392366349207E-007	2.62939675419005053E-007	1.77582033817318577E-007	5.83800267506966334E-008	-1	1.19202007066621944E-007	-1	OK
55.000000000000000	6.27842063194197611E-007	4.64650975908962237E-007	2.22574797908369486E-007	2.42076178000592831E-007	1.63191087285235374E-007	5.35904986200034198E-008	-1	1.09600588665231954E-007	-1	OK
55.250000000000000	5.76726627516111201E-007	4.26959573010079738E-007	2.04132596729088648E-007	2.22826976280991143E-007	1.49767054506031490E-007	4.91839098160456097E-008	-1	1.00583144689985880E-007	-1	OK
55.500000000000000	5.29842975776215094E-007	3.92243153703648242E-007	1.87178900854860451E-007	2.05064252848787818E-007	1.37599822072566825E-007	4.51302797128976310E-008	-1	9.24695423596691945E-008	-1	OK
55.750000000000000	4.86533910279129648E-007	3.60269347812950032E-007	1.71596141584487573E-007	1.88673206228462459E-007	1.26264562466179616E-007	4.14020522751154732E-008	-1	8.48625101910641429E-008	-1	OK
56.000000000000000	4.46763592504523705E-007	3.30835108219963980E-007	1.57278015464132989E-007	1.73557092755830964E-007	1.15928484284559699E-007	3.79460894094203098E-008	-1	7.79823948751393960E-008	-1	OK
56.250000000000000	4.10182553908900321E-007	3.03747552696465235E-007	1.44125029562465136E-007	1.59622523134000072E-007	1.06435001212435086E-007	3.47542466122756090E-008	-1	7.16807546001594767E-008	-1	OK
56.500000000000000	3.76422930510867718E-007	2.78821683107002729E-007	1.32043870370292675E-007	1.46777812736710081E-007	9.76012474038649892E-008	3.18236907643638830E-008	-1	6.57775566395011129E-008	-1	OK
56.750000000000000	3.45416539007045961E-007	2.55889387974547560E-007	1.20949220284351274E-007	1.34940167690196313E-007	8.95271510324983878E-008	2.91277137459532588E-008	-1	6.03994372865451257E-008	-1	OK
57.000000000000000	3.16876995161122310E-007	2.34793333457560654E-007	1.10762074010574439E-007	1.24031259446986215E-007	8.20836617035616565E-008	2.66559372044980696E-008	-1	5.54277244990635835E-008	-1	OK
57.250000000000000	2.90663194035993106E-007	2.15391377563360386E-007	1.01409952632960528E-007	1.13981424930399858E-007	7.52718164726326931E-008	2.43582881520466207E-008	-1	5.09135283205860724E-008	-1	OK
57.500000000000000	2.66579077361902009E-007	1.97548807587991008E-007	9.28256890451225803E-008	1.04723118542868401E-007	6.90302697739110014E-008	2.23100684488748875E-008	-1	4.67202013250361139E-008	-1	OK
57.750000000000000	2.44334893584026179E-007	1.81142615871193056E-007	8.49473747742744248E-008	9.61952410969186575E-008	6.31922777128331234E-008	2.04084441125096947E-008	-1	4.27838336003234287E-008	-1	OK
58.000000000000000	2.23912618504753675E-007	1.66057806625289835E-007	7.77181315656740068E-008	8.83396750596158278E-008	5.78548118794638339E-008	1.86469119669049072E-008	-1	3.92078999125589267E-008	-1	OK
58.250000000000000	2.05155476540936488E-007	1.52191602072950583E-007	7.10857673987305895E-008	8.11058346742199802E-008	5.29638744679859183E-008	1.70440017760965491E-008	-1	3.59198726918893659E-008	-1	OK
58.500000000000000	1.87945701206005780E-007	1.39443914720770372E-007	6.50018001182254618E-008	7.44421146025449230E-008	4.85017864852354080E-008	1.55580437237558481E-008	-1	3.29437427614795599E-008	-1	OK
58.750000000000000	1.72129533974755901E-007	1.27733515960777255E-007	5.94236708052623883E-008	6.83098451555148797E-008	4.43960180139786460E-008	1.42165132869183615E-008	-1	3.01795047270602829E-008	-1	OK
59.000000000000000	1.57557492883822550E-007	1.16979605996610207E-007	5.43104709058447796E-008	6.26691350907654337E-008	4.05778868872123434E-008	1.29748169176011063E-008	-1	2.76030699696112387E-008	-1	OK
59.250000000000000	1.44214411025632890E-007	1.07103117288884892E-007	4.96237607668260850E-008	5.74793565220588134E-008	3.71112937367479916E-008	1.18492135266261045E-008	-1	2.52620802101218855E-008	-1	OK
59.500000000000000	1.31947505233059913E-007	9.80341979354841406E-008	4.53290109546427177E-008	5.27051869808414096E-008	3.39133072975757729E-008	1.08060987914013709E-008	-1	2.31072085061744020E-008	-1	OK
59.750000000000000	1.20722944086983505E-007	8.97107993816922769E-008	4.13947550044579666E-008	4.83160443772343103E-008	3.10121447052912343E-008	9.86764602247812268E-009	-1	2.11444986828131116E-008	-1	OK
60.000000000000000	1.10412548412031778E-007	8.20721017140285428E-008	3.77911987976635402E-008	4.42809029163650025E-008	2.83404466980032318E-008	8.99248178119406377E-009	-1	1.93479649168091697E-008	-1	OK
60.250000000000000	1.00944121288426467E-007	7.50619306513220920E-008	3.44910537784881506E-008	4.05708768728339215E-008	2.58821906371043685E-008	8.19725884473406351E-009	-1	1.76849317923703050E-008	-1	OK
60.500000000000000	9.22663835310646177E-008	6.86308992076285990E-008	3.14697115985569642E-008	3.71611876090716480E-008	2.36354843234360187E-008	7.47199705368832280E-009	-1	1.61634872697476975E-008	-1	OK
60.750000000000000	8.43112537334855578E-008	6.27328178313872639E-008	2.87043024892997461E-008	3.40285153420875311E-008	2.15784359020982972E-008	6.81542463373180731E-009	-1	1.47630112683664891E-008	-1	OK
61.000000000000000	7.70137382615306007E-008	5.73229250172756761E-008	2.61734119861577788E-008	3.11495130311179039E-008	1.96908132442549245E-008	6.20811811077099635E-009	-1	1.34826951334839282E-008	-1	OK
61.250000000000000	7.03491198468758740E-008	5.23629189094091656E-008	2.38581205461853330E-008	2.85047983632238326E-008	1.79862009374667150E-008	5.65159190104504893E-009	-1	1.23346090364216660E-008	-1	OK
61.500000000000000	6.42263883378004585E-008	4.78185265481389231E-008	2.17409349736469075E-008	2.60775915744920189E-008	1.64078617896615321E-008	5.14443207000130002E-009	-1	1.12634297196602329E-008	-1	OK
61.750000000000000	5.86023479366942623E-008	4.36549552210007543E-008	1.98051594585470221E-008	2.38497957624537289E-008	1.49473927156935080E-008	4.67947662660184623E-009	-1	1.02679160890916626E-008	-1	OK
62.000000000000000	5.34747433416730151E-008	3.98404515932012931E-008	1.80355830996831514E-008	2.18048684935181483E-008	1.36342917484717203E-008	4.25610459216130692E-009	-1	9.37818715631041425E-009	-1	OK
62.250000000000000	4.87615128266821801E-008	3.63466062033406364E-008	1.64184666199209163E-008	1.99281395834197235E-008	1.24149066233415453E-008	3.86975560810319934E-009	-1	8.54515101523834597E-009	-1	OK
62.500000000000000	4.44524578174585967E-008	3.31494159507217687E-008	1.49414594945945075E-008	1.82079564561272611E-008	1.13030418667368280E-008	3.51996038067646329E-009	-1	7.78308148606036435E-009	-1	OK
62.750000000000000	4.05123195047301695E-008	3.02228310949905176E-008	1.35924239575284128E-008	1.66304071374621097E-008	1.02894884097396486E-008	3.19649182210017542E-009	-1	7.09299658763947316E-009	-1	OK
63.000000000000000	3.69052821988510189E-008	2.75439614072203100E-008	1.23605733739901662E-008	1.51833880332301371E-008	9.36132079163070727E-009	2.88700552701953144E-009	-1	6.47431526461117541E-009	-1	OK
63.250000000000000	3.36114183682821598E-008	2.50943309557468224E-008	1.12364493416427087E-008	1.38578816141041154E-008	8.51708741253533737E-009	2.62396575958713567E-009	-1	5.89312165294820170E-009	-1	OK
63.500000000000000	3.05988478503891258E-008	2.28549329533666213E-008	1.02108993419670536E-008	1.26440336113995676E-008	7.74391489702250621E-009	2.38005002290063657E-009	-1	5.36386487412186964E-009	-1	OK
63.750000000000000	2.78443101734714482E-008	2.08077226592921121E-008	9.27544629426110396E-009	1.15322763650310082E-008	7.03658751417933777E-009	2.15811636212265330E-009	-1	4.87847115205668488E-009	-1	OK
64.000000000000000	2.53218702099950103E-008	1.89367283645097750E-008	8.42246877533662052E-009	1.05142595891731594E-008	6.38514184548523365E-009	1.95722445962172080E-009	-1	4.42791738586351326E-009	-1	OK
64.250000000000000	2.30325650887377380E-008	1.72283096678210082E-008	7.64514195812585148E-009	9.58316770969515338E-009	5.80425542091673061E-009	1.78151971156463779E-009	-1	4.02273570935209323E-009	-1	OK
64.500000000000000	2.09359557895189091E-008	1.56685081157652881E-008	6.93686823815665351E-009	8.73163987760863546E-009	5.26744767375362175E-009	1.60420167491398420E-009	-1	3.66324599883963777E-009	-1	OK
64.750000000000000	1.90274252578919347E-008	1.42440779809077252E-008	6.29155824271333289E-009	7.95251973819439235E-009	4.78334727698420941E-009	1.45908967869550267E-009	-1	3.32425759828870674E-009	-1	OK
65.000000000000000	1.72876400280158034E-008	1.29434236797493463E-008	5.70380301037122797E-009	7.23962066937811502E-009	4.34421634826645628E-009	1.31490835528088569E-009	-1	3.02930799298557038E-009	-1	OK
65.250000000000000	1.56913806833883094E-008	1.17566039666128598E-008	5.16873651078539646E-009	6.58786745582746253E-009	3.93477671677545042E-009	1.19545601830231992E-009	-1	2.73932069847313070E-009	-1	OK
65.500000000000000	1.42397313110222933E-008	1.06739427382391602E-008	4.68180365394338053E-009	5.99213908429577886E-009	3.56578857278313353E-009	1.07974597104103033E-009	-1	2.48604260174210299E-009	-1	OK
65.750000000000000	1.29191667962600633E-008	9.68658502493452515E-009	4.23883425490554834E-009	5.44775077002897681E-009	3.23258177132553774E-009	9.75886006065367183E-010	-1	2.25669576526017056E-009	-1	OK
66.000000000000000	1.17113237584994326E-008	8.78664505955144598E-009	3.83606888562656643E-009	4.95057617392488120E-009	2.92467869894798702E-009	8.80862111587548282E-010	-1	2.04381658736043894E-009	-1	OK
66.250000000000000	1.06096911633388469E-008	7.96685051868958656E-009	3.47002530670143600E-009	4.49682521198815014E-009	2.64284064464925994E-009	7.96086578110405208E-010	-1	1.84675406653885483E-009	-1	OK
66.500000000000000	9.61278742342348005E-009	7.22035466523518377E-009	3.13750522802616126E-009	4.08284943720902086E-009	2.39243275818829669E-009	7.18887785265766661E-010	-1	1.67354497292253003E-009	-1	OK
66.750000000000000	8.70155813321287541E-009	6.54111701726013236E-009	2.83560088001593708E-009	3.70551613724419569E-009	2.16044111595274264E-009	6.48379467293644953E-010	-1	1.51206164865909758E-009	-1	OK
67.000000000000000	7.87542195857675689E-009	5.92334905119310539E-009	2.56159792767555342E-009	3.36175112351755280E-009	1.95207290738365109E-009	5.79408556880767323E-010	-1	1.37266435050288387E-009	-1	OK
67.250000000000000	7.12634338920011803E-009	5.36151226804777022E-009	2.31297533475188512E-009	3.04853693329588634E-009	1.76483112115234802E-009	5.22739453768618355E-010	-1	1.24209166738372967E-009	-1	OK
67.500000000000000	6.44176562443866286E-009	4.85083272199302386E-009	2.08748717761727900E-009	2.76334554437574652E-009	1.59093290244563920E-009	4.70910365131767031E-010	-1	1.12002253731387217E-009	-1	OK
67.750000000000000	5.82123470265851715E-009	4.38658222143527782E-009	1.88300651324984379E-009	2.50357570818543444E-009	1.43465248122323974E-009	4.25701656823947487E-010	-1	1.00895082439929231E-009	-1	OK
68.000000000000000	5.25884120307794731E-009	3.96476428227217736E-009	1.69767180867043806E-009	2.26709247360174034E-009	1.29407692080576953E-009	3.83520696286636253E-010	-1	9.10556224519133278E-010	-1	OK
68.250000000000000	4.74763215254316011E-009	3.58160838521237174E-009	1.52975948742349276E-009	2.05184889778887980E-009	1.16602376733078878E-009	3.44777612458300467E-010	-1	8.21246154872488317E-010	-1	OK
68.500000000000000	4.28361166172309891E-009	3.23371817690801007E-009	1.37769605407593980E-009	1.85602212283207089E-009	1.04989348481508884E-009	3.09083830107633964E-010	-1	7.40809654707454820E-010	-1	OK
68.750000000000000	3.86304056570829642E-009	2.91795551937677609E-009	1.24005120469781869E-009	1.67790431467895761E-009	9.45085046331520328E-010	2.75805731681171705E-010	-1	6.69279314650348623E-010	-1	OK
69.000000000000000	3.48035247375863294E-009	2.63158173738020363E-009	1.11553864036499013E-009	1.51604309701521370E-009	8.48770736378429306E-010	2.47318571185434003E-010	-1	6.01452165192995355E-010	-1	OK
69.250000000000000	3.13432869768204623E-009	2.37200564123953757E-009	1.00296700287258194E-009	1.36903863836695522E-009	7.62323056442508557E-010	2.21956363714823096E-010	-1	5.40366692727685462E-010	-1	OK
69.500000000000000	2.82201863974865898E-009	2.13676602342784794E-009	9.01231423210944756E-010	1.23553460021690329E-009	6.85252616320810934E-010	1.99146656391991496E-010	-1	4.86105959928819437E-010	-1	OK
69.750000000000000	2.53933614531804819E-009	1.92387759178609842E-009	8.09373412893429350E-010	1.11450417889266886E-009	6.15458553531949666E-010	1.79538897634633630E-010	-1	4.35919655897316009E-010	-1	OK
70.000000000000000	2.28304856240836209E-009	1.73122371371103676E-009	7.26454500809042089E-010	1.00476921290199509E-009	5.51824848697325116E-010	1.59548268379152699E-010	-1	3.92276580318172416E-010	-1	OK
70.250000000000000	2.05213095418471697E-009	1.55696768925183985E-009	6.51646917454078849E-010	9.05320771797760791E-010	4.95163264932877334E-010	1.42635690469646182E-010	-1	3.52527574463231152E-010	-1	OK
70.500000000000000	1.84314975656768969E-009	1.39947825620678165E-009	5.84199515555148846E-010	8.15278740651632489E-010	4.43671500360908095E-010	1.27054600709765798E-010	-1	3.16616899651142297E-010	-1	OK
70.750000000000000	1.65435941907999769E-009	1.25719988294549777E-009	5.23412475919680620E-010	7.33787407025816943E-010	3.97159536134500025E-010	1.13438256065019407E-010	-1	2.83721280069480631E-010	-1	OK
71.000000000000000	1.48444099097935492E-009	1.12866456317594585E-009	4.68646365113213490E-010	6.60018198062731742E-010	3.55776427803409171E-010	1.01286420932440943E-010	-1	2.54490006870968228E-010	-1	OK
71.250000000000000	1.33072753068751072E-009	1.01259883006337088E-009	4.19333523980662927E-010	5.93265306082708007E-010	3.18128700624139738E-010	9.04568410730663328E-011	-1	2.27671859551073406E-010	-1	OK
71.500000000000000	1.19222139811808829E-009	9.07916807973155478E-010	3.74968704735808045E-010	5.32948103237347330E-010	2.84304590144932864E-010	8.04978000499196938E-011	-1	2.03806790095013184E-010	-1	OK
71.750000000000000	1.06696868010850749E-009	8.13517279643387322E-010	3.35068315565088541E-010	4.78448964078298884E-010	2.53451400465120060E-010	7.24595834255592343E-011	-1	1.80991817039560813E-010	-1	OK
72.000000000000000	9.54709974703672572E-010	7.28400716862873572E-010	2.99200945386655788E-010	4.29199771476217836E-010	2.26309257840798974E-010	6.40241274730888908E-011	-1	1.62285130367710096E-010	-1	OK
72.250000000000000	8.53856909647652775E-010	6.51766043392167141E-010	2.66992036448655927E-010	3.84774006943511267E-010	2.02090866255485633E-010	5.69155336168519721E-011	-1	1.45175332638633661E-010	-1	OK
72.500000000000000	7.62465359028136569E-010	5.82795156623747291E-010	2.38081089076910447E-010	3.44714067546836947E-010	1.79670202404389252E-010	5.05012165351212822E-011	-1	1.29168985869267983E-010	-1	OK
72.750000000000000	6.80839241199763154E-010	5.20731339321644682E-010	2.12142965152164684E-010	3.08588374169479868E-010	1.60107901878118472E-010	4.48481474326228294E-011	-1	1.15259754445495643E-010	-1	OK
73.000000000000000	6.07719094331783698E-010	4.64951337969848250E-010	1.88894958512864451E-010	2.76056379456983825E-010	1.42767756361935500E-010	3.97479232082227843E-011	-1	1.03019833153712722E-010	-1	OK
73.250000000000000	5.41566452950320526E-010	4.14858250127749322E-010	1.68070810376122653E-010	2.46787439751626669E-010	1.26708202822571256E-010	3.56138694761596867E-011	-1	9.10943333464115624E-011	-1	OK
73.500000000000000	4.82332758344604095E-010	3.69877007161547240E-010	1.49425372626867956E-010	2.20451634534679310E-010	1.12455751183056881E-010	3.14731861991266004E-011	-1	8.09825649839302737E-011	-1	OK
73.750000000000000	4.29094056501362626E-010	3.29504665696772226E-010	1.32742748841965078E-010	1.96761916854807096E-010	9.95893908045903864E-011	2.78922660577695116E-011	-1	7.16971247468208715E-011	-1	OK
74.000000000000000	3.81765210153311184E-010	2.93333285379082256E-010	1.17833741654104420E-010	1.75499543724977836E-010	8.84319247742289277E-011	2.46639333875300401E-011	-1	6.37679913866988844E-011	-1	OK
74.250000000000000	3.39330607384434465E-010	2.60935656884238865E-010	1.04514711293746578E-010	1.56420945590492248E-010	7.83949505001956007E-011	2.17891201805821218E-011	-1	5.66058303196134789E-011	-1	OK
74.500000000000000	3.01213353731355257E-010	2.31895155520225258E-010	9.26182054486068683E-011	1.39276950071618428E-010	6.93181982111299993E-011	1.92077929638402161E-011	-1	5.01104052472897831E-011	-1	OK
74.750000000000000	2.67206955725508774E-010	2.05930722880716902E-010	8.20104311320170238E-011	1.23920291748699904E-010	6.12762328447918727E-011	1.69540005355133672E-011	-1	4.43222323092785055E-011	-1	OK
75.000000000000000	2.36868524208832841E-010	1.82735194472985453E-010	7.25570611067222699E-011	1.10178133366263196E-010	5.41333297358474012E-011	1.49029676137896619E-011	-1	3.92303621220577425E-011	-1	OK
75.250000000000000	2.09688012521605352E-010	1.61991722546079282E-010	6.41323848606937015E-011	9.78593376853855935E-011	4.76962899755260761E-011	1.31305704230186986E-011	-1	3.45657195525073743E-011	-1	OK
75.500000000000000	1.85455232940723158E-010	1.43476639807277881E-010	5.66359683246152989E-011	8.68406714826625115E-011	4.19785931334452763E-011	1.14377058600665087E-011	-1	3.05408872733787660E-011	-1	OK
75.750000000000000	1.63987327131446633E-010	1.26975437217908486E-010	4.99719912360263027E-011	7.70034459818821640E-011	3.70118899135381538E-011	1.00381063107839672E-011	-1	2.69737836027541866E-011	-1	OK
76.000000000000000	1.44798781037447469E-010	1.12266110958689205E-010	4.40498465757281825E-011	6.82162643829610359E-011	3.25326700787582634E-011	8.75630786354919768E-012	-1	2.37763622152090673E-011	-1	OK
76.250000000000000	1.27763412064592762E-010	9.91602919825439531E-011	3.87911366814261533E-011	6.03691553011177998E-011	2.86031200820488025E-011	7.67547793033540132E-012	-1	2.09276421517134011E-011	-1	OK
76.500000000000000	1.12588556129212128E-010	8.75045797844619896E-011	3.41279127158031722E-011	5.33766670686588174E-011	2.50839763447501418E-011	6.72105360672805000E-012	-1	1.83629227380220926E-011	-1	OK
76.750000000000000	9.91502210529463896E-011	7.71457228133619519E-011	2.99955505329802727E-011	4.71501722803816857E-011	2.20044982395844410E-011	5.90371917621414538E-012	-1	1.61007790633702956E-011	-1	OK
77.000000000000000	8.72227493228047274E-011	6.79431350481788314E-011	2.63362498866867701E-011	4.16068851614920710E-011	1.92796142746258927E-011	5.19511294191632188E-012	-1	1.40845013327095701E-011	-1	OK
77.250000000000000	7.66355478882630682E-011	5.97753783988781044E-011	2.30990585312943613E-011	3.66763198675837625E-011	1.68601694893849671E-011	4.53044550230200868E-012	-1	1.23297239870829576E-011	-1	OK
77.500000000000000	6.72755218573506088E-011	5.25361218835531234E-011	2.02385486589405042E-011	3.22975732246126128E-011	1.47393999737974821E-011	3.94794749929634165E-012	-1	1.07914524745011405E-011	-1	OK
77.750000000000000	5.89676132408967882E-011	4.61255978084591868E-011	1.77132287538486102E-011	2.84123690546105734E-011	1.28420154324376030E-011	3.40267060612111959E-012	-1	9.43934482631648299E-012	-1	OK
78.000000000000000	5.16469988534880802E-011	4.04514847017192439E-011	1.54854323685346985E-011	2.49660523331845422E-011	1.11955141517688379E-011	2.98498930254312175E-012	-1	8.21052484922571614E-012	-1	OK
78.250000000000000	4.51810874317752710E-011	3.54357308513668370E-011	1.35224741718537941E-011	2.19132566795130477E-011	9.74535658040843565E-012	2.58860300701017011E-012	-1	7.15675357339826513E-012	-1	OK
78.500000000000000	3.94879447093016235E-011	3.10062739071143502E-011	1.17946122489519481E-011	1.92116616581624069E-011	8.48167080218727335E-012	2.22340437064720568E-012	-1	6.25826643154006767E-012	-1	OK
78.750000000000000	3.44556395233458833E-011	2.70994215169097440E-011	1.02754558836597849E-011	1.68239656332499639E-011	7.35621800643614087E-012	1.91694003096720150E-012	-1	5.43927797546893897E-012	-1	OK
79.000000000000000	3.00435926400014656E-011	2.36563232635359134E-011	8.94105360389160308E-012	1.47152696596443087E-011	6.38726937646555053E-012	1.67756532275312746E-012	-1	4.70970405371242327E-012	-1	OK
79.250000000000000	2.61500773084735389E-011	2.06255646627941587E-011	7.77032409217730195E-012	1.28552405706168584E-011	5.52451264567937936E-012	1.44782183150515758E-012	-1	4.07669081417422177E-012	-1	OK
79.500000000000000	2.27427444969775934E-011	1.79608767452570488E-011	6.74433510652793563E-012	1.12165416387291116E-011	4.78186775172054296E-012	1.23613206348487937E-012	-1	3.54573568823566339E-012	-1	OK
79.750000000000000	1.97440559630546661E-011	1.56204349119910354E-011	5.84620300735940732E-012	9.77423190463163217E-012	4.12362105106362901E-012	1.06364658606539666E-012	-1	3.05997446499823215E-012	-1	OK
80.000000000000000	1.71223469175701231E-011	1.35664740281363223E-011	5.06080734543476900E-012	8.50566668270155571E-012	3.55587288943379956E-012	9.13055563176680201E-013	-1	2.64281732625711936E-012	-1	OK
80.250000000000000	1.48269995806818643E-011	1.17674885883542239E-011	4.37512235183558788E-012	7.39236623651863844E-012	3.05951099232763923E-012	7.84041608413850944E-013	-1	2.27546938391378819E-012	-1	OK
80.500000000000000	1.28177451576850342E-011	1.01932049927030192E-011	3.77705047281255057E-012	6.41615451989046786E-012	2.62454016498201534E-012	6.72752006556478983E-013	-1	1.95178815842553636E-012	-1	OK
80.750000000000000	1.10716238300678511E-011	8.81624954868840483E-012	3.25592505697255844E-012	5.56032449171584801E-012	2.25537428137944666E-012	5.79052317537489807E-013	-1	1.67632196384195695E-012	-1	OK
81.000000000000000	9.54573756081718817E-012	7.61465065168040736E-012	2.80266873598192071E-012	4.81198191569848746E-012	1.93108690913678000E-012	4.95337783529029121E-013	-1	1.43574912560775088E-012	-1	OK
81.250000000000000	8.21822149835601665E-012	6.56702718317016482E-012	2.40886770553296134E-012	4.15815947763720267E-012	1.65119431518585103E-012	4.18069795358819981E-013	-1	1.23312451982703105E-012	-1	OK
81.500000000000000	7.06377127322179214E-012	5.65447921586621383E-012	2.06715165945875888E-012	3.58732755640745414E-012	1.40929205735557851E-012	3.57976987409255281E-013	-1	1.05131506994632328E-012	-1	OK
81.750000000000000	6.06094115278899138E-012	4.86190963050832294E-012	1.77126540319799814E-012	3.09064422731032339E-012	1.19903152228066884E-012	3.02219300150216482E-013	-1	8.96812222130452359E-013	-1	OK
82.000000000000000	5.18979149859896152E-012	4.17364126673434472E-012	1.51525291243781110E-012	2.65838835429653382E-012	1.01615023186461660E-012	2.57516086356512681E-013	-1	7.58634145508103869E-013	-1	OK
82.250000000000000	4.44537303198424073E-012	3.57704409257336952E-012	1.29411810067474053E-012	2.28292599189862858E-012	8.68328939410871114E-013	2.18832292176144718E-013	-1	6.49496647234726421E-013	-1	OK
82.500000000000000	3.79632333302857830E-012	3.06078053562552605E-012	1.10338468063719888E-012	1.95739585498832697E-012	7.35542797403052547E-013	1.84016105079963380E-013	-1	5.51526692323089193E-013	-1	OK
82.750000000000000	3.23557690807903998E-012	2.61386016960659584E-012	9.38997496895025411E-013	1.67486267271157043E-012	6.21716738472443944E-013	1.55050690767303313E-013	-1	4.66666047705140681E-013	-1	OK
83.000000000000000	2.75227054607414453E-012	2.22828335546301317E-012	7.97696594177856220E-013	1.43058676128515725E-012	5.23987190611131362E-013	1.30747096364707553E-013	-1	3.93240094246423783E-013	-1	OK
83.250000000000000	2.33741138591503291E-012	1.89634660032341000E-012	6.76446774644497995E-013	1.21989982567891150E-012	4.41064785591622714E-013	1.09046648776329992E-013	-1	3.32018136815292734E-013	-1	OK
83.500000000000000	1.98150688298375736E-012	1.61063851097059317E-012	5.72505448421989858E-013	1.03813306254860301E-012	3.70868372013164187E-013	9.12795100964428937E-014	-1	2.79588861916721318E-013	-1	OK
83.750000000000000	1.67567659899394162E-012	1.36532674045636364E-012	4.83598236534717153E-013	8.81728503921646384E-013	3.10349858537578034E-013	7.61715034336482556E-014	-1	2.34178355103929779E-013	-1	OK
84.000000000000000	1.41454522613176881E-012	1.15512542287609213E-012	4.07692481981749467E-013	7.47432940894342769E-013	2.59419803255676722E-013	6.34380941760040769E-014	-1	1.95981709079672657E-013	-1	OK
84.250000000000000	1.19161236318429865E-012	9.75347749426451414E-013	3.43011822570705708E-013	6.32335926855745454E-013	2.16264613757847186E-013	5.26705471169214613E-014	-1	1.63594066640925731E-013	-1	OK
84.500000000000000	1.00179289347085862E-012	8.22015945956348527E-013	2.88018989405061665E-013	5.33996956551286913E-013	1.79776947514510171E-013	4.43565410221714384E-014	-1	1.35420406492338726E-013	-1	OK
84.750000000000000	8.40468065903686606E-013	6.91299519410112058E-013	2.41307684853755503E-013	4.49991834556356505E-013	1.49168546493574573E-013	3.66695159381397826E-014	-1	1.12499030555434791E-013	-1	OK
85.000000000000000	7.03439199809937808E-013	5.79935468995477722E-013	2.01690957144266625E-013	3.78244511851211198E-013	1.23503730814460061E-013	3.02151349747578535E-014	-1	9.32885958397022015E-014	-1	OK
85.250000000000000	5.87222128741152937E-013	4.85311866341430747E-013	1.68174544011515975E-013	3.17137322329914823E-013	1.01910262399722152E-013	2.43932320969641944E-014	-1	7.75170303027579607E-014	-1	OK
85.500000000000000	4.89020171236685632E-013	4.05160644400193779E-013	1.39898680315951238E-013	2.65261964084242517E-013	8.38595268364918775E-014	2.03553966708156333E-014	-1	6.35041301656762474E-014	-1	OK
85.750000000000000	4.06238430139396025E-013	3.37481787601826129E-013	1.16106696325305296E-013	2.21375091276520883E-013	6.87566425375698955E-014	1.65178602216796826E-014	-1	5.22387823158902161E-014	-1	OK
86.000000000000000	3.36685026766251699E-013	2.80465377830399224E-013	9.61289843414312772E-014	1.84336393488967884E-013	5.62196489358524937E-014	1.35268937910545139E-014	-1	4.26927551447979767E-014	-1	OK
86.250000000000000	2.78308667844975847E-013	2.32457216256200108E-013	7.93771236128346017E-014	1.53080092643365544E-013	4.58514515887757389E-014	1.09823221314589692E-014	-1	3.48691294573167712E-014	-1	OK
86.500000000000000	2.29412286176025472E-013	1.92148997217970262E-013	6.53675627765944467E-014	1.26781434441375803E-013	3.72632889580552353E-014	8.89439189671792232E-015	-1	2.83688970613373114E-014	-1	OK
86.750000000000000	1.88554615935362041E-013	1.58380230914097836E-013	5.36795855991873568E-014	1.04700645314910499E-013	3.01743850212641986E-014	7.16391806108241283E-015	-1	2.30104669601817842E-014	-1	OK
87.000000000000000	1.54542544732538470E-013	1.30180918619061744E-013	4.39571462422161555E-014	8.62237723768455945E-014	2.43616261134767172E-014	5.68247620565241862E-015	-1	1.86791499078242986E-014	-1	OK
87.250000000000000	1.26268403074232359E-013	1.06682131483175646E-013	3.58886826595911424E-014	7.07934488235845094E-014	1.95862715910567068E-014	4.51814708412727844E-015	-1	1.50681245069294291E-014	-1	OK
87.500000000000000	1.02854827828224137E-013	8.71657189325498463E-014	2.92138843689153310E-014	5.79518345636344964E-014	1.56891088956742907E-014	3.66174411142942253E-015	-1	1.20273647842448682E-014	-1	OK
87.750000000000000	8.35191825416213481E-014	7.10038290471245551E-014	2.37065464666570466E-014	4.72972825804674959E-014	1.25153534944967930E-014	2.91383291586423511E-015	-1	9.60152057863255751E-015	-1	OK
88.000000000000000	6.75866524290727577E-014	5.76430153790923217E-014	1.91733939175966751E-014	3.84696214614956561E-014	9.94363704998043125E-015	2.30690764841755437E-015	-1	7.63672940156287688E-015	-1	OK
88.250000000000000	5.45048422792431735E-014	4.66382286428430492E-014	1.54546316508292637E-014	3.11835969920137760E-014	7.86661363640012751E-015	1.81182548530460101E-015	-1	6.05478815109552689E-015	-1	OK
88.500000000000000	4.37983008120355025E-014	3.75993172081472879E-014	1.24131957132745031E-014	2.51861214948727879E-014	6.19898360388821627E-015	1.42003465851350667E-015	-1	4.77894894537470920E-015	-1	OK
88.750000000000000	3.50861405217233322E-014	3.02054181895156879E-014	9.93482575458373835E-015	2.02705924349319433E-014	4.88072233220764670E-015	1.10833128958309014E-015	-1	3.77239104262455636E-015	-1	OK
89.000000000000000	2.79829029890898476E-014	2.41738780174542625E-014	7.92172459444021210E-015	1.62521534230140519E-014	3.80902497163558516E-015	8.62379081546162139E-016	-1	2.94664589008942312E-015	-1	OK
89.250000000000000	2.22261757556445737E-014	1.92759272645089354E-014	6.29252973629417972E-015	1.29833975282147517E-014	2.95024849113563828E-015	6.65958309120233906E-016	-1	2.28429018201540458E-015	-1	OK
89.500000000000000	1.75878125527212720E-014	1.53092571922599440E-014	4.97853440539936326E-015	1.03307227868605792E-014	2.27855536046132797E-015	5.12134796701731756E-016	-1	1.76642056375959621E-015	-1	OK
89.750000000000000	1.38612820505321639E-014	1.21096573756338364E-014	3.92225393442740794E-015	8.18740344120643166E-015	1.75162467489832707E-015	3.91953254538077758E-016	-1	1.35967142036024931E-015	-1	OK
90.000000000000000	1.08668827782816037E-014	9.52884939059222029E-015	3.07523615880256412E-015	6.45361323178965538E-015	1.33803338768938396E-015	2.98839638504026274E-016	-1	1.03919374918535769E-015	-1	OK
90.250000000000000	8.48445828259837463E-015	7.46589903801479866E-015	2.40077961481527166E-015	5.06511942319952740E-015	1.01855924458357617E-015	2.25770453176649224E-016	-1	7.92788791406926947E-016	-1	OK
90.500000000000000	6.59265993900276399E-015	5.82496355806030309E-015	1.86595455598311184E-015	3.95900900207719284E-015	7.67696380942460497E-016	1.70225557805687538E-016	-1	5.97470823136772934E-016	-1	OK
90.750000000000000	5.10047292473918296E-015	4.52315404489085657E-015	1.44309601081892681E-015	3.08005803407192976E-015	5.77318879848326193E-016	1.26870804343334957E-016	-1	4.50448075504991285E-016	-1	OK
91.000000000000000	3.92241817326210460E-015	3.49191188137233993E-015	1.10992197766393450E-015	2.38198990370840583E-015	4.30506291889764612E-016	9.41618507497408101E-017	-1	3.36344441140023814E-016	-1	OK
91.250000000000000	3.00130744249893890E-015	2.68207905253841926E-015	8.49210569894576771E-016	1.83286848264384210E-015	3.19228389960519737E-016	6.93009940280314307E-017	-1	2.49927395932488294E-016	-1	OK
91.500000000000000	2.28235202703241742E-015	2.04794896166112558E-015	6.46012899753842946E-016	1.40193606190728283E-015	2.34403065371292041E-016	5.06089779573024729E-017	-1	1.83794087413989562E-016	-1	OK
91.750000000000000	1.72579079521477985E-015	1.55499827148027061E-015	4.88635783619911865E-016	1.06636248786035855E-015	1.70792523734509261E-016	3.62045953346449218E-017	-1	1.34587928399864346E-016	-1	OK
92.000000000000000	1.29734666808607581E-015	1.17353859315918715E-015	3.67343056630563324E-016	8.06195536528623779E-016	1.23808074926888554E-016	2.64783060540264815E-017	-1	9.73297688728620667E-017	-1	OK
92.250000000000000	9.69123491801775486E-016	8.80467014216983107E-016	2.74419945623533991E-016	6.06047068593449362E-016	8.86564775847923297E-017	1.88833296057583342E-017	-1	6.97731479790339955E-017	-1	OK
92.500000000000000	7.18821651803965947E-016	6.55454119031752597E-016	2.03488889670079271E-016	4.51965229361673375E-016	6.33675327722133866E-017	1.33654272178444664E-017	-1	5.00021055543689217E-017	-1	OK
92.750000000000000	5.29213287179923212E-016	4.84682317134973939E-016	1.49848872601791027E-016	3.34833444533182813E-016	4.45309700449492795E-017	9.00754134295755053E-018	-1	3.55234287019917321E-017	-1	OK
93.000000000000000	3.86707751878284459E-016	3.55642098534219882E-016	1.09503578266011045E-016	2.46138520268208825E-016	3.10656533440645705E-017	6.37345798665909995E-018	-1	2.46921953574054690E-017	-1	OK
93.250000000000000	2.80148196609056358E-016	2.58711961184873033E-016	7.93662121245034293E-017	1.79345749060369604E-016	2.14362354241833368E-017	4.37906379226515244E-018	-1	1.70571716319181859E-017	-1	OK
93.500000000000000	2.01598516941543383E-016	1.86969546767125926E-016	5.70946121217007196E-017	1.29874934645425218E-016	1.46289701744174548E-017	3.02550405663935227E-018	-1	1.16034661177781021E-017	-1	OK
93.750000000000000	1.43855211623707628E-016	1.33953402929711212E-016	4.06992037070187310E-017	9.32541992226924876E-017	9.90180869399641694E-018	2.03019763322118595E-018	-1	7.87161106077523061E-018	-1	OK
94.000000000000000	1.01557138524763056E-016	9.49606511069171115E-017	2.87151334026581608E-017	6.62455177042589384E-017	6.59648741784595019E-018	1.34227850652198426E-018	-1	5.25420891132396574E-018	-1	OK
94.250000000000000	7.09846078491349522E-017	6.66485543060574122E-017	2.00549070343047296E-017	4.65936472717527042E-017	4.33605354307753464E-018	8.36937676812696907E-019	-1	3.49911586626483754E-018	-1	OK
94.500000000000000	4.90153636075734215E-017	4.62066643061665422E-017	1.38476735344696152E-017	3.23589907716969255E-017	2.80869930140687846E-018	5.36767257195710600E-019	-1	2.27193204421116786E-018	-1	OK
94.750000000000000	3.35073456450276483E-017	3.17159944145826683E-017	9.46229924663313866E-018	2.22536951679495296E-017	1.79135123044498313E-018	3.46955742037251693E-019	-1	1.44439548840773144E-018	-1	OK
