#pt	totcs	totdirect	directLO	directNLO	totfrag	fragLO	err_fragLO	fragNLO	err_fragNLO	errmess
0.50000000000000000	42306303.081778824	-9084509.6618399806	4093717.3127819961	-13178226.974621980	51390812.743618809	23735195.174520276	-1	27655617.569098532	-1	Error
0.75000000000000000	9190506.5610814691	-775182.79769511800	1395547.0079632329	-2170729.8056583512	9965689.3587765861	4267929.5285277320	-1	5697759.8302488541	-1	Error
1.0000000000000000	2507495.7222247152	22857.125606200425	508919.85346974328	-486062.72786354250	2484638.5966185145	1064213.0887504341	-1	1420425.5078680804	-1	Error
1.2500000000000000	872990.84990492312	79618.083013789495	211910.43946674018	-132292.35645295057	793372.76689113362	339239.31473703863	-1	454133.45215409499	-1	Error
1.5000000000000000	361230.27347853605	58420.894280850771	98582.579162134454	-40161.684881283705	302809.37919768528	129762.65904469376	-1	173046.72015299153	-1	Error
1.7500000000000000	169913.42256217988	37594.615825251647	50219.223338059055	-12624.607512807401	132318.80673692824	56708.526883505721	-1	75610.279853422515	-1	Error
2.0000000000000000	87735.524907528903	23818.575551082689	27453.560024960814	-3634.9844738781399	63916.949356446210	27389.429142103698	-1	36527.520214342512	-1	Error
2.2500000000000000	48703.182897935432	15279.792574956897	15880.458737275912	-600.66616231901821	33423.390322978536	14285.571069231046	-1	19137.819253747490	-1	Error
2.5000000000000000	28576.359027249517	10001.270414731272	9619.8837773946580	381.38663733661781	18575.088612518244	7921.7900127769853	-1	10653.298599741258	-1	Error
2.7500000000000000	17553.977818152642	6689.3076747136129	6056.0021605000593	633.30551421355312	10864.670143439029	4603.9349392355361	-1	6260.7352042034927	-1	Error
3.0000000000000000	11192.070873803208	4567.9980587748069	3938.0777615871457	629.92029718766071	6624.0728150284003	2791.8033292795408	-1	3832.2694857488596	-1	Error
3.2500000000000000	7365.0814593007162	3180.2961438194616	2632.9173647730317	547.37877904643108	4184.7853154812547	1758.1833642579440	-1	2426.6019512233106	-1	Error
3.5000000000000000	4973.1633835379116	2253.8038363377145	1803.1992485061608	450.60458783155332	2719.3595472001971	1130.6753130482041	-1	1588.6842341519930	-1	Error
3.7500000000000000	3439.9558276517396	1623.3392436181252	1261.2671674612577	362.07207615686764	1816.6165840336143	751.53831456647436	-1	1065.0782694671400	-1	Error
4.0000000000000000	2427.6774892302874	1186.5703877703725	898.74924175089961	287.82114601947302	1241.1071014599152	511.47124980318478	-1	729.63585165673044	-1	OK
4.2500000000000000	1743.7956949195850	878.98412858932602	651.07119365761298	227.91293493171321	864.81156633025910	355.27014629191302	-1	509.54142003834608	-1	OK
4.5000000000000000	1273.3090768632273	659.13282963604490	478.66490892731747	180.46792070872735	614.17624722718256	251.26605884705174	-1	362.91018838013082	-1	OK
4.7500000000000000	942.95639911898570	499.83014733046934	356.62709483916683	143.20305249130246	443.12625178851630	180.49309381089770	-1	262.63315797761857	-1	OK
5.0000000000000000	707.14528672956010	382.94640413091906	268.92744033277938	114.01896379813982	324.19888259864103	131.69016455138765	-1	192.50871804725338	-1	OK
5.2500000000000000	536.61583050453737	296.18767979251561	205.03307882559773	91.154600966917982	240.42815071202173	97.365087694342066	-1	143.06306301767967	-1	OK
5.5000000000000000	411.53237887657212	231.09636844121525	157.89603180197392	73.200336639241343	180.43601043535685	72.850114398049001	-1	107.58589603730785	-1	OK
5.7500000000000000	318.67432486430602	181.77120571525364	122.71891984473935	59.052285870514275	136.90311914905237	55.102136532828879	-1	81.800982616223493	-1	OK
6.0000000000000000	248.75349836180362	144.04743017852775	96.188991443108065	47.858438735419696	104.70606818327586	42.101724563476360	-1	62.604343619799501	-1	OK
6.2500000000000000	195.90577698151469	114.94996860866978	75.986134860754902	38.963833747914876	80.955808372844928	32.465103009803450	-1	48.490705363041478	-1	OK
6.5000000000000000	155.47353445185411	92.327622422017356	60.463115288725994	31.864507133291365	63.145912029836751	25.188532018882260	-1	37.957380010954495	-1	OK
6.7500000000000000	124.23410655684361	74.608679474801136	48.436420277801155	26.172259196999988	49.625427082042485	19.749830982096235	-1	29.875596099946250	-1	OK
7.0000000000000000	99.908652154374309	60.633998538120110	39.046314867959914	21.587683670160160	39.274653616254199	15.586069558108406	-1	23.688584058145793	-1	OK
7.2500000000000000	80.809257533116664	49.540417182566920	31.661719264105031	17.878697918461889	31.268840350549752	12.391922061907836	-1	18.876918288641917	-1	OK
7.5000000000000000	65.766945422745749	40.679904569855353	25.815001520382811	14.864903049472545	25.087040852890393	9.9152498469478960	-1	15.171791005942497	-1	OK
7.7500000000000000	53.810794576535471	33.562103663499521	21.156558789487363	12.405544874012156	20.248690913035947	7.9817357406184879	-1	12.266955172417459	-1	OK
8.0000000000000000	44.238833734728921	27.813265755132925	17.422832915868291	10.390432839264635	16.425567979595996	6.4617942973287290	-1	9.9637736822672665	-1	OK
8.2500000000000000	36.549931176785790	23.146316347614519	14.413522418008487	8.7327939296060286	13.403614829171275	5.2587828945041917	-1	8.1448319346670832	-1	OK
8.5000000000000000	30.324565024572010	19.339060307987836	11.975235810620218	7.3638244973676175	10.985504716584176	4.3017291413206022	-1	6.6837755752635735	-1	OK
8.7500000000000000	25.264701725591280	16.218820527684027	9.9897963062269550	6.2290242214570748	9.0458811979072529	3.5357100296964714	-1	5.5101711682107819	-1	OK
9.0000000000000000	21.134975135386323	13.650569058566985	8.3655275836579417	5.2850414749090469	7.4844060768193383	2.9190760913843548	-1	4.5653299854349836	-1	OK
9.2500000000000000	17.746339270499924	11.527994267980260	7.0308364006362805	4.4971578673439794	6.2183450025196620	2.4200887252987626	-1	3.7982562772208994	-1	OK
9.5000000000000000	14.954307404013196	9.7668750858972651	5.9294740061214544	3.8374010797758107	5.1874323181159312	2.0144457286483570	-1	3.1729865894675742	-1	OK
9.7500000000000000	12.643944447895741	8.3001529938375285	5.0170051351169960	3.2831478587205338	4.3437914540582119	1.6832074760883577	-1	2.6605839779698544	-1	OK
10.000000000000000	10.724547064924597	7.0742955818904516	4.2581675820585456	2.8161279998319064	3.6502514830341450	1.4116204216388004	-1	2.2386310613953446	-1	OK
10.250000000000000	9.1216937664928821	6.0462959792205107	3.6248195189903818	2.4214764602301280	3.0753977872723710	1.1878821130776367	-1	1.8875156741947343	-1	OK
10.500000000000000	7.7828113110072970	5.1814456129218192	3.0943893258235340	2.0870562870982843	2.6013656980854774	1.0028394164744410	-1	1.5985262816110364	-1	OK
10.750000000000000	6.6589959048387204	4.4515987867882423	2.6486917344625827	1.8029070523256598	2.2073971180504781	0.84800093337444338	-1	1.3593961846760347	-1	OK
11.000000000000000	5.7125996091170155	3.8338324763487743	2.2730126057011417	1.5608198706476319	1.8787671327682416	0.72025207492446131	-1	1.1585150578437804	-1	OK
11.250000000000000	4.9127762724237840	3.3094741926339415	1.9554080226114963	1.3540661700224452	1.6033020797898423	0.61309852200175030	-1	0.99020355778809199	-1	OK
11.500000000000000	4.2350983538899261	2.8632040093852038	1.6861340367771327	1.1770699726080707	1.3718943445047218	0.52366599503592048	-1	0.84822834946880132	-1	OK
11.750000000000000	3.6591000822340063	2.4824008154397914	1.4572083716126285	1.0251924438271638	1.1766992667942149	0.44844301101890144	-1	0.72825625577531339	-1	OK
12.000000000000000	3.1687089595496252	2.1566563879335305	1.2620751346754917	0.89458125325803894	1.0120525716160944	0.38499654279597523	-1	0.62705602882011924	-1	OK
12.250000000000000	2.7489422990774837	1.8773319041599190	1.0953250777354377	0.78200682642448072	0.87161039491756476	0.33131901819023146	-1	0.54029137672733329	-1	OK
12.500000000000000	2.3903081649354121	1.6372676915739972	0.95248728415876793	0.68478040741522950	0.75304047336141500	0.28537893706592926	-1	0.46766153629548574	-1	OK
12.750000000000000	2.0825786839152163	1.4304903525753683	0.82984925273516452	0.60064109984020408	0.65208833133984789	0.24668160958466862	-1	0.40540672175517928	-1	OK
13.000000000000000	1.8178500983660986	1.2520095398911364	0.72432152461899935	0.52768801527213716	0.56584055847496217	0.21369533198178581	-1	0.35214522649317637	-1	OK
13.250000000000000	1.5893493208832323	1.0976381803563249	0.63332336266734768	0.46431481768897725	0.49171114052690745	0.18550988085265765	-1	0.30620125967424983	-1	OK
13.500000000000000	1.3922960516915230	0.96386148467878385	0.55469363270415417	0.40916785197462963	0.42843456701273919	0.16135896015152656	-1	0.26707560686121262	-1	OK
13.750000000000000	1.2216691820533432	0.84770625497843788	0.48661502624950670	0.36109122872893118	0.37396292707490530	0.14061187427788899	-1	0.23335105279701632	-1	OK
14.000000000000000	1.0735127975939789	0.74667000781205295	0.42756021071967065	0.31910979709238219	0.32684278978192605	0.12275537024749533	-1	0.20408741953443071	-1	OK
14.250000000000000	0.94483297586859238	0.65862583644980366	0.37623792645350751	0.28238790999629615	0.28620713941878873	0.10735251243061621	-1	0.17885462698817250	-1	OK
14.500000000000000	0.83289060731071340	0.58177687458825644	0.33155774860163612	0.25021912598662022	0.25111373272245702	9.40408030265056094E-002	-1	0.15707292969595141	-1	OK
14.750000000000000	0.73528650582492827	0.51458759756881045	0.29259308499497694	0.22199451257383351	0.22069890825611779	8.25186356746491073E-002	-1	0.13818027258146870	-1	OK
15.000000000000000	0.64999836464038474	0.45575256855020241	0.25855714245601313	0.19719542609418936	0.19424579609018236	7.24107058909107815E-002	-1	0.12183509019927158	-1	OK
15.250000000000000	0.57537761118169939	0.40415268081883304	0.22877869129197068	0.17537398952686242	0.17122493036286637	6.37369857523996663E-002	-1	0.10748794461046671	-1	OK
15.500000000000000	0.51000976176650958	0.35883068969226090	0.20268503627157552	0.15614565342068537	0.15117907207424869	5.61878364187837487E-002	-1	9.49912356554649395E-002	-1	OK
15.750000000000000	0.45260040530464885	0.31896537934910357	0.17978617110470313	0.13917920824440042	0.13363502595554524	4.96018512212389184E-002	-1	8.40331747343063262E-002	-1	OK
16.000000000000000	0.40210838490843637	0.28385272291134078	0.15966233527162216	0.12419038763971861	0.11825566199709561	4.38465026536565897E-002	-1	7.44091593434390297E-002	-1	OK
16.250000000000000	0.35766202471711561	0.25288295040626996	0.14195229447697458	0.11093065592929534	0.10477907431084563	3.88095887710816836E-002	-1	6.59694855397639501E-002	-1	OK
16.500000000000000	0.31866659734081637	0.22553324549744011	0.12634580933162209	9.91874361658180576E-002	9.31333518433762747E-002	3.41828964910030689E-002	-1	5.89504553523732058E-002	-1	OK
16.750000000000000	0.28407916374848863	0.20134811526487684	0.11257470603933616	8.87734092255406948E-002	8.27310484836117771E-002	3.03309393986094765E-002	-1	5.24001090850022971E-002	-1	OK
17.000000000000000	0.25351419908592443	0.17993646618192866	0.10040811016688955	7.95283560150391033E-002	7.35777329039957600E-002	2.69451720788498120E-002	-1	4.66325608251459481E-002	-1	OK
17.250000000000000	0.22648926413032777	0.16095753713357175	8.96458129727830955E-002	7.13117241607886532E-002	6.55317269967560373E-002	2.40688200482344385E-002	-1	4.14629069485216023E-002	-1	OK
17.500000000000000	0.20253284465270377	0.14411539192902062	8.01144732416450428E-002	6.40009186873755770E-002	5.84174527236831567E-002	2.14294925706897468E-002	-1	3.69879601529934099E-002	-1	OK
17.750000000000000	0.18131041025201444	0.12915354383662647	7.16636908648276838E-002	5.74898529717987744E-002	5.21568664153879702E-002	1.91000253740887353E-002	-1	3.30568410412992314E-002	-1	OK
18.000000000000000	0.16242263505971563	0.11584665910663819	6.41624207304571231E-002	5.16842383761810450E-002	4.65759759530774420E-002	1.70418580894987695E-002	-1	2.95341178635786725E-002	-1	OK
18.250000000000000	0.14564839850025324	0.10400024136655950	5.74969972047081543E-002	4.65032441618513370E-002	4.16481571336937278E-002	1.51700452623519735E-002	-1	2.64781118713417543E-002	-1	OK
18.500000000000000	0.13071828450571957	9.34425653082953944E-002	5.15678968286033337E-002	4.18746684796920746E-002	3.72757191974241800E-002	1.35202142979149991E-002	-1	2.37555048995091792E-002	-1	OK
18.750000000000000	0.11741021095784782	8.40242215772796924E-002	4.62884943110385000E-002	3.77357272662411994E-002	3.33859893805681235E-002	1.20937134535265816E-002	-1	2.12922759270415402E-002	-1	OK
19.000000000000000	0.10555592144638740	7.56147093608289800E-002	4.15830096864909932E-002	3.40316996743380076E-002	2.99412120855584232E-002	1.08329543383081338E-002	-1	1.91082577472502894E-002	-1	OK
19.250000000000000	9.49850619074395497E-002	6.80983990247254894E-002	3.73849229903436484E-002	3.07134760343818376E-002	2.68866628827140602E-002	9.71292575396002361E-003	-1	1.71737371287540366E-002	-1	OK
19.500000000000000	8.55300284107736730E-002	6.13745816611188724E-002	3.36360806005621127E-002	2.77385010605567667E-002	2.41554467496547937E-002	8.71623541557573281E-003	-1	1.54392113340790609E-002	-1	OK
19.750000000000000	7.70680700954673586E-002	5.53540605532052560E-002	3.02853103707213904E-002	2.50687501824838725E-002	2.17140095422621061E-002	7.82851778681418163E-003	-1	1.38854917554479245E-002	-1	OK
20.000000000000000	6.95084847314970250E-002	4.99587905225465367E-002	2.72877645218574730E-002	2.26710260006890568E-002	1.95496942089504883E-002	7.03367360402207004E-003	-1	1.25160206049284191E-002	-1	OK
20.250000000000000	6.27321721490840534E-002	4.51201305148360224E-002	2.46039632983149938E-002	2.05161672165210321E-002	1.76120416342480345E-002	6.31908952938093488E-003	-1	1.12929521048670996E-002	-1	OK
20.500000000000000	5.66483042865141007E-002	4.07767696505478075E-002	2.21989997544043555E-002	1.85777698961434520E-002	1.58715346359662966E-002	5.68971743214519935E-003	-1	1.01818172038210981E-002	-1	OK
20.750000000000000	5.11969279747599010E-002	3.68751975201503449E-002	2.00422205631202999E-002	1.68329769570300415E-002	1.43217304546095561E-002	5.12689307931349023E-003	-1	9.19483737529606590E-003	-1	OK
21.000000000000000	4.63005778910518806E-002	3.33677484798697785E-002	1.81064928127478535E-002	1.52612556671219268E-002	1.29328294111820986E-002	4.62316251580714016E-003	-1	8.30966689537495848E-003	-1	OK
21.250000000000000	4.18919177136565166E-002	3.02121031299554463E-002	1.63678155989290738E-002	1.38442875310263638E-002	1.16798145837010720E-002	4.17202246262951722E-003	-1	7.50779212107155480E-003	-1	OK
21.500000000000000	3.79302306533424310E-002	2.73709787538091304E-002	1.48049800693333296E-002	1.25659986844758025E-002	1.05592518995333041E-002	3.76753272201452247E-003	-1	6.79171917751878167E-003	-1	OK
21.750000000000000	3.43578858330009368E-002	2.48112285076274239E-002	1.33991940235293622E-002	1.14120344840980617E-002	9.54665732537351638E-003	3.40068613204270011E-003	-1	6.14597119333081671E-003	-1	OK
22.000000000000000	3.11492027969260399E-002	2.25033758104577937E-002	1.21337864066311824E-002	1.03695894038266095E-002	8.64582698646824618E-003	3.07525178356850368E-003	-1	5.57057520289974250E-003	-1	OK
22.250000000000000	2.82496536814220919E-002	2.04213811866927088E-002	1.09939820113921314E-002	9.42739917530057737E-003	7.82827249472938490E-003	2.78273354289541256E-003	-1	5.04553895183397234E-003	-1	OK
22.500000000000000	2.56355803625607087E-002	1.85418492869991527E-002	9.96661062257277186E-003	8.57523866442638262E-003	7.09373107556155770E-003	2.51960683753119303E-003	-1	4.57412423803036511E-003	-1	OK
22.750000000000000	2.32786520488450846E-002	1.68439513500865737E-002	9.03996475079928141E-003	7.80398659928729921E-003	6.43470069875851265E-003	2.27994593590370677E-003	-1	4.15475476285480545E-003	-1	OK
23.000000000000000	2.11500972832190416E-002	1.53091725770640001E-002	8.20363608311375919E-003	7.10553649395023832E-003	5.84092470615504063E-003	2.06478170307938455E-003	-1	3.77614300307565608E-003	-1	OK
23.250000000000000	1.92217456703908003E-002	1.39209731114620996E-002	7.44835177106222598E-003	6.47262134039987454E-003	5.30077255892870067E-003	1.87277786253690123E-003	-1	3.42799469639179944E-003	-1	OK
23.500000000000000	1.74758146028498249E-002	1.26645809775980927E-002	6.76584451420654282E-003	5.89873646339155074E-003	4.81123362525173130E-003	1.69934107434032149E-003	-1	3.11189255091141002E-003	-1	OK
23.750000000000000	1.59010883054239958E-002	1.15269424278790500E-002	6.14876791302165337E-003	5.37817451485739662E-003	4.37414587754494585E-003	1.54295212707354851E-003	-1	2.83119375047139734E-003	-1	OK
24.000000000000000	1.44705212652530314E-002	1.04961873924330502E-002	5.59051221805980259E-003	4.90567517437324758E-003	3.97433387281998125E-003	1.39996530776537891E-003	-1	2.57436856505460256E-003	-1	OK
24.250000000000000	1.31783284286026321E-002	9.56180775730861889E-003	5.08520440186909211E-003	4.47660335543952764E-003	3.61652067129401410E-003	1.27241752708534442E-003	-1	2.34410314420866947E-003	-1	OK
24.500000000000000	1.20052627729276030E-002	8.71438127393822128E-003	4.62757687305261761E-003	4.08680440088560366E-003	3.29088149898938221E-003	1.15554764151398304E-003	-1	2.13533385747539939E-003	-1	OK
24.750000000000000	1.09461228853076648E-002	7.94530895335170302E-003	4.21288628455146127E-003	3.73242266880024261E-003	3.00081393195596137E-003	1.05132416545835423E-003	-1	1.94948976649760713E-003	-1	OK
25.000000000000000	9.98163944808730039E-003	7.24702532033034887E-003	3.83692229305155003E-003	3.41010302727879798E-003	2.73461412775695238E-003	9.56947650498677152E-004	-1	1.77766647725827523E-003	-1	OK
25.250000000000000	9.10312762269791485E-003	6.61271027838075329E-003	3.49589621404437995E-003	3.11681406433637247E-003	2.49041734431716113E-003	8.69250150601152440E-004	-1	1.62116719371600869E-003	-1	OK
25.500000000000000	8.30596166282146844E-003	6.03617097295515870E-003	3.18639983687637194E-003	2.84977113607878633E-003	2.26979068986631061E-003	7.91935479529899959E-004	-1	1.47785521033641076E-003	-1	OK
25.750000000000000	7.58306091589450344E-003	5.51194930710354608E-003	2.90539940395059598E-003	2.60654990315295097E-003	2.07111160879095693E-003	7.20829120973540951E-004	-1	1.35028248781741598E-003	-1	OK
26.000000000000000	6.92469104779376565E-003	5.03511369284983992E-003	2.65015648493202105E-003	2.38495720791781886E-003	1.88957735494392552E-003	6.57278551559754430E-004	-1	1.23229880338417098E-003	-1	OK
26.250000000000000	6.32738633798229921E-003	4.60114503743953157E-003	2.41819594249278970E-003	2.18294909494674101E-003	1.72624130054276808E-003	5.99579595540837497E-004	-1	1.12666170500193069E-003	-1	OK
26.500000000000000	5.78377016523308734E-003	4.20603113430664984E-003	2.20730483105154897E-003	1.99872630325510000E-003	1.57773903092643729E-003	5.47169300917774008E-004	-1	1.03056973000866317E-003	-1	OK
26.750000000000000	5.28754057646666463E-003	3.84614144919994717E-003	2.01548495276983276E-003	1.83065649643011485E-003	1.44139912726671746E-003	4.99552423440286202E-004	-1	9.41846703826431254E-004	-1	OK
27.000000000000000	4.83665688343424757E-003	3.51817553654068657E-003	1.84093384204280256E-003	1.67724169449788379E-003	1.31848134689356100E-003	4.56255014184482719E-004	-1	8.62226332709078286E-004	-1	OK
27.250000000000000	4.42408673583953062E-003	3.21919226993222203E-003	1.68203468688367472E-003	1.53715758304854709E-003	1.20489446590730837E-003	4.16370615910606045E-004	-1	7.88523849996702322E-004	-1	OK
27.500000000000000	4.04858296535195658E-003	2.94650923140902903E-003	1.53732268449956796E-003	1.40918654690946085E-003	1.10207373394292777E-003	3.80563138726410996E-004	-1	7.21510595216516776E-004	-1	OK
27.750000000000000	3.70683311588304500E-003	2.69771604197668706E-003	1.40548209428751660E-003	1.29223394768917068E-003	1.00911707390635773E-003	3.47691028448474278E-004	-1	6.61426045457883449E-004	-1	OK
28.000000000000000	3.39467098978744148E-003	2.47067071828800579E-003	1.28532985958143488E-003	1.18534085870657048E-003	9.24000271499435797E-004	3.18026683794097903E-004	-1	6.05973587705337840E-004	-1	OK
28.250000000000000	3.11046618420055031E-003	2.26337991435128418E-003	1.17578469800596035E-003	1.08759521634532361E-003	8.47086269849266129E-004	2.90996333395905627E-004	-1	5.56089936453360448E-004	-1	OK
28.500000000000000	2.85000529582662325E-003	2.07404950068735845E-003	1.07587274217261662E-003	9.98176758514742694E-004	7.75955795139264917E-004	2.66343036133613023E-004	-1	5.09612759005651948E-004	-1	OK
28.750000000000000	2.61233696535338386E-003	1.90106960678031113E-003	9.84716634151579402E-004	9.16352972628731838E-004	7.11267358573072837E-004	2.43855350754014499E-004	-1	4.67412007819058338E-004	-1	OK
29.000000000000000	2.39483819481444175E-003	1.74297700093964782E-003	9.01520243295884146E-004	8.41456757643763674E-004	6.51861193874794039E-004	2.23056110597464360E-004	-1	4.28805083277329678E-004	-1	OK
29.250000000000000	2.19603093908100899E-003	1.59842762318213559E-003	8.25559846630735152E-004	7.72867776551400330E-004	5.97603315898873402E-004	2.03994467770489835E-004	-1	3.93608848128383540E-004	-1	OK
29.500000000000000	2.01431202589827125E-003	1.46622075425644014E-003	7.56184650284594641E-004	7.10036103971845608E-004	5.48091271641830890E-004	1.86762668900522440E-004	-1	3.61328602741308423E-004	-1	OK
29.750000000000000	1.84836617652950840E-003	1.34526480097819836E-003	6.92804025632709052E-004	6.52460775345488873E-004	5.03101375551310041E-004	1.70996370977645522E-004	-1	3.32105004573664546E-004	-1	OK
30.000000000000000	1.69619803129974676E-003	1.23457624307173964E-003	6.34884114591700334E-004	5.99692128480039735E-004	4.61621788228007066E-004	1.56718256218030190E-004	-1	3.04903532009976903E-004	-1	OK
30.250000000000000	1.55683773457536076E-003	1.13325440355249154E-003	5.81938600270592941E-004	5.51315803281898819E-004	4.23583331022869109E-004	1.43588767401697331E-004	-1	2.79994563621171750E-004	-1	OK
30.500000000000000	1.42953886112178580E-003	1.04047748797198155E-003	5.33525359269044607E-004	5.06952128702937055E-004	3.89061373149804303E-004	1.31562934906902517E-004	-1	2.57498438242901814E-004	-1	OK
30.750000000000000	1.31223279633926274E-003	9.55499606070224993E-004	4.89243639935873706E-004	4.66255966134351233E-004	3.56733190269037858E-004	1.20607760970910789E-004	-1	2.36125429298127056E-004	-1	OK
31.000000000000000	1.20542338232480155E-003	8.77643415274796971E-004	4.48729797857845580E-004	4.28913617416951391E-004	3.27779967050004575E-004	1.10597877292836370E-004	-1	2.17182089757168205E-004	-1	OK
31.250000000000000	1.10756682118063818E-003	8.06298459993041268E-004	4.11653642510129191E-004	3.94644817482912131E-004	3.01268361187596965E-004	1.01524541696083266E-004	-1	1.99743819491513713E-004	-1	OK
31.500000000000000	1.01783027389595968E-003	7.40887188140935417E-004	3.77711385632712642E-004	3.63175802508222667E-004	2.76943085755024319E-004	9.32172918780691440E-005	-1	1.83725793876955175E-004	-1	OK
31.750000000000000	9.35348822004670186E-004	6.80906557783578768E-004	3.46631826712726890E-004	3.34274731070851878E-004	2.54442264221091472E-004	8.56078733512191659E-005	-1	1.68834390869872307E-004	-1	OK
32.000000000000000	8.59900249833248629E-004	6.25897298125345199E-004	3.18167740473160874E-004	3.07729557652184217E-004	2.34002951707903457E-004	7.85409983555624493E-005	-1	1.55461953352340994E-004	-1	OK
32.250000000000000	7.90587945483114799E-004	5.75435101399438117E-004	2.92092407446685476E-004	2.83342693952752696E-004	2.15152844083676655E-004	7.21566151088478950E-005	-1	1.42996228974828760E-004	-1	OK
32.500000000000000	7.27134759896962460E-004	5.29131126592142869E-004	2.68199506133234714E-004	2.60931620458908047E-004	1.98003633304819592E-004	6.63042617641224161E-005	-1	1.31699371540697175E-004	-1	OK
32.750000000000000	6.68753550162334972E-004	4.86633824484508269E-004	2.46301470139309792E-004	2.40332354345198476E-004	1.82119725677826677E-004	6.08502346768955126E-005	-1	1.21269491000931164E-004	-1	OK
33.000000000000000	6.15213714675877919E-004	4.47623930518818486E-004	2.26227694005187290E-004	2.21396236513631250E-004	1.67589784157059460E-004	5.59740199534528742E-005	-1	1.11615764203606586E-004	-1	OK
33.250000000000000	5.66098004329265042E-004	4.11804269686800659E-004	2.07821518500265524E-004	2.03982751186535107E-004	1.54293734642464383E-004	5.13979223455847718E-005	-1	1.02895812296879618E-004	-1	OK
33.500000000000000	5.20941763035943158E-004	3.78908940861562879E-004	1.90941081538336386E-004	1.87967859323226547E-004	1.42032822174380279E-004	4.72658411712361157E-005	-1	9.47669810031441631E-005	-1	OK
33.750000000000000	4.79489645342762454E-004	3.48687328192962746E-004	1.75455539398264261E-004	1.73231788794698513E-004	1.30802317149799680E-004	4.34731086325528860E-005	-1	8.73292085172467942E-005	-1	OK
34.000000000000000	4.41395884626292871E-004	3.20917522185428894E-004	1.61247289072645618E-004	1.59670233112783303E-004	1.20478362440863991E-004	3.99565013963793596E-005	-1	8.05218610444846379E-005	-1	OK
34.250000000000000	4.06385978127891555E-004	2.95399711505585469E-004	1.48209409038453584E-004	1.47190302467131831E-004	1.10986266622306072E-004	3.66778805678542644E-005	-1	7.43083860544518145E-005	-1	OK
34.500000000000000	3.74131476277386982E-004	2.71946781103329384E-004	1.36243146803653194E-004	1.35703634299676163E-004	1.02184695174057611E-004	3.37506404149151635E-005	-1	6.84340547591424540E-005	-1	OK
34.750000000000000	3.44567761577539472E-004	2.50386832693978397E-004	1.25258246140902581E-004	1.25128586553075816E-004	9.41809288835610751E-005	3.10028914954635297E-005	-1	6.31780373880975522E-005	-1	OK
35.000000000000000	3.17312942452210010E-004	2.30563279203471793E-004	1.15172446935654543E-004	1.15390832267817250E-004	8.67496632487382309E-005	2.85368118845863675E-005	-1	5.82128513641518635E-005	-1	OK
35.250000000000000	2.92311707033875092E-004	2.12335346191084553E-004	1.05911143518762449E-004	1.06424202672322063E-004	7.99763608427905381E-005	2.62704338844505010E-005	-1	5.37059269583400371E-005	-1	OK
35.500000000000000	2.69254669025423786E-004	1.95570985136226311E-004	9.74052678529340127E-005	9.81657172832922436E-005	7.36836838891974621E-005	2.41868433215666745E-005	-1	4.94968405676307876E-005	-1	OK
35.750000000000000	2.48072313919027877E-004	1.80149441759074551E-004	8.95917044935629092E-005	9.05577372655116014E-005	6.79228721599533256E-005	2.22257519907207187E-005	-1	4.56971201692326034E-005	-1	OK
36.000000000000000	2.28546938980630571E-004	1.65959374427431336E-004	8.24126837352650980E-005	8.35466906921662511E-005	6.25875645531992356E-005	2.04670744305386358E-005	-1	4.21204901226605998E-005	-1	OK
36.250000000000000	2.10525561932029155E-004	1.52900241462549231E-004	7.58157347043028943E-005	7.70845067582463507E-005	5.76253204694799305E-005	1.88496527308506476E-005	-1	3.87756677386292829E-005	-1	OK
36.500000000000000	1.93995950304981870E-004	1.40882079176917813E-004	6.97532567052397282E-005	7.11288224716780446E-005	5.31138711280640570E-005	1.73394914731988872E-005	-1	3.57743796548651698E-005	-1	OK
36.750000000000000	1.78794175253266404E-004	1.29820227368983017E-004	6.41811325465215567E-005	6.56390948224614464E-005	4.89739478842833936E-005	1.59728792962573221E-005	-1	3.30010685880260715E-005	-1	OK
37.000000000000000	1.64794989519387308E-004	1.19637470799623523E-004	5.90590547180115801E-005	6.05784160816119020E-005	4.51575187197637788E-005	1.46862653191775859E-005	-1	3.04712534005861929E-005	-1	OK
37.250000000000000	1.51913220682817934E-004	1.10262283564493795E-004	5.43499458430209682E-005	5.59123377214728061E-005	4.16509371183241254E-005	1.34932182864259283E-005	-1	2.81577188318981954E-005	-1	OK
37.500000000000000	1.40046866479303245E-004	1.01629647963808340E-004	5.00200532300342234E-005	5.16095947337741237E-005	3.84172185154949052E-005	1.24320526005894442E-005	-1	2.59851659149054609E-005	-1	OK
37.750000000000000	1.29135041595711226E-004	9.36803218319141163E-005	4.60384177532546324E-005	4.76419040786594771E-005	3.54547197637971031E-005	1.14552668088041537E-005	-1	2.39994529549929494E-005	-1	OK
38.000000000000000	1.19049677916465102E-004	8.63591712433233046E-005	4.23765081731020707E-005	4.39826630702212204E-005	3.26905066731417906E-005	1.05560473460875746E-005	-1	2.21344593270542177E-005	-1	OK
38.250000000000000	1.09776607224244398E-004	7.96142803737177055E-005	3.90079436976260667E-005	4.06063366760916523E-005	3.01623268505266925E-005	9.72851518021850540E-006	-1	2.04338116703081871E-005	-1	OK
38.500000000000000	1.01216839871017054E-004	7.33996910508398763E-005	3.59089756798456548E-005	3.74907153709942419E-005	2.78171488201771710E-005	8.96665566222401263E-006	-1	1.88504931579531584E-005	-1	OK
38.750000000000000	9.33436807901543705E-005	6.76738151380439648E-005	3.30579260674817649E-005	3.46158890705622067E-005	2.56698656521104090E-005	8.26499710425722457E-006	-1	1.74048685478531845E-005	-1	OK
39.000000000000000	8.60407846213393320E-005	6.23981199224069060E-005	3.04347769130638036E-005	3.19633430093431228E-005	2.36426646989324260E-005	7.61468235863264624E-006	-1	1.60279823402997798E-005	-1	OK
39.250000000000000	7.93623412840932882E-005	5.75366216730356948E-005	2.80210668804440725E-005	2.95155547925916189E-005	2.18257196110575933E-005	7.01107315209018837E-006	-1	1.48146464589674058E-005	-1	OK
39.500000000000000	7.31830439118422279E-005	5.30564011265633430E-005	2.57998570906187483E-005	2.72565440359445879E-005	2.01266427852788782E-005	6.46342707362157234E-006	-1	1.36632157116573050E-005	-1	OK
39.750000000000000	6.75014270481478509E-005	4.89269191019483022E-005	2.37555818306580772E-005	2.51713372712902114E-005	1.85745079461995419E-005	5.95032495619437110E-006	-1	1.26241829900051708E-005	-1	OK
40.000000000000000	6.22600316440397278E-005	4.51208322847663419E-005	2.18740845520128904E-005	2.32467477327534651E-005	1.71391993592733791E-005	5.48594860907408394E-006	-1	1.16532507501992960E-005	-1	OK
40.250000000000000	5.74187722723567390E-005	4.16125924101897114E-005	2.01422395115646998E-005	2.14703528986250115E-005	1.58061798621670277E-005	5.05798854744602104E-006	-1	1.07481913147210058E-005	-1	OK
40.500000000000000	5.29645795805187876E-005	3.83780297206497804E-005	1.85478866784381414E-005	1.98301430422116390E-005	1.45865498598690056E-005	4.66353906354539037E-006	-1	9.92301079632361603E-006	-1	OK
40.750000000000000	4.88575908287875092E-005	3.53951399807365857E-005	1.70799392052172813E-005	1.83152007755192976E-005	1.34624508480509218E-005	4.28824405016316417E-006	-1	9.17420679788775762E-006	-1	OK
41.000000000000000	4.50708180933010363E-005	3.26445733480748153E-005	1.57283972803244275E-005	1.69161760677503810E-005	1.24262447452262227E-005	3.95402777919169524E-006	-1	8.47221696603452749E-006	-1	OK
41.250000000000000	4.15733117592558384E-005	3.01083315837895771E-005	1.44840169376991822E-005	1.56243146460904001E-005	1.14649801754662596E-005	3.64592830609088630E-006	-1	7.81905186937537284E-006	-1	OK
41.500000000000000	3.83509576611689769E-005	2.77695694174447223E-005	1.33382380571660717E-005	1.44313313602786557E-005	1.05813882437242545E-005	3.35312476656066506E-006	-1	7.22826347716358945E-006	-1	OK
41.750000000000000	3.53752475767723758E-005	2.56129199202406822E-005	1.22832171953847353E-005	1.33297027248559452E-005	9.76232765653169196E-006	3.09210145676025209E-006	-1	6.67022619977144030E-006	-1	OK
42.000000000000000	3.26263264690029162E-005	2.36240027045863035E-005	1.13116812013408871E-005	1.23123215032454181E-005	9.00232376441661442E-006	2.84869627404636549E-006	-1	6.15362749037024850E-006	-1	OK
42.250000000000000	3.00983269157817773E-005	2.17895724087821549E-005	1.04169797940572363E-005	1.13725926147249152E-005	8.30875450699962244E-006	2.62698686544528914E-006	-1	5.68176764155433330E-006	-1	OK
42.500000000000000	2.77640455464432213E-005	2.00977928622652160E-005	9.59304140281610983E-006	1.05047514594491129E-005	7.66625268417800532E-006	2.41982797031787890E-006	-1	5.24642471386012685E-006	-1	OK
42.750000000000000	2.56107544312390590E-005	1.85374319536950167E-005	8.83420353431067766E-006	9.70322841938433906E-006	7.07332247754404144E-006	2.22742855643195407E-006	-1	4.84589392111208694E-006	-1	OK
43.000000000000000	2.36257620605870701E-005	1.70978845670599359E-005	8.13522444929806466E-006	8.96266011776186784E-006	6.52787749352713591E-006	2.05524039103255986E-006	-1	4.47263710249457606E-006	-1	OK
43.250000000000000	2.17946439914803156E-005	1.57696127143609249E-005	7.49135874861574281E-006	8.27825396574518379E-006	6.02503127711938906E-006	1.89249601576021412E-006	-1	4.13253526135917473E-006	-1	OK
43.500000000000000	2.01039111425050153E-005	1.45443026870726279E-005	6.89831556664978059E-006	7.64598712042284902E-006	5.55960845543238656E-006	1.74488984518257215E-006	-1	3.81471861024981420E-006	-1	OK
43.750000000000000	1.85456534432942583E-005	1.34139805113521429E-005	6.35207994387500908E-006	7.06190056747713634E-006	5.13167293194211630E-006	1.60683356608699602E-006	-1	3.52483936585512050E-006	-1	OK
44.000000000000000	1.71072741029246542E-005	1.23712693902644502E-005	5.84895285501064382E-006	6.52231653525380808E-006	4.73600471266020310E-006	1.47932093737358176E-006	-1	3.25668377528662134E-006	-1	OK
44.250000000000000	1.57788404109794490E-005	1.14093660710092554E-005	5.38552485022205697E-006	6.02384122078719754E-006	4.36947433997019284E-006	1.36303494885879680E-006	-1	3.00643939111139583E-006	-1	OK
44.500000000000000	1.45541580267513626E-005	1.05219895979859045E-005	4.95865438687448696E-006	5.56333521111141839E-006	4.03216842876545896E-006	1.25657941239826603E-006	-1	2.77558901636719314E-006	-1	OK
44.750000000000000	1.34229899690740370E-005	9.70337460177700684E-006	4.56545935895330330E-006	5.13791524282370438E-006	3.71961536729702934E-006	1.15722738592084788E-006	-1	2.56238798137618146E-006	-1	OK
45.000000000000000	1.23798096807954071E-005	8.94819447063050824E-006	4.20327869661900391E-006	4.74491577401150433E-006	3.43161521016489890E-006	1.06552804380637492E-006	-1	2.36608716635852398E-006	-1	OK
45.250000000000000	1.14165555612136515E-005	8.25143770399398678E-006	3.86964305856213373E-006	4.38179464543185305E-006	3.16511785721966472E-006	9.82149959021052316E-007	-1	2.18296789819861262E-006	-1	OK
45.500000000000000	1.05281931812950012E-005	7.60851667425613959E-006	3.56228831004499092E-006	4.04622836421114783E-006	2.91967650703886207E-006	9.03629873854493258E-007	-1	2.01604663318436892E-006	-1	OK
45.750000000000000	9.70680132411154757E-006	7.01527168501975035E-006	3.27915426550125789E-006	3.73611741951849246E-006	2.69152963909179680E-006	8.32048555107184279E-007	-1	1.85948108398461252E-006	-1	OK
46.000000000000000	8.94759975155025647E-006	6.46792198644531939E-006	3.01834863846093289E-006	3.44957334798438607E-006	2.47967776510493793E-006	7.65604949906856640E-007	-1	1.71407281519808119E-006	-1	OK
46.250000000000000	8.25077369500893602E-006	5.96295301180701766E-006	2.77812353283837368E-006	3.18482947896864441E-006	2.28782068320191921E-006	7.05536797336845129E-007	-1	1.58228388586507408E-006	-1	OK
46.500000000000000	7.60770659876340075E-006	5.49714191860196098E-006	2.55686923332435615E-006	2.94027268527760483E-006	2.11056468016143935E-006	6.49406836702658829E-007	-1	1.46115784345878052E-006	-1	OK
46.750000000000000	7.01528421504473817E-006	5.06745573743735279E-006	2.35308781800687244E-006	2.71436791943048077E-006	1.94782847760738581E-006	5.98385357346034763E-007	-1	1.34944312026135104E-006	-1	OK
47.000000000000000	6.46659291117355310E-006	4.67105210617388883E-006	2.16539461388776750E-006	2.50565749228612091E-006	1.79554080499966469E-006	5.50857688145701024E-007	-1	1.24468311685396366E-006	-1	OK
47.250000000000000	5.96175535881641386E-006	4.30537724562242929E-006	1.99252918241477611E-006	2.31284806320765402E-006	1.65637811319398478E-006	5.06206377490158661E-007	-1	1.15017173570382602E-006	-1	OK
47.500000000000000	5.49432930731454798E-006	3.96810399735246159E-006	1.83333020750374730E-006	2.13477378984871386E-006	1.52622530996208597E-006	4.66279891366725501E-007	-1	1.05994541859536041E-006	-1	OK
47.750000000000000	5.06477247051091467E-006	3.65694943388638837E-006	1.68670287556912168E-006	1.97024655831726711E-006	1.40782303662452652E-006	4.29499954271661591E-007	-1	9.78323082352864924E-007	-1	OK
48.000000000000000	4.66819595357882386E-006	3.36986626755274051E-006	1.55165455258615103E-006	1.81821171496659032E-006	1.29832968602608314E-006	3.95305461105601725E-007	-1	9.03024224920481363E-007	-1	OK
48.250000000000000	4.30194661360653642E-006	3.10502263433547806E-006	1.42728447997181721E-006	1.67773815436366085E-006	1.19692397927105878E-006	3.63103941033761798E-007	-1	8.33820038237296932E-007	-1	OK
48.500000000000000	3.96425854775013743E-006	2.86075342034031646E-006	1.31276319438163795E-006	1.54799022595867851E-006	1.10350512740982097E-006	3.34388102883577405E-007	-1	7.69117024526243569E-007	-1	OK
48.750000000000000	3.65259037844741806E-006	2.63545445003324790E-006	1.20731411058535187E-006	1.42814033944789624E-006	1.01713592841417017E-006	3.07933388182116358E-007	-1	7.09202540232053808E-007	-1	OK
49.000000000000000	3.36432080937270436E-006	2.42769406741680187E-006	1.11023071567674641E-006	1.31746335174005568E-006	9.36626741955902489E-007	2.82744200080690891E-007	-1	6.53882541875211598E-007	-1	OK
49.250000000000000	3.09943437633452179E-006	2.23611723137729728E-006	1.02085320735388065E-006	1.21526402402341599E-006	8.63317144957224622E-007	2.60211312573520893E-007	-1	6.03105832383703781E-007	-1	OK
49.500000000000000	2.85372217621562395E-006	2.05946236184769203E-006	9.38572307756079102E-007	1.12089005409161261E-006	7.94259814367932034E-007	2.39159723696615758E-007	-1	5.55100090671316277E-007	-1	OK
49.750000000000000	2.62826952830922240E-006	1.89656587690081305E-006	8.62827603566850004E-007	1.03373827333396304E-006	7.31703651408409353E-007	2.20131833538509725E-007	-1	5.11571817869899602E-007	-1	OK
50.000000000000000	2.42023722427918086E-006	1.74638780600299420E-006	7.93107840311271306E-007	9.53279965691723106E-007	6.73849418276186761E-007	2.02596704770154843E-007	-1	4.71252713506031918E-007	-1	OK
50.250000000000000	2.22841904819173372E-006	1.60791652456192897E-006	7.28931058615540566E-007	8.78985465946388190E-007	6.20502523629804967E-007	1.86196113689644665E-007	-1	4.34306409940160275E-007	-1	OK
50.500000000000000	2.05169988585729569E-006	1.48020743273601625E-006	6.69854989603023109E-007	8.10352443132992929E-007	5.71492453121279549E-007	1.69996754898401675E-007	-1	4.01495698222877874E-007	-1	OK
50.750000000000000	1.88851805858647785E-006	1.36246439681165206E-006	6.15486202093807841E-007	7.46978194717844113E-007	5.26053661774825898E-007	1.56319848434594517E-007	-1	3.69733813340231407E-007	-1	OK
51.000000000000000	1.73821120073069775E-006	1.25393474915832203E-006	5.65457821251771669E-007	6.88476927906550569E-007	4.84276451572375827E-007	1.43697637775750440E-007	-1	3.40578813796625360E-007	-1	OK
51.250000000000000	1.59968802386218168E-006	1.15391280637114713E-006	5.19428385445202321E-007	6.34484420925944913E-007	4.45775217491034449E-007	1.32493947582306605E-007	-1	3.13281269908727817E-007	-1	OK
51.500000000000000	1.47187490092226329E-006	1.06173394181848849E-006	4.77081336090122092E-007	5.84652605728366395E-007	4.10140959103774748E-007	1.21374718911171919E-007	-1	2.88766240192602828E-007	-1	OK
51.750000000000000	1.35422042993454075E-006	9.76792088995301834E-007	4.38125875980494302E-007	5.38666213014807373E-007	3.77428340939238915E-007	1.11582113913735150E-007	-1	2.65846227025503778E-007	-1	OK
52.000000000000000	1.24600833516432722E-006	8.98530436907783454E-007	4.02294753860501692E-007	4.96235683047281656E-007	3.47477898256543764E-007	1.02563858761284022E-007	-1	2.44914039495259715E-007	-1	OK
52.250000000000000	1.14602972671201818E-006	8.26430185173662353E-007	3.69339874728675356E-007	4.57090310444986838E-007	3.19599541538355724E-007	9.42597871899534977E-008	-1	2.25339754348402213E-007	-1	OK
52.500000000000000	1.05366297015244931E-006	7.60002291338711616E-007	3.39031541158651194E-007	4.20970750180060422E-007	2.93660678813737639E-007	8.66153628645749612E-008	-1	2.07045315949162664E-007	-1	OK
52.750000000000000	9.68994201940567608E-007	6.98807074414926946E-007	3.11159883116935586E-007	3.87647191297991361E-007	2.70187127525640715E-007	7.95785107462171371E-008	-1	1.90608616779423565E-007	-1	OK
53.000000000000000	8.90909788121441602E-007	6.42429473419404192E-007	2.85530559246206967E-007	3.56898914173197384E-007	2.48480314702037357E-007	7.30508627973738002E-008	-1	1.75429451904663557E-007	-1	OK
53.250000000000000	8.18316335076218067E-007	5.90496195190228315E-007	2.61966218310189608E-007	3.28529976880038655E-007	2.27820139885989752E-007	6.70172288326699059E-008	-1	1.60802911053319859E-007	-1	OK
53.500000000000000	7.51836167759681675E-007	5.42663158795495212E-007	2.40304371111346744E-007	3.02358787684148574E-007	2.09173008964186464E-007	6.11040146114462710E-008	-1	1.48068994352740179E-007	-1	OK
53.750000000000000	6.90739097059342556E-007	4.98628939779440169E-007	2.20397346391393910E-007	2.78231593388046154E-007	1.92110157279902386E-007	5.60989377952916168E-008	-1	1.36011219484610776E-007	-1	OK
54.000000000000000	6.34626546454550043E-007	4.58097369364525490E-007	2.02105140082514747E-007	2.55992229282010716E-007	1.76529177090024527E-007	5.14946819087624120E-008	-1	1.25034495181262115E-007	-1	OK
54.250000000000000	5.82951166283291820E-007	4.20792343312798812E-007	1.85298248108364176E-007	2.35494095204434609E-007	1.62158822970492981E-007	4.72594181970810227E-008	-1	1.14899404773411952E-007	-1	OK
54.500000000000000	5.35341120495880895E-007	3.86452668005850205E-007	1.69856730098884039E-007	2.16595937906966139E-007	1.48888452490030717E-007	4.33641473474803055E-008	-1	1.05524305142550411E-007	-1	OK
54.750000000000000	4.91540364176208969E-007	3.54854472050295070E-007	1.55673092574031829E-007	1.99181379476263188E-007	1.36685892125913925E-007	3.95910907743683887E-008	-1	9.70948013515455429E-008	-1	OK
55.000000000000000	4.51248188448615078E-007	3.25783477455154593E-007	1.42646627801390197E-007	1.83136849653764449E-007	1.25464710993460485E-007	3.63135041264975853E-008	-1	8.91512068669628995E-008	-1	OK
55.250000000000000	4.14202748147494594E-007	2.99035373903057831E-007	1.30683201313205752E-007	1.68352172589852158E-007	1.15167374244436750E-007	3.33003700036176968E-008	-1	8.18670042408190529E-008	-1	OK
55.500000000000000	3.80051198604312662E-007	2.74423352779741237E-007	1.19697053025722243E-007	1.54726299754018967E-007	1.05627845824571438E-007	3.05307792085155064E-008	-1	7.50970666160559318E-008	-1	OK
55.750000000000000	3.48720452948821704E-007	2.51778772988143383E-007	1.09610075261846519E-007	1.42168697726296864E-007	9.69416799606783344E-008	2.79852046573635737E-008	-1	6.89564753033147574E-008	-1	OK
56.000000000000000	3.19793297790384895E-007	2.30954557578093846E-007	1.00351782478595732E-007	1.30602775099498101E-007	8.88387402122910226E-008	2.56277422046494467E-008	-1	6.32109980076415759E-008	-1	OK
56.250000000000000	2.93336707691878399E-007	2.11811130785408136E-007	9.18562446810600412E-008	1.19954886104348134E-007	8.15255769064702505E-008	2.34806525112718748E-008	-1	5.80449243951983790E-008	-1	OK
56.500000000000000	2.68909264875448488E-007	1.94214376837910543E-007	8.40616006612294346E-008	1.10152776176681043E-007	7.46948880375379712E-008	2.14573841450921197E-008	-1	5.32375038924458515E-008	-1	OK
56.750000000000000	2.46473152112283384E-007	1.78042517265516423E-007	7.69113741633918347E-008	1.01131143102124562E-007	6.84306348467669474E-008	1.96512291506965832E-008	-1	4.87794056960703642E-008	-1	OK
57.000000000000000	2.25863595685043405E-007	1.63181623793690671E-007	7.03533059145764689E-008	9.28283178791141623E-008	6.26819718913527211E-008	1.79442421861094037E-008	-1	4.47377297052433207E-008	-1	OK
57.250000000000000	2.06954229092463862E-007	1.49529032227441792E-007	6.43395222674457353E-008	8.51895099599960697E-008	5.74251968650220768E-008	1.64063882690657458E-008	-1	4.10188085959563310E-008	-1	OK
57.500000000000000	1.89601109303131284E-007	1.36987466698767431E-007	5.88256844912582697E-008	7.81617822075091609E-008	5.26136426043638533E-008	1.49934519066619811E-008	-1	3.76201906977018755E-008	-1	OK
57.750000000000000	1.73610434302227169E-007	1.25468066567077623E-007	5.37709628597293822E-008	7.16971037073482408E-008	4.81423677351495528E-008	1.37039133119019696E-008	-1	3.44384544232475799E-008	-1	OK
58.000000000000000	1.58919289548729766E-007	1.14887922384875053E-007	4.91378923545423673E-008	6.57500300303326927E-008	4.40313671638546990E-008	1.25211698893875851E-008	-1	3.15101972744671122E-008	-1	OK
58.250000000000000	1.45453351618182884E-007	1.05173107385525010E-007	4.48921470203047692E-008	6.02809603652202345E-008	4.02802442326578739E-008	1.14348878129642629E-008	-1	2.88453564196936110E-008	-1	OK
58.500000000000000	1.33085393678952229E-007	9.62516315593366768E-008	4.10018557573262245E-008	5.52497758020104391E-008	3.68337621196155520E-008	1.04280193184861387E-008	-1	2.64057428011294150E-008	-1	OK
58.750000000000000	1.21765259431705077E-007	8.80654964450778568E-008	3.74391520093458083E-008	5.06263444357320618E-008	3.36997629866272336E-008	9.52277695874958351E-009	-1	2.41769860278776485E-008	-1	OK
59.000000000000000	1.11343864511037771E-007	8.05566608906086189E-008	3.41772030294494338E-008	4.63794578611591784E-008	3.07872036204291460E-008	8.68559206509472333E-009	-1	2.21016115553344210E-008	-1	OK
59.250000000000000	1.01799011168140961E-007	7.36683058017997496E-008	3.11907979008706618E-008	4.24775079009290746E-008	2.81307053663412079E-008	7.91539414088334384E-009	-1	2.02153112254578657E-008	-1	OK
59.500000000000000	9.30460399216284595E-008	6.73504518759679756E-008	2.84573496313142789E-008	3.88931022446537033E-008	2.56955880456604872E-008	7.22088484276065537E-009	-1	1.84747032028998335E-008	-1	OK
59.750000000000000	8.50280560505512076E-008	6.15587560147398329E-008	2.59563033333855621E-008	3.56024526813542774E-008	2.34693000358113714E-008	6.57875532989856844E-009	-1	1.68905447059128038E-008	-1	OK
60.000000000000000	7.76591952555212396E-008	5.62496570752642679E-008	2.36681881422832058E-008	3.25814689329810654E-008	2.14095381802569651E-008	5.99746533064509629E-009	-1	1.54120728496118672E-008	-1	OK
60.250000000000000	7.09431071732068091E-008	5.13830261169728869E-008	2.15751968922096770E-008	2.98078292247632098E-008	1.95600810562339223E-008	5.46314458929756628E-009	-1	1.40969364669363552E-008	-1	OK
60.500000000000000	6.47601315608353814E-008	4.69236860339665072E-008	1.96613082446096143E-008	2.72623777893568797E-008	1.78364455268688775E-008	4.97545683745376032E-009	-1	1.28609886894151172E-008	-1	OK
60.750000000000000	5.91095715578118105E-008	4.28387262976892158E-008	1.79116404321204618E-008	2.49270858655687606E-008	1.62708452601225947E-008	4.52869056109605320E-009	-1	1.17421546990265423E-008	-1	OK
61.000000000000000	5.39497517164717454E-008	3.90962144856737864E-008	1.63122575989252708E-008	2.27839568867485089E-008	1.48535372307979574E-008	4.12144479792003581E-009	-1	1.07320924328779208E-008	-1	OK
61.250000000000000	4.91856041614301735E-008	3.56690525391700181E-008	1.48508950670780757E-008	2.08181574720919424E-008	1.35165516222601538E-008	3.74860846864105801E-009	-1	9.76794315361909659E-009	-1	OK
61.500000000000000	4.48445826719309360E-008	3.25329479072479542E-008	1.35162185645508707E-008	1.90167293426970703E-008	1.23116347646829835E-008	3.41113298760355919E-009	-1	8.90050177707942388E-009	-1	OK
61.750000000000000	4.08874573852312371E-008	2.96631454708714575E-008	1.22974008796344606E-008	1.73657445912369870E-008	1.12243119143597763E-008	3.10246774147906780E-009	-1	8.12184417288070809E-009	-1	OK
62.000000000000000	3.72613911750315442E-008	2.70371575863373451E-008	1.11846068100229369E-008	1.58525507763144033E-008	1.02242335886942024E-008	2.81889806000383098E-009	-1	7.40533552869037098E-009	-1	OK
62.250000000000000	3.39395997321562406E-008	2.46348938083324164E-008	1.01689559831662880E-008	1.44659378251661317E-008	9.30470592382382585E-009	2.56361192095426148E-009	-1	6.74109400286956478E-009	-1	OK
62.500000000000000	3.08969630375106292E-008	2.24394306674610407E-008	9.24248507869610404E-009	1.31969455887649333E-008	8.45753237004958520E-009	2.32368614047097683E-009	-1	6.13384622957860837E-009	-1	OK
62.750000000000000	2.81248677622054524E-008	2.04322761733371160E-008	8.39734747503605534E-009	1.20349286983010673E-008	7.69259158886833798E-009	2.10906322721714839E-009	-1	5.58352836165118959E-009	-1	OK
63.000000000000000	2.55856745960306982E-008	1.85972761326274028E-008	7.62659138379093087E-009	1.09706847488364719E-008	6.98839846340329540E-009	1.91309719759186659E-009	-1	5.07530126581142839E-009	-1	OK
63.250000000000000	2.32684216891232143E-008	1.69214795134970254E-008	6.92414468516536470E-009	9.99733482833165990E-009	6.34694217562618883E-009	1.72795662051774572E-009	-1	4.61898555510844352E-009	-1	OK
63.500000000000000	2.11567586710319063E-008	1.53914909869621443E-008	6.28412219522253016E-009	9.10736879173961412E-009	5.76526768406976366E-009	1.56583249752084058E-009	-1	4.19943518654892308E-009	-1	OK
63.750000000000000	1.92250870992945288E-008	1.39946017507384094E-008	5.70107734564743839E-009	8.29352440509096939E-009	5.23048534855612105E-009	1.42144350986690408E-009	-1	3.80904183868921717E-009	-1	OK
64.000000000000000	1.74709048247716084E-008	1.27196031992797242E-008	5.17012502105621778E-009	7.54947817822350807E-009	4.75130162549188504E-009	1.28528961445377630E-009	-1	3.46601201103810895E-009	-1	OK
64.250000000000000	1.58650988505454224E-008	1.15569575382831597E-008	4.68690154493967390E-009	6.87005599334348831E-009	4.30814131226226186E-009	1.16877702576254209E-009	-1	3.13936428649971957E-009	-1	OK
64.500000000000000	1.44069733919365733E-008	1.04968611043187778E-008	4.24718246485876794E-009	6.24967863946001072E-009	3.91011228761779544E-009	1.04840413807699166E-009	-1	2.86170814954080378E-009	-1	OK
64.750000000000000	1.30735898910935413E-008	9.53001299585073712E-009	3.84707198565728980E-009	5.68294101019344567E-009	3.54357689524280419E-009	9.57369705678305476E-010	-1	2.58620718956449851E-009	-1	OK
65.000000000000000	1.18647828299939885E-008	8.64832075429399176E-009	3.48312036569939210E-009	5.16520038859459924E-009	3.21646207569999675E-009	8.60122280888824538E-010	-1	2.35633979481117221E-009	-1	OK
65.250000000000000	1.07554998336097080E-008	7.84485404344904460E-009	3.15223003783129762E-009	4.69262400561774864E-009	2.91064579016066260E-009	7.81253292094668886E-010	-1	2.12939249806599361E-009	-1	OK
65.500000000000000	9.74618630880012461E-009	7.11286753669092503E-009	2.85150264666583672E-009	4.26136489002508665E-009	2.63331877210919916E-009	7.04917943936232010E-010	-1	1.92840082817296715E-009	-1	OK
65.750000000000000	8.83055587699657586E-009	6.44619580704116717E-009	2.57828811224614676E-009	3.86790769479502124E-009	2.38436006995540827E-009	6.36463341449158583E-010	-1	1.74789672850624979E-009	-1	OK
66.000000000000000	7.99559865388833407E-009	5.83936881408749825E-009	2.33020252140191990E-009	3.50916629268557794E-009	2.15622983980083540E-009	5.74613059073658865E-010	-1	1.58161678072717643E-009	-1	OK
66.250000000000000	7.23682672009484741E-009	5.28733611663560886E-009	2.10503959745796136E-009	3.18229651917764792E-009	1.94949060345923897E-009	5.18158160903496575E-010	-1	1.43133244255574239E-009	-1	OK
66.500000000000000	6.54527357560002935E-009	4.78535475226878611E-009	1.90077554157823715E-009	2.88457921069054896E-009	1.75991882333124345E-009	4.67402382056825759E-010	-1	1.29251644127441759E-009	-1	OK
66.750000000000000	5.91481762659559637E-009	4.32924213266993802E-009	1.71557308765070761E-009	2.61366904501923062E-009	1.58557549392565835E-009	4.21034568383116293E-010	-1	1.16454092554254205E-009	-1	OK
67.000000000000000	5.34769707103526371E-009	3.91499285679478996E-009	1.54771815031057813E-009	2.36727470648421225E-009	1.43270421424047334E-009	3.76362588891644143E-010	-1	1.05634162534882930E-009	-1	OK
67.250000000000000	4.83113461071867696E-009	3.53877331327544108E-009	1.39562002745301940E-009	2.14315328582242230E-009	1.29236129744323588E-009	3.38849600732063631E-010	-1	9.53511696711172146E-010	-1	OK
67.500000000000000	4.36320794402389970E-009	3.19729374261041031E-009	1.25786527771718291E-009	1.93942846489322657E-009	1.16591420141348897E-009	3.04939179060652353E-010	-1	8.60975022352836674E-010	-1	OK
67.750000000000000	3.93794036455582720E-009	2.88728316688834531E-009	1.13311420515149197E-009	1.75416896173685354E-009	1.05065719766748210E-009	2.75684756918702412E-010	-1	7.74972440748779684E-010	-1	OK
68.000000000000000	3.55173437106591851E-009	2.60599893679849394E-009	1.02019922249725754E-009	1.58579971430123620E-009	9.45735434267424775E-010	2.47866680439133685E-010	-1	6.97868753828291142E-010	-1	OK
68.250000000000000	3.20207739132677240E-009	2.35085370913715073E-009	9.18039935455397447E-010	1.43281377368175318E-009	8.51223682189621773E-010	2.22593968834823290E-010	-1	6.28629713354798458E-010	-1	OK
68.500000000000000	2.88521657481766606E-009	2.11951572046051099E-009	8.25650973006978250E-010	1.29386474745353232E-009	7.65700854357155074E-010	1.99576715660902828E-010	-1	5.66124138696252245E-010	-1	OK
68.750000000000000	2.59802935563508910E-009	1.90983495343194521E-009	7.42138035980934068E-010	1.16769691745101145E-009	6.88194402203144106E-010	1.77684720119207413E-010	-1	5.10509682083936744E-010	-1	OK
69.000000000000000	2.33758947073155306E-009	1.71994401167475767E-009	6.66699122091932316E-010	1.05324488958282536E-009	6.17645459056795181E-010	1.59160672827675341E-010	-1	4.58484786229119840E-010	-1	OK
69.250000000000000	2.10214361846649187E-009	1.54807304759777543E-009	5.98591517822114249E-010	9.49481529775660868E-010	5.54070570868716232E-010	1.42873045225051197E-010	-1	4.11197525643665035E-010	-1	OK
69.500000000000000	1.88972496656370394E-009	1.39253929086115206E-009	5.37126578979480758E-010	8.55412711881670997E-010	4.97185675702551981E-010	1.27904196040533541E-010	-1	3.69281479662018414E-010	-1	OK
69.750000000000000	1.69833402203164470E-009	1.25199732523211701E-009	4.81709733789613847E-010	7.70287591442503263E-010	4.46336696799527641E-010	1.14324913762899035E-010	-1	3.32011783036628618E-010	-1	OK
70.000000000000000	1.52445410470077117E-009	1.12499831407404697E-009	4.31756615425940974E-010	6.93241698648105949E-010	3.99455790626724140E-010	1.02227612839280232E-010	-1	2.97228177787443934E-010	-1	OK
70.250000000000000	1.36824514886798949E-009	1.01029335098811922E-009	3.86753775368112689E-010	6.23539575620006371E-010	3.57951797879870168E-010	9.13880931422708631E-011	-1	2.66563704737599305E-010	-1	OK
70.500000000000000	1.22756755036509723E-009	9.06779151818975733E-010	3.46236799056537593E-010	5.60542352762438140E-010	3.20788398546121498E-010	8.12272490351976291E-011	-1	2.39561149510923882E-010	-1	OK
70.750000000000000	1.09973370923370078E-009	8.13400520510714694E-010	3.09773002682632217E-010	5.03627517828082477E-010	2.86333188722986035E-010	7.25996022370714011E-011	-1	2.13733586485914621E-010	-1	OK
71.000000000000000	9.85509779634389575E-010	7.29163073216579099E-010	2.76967535829272714E-010	4.52195537387306541E-010	2.56346706417810372E-010	6.47427702000183697E-011	-1	1.91603936217791990E-010	-1	OK
71.250000000000000	8.82169118276019091E-010	6.53208459419544231E-010	2.47470851132127711E-010	4.05737608287416572E-010	2.28960658856474835E-010	5.76166523880386358E-011	-1	1.71344006468436205E-010	-1	OK
71.500000000000000	7.89077197811714023E-010	5.84808129817642774E-010	2.20972639460589460E-010	3.63835490357053366E-010	2.04269067994071223E-010	5.13452314667326175E-011	-1	1.52923836527338592E-010	-1	OK
71.750000000000000	7.05040075368509584E-010	5.23217996164701053E-010	1.97175382066027748E-010	3.26042614098673305E-010	1.81822079203808530E-010	4.57642129132403418E-011	-1	1.36057866290568195E-010	-1	OK
72.000000000000000	6.29878626657126259E-010	4.67766070165744658E-010	1.75814412050178067E-010	2.91951658115566565E-010	1.62112556491381601E-010	4.06629337159345056E-011	-1	1.21449622775447089E-010	-1	OK
72.250000000000000	5.62572770626025886E-010	4.17918206536647020E-010	1.56660829085295723E-010	2.61257377451351323E-010	1.44654564089378892E-010	3.61056265551348811E-011	-1	1.08548937534244011E-010	-1	OK
72.500000000000000	5.01694321230865703E-010	3.73123986552384764E-010	1.39493825999079115E-010	2.33630160553305597E-010	1.28570334678480965E-010	3.19937209241633642E-011	-1	9.65766137543176010E-011	-1	OK
72.750000000000000	4.47226708427392024E-010	3.32876522270948994E-010	1.24114723162587950E-010	2.08761799108360993E-010	1.14350186156443043E-010	2.83708839443990076E-011	-1	8.59793022120440351E-011	-1	OK
73.000000000000000	3.98355617213697566E-010	2.96761818829315431E-010	1.10351469106225759E-010	1.86410349723089801E-010	1.01593798384382123E-010	2.51464339237402756E-011	-1	7.64473644606418471E-011	-1	OK
73.250000000000000	3.54620630267520266E-010	2.64380107299479047E-010	9.80417608896412529E-011	1.66338346409837833E-010	9.02405229680412193E-011	2.24779542729955915E-011	-1	6.77625686950456342E-011	-1	OK
73.500000000000000	3.15367234977540708E-010	2.35347631723418459E-010	8.70364175229160249E-011	1.48311214200502473E-010	8.00196032541222488E-011	1.98560519150410696E-011	-1	6.01635513390811760E-011	-1	OK
73.750000000000000	2.80135628053009260E-010	2.09330784827465760E-010	7.72044530038043401E-011	1.32126331823661471E-010	7.08048432255434743E-011	1.75760075731961539E-011	-1	5.32288356523473172E-011	-1	OK
74.000000000000000	2.48790782723560757E-010	1.86059476001585404E-010	6.84313840750431571E-011	1.17628091926542247E-010	6.27313067219753528E-011	1.55229582993291211E-011	-1	4.72083484226462285E-011	-1	OK
74.250000000000000	2.20853229202870015E-010	1.65249170905653451E-010	6.06058891921933181E-011	1.04643281713460120E-010	5.56040582972165702E-011	1.35628791810821896E-011	-1	4.20411791161343807E-011	-1	OK
74.500000000000000	1.95726409638108082E-010	1.46623704479760593E-010	5.36266382183333059E-011	9.29970662614273062E-011	4.91027051583474896E-011	1.20600730430929353E-011	-1	3.70426321152545543E-011	-1	OK
74.750000000000000	1.73296870356406045E-010	1.29999306308719848E-010	4.74132566645467130E-011	8.25860496441731282E-011	4.32975640476862040E-011	1.06197384844636325E-011	-1	3.26778255632225699E-011	-1	OK
75.000000000000000	1.53368760073909768E-010	1.15172319682937661E-010	4.18847241754804490E-011	7.32875955074572250E-011	3.81964403909721005E-011	9.33895920896127607E-012	-1	2.88574811820108228E-011	-1	OK
75.250000000000000	1.35542786687460938E-010	1.01933325594122582E-010	3.69652600648571057E-011	6.49680655292655023E-011	3.36094610933383687E-011	8.21306264702531681E-012	-1	2.53963984463130535E-011	-1	OK
75.500000000000000	1.19691779872693074E-010	9.01363546591634285E-011	3.25947490842115896E-011	5.75416055749518453E-011	2.95554252135296584E-011	7.14140071011328692E-012	-1	2.24140245034163723E-011	-1	OK
75.750000000000000	1.05647575286410144E-010	7.96404291208169061E-011	2.87157605976489014E-011	5.09246685231680111E-011	2.60071461655932315E-011	6.26086512316335508E-012	-1	1.97462810424298756E-011	-1	OK
76.000000000000000	9.31152169144123933E-011	7.02995901525462459E-011	2.52739769563407049E-011	4.50256131962055217E-011	2.28156267618661473E-011	5.45502135446606433E-012	-1	1.73606054074000830E-011	-1	OK
76.250000000000000	8.20083872124035693E-011	6.19907359666054866E-011	2.22225588271851607E-011	3.97681771394203388E-011	2.00176512457980860E-011	4.77527341712895850E-012	-1	1.52423778286691267E-011	-1	OK
76.500000000000000	7.21691710581779011E-011	5.46139472485690825E-011	1.95210362845000389E-011	3.50929109640690436E-011	1.75552238096088153E-011	4.17036998651349758E-012	-1	1.33848538230953177E-011	-1	OK
76.750000000000000	6.34577018203321168E-011	4.80691101805290653E-011	1.71308957464137342E-011	3.09382144341153472E-011	1.53885916398030515E-011	3.65992426553239773E-012	-1	1.17286673742706545E-011	-1	OK
77.000000000000000	5.57244796360887498E-011	4.22646328687497694E-011	1.50177510206997401E-011	2.72468818480500325E-011	1.34598467673389787E-011	3.22296344681411448E-012	-1	1.02368833205248638E-011	-1	OK
77.250000000000000	4.88679056413107708E-011	3.71216216411899263E-011	1.31513644784893964E-011	2.39702571627005381E-011	1.17462840001208477E-011	2.80090158106213167E-012	-1	8.94538241905871526E-012	-1	OK
77.500000000000000	4.28198804598815910E-011	3.25712426054684171E-011	1.15048406070728095E-011	2.10664019983955979E-011	1.02486378544131772E-011	2.43960608869691955E-012	-1	7.80903176571625725E-012	-1	OK
77.750000000000000	3.74645995239040477E-011	2.85488006276849726E-011	1.00536222892526869E-011	1.84951783384322937E-011	8.91579889621907355E-012	2.12052696584784865E-012	-1	6.79527193037122489E-012	-1	OK
78.000000000000000	3.27500823968570230E-011	2.49945539324645588E-011	8.77545381764570794E-012	1.62191001148188541E-011	7.75552846439246413E-012	1.83915068242416842E-012	-1	5.91637778196829571E-012	-1	OK
78.250000000000000	2.86050187474888062E-011	2.18582294182862281E-011	7.65107881338883411E-012	1.42071506048973907E-011	6.74678932920257732E-012	1.59114431121531691E-012	-1	5.15564501798726021E-012	-1	OK
78.500000000000000	2.49550143381165129E-011	1.90934071623922184E-011	6.66299298822919906E-012	1.24304141741630194E-011	5.86160717572429526E-012	1.36488027278653929E-012	-1	4.49672690293775597E-012	-1	OK
78.750000000000000	2.17364432658824050E-011	1.66591217821070987E-011	5.79569238200530221E-012	1.08634294001017957E-011	5.07732148377530715E-012	1.17609115194676124E-012	-1	3.90123033182854571E-012	-1	OK
79.000000000000000	1.89182791384490152E-011	1.45176084818543662E-011	5.03512738905377061E-012	9.48248109280059479E-012	4.40067065659464981E-012	1.02777191336448842E-012	-1	3.37289874323016159E-012	-1	OK
79.250000000000000	1.64366705743123076E-011	1.26359366862410263E-011	4.36895756138975620E-012	8.26697912485127175E-012	3.80073388807127961E-012	8.85767477533405040E-013	-1	2.91496641053787467E-012	-1	OK
79.500000000000000	1.42668801850545023E-011	1.09845023459420248E-011	3.78611898601505717E-012	7.19838335992696846E-012	3.28237783911247709E-012	7.55147812164649062E-013	-1	2.52723002694782813E-012	-1	OK
79.750000000000000	1.23628800004563467E-011	9.53664041064377831E-012	3.27676392191887067E-012	6.25987648872490885E-012	2.82623958981256884E-012	6.48818764397084359E-013	-1	2.17742082541548448E-012	-1	OK
80.000000000000000	1.07021185432741743E-011	8.26829851727628522E-012	2.83208593875109531E-012	5.43621257852518991E-012	2.43382002599788864E-012	5.56123727576480591E-013	-1	1.87769629842140805E-012	-1	OK
80.250000000000000	9.24946002365343202E-012	7.15945651672947330E-012	2.44451844718993062E-012	4.71493806953954147E-012	2.09000350692395912E-012	4.76844307738741812E-013	-1	1.61315919918521731E-012	-1	OK
80.500000000000000	7.98069871355196066E-012	6.19088233849175574E-012	2.10703926730155390E-012	4.08384307119020144E-012	1.78981637506020472E-012	4.08518127906679188E-013	-1	1.38129824715352548E-012	-1	OK
80.750000000000000	6.88047062221054747E-012	5.34523958483514326E-012	1.81346785474562879E-012	3.53177173008951527E-012	1.53523103737540441E-012	3.51007268879010817E-013	-1	1.18422376849639354E-012	-1	OK
81.000000000000000	5.92033104846289110E-012	4.60866615039424263E-012	1.55856334615476236E-012	3.05010280423948047E-012	1.31166489806864807E-012	2.95992695264351389E-013	-1	1.01567220280429668E-012	-1	OK
81.250000000000000	5.08769688269479477E-012	3.96766795283415648E-012	1.33746903529884109E-012	2.63019891753531579E-012	1.12002892986063809E-012	2.55244690014512498E-013	-1	8.64784239846125646E-013	-1	OK
81.500000000000000	4.36426383494561903E-012	3.41033195768642800E-012	1.14593726476042945E-012	2.26439469292599835E-012	9.53931877259190628E-013	2.18016359896817991E-013	-1	7.35915517362372611E-013	-1	OK
81.750000000000000	3.74021293525725441E-012	2.92720168637980283E-012	9.80378716115621374E-013	1.94682297026418145E-012	8.13011248877451690E-013	1.83941827795631505E-013	-1	6.29069421081820160E-013	-1	OK
82.000000000000000	3.19638852072343123E-012	2.50842727226702523E-012	8.37371887895308700E-013	1.67105538437171633E-012	6.87961248456406098E-013	1.55073234588417989E-013	-1	5.32888013867988135E-013	-1	OK
82.250000000000000	2.72895899041031698E-012	2.14611270299269985E-012	7.14057026614276780E-013	1.43205567637842297E-012	5.82846287417617136E-013	1.30760742069603982E-013	-1	4.52085545348013179E-013	-1	OK
82.500000000000000	2.32635939544121160E-012	1.83317713308946655E-012	6.07875793811976372E-013	1.22530133927749017E-012	4.93182262351744857E-013	1.10132250568475754E-013	-1	3.83050011783269078E-013	-1	OK
82.750000000000000	1.97981414603371480E-012	1.56275756433905384E-012	5.16511383485448918E-013	1.04624618085360553E-012	4.17056581694660963E-013	9.27815882008881640E-014	-1	3.24274993493772773E-013	-1	OK
83.000000000000000	1.68070004667873244E-012	1.32990566526540479E-012	4.38112189458788872E-013	8.91793475806615972E-013	3.50794381413327647E-013	7.81887748253966627E-014	-1	2.72605606587930972E-013	-1	OK
83.250000000000000	1.42450703665690168E-012	1.12983573039165867E-012	3.70953019683689331E-013	7.58882710707969490E-013	2.94671306265242905E-013	6.49705264712038788E-014	-1	2.29700779794039001E-013	-1	OK
83.500000000000000	1.20492404759274447E-012	9.57945292316319376E-013	3.13476077472877191E-013	6.44469214843442085E-013	2.46978755276425093E-013	5.43144795399360288E-014	-1	1.92664275736489076E-013	-1	OK
83.750000000000000	1.01721908355301689E-012	8.10637906790437999E-013	2.64395010753365589E-013	5.46242896037072561E-013	2.06581176762578942E-013	4.52451542527127187E-014	-1	1.61336022509866217E-013	-1	OK
84.000000000000000	8.57065950295572764E-013	6.84650519407429067E-013	2.22561224744074174E-013	4.62089294663355020E-013	1.72415430888143696E-013	3.76132951658701950E-014	-1	1.34802135722273514E-013	-1	OK
84.250000000000000	7.20442647742525278E-013	5.77102625745593902E-013	1.86973586453078621E-013	3.90129039292515255E-013	1.43340021996931376E-013	3.11735000837850325E-014	-1	1.12166521913146337E-013	-1	OK
84.500000000000000	6.04498577878021647E-013	4.85555719554609301E-013	1.56767570793262868E-013	3.28788148761346407E-013	1.18942858323412321E-013	2.62050074992649858E-014	-1	9.27378508241473351E-014	-1	OK
84.750000000000000	5.06147234438058727E-013	4.07653864894439066E-013	1.31152094435670021E-013	2.76501770458768994E-013	9.84933695436196230E-014	2.14403793250539502E-014	-1	7.70529902185656790E-014	-1	OK
85.000000000000000	4.22785728921430352E-013	3.41404625868888492E-013	1.09461792692963604E-013	2.31942833175924901E-013	8.13811030525418467E-014	1.77864508050193681E-014	-1	6.35946522475224818E-014	-1	OK
85.250000000000000	3.52231227328247968E-013	2.85218283541916678E-013	9.11409991911695670E-014	1.94077284350747023E-013	6.70129437863312651E-014	1.43342761094186495E-014	-1	5.26786676769126155E-014	-1	OK
85.500000000000000	2.92730216850545907E-013	2.37716116074802026E-013	7.57099787649750214E-014	1.62006137309826992E-013	5.50141007757439003E-014	1.19387049883137187E-014	-1	4.30753957874301832E-014	-1	OK
85.750000000000000	2.42733252976330417E-013	1.97682635834655488E-013	6.27471173832172485E-014	1.34935518451438227E-013	4.50506171416749352E-014	9.66943276659496485E-015	-1	3.53811843750799704E-014	-1	OK
86.000000000000000	2.00749499567087390E-013	1.64019404334639717E-013	5.18798941700917294E-014	1.12139510164547994E-013	3.67300952324476795E-014	7.90391709303119151E-015	-1	2.88261781394164880E-014	-1	OK
86.250000000000000	1.65626067715591559E-013	1.35724686739359142E-013	4.27814314293156076E-014	9.29432553100435471E-014	2.99013809762324174E-014	6.39904750029579698E-015	-1	2.35023334759366189E-014	-1	OK
86.500000000000000	1.36243034291901890E-013	1.12011345417745027E-013	3.51841879446118085E-014	7.68271574731332244E-014	2.42316888741568664E-014	5.17735447386786035E-015	-1	1.90543344002890076E-014	-1	OK
86.750000000000000	1.11774417999075303E-013	9.21808073061085298E-014	2.88555687961495942E-014	6.33252385099589230E-014	1.95936106929667733E-014	4.16163926620933210E-015	-1	1.54319714267574412E-014	-1	OK
87.000000000000000	9.14305659479939162E-014	7.56512086634408140E-014	2.35992275369439453E-014	5.20519811264968687E-014	1.57793572845530990E-014	3.29515232449587123E-015	-1	1.24842049600572282E-014	-1	OK
87.250000000000000	7.45611718602267252E-014	6.19006690434992476E-014	1.92434940343341303E-014	4.26571750091651268E-014	1.26605028167274729E-014	2.61425564519267415E-015	-1	1.00462471715347991E-014	-1	OK
87.500000000000000	6.06145031076335169E-014	5.05009085684812265E-014	1.56454418884592475E-014	3.48554666800219916E-014	1.01135945391522904E-014	2.11294208363932932E-015	-1	8.00065245551296065E-015	-1	OK
87.750000000000000	4.91264348676358605E-014	4.10767909617318499E-014	1.26809729016276576E-014	2.83958180601041860E-014	8.04964390590400745E-015	1.67989520781500776E-015	-1	6.36974869808899950E-015	-1	OK
88.000000000000000	3.96803107939974078E-014	3.32992746205539401E-014	1.02443017809341274E-014	2.30549728396198206E-014	6.38103617344347010E-015	1.32362604211279206E-015	-1	5.05741013133067764E-015	-1	OK
88.250000000000000	3.19407233133033249E-014	2.69041994075488803E-014	8.24814628213191278E-015	1.86560531254169691E-014	5.03652390575444382E-015	1.04033828930329873E-015	-1	3.99618561645114509E-015	-1	OK
88.500000000000000	2.56184379972920860E-014	2.16600586105322190E-014	6.61772794380104811E-015	1.50423306667311686E-014	3.95837938675986778E-015	8.13637782179772022E-016	-1	3.14474160458009566E-015	-1	OK
88.750000000000000	2.04883669936264963E-014	1.73771887397930902E-014	5.29088739379017762E-015	1.20863013460029102E-014	3.11117825383340500E-015	6.33844520077042854E-016	-1	2.47733373375636205E-015	-1	OK
89.000000000000000	1.63050188490788860E-014	1.38890203816684070E-014	4.21450758958605901E-015	9.67451279208234961E-015	2.41599846741047976E-015	4.91853908760842973E-016	-1	1.92414455864963669E-015	-1	OK
89.250000000000000	1.29313055598034016E-014	1.10608279498471234E-014	3.34448357724171827E-015	7.71634437260540353E-015	1.87047760995627818E-015	3.79279392992152898E-016	-1	1.49119821696412539E-015	-1	OK
89.500000000000000	1.02145439635165563E-014	8.77398765459631861E-015	2.64363441002657743E-015	6.13035324456974039E-015	1.44055630892023693E-015	2.91080551962162363E-016	-1	1.14947575695807452E-015	-1	OK
89.750000000000000	8.03810469987887055E-015	6.93204829405792950E-015	2.08089057569873559E-015	4.85115771835919391E-015	1.10605640582094124E-015	2.22172791096694802E-016	-1	8.83883614724246391E-016	-1	OK
90.000000000000000	6.29149877696815195E-015	5.44828504646259321E-015	1.63009972089712009E-015	3.81818532556547273E-015	8.43213730505558835E-016	1.69211842151986573E-016	-1	6.74001888353572311E-016	-1	OK
90.250000000000000	4.90402286422396976E-015	4.26396283853924363E-015	1.27153873096791989E-015	2.99242410757132355E-015	6.40060025684725731E-016	1.27541768933988247E-016	-1	5.12518256750737459E-016	-1	OK
90.500000000000000	3.80457199092816176E-015	3.32322670340175555E-015	9.87510619326548295E-016	2.33571608407520686E-015	4.81345287526406411E-016	9.59721707802829311E-017	-1	3.85373116746123468E-016	-1	OK
90.750000000000000	2.93898044251269770E-015	2.57788402812158616E-015	7.63166279415383184E-016	1.81471774870620268E-015	3.61096414391111444E-016	7.13842751401728498E-017	-1	2.89712139250938594E-016	-1	OK
91.000000000000000	2.25681509495239772E-015	1.98818343683194374E-015	5.86561808320654248E-016	1.40162162851128969E-015	2.68631658120454126E-016	5.28791642805016234E-017	-1	2.15752493839952502E-016	-1	OK
91.250000000000000	1.72401728916787900E-015	1.52565844813366052E-015	4.48489866132681830E-016	1.07716858200097879E-015	1.98358841034218557E-016	3.88424404353638267E-017	-1	1.59516400598854718E-016	-1	OK
91.500000000000000	1.30926988525727801E-015	1.16386110402444110E-015	3.40961244814591157E-016	8.22899859209850043E-016	1.45408781232836978E-016	2.83282143925293249E-017	-1	1.17080566840307641E-016	-1	OK
91.750000000000000	9.88814949779359435E-016	8.82917782023013244E-016	2.57746077057597302E-016	6.25171704965416090E-016	1.05897167756346203E-016	2.02283290592063176E-017	-1	8.56688386971398919E-017	-1	OK
92.000000000000000	7.42334328311036559E-016	6.65756813127985323E-016	1.93659945233510998E-016	4.72096867894474226E-016	7.65775151830512486E-017	1.47705722325842537E-017	-1	6.18069429504669980E-017	-1	OK
92.250000000000000	5.53826081670878576E-016	4.99098820726498769E-016	1.44599775138926037E-016	3.54499045587572757E-016	5.47272609443798509E-017	1.05169464917298838E-017	-1	4.42103144526499703E-017	-1	OK
92.500000000000000	4.10306086232005264E-016	3.71263437093227931E-016	1.07173205384481870E-016	2.64090231708746061E-016	3.90426491387773146E-017	7.43182684866086400E-018	-1	3.16108222901164537E-017	-1	OK
92.750000000000000	3.01710915603402328E-016	2.74325302818616897E-016	7.88866369303080982E-017	1.95438665888308749E-016	2.73856127847854283E-017	5.00114992539403664E-018	-1	2.23844628593913932E-017	-1	OK
93.000000000000000	2.20200378913172121E-016	2.01129342702431639E-016	5.76218681215726917E-017	1.43507474580858923E-016	1.90710362107404905E-017	3.53318493012030459E-018	-1	1.55378512806201852E-017	-1	OK
93.250000000000000	1.59335677243159616E-016	1.46196207757828347E-016	4.17457618924073800E-017	1.04450445865420985E-016	1.31394694853312581E-017	2.42648812807805087E-018	-1	1.07129813572532069E-017	-1	OK
93.500000000000000	1.14532561678799142E-016	1.05578336537362563E-016	3.00203082114120998E-017	7.55580283259504695E-017	8.95422514143658020E-018	1.67457384496980501E-018	-1	7.27965129646677558E-018	-1	OK
93.750000000000000	8.16393329525722778E-017	7.55886103010704067E-017	2.13927282818435898E-017	5.41958820192268231E-017	6.05072265150187342E-018	1.12268443924689799E-018	-1	4.92803821225497524E-018	-1	OK
94.000000000000000	5.75712936471677709E-017	5.35469734486128365E-017	1.50887658259359960E-017	3.84582076226768342E-017	4.02432019855492830E-018	7.41486976509478742E-019	-1	3.28283322204544956E-018	-1	OK
94.250000000000000	4.01953313171203237E-017	3.75511484731763371E-017	1.05346983581474109E-017	2.70164501150289185E-017	2.64418284394398429E-018	4.73337441993825723E-019	-1	2.17084540195015866E-018	-1	OK
94.500000000000000	2.77206966471528900E-017	2.60096774072691901E-017	7.27158002287825087E-018	1.87380973843909407E-017	1.71101923988369997E-018	2.96267664182005321E-019	-1	1.41475157570169455E-018	-1	OK
94.750000000000000	1.89272116801725446E-017	1.78365884875862627E-017	4.96723960135088005E-018	1.28693488862353865E-017	1.09062319258628251E-018	1.91465090774734635E-019	-1	8.99158101811547926E-019	-1	OK
