#pt	totcs	totdirect	directLO	directNLO	totfrag	fragLO	err_fragLO	fragNLO	err_fragNLO	errmess
0.50000000000000000	-26565239.831584830	-57039824.509315565	3988358.7865984677	-61028183.295914032	30474584.677730735	15046301.369876361	-1	15428283.307854375	-1	Error
0.75000000000000000	7144988.6102150558	-730211.97459955886	527476.61104235018	-1257688.5856419099	7875200.5848146146	2997695.6770989099	-1	4877504.9077157043	-1	Error
1.0000000000000000	2862997.1635044888	239119.59310768545	149726.30598341973	89393.287124265902	2623877.5703968033	953506.24305728544	-1	1670371.3273395179	-1	Error
1.2500000000000000	1204454.8086344090	160712.11800076917	59084.700639137940	101627.41736163144	1043742.6906336398	389110.62921762106	-1	654632.06141601875	-1	Error
1.5000000000000000	554501.32598887547	94193.732354823616	33378.482491215247	60815.249863608384	460307.59363405191	187861.56729271621	-1	272446.02634133573	-1	Error
1.7500000000000000	264082.06848295854	58501.674209896330	24845.829335827879	33655.844874068462	205580.39427306221	96680.693647956534	-1	108899.70062510567	-1	Error
2.0000000000000000	134940.96377949757	36511.769022288994	17285.624104732811	19226.144917556183	98429.194757208577	50016.314791249453	-1	48412.879965959124	-1	Error
2.2500000000000000	73775.764034256310	23269.458868714104	11843.107152331550	11426.351716382562	50506.305165542202	26873.676587402952	-1	23632.628578139251	-1	Error
2.5000000000000000	42633.078959344632	15195.164997951653	8141.1259789503183	7054.0390190013341	27437.913961392980	15082.769837241289	-1	12355.144124151691	-1	Error
2.7500000000000000	25863.892360827544	10161.215582769937	5655.0002809987982	4506.2153017711353	15702.676778057605	8820.6753871119399	-1	6882.0013909456648	-1	Error
3.0000000000000000	16347.441308559355	6947.6031220393816	3980.4682029098399	2967.1349191295431	9399.8381865199735	5342.1928350345188	-1	4057.6453514854547	-1	Error
3.2500000000000000	10679.094595245777	4846.8512365071138	2840.6810055161723	2006.1702309909408	5832.2433587386631	3344.9539067312949	-1	2487.2894520073683	-1	Error
3.5000000000000000	7185.8685425801459	3443.3851038406647	2055.0066437005294	1388.3784601401355	3742.4834387394812	2165.2543555061670	-1	1577.2290832333142	-1	Error
3.7500000000000000	4959.7305181502252	2487.2870684271738	1506.3467557856782	980.94031264149476	2472.4434497230509	1435.3754282024747	-1	1037.0680215205762	-1	Error
4.0000000000000000	3497.6830756479962	1823.7382816461409	1117.8736162997939	705.86466534634735	1673.9447940018554	973.88274460594482	-1	700.06204939591055	-1	OK
4.2500000000000000	2512.4945321741552	1355.0558207018298	838.91435945641092	516.14146124541901	1157.4387114723256	674.22885717447502	-1	483.20985429785060	-1	OK
4.5000000000000000	1833.8921954526545	1018.8132557947076	636.00955937991750	382.80369641479018	815.07893965794676	470.64686013495077	-1	344.43207952299599	-1	OK
4.7500000000000000	1359.7690455024745	774.24476348389931	486.72186250016370	287.52290098373578	585.52428201857526	336.92169622263970	-1	248.60258579593557	-1	OK
5.0000000000000000	1019.6708387172074	594.27780526646916	375.80124153549025	218.47656373097905	425.39303345073824	244.71039569975312	-1	180.68263775098512	-1	OK
5.2500000000000000	774.56826894546919	460.40876430910589	292.61798478647762	167.79077952262796	314.15950463636329	180.46577647127643	-1	133.69372816508687	-1	OK
5.5000000000000000	594.22033611517247	359.81048441053917	229.67577428505186	130.13471012548729	234.40985170463330	134.75327391114141	-1	99.656577793491891	-1	OK
5.7500000000000000	460.92199912880847	283.49492050365734	181.64147143158269	101.85344907207464	177.42707862515113	101.71461118145727	-1	75.712467443693853	-1	OK
6.0000000000000000	360.81122822234994	225.07122759186245	144.67795363871949	80.393273953142923	135.74000063048749	77.585069726788973	-1	58.154930903698514	-1	OK
6.2500000000000000	284.78419964348876	179.92945672630938	115.98855216356120	63.940904562748230	104.85474291717939	59.763223413064772	-1	45.091519504114622	-1	OK
6.5000000000000000	226.50522622534709	144.77094301782637	93.555197822283262	51.215745195543079	81.734283207520704	46.414316072366852	-1	35.319967135153853	-1	OK
6.7500000000000000	181.35185052888471	117.18620783454580	75.892713536721089	41.293494297824722	64.165642694338928	36.384899690561483	-1	27.780743003777445	-1	OK
7.0000000000000000	146.11765561253407	95.393655701674177	61.895995098762320	33.497660602911850	50.723999910859888	28.726409590521317	-1	21.997590320338571	-1	OK
7.2500000000000000	118.51030956882741	78.065055687987169	50.736309195632138	27.328746492355016	40.445253880840241	22.854635939721867	-1	17.590617941118374	-1	OK
7.5000000000000000	96.690555992400419	64.202703156017634	41.787418636739858	22.415284519277762	32.487852836382793	18.302672885550404	-1	14.185179950832389	-1	OK
7.7500000000000000	79.199110657640787	53.049783299568603	34.572185347293043	18.477597952275545	26.149327358072185	14.747795362441197	-1	11.401531995630988	-1	OK
8.0000000000000000	65.266621798036596	44.027928056092001	28.724541707819295	15.303386348272701	21.238693741944601	11.951515206724816	-1	9.2871785352197858	-1	OK
8.2500000000000000	54.027181342715643	36.692181404796031	23.961780826643921	12.730400578152128	17.334999937919612	9.7109577599090908	-1	7.6240421780105212	-1	OK
8.5000000000000000	44.915182310184882	30.698859049892430	20.064789345431628	10.634069704460806	14.216323260292450	7.9503272742459146	-1	6.2659959860465353	-1	OK
8.7500000000000000	37.499581659865171	25.780191860040354	16.862288493058138	8.9179033669822108	11.719389799824818	6.5393281148678408	-1	5.1800616849569767	-1	OK
9.0000000000000000	31.424214373264242	21.726132715227813	14.219583893464288	7.5065488217635172	9.6980816580364309	5.4029136357252261	-1	4.2951680223112048	-1	OK
9.2500000000000000	26.425876928199166	18.371028680173257	12.030203610219102	6.3408250699541560	8.0548482480259072	4.4837447786454394	-1	3.5711034693804677	-1	OK
9.5000000000000000	22.310460349810985	15.583630912312296	10.209571811608312	5.3740591007039882	6.7268294374986874	3.7362766575891979	-1	2.9905527799094895	-1	OK
9.7500000000000000	18.898471976074767	13.259324995070584	8.6901535514612540	4.5691714436093314	5.6391469810041830	3.1245226065001810	-1	2.5146243745040020	-1	OK
10.000000000000000	16.055737847853592	11.314351927302324	7.4177747252371358	3.8965772020651883	4.7413859205512683	2.6222145981337763	-1	2.1191713224174920	-1	OK
10.250000000000000	13.683752646846656	9.6813560271471175	6.3487892980945952	3.3325667290525236	4.0023966196995397	2.2084806960044761	-1	1.7939159236950637	-1	OK
10.500000000000000	11.695455566581670	8.3059047067566762	5.4478761559182551	2.8580285508384211	3.3895508598249933	1.8661053313137295	-1	1.5234455285112638	-1	OK
10.750000000000000	10.023858210426949	7.1438172906055204	4.6863351118319159	2.4574821787736032	2.8800409198214290	1.5816622725632725	-1	1.2983786472581564	-1	OK
11.000000000000000	8.6118717621449292	6.1590998558989591	4.0407564680430355	2.1183433878559250	2.4527719062459692	1.3445172148638522	-1	1.1082546913821170	-1	OK
11.250000000000000	7.4185486886607599	5.3223597984183888	3.4919878550318204	1.8303719433865697	2.0961888902423707	1.1463569487321745	-1	0.94983194151019612	-1	OK
11.500000000000000	6.4057841059011311	4.6094541204756192	3.0242876195860027	1.5851665008896163	1.7963299854255119	0.97859618716421803	-1	0.81773379826129389	-1	OK
11.750000000000000	5.5427084483776907	4.0004977591326494	2.6246764606648418	1.3758212984678078	1.5422106892450416	0.83876923547722271	-1	0.70344145376781886	-1	OK
12.000000000000000	4.8073515443519135	3.4790457985406551	2.2824155382668465	1.1966302602738086	1.3283057458112582	0.72020069074862569	-1	0.60810505506263246	-1	OK
12.250000000000000	4.1782076625646543	3.0314642649613970	1.9885925452546609	1.0428717197067361	1.1467433976032571	0.62032815622932880	-1	0.52641524137392826	-1	OK
12.500000000000000	3.6381926631441011	2.6464182441863691	1.7357903357194087	0.91062790846695951	0.99177441895773188	0.53552515734695583	-1	0.45624926161077606	-1	OK
12.750000000000000	3.1745385259027410	2.3144474151435657	1.5178148351052911	0.79663258003827420	0.86009111075917555	0.46334460146426648	-1	0.39674650929490907	-1	OK
13.000000000000000	2.7750263643246855	2.0276330547167811	1.3294791631327141	0.69815389158406693	0.74739330960790451	0.40173758134847087	-1	0.34565572825943364	-1	OK
13.250000000000000	2.4293128549082574	1.7793304934106668	1.1664285226775983	0.61290197073306862	0.64998236149759037	0.34849797396553794	-1	0.30148438753205242	-1	OK
13.500000000000000	2.1310360119769030	1.5639503416035256	1.0249971086313621	0.53895323297216358	0.56708567037337743	0.30336540845566967	-1	0.26372026191770775	-1	OK
13.750000000000000	1.8724717632197312	1.3767725615915412	0.90208984211236121	0.47468271947917978	0.49569920162818998	0.26459372183547725	-1	0.23110547979271273	-1	OK
14.000000000000000	1.6477427509385705	1.2138097905167429	0.79508985388636200	0.41871993663038115	0.43393296042182755	0.23119359367123390	-1	0.20273936675059365	-1	OK
14.250000000000000	1.4523253312839706	1.0716764625787516	0.70177639078262355	0.36990007179612816	0.38064886870521886	0.20236094412221273	-1	0.17828792458300613	-1	OK
14.500000000000000	1.2819772386644692	0.94750438061994413	0.62026428660836219	0.32724009401158216	0.33447285804452515	0.17742551622137900	-1	0.15704734182314614	-1	OK
14.750000000000000	1.1331613788382207	0.83884469312527554	0.54894571543638959	0.28989897768888612	0.29431668571294511	0.15580530519050032	-1	0.13851138052244480	-1	OK
15.000000000000000	1.0027463604996392	0.74361147108255721	0.48644922596939782	0.25716224511315949	0.25913488941708190	0.13703252688619993	-1	0.12210236253088197	-1	OK
15.250000000000000	0.88876752619698651	0.66001620753857426	0.43160064383325036	0.22841556370532384	0.22875131865841219	0.12051591763958340	-1	0.10823540101882879	-1	OK
15.500000000000000	0.78895878823279730	0.58653064521162035	0.38339540896737118	0.20313523624424903	0.20242814302117698	0.10631366044693295	-1	9.61144825742440284E-002	-1	OK
15.750000000000000	0.70094720628540597	0.52183902429269247	0.34096899382037765	0.18087003047231492	0.17910818199271353	9.39183076063435512E-002	-1	8.51898743863699764E-002	-1	OK
16.000000000000000	0.62339610553004698	0.46481216170483081	0.30357815493961399	0.16123400676521682	0.15858394382521623	8.30799153053651818E-002	-1	7.55040285198510519E-002	-1	OK
16.250000000000000	0.55523872035194488	0.41447267216719286	0.27058114217336837	0.14389152999382449	0.14076604818475202	7.35879778109504723E-002	-1	6.71780703738015517E-002	-1	OK
16.500000000000000	0.49529822890413899	0.36998022155678029	0.24142473548592205	0.12855548607085815	0.12531800734735868	6.48560354705198933E-002	-1	6.04619718768387854E-002	-1	OK
16.750000000000000	0.44206768957405013	0.33060448228297995	0.21562946043063114	0.11497502185234885	0.11146320729107018	5.75899122204247896E-002	-1	5.38732950706453870E-002	-1	OK
17.000000000000000	0.39501182451154654	0.29571523971307823	0.19278066978297917	0.10293456993009896	9.92965847984683264E-002	5.12007109477278718E-002	-1	4.80958738507404546E-002	-1	OK
17.250000000000000	0.35321871580162456	0.26476489247810714	0.17251812501322675	9.22467674648803498E-002	8.84538233235174221E-002	4.57766941115748879E-002	-1	4.26771292119425341E-002	-1	OK
17.500000000000000	0.31624308191139472	0.23727701553802652	0.15452876753760186	8.27482480004245874E-002	7.89660663733682128E-002	4.07932356004912025E-002	-1	3.81728307728770103E-002	-1	OK
17.750000000000000	0.28338455989797096	0.21283773995398525	0.13854007451593944	7.42976654380457929E-002	7.05468199439856919E-002	3.63946149096205929E-002	-1	3.41522050343650990E-002	-1	OK
18.000000000000000	0.25418650555042266	0.19108447298676984	0.12431415830815680	6.67703146786130103E-002	6.31020325636528490E-002	3.25050449466234986E-002	-1	3.05969876170293503E-002	-1	OK
18.250000000000000	0.22816405345499294	0.17170242224037441	0.11164374299754615	6.00586792428282820E-002	5.64616312146185295E-002	2.88633218101319797E-002	-1	2.75983094044865498E-002	-1	OK
18.500000000000000	0.20500228086020167	0.15441491926786927	0.10034719675419136	5.40677225136779044E-002	5.05873615923324096E-002	2.58274778581522001E-002	-1	2.47598837341802096E-002	-1	OK
18.750000000000000	0.18438154552327018	0.13898048663808638	9.02658086134603410E-002	4.87146780246260555E-002	4.54010588851838093E-002	2.31324164747701531E-002	-1	2.22686424104136561E-002	-1	OK
19.000000000000000	0.16595310616731387	0.12518761510978599	8.12603277186817879E-002	4.39272873911041792E-002	4.07654910575278862E-002	2.07381764938267300E-002	-1	2.00273145637011561E-002	-1	OK
19.250000000000000	0.14948583774168517	0.11284971919912982	7.32083974074468347E-002	3.96413217916829763E-002	3.66361185425553432E-002	1.86097121873309915E-002	-1	1.80264063552243517E-002	-1	OK
19.500000000000000	0.13477223491630436	0.10180348004374619	6.60026210635734356E-002	3.58008589801727811E-002	3.29687548725581606E-002	1.67151492319845378E-002	-1	1.62536056405736228E-002	-1	OK
19.750000000000000	0.12155722957028403	9.19045414575500458E-002	5.95483507864928777E-002	3.23561906710571820E-002	2.96526881127339784E-002	1.49961500261952731E-002	-1	1.46565380865387052E-002	-1	OK
20.000000000000000	0.10974080323931951	8.30262495552672591E-002	5.37623677582428836E-002	2.92638817970243791E-002	2.67145536840522543E-002	1.35000200113874914E-002	-1	1.32145336726647630E-002	-1	OK
20.250000000000000	9.91474929277078171E-002	7.50570071851700132E-002	4.85712349051834399E-002	2.64857722799865733E-002	2.40904857425378073E-002	1.21556322218195068E-002	-1	1.19348535207183006E-002	-1	OK
20.500000000000000	8.96463541712977652E-002	6.78975379429937326E-002	4.39099624325797466E-002	2.39875755104139721E-002	2.17488162283040361E-002	1.09535072521098793E-002	-1	1.07953089761941567E-002	-1	OK
20.750000000000000	8.10976492526958581E-002	6.14607557638097574E-002	3.97212628913562599E-002	2.17394928724534871E-002	1.96368934888861042E-002	9.87706698360180796E-003	-1	9.75982650528429627E-003	-1	OK
21.000000000000000	7.34223065016066240E-002	5.56691181795452017E-002	3.59542987692837851E-002	1.97148194102614097E-002	1.77531883220614257E-002	8.91303166772551038E-003	-1	8.84015665433591537E-003	-1	OK
21.250000000000000	6.65171388825350207E-002	5.04538366356707124E-002	3.25640564092697371E-002	1.78897802264009614E-002	1.60633022468643152E-002	8.03897983653796208E-003	-1	8.02432241032635316E-003	-1	OK
21.500000000000000	6.02986197431238588E-002	4.57541962173127065E-002	2.95106734696954087E-002	1.62435227476172873E-002	1.45444235258111523E-002	7.26516282751332471E-003	-1	7.27926069829782762E-003	-1	OK
21.750000000000000	5.46851318202384654E-002	4.15162117635422406E-002	2.67587596036625124E-002	1.47574521598797265E-002	1.31689200566962265E-002	6.57052954017838670E-003	-1	6.59839051651783977E-003	-1	OK
22.000000000000000	4.96171606270114779E-002	3.76918799157797968E-002	2.42768617327424260E-002	1.34150181830373708E-002	1.19252807112316846E-002	5.94643779139880386E-003	-1	5.97884291983288071E-003	-1	OK
22.250000000000000	4.50453189988271122E-002	3.42387204160884487E-002	2.20370843556241362E-002	1.22016360604643194E-002	1.08065985827386617E-002	5.37866457985545186E-003	-1	5.42793400288320987E-003	-1	OK
22.500000000000000	4.09294313512923655E-002	3.11186408916679438E-002	2.00144897922952709E-002	1.11041510993726764E-002	9.81079045962441991E-003	4.86771680416972757E-003	-1	4.94307365545469234E-003	-1	OK
22.750000000000000	3.72026736940192573E-002	2.82976190506164203E-002	1.81868353328885624E-002	1.01107837177278701E-002	8.90505464340283527E-003	4.41519510447465919E-003	-1	4.48985953892817608E-003	-1	OK
23.000000000000000	3.38357750086713122E-002	2.57453647113877609E-002	1.65343033014910754E-002	9.21106140989668559E-003	8.09041029728354948E-003	4.00610492456449519E-003	-1	4.08430537271905428E-003	-1	OK
23.250000000000000	3.07888747909197333E-002	2.34348410370387381E-002	1.50392092354343018E-002	8.39563180160443623E-003	7.35403375388099523E-003	3.63702351419251980E-003	-1	3.71701023968847542E-003	-1	OK
23.500000000000000	2.80372659573501250E-002	2.13418545665141485E-002	1.36857501790262209E-002	7.65610438748792407E-003	6.69541139083597737E-003	3.30327025909263501E-003	-1	3.39214113174334236E-003	-1	OK
23.750000000000000	2.55400074074527764E-002	1.94449478200397208E-002	1.24598449571943892E-002	6.98510286284533162E-003	6.09505958741305472E-003	2.99862354452373921E-003	-1	3.09643604288931552E-003	-1	OK
24.000000000000000	2.32671163967100372E-002	1.77247154334001997E-002	1.13488280575706011E-002	6.37588737582959943E-003	5.54240096330983843E-003	2.72325843724483029E-003	-1	2.81914252606500814E-003	-1	OK
24.250000000000000	2.12104110278979845E-002	1.61638810092935292E-002	1.03414030107071078E-002	5.82247799858641793E-003	5.04653001860445611E-003	2.47782232100241320E-003	-1	2.56870769760204291E-003	-1	OK
24.500000000000000	1.93450389821083098E-002	1.47469553187976783E-002	9.42742607775756344E-003	5.31952924104011054E-003	4.59808366331063145E-003	2.25564833227049179E-003	-1	2.34243533104013966E-003	-1	OK
24.750000000000000	1.76600653189111917E-002	1.34598721033307826E-002	8.59776353958882807E-003	4.86210856374195716E-003	4.20019321558040733E-003	2.05439122119285052E-003	-1	2.14580199438755680E-003	-1	OK
25.000000000000000	1.61175139493095129E-002	1.22901627269194503E-002	7.84427211562291511E-003	4.44589061129653344E-003	3.82735122239006393E-003	1.86715543870097519E-003	-1	1.96019578368908896E-003	-1	OK
25.250000000000000	1.47222925167688808E-002	1.12266045200952250E-002	7.15961866130761758E-003	4.06698585878760913E-003	3.49568799667365543E-003	1.70200444357655701E-003	-1	1.79368355309709841E-003	-1	OK
25.500000000000000	1.34496675209866794E-002	1.02590221645476910E-002	6.53719975473598686E-003	3.72182240981170417E-003	3.19064535643898920E-003	1.55001645853723247E-003	-1	1.64062889790175673E-003	-1	OK
25.750000000000000	1.22931955891625103E-002	9.37839260387121620E-003	5.97111560200351121E-003	3.40727700186770283E-003	2.91480298529129492E-003	1.41415837784996485E-003	-1	1.50064460744133007E-003	-1	OK
26.000000000000000	1.12384716669716635E-002	8.57657215189402793E-003	5.45603635531114774E-003	3.12053579658287715E-003	2.66189951507763518E-003	1.29078460558438224E-003	-1	1.37111490949325295E-003	-1	OK
26.250000000000000	1.02849668145271328E-002	7.84612564061352644E-003	4.98714357783956470E-003	2.85898206277396261E-003	2.43884117391360723E-003	1.17867617404104051E-003	-1	1.26016499987256672E-003	-1	OK
26.500000000000000	9.40868373231423458E-003	7.18042010625521976E-003	4.56011552257892805E-003	2.62030458367629518E-003	2.22826362605901482E-003	1.07675442697002235E-003	-1	1.15150919908899247E-003	-1	OK
26.750000000000000	8.61303880236548303E-003	6.57345590209309182E-003	4.17104532673582412E-003	2.40241057535726900E-003	2.03958290027239121E-003	9.82658758693211089E-004	-1	1.05692414157918012E-003	-1	OK
27.000000000000000	7.88749365663497792E-003	6.01978556319558017E-003	3.81640487958087322E-003	2.20338068361470695E-003	1.86770809343939819E-003	8.98359681283653782E-004	-1	9.69348412155744406E-004	-1	OK
27.250000000000000	7.22510892829624895E-003	5.51453669404087295E-003	3.49302087610569830E-003	2.02151581793517466E-003	1.71057223425537621E-003	8.21462430417462756E-004	-1	8.89109803837913456E-004	-1	OK
27.500000000000000	6.62069476154246352E-003	5.05327083643424598E-003	3.19801614912603978E-003	1.85525468730820555E-003	1.56742392510821776E-003	7.51139024641978188E-004	-1	8.16284900466239570E-004	-1	OK
27.750000000000000	6.06830030951322277E-003	4.63198999403659044E-003	2.92880013182338994E-003	1.70318986221320006E-003	1.43631031547663190E-003	6.87463846452532118E-004	-1	7.48846469024099784E-004	-1	OK
28.000000000000000	5.56301254573062127E-003	4.24712765696023172E-003	2.68303748340993284E-003	1.56409017355029802E-003	1.31588488877038977E-003	6.29416029676657879E-004	-1	6.86468859093731891E-004	-1	OK
28.250000000000000	5.10216828766202855E-003	3.89538376300297383E-003	2.45859532950020408E-003	1.43678843350276996E-003	1.20678452465905494E-003	5.75735084881513239E-004	-1	6.31049439777541703E-004	-1	OK
28.500000000000000	4.68134832769848477E-003	3.57377903762029145E-003	2.25354827416522543E-003	1.32023076345506580E-003	1.10756929007819376E-003	5.27478569525664321E-004	-1	5.80090720552529438E-004	-1	OK
28.750000000000000	4.29523460737382765E-003	3.27963548014852070E-003	2.06615788724366384E-003	1.21347759290485729E-003	1.01559912722530674E-003	4.82746830280110712E-004	-1	5.32852296945195971E-004	-1	OK
29.000000000000000	3.94304614730577388E-003	3.01051885533851378E-003	1.89484474418206181E-003	1.11567411115645176E-003	9.32527291967260100E-004	4.42578324999808427E-004	-1	4.89948966967451672E-004	-1	OK
29.250000000000000	3.62053105718648230E-003	2.76419649454600572E-003	1.73817198041974793E-003	1.02602451412625801E-003	8.56334562640476572E-004	4.04906819804634675E-004	-1	4.51427742835841896E-004	-1	OK
29.500000000000000	3.32389577687205832E-003	2.53866523111970482E-003	1.59484387211520631E-003	9.43821359004498616E-004	7.85230545752353725E-004	3.71110008952823254E-004	-1	4.14120536799530471E-004	-1	OK
29.750000000000000	3.05388606286538782E-003	2.33210347150488231E-003	1.46368290985126681E-003	8.68420561653614849E-004	7.21782591360505400E-004	3.40964025203602955E-004	-1	3.80818566156902445E-004	-1	OK
30.000000000000000	2.80605043377306351E-003	2.14286657759858896E-003	1.34362245008604205E-003	7.99244127512547240E-004	6.63183856174474765E-004	3.12056021091530712E-004	-1	3.51127835082944053E-004	-1	OK
30.250000000000000	2.57934551707917487E-003	1.96944927627933954E-003	1.23369009258118920E-003	7.35759183698150984E-004	6.09896240799835112E-004	2.85999414177452748E-004	-1	3.23896826622382364E-004	-1	OK
30.500000000000000	2.37150039796057630E-003	1.81047870710675544E-003	1.13300077534876382E-003	6.77477931757991081E-004	5.61021690853820854E-004	2.62631612559160229E-004	-1	2.98390078294660625E-004	-1	OK
30.750000000000000	2.18018794423116211E-003	1.66470701487657141E-003	1.04075081725835757E-003	6.23956197618214165E-004	5.15480929354590481E-004	2.41239187399925058E-004	-1	2.74241741954665396E-004	-1	OK
31.000000000000000	2.00503616813882618E-003	1.53099983854199204E-003	9.56209654325642137E-004	5.74790184216349685E-004	4.74036329596834308E-004	2.21641466484756274E-004	-1	2.52394863112078034E-004	-1	OK
31.250000000000000	1.84469833781110816E-003	1.40833315264383453E-003	8.78712836223658378E-004	5.29620316420176696E-004	4.36365185167273523E-004	2.03682734376831027E-004	-1	2.32682450790442497E-004	-1	OK
31.500000000000000	1.69737608328285219E-003	1.29574336842003105E-003	8.07649449367264230E-004	4.88093919052766986E-004	4.01632714862821193E-004	1.86994770469893322E-004	-1	2.14637944392927872E-004	-1	OK
31.750000000000000	1.56192765613873260E-003	1.19238265508814657E-003	7.42471433480123297E-004	4.49911221608023594E-004	3.69545001050585983E-004	1.71917680544491855E-004	-1	1.97627320506094128E-004	-1	OK
32.000000000000000	1.43787374700603179E-003	1.09747698526609745E-003	6.82678579885285771E-004	4.14798405380811732E-004	3.40396761739934284E-004	1.57861416731401284E-004	-1	1.82535345008533000E-004	-1	OK
32.250000000000000	1.32367099987077720E-003	1.01031312996764807E-003	6.27812044385320667E-004	3.82501085582327564E-004	3.13357869903129025E-004	1.44998098887484786E-004	-1	1.68359771015644239E-004	-1	OK
32.500000000000000	1.21888455654521892E-003	9.30236829825507329E-004	5.77453658582489449E-004	3.52783171243017881E-004	2.88647726719711646E-004	1.33617319927305044E-004	-1	1.55030406792406602E-004	-1	OK
32.750000000000000	1.12262505670863858E-003	8.56655382194341283E-004	5.31222535610367179E-004	3.25432846583974050E-004	2.65969674514297295E-004	1.22786571741733574E-004	-1	1.43183102772563722E-004	-1	OK
33.000000000000000	1.03407775084902532E-003	7.89030055072770264E-004	4.88771829935788862E-004	3.00258225136981402E-004	2.45047695776255106E-004	1.13004559195150299E-004	-1	1.32043136581104807E-004	-1	OK
33.250000000000000	9.52785506883596666E-004	7.26862016697008896E-004	4.49783735270664164E-004	2.77078281426344840E-004	2.25923490186587771E-004	1.04022462280646449E-004	-1	1.21901027905941322E-004	-1	OK
33.500000000000000	8.77957890313318468E-004	6.69701231575049261E-004	4.13968639244470472E-004	2.55732592330579005E-004	2.08256658738269153E-004	9.56879790593588884E-005	-1	1.12568679678910264E-004	-1	OK
33.750000000000000	8.09156227636945863E-004	6.17125479341571262E-004	3.81059445013213018E-004	2.36066034328358243E-004	1.92030748295374628E-004	8.79057245587842607E-005	-1	1.04125023736590367E-004	-1	OK
34.000000000000000	7.45717490931026858E-004	5.68757800759141425E-004	3.50815088452707379E-004	2.17942712306433856E-004	1.76959690171885487E-004	8.09604152420591322E-005	-1	9.59992749298263552E-005	-1	OK
34.250000000000000	6.87442775501271404E-004	5.24257734261927713E-004	3.23015904363152789E-004	2.01241829898774816E-004	1.63185041239343744E-004	7.44329448653638148E-005	-1	8.87520963739799295E-005	-1	OK
34.500000000000000	6.33708924156430498E-004	4.83307872914123132E-004	2.97459125346289201E-004	1.85848747567833822E-004	1.50401051242307393E-004	6.85735212334189842E-005	-1	8.18275300088884089E-005	-1	OK
34.750000000000000	5.84370496598816502E-004	4.45616520226163495E-004	2.73959185347849262E-004	1.71657334878314260E-004	1.38753976372653034E-004	6.31845551583195669E-005	-1	7.55694212143334670E-005	-1	OK
35.000000000000000	5.38916165425720500E-004	4.10917247458664355E-004	2.52346584905541887E-004	1.58570662553122522E-004	1.27998917967056145E-004	5.82260537852210563E-005	-1	6.97728641818350960E-005	-1	OK
35.250000000000000	4.97031738976141230E-004	3.78969382586349316E-004	2.32466973231498856E-004	1.46502409354850433E-004	1.18062356389791927E-004	5.35962576581399950E-005	-1	6.44660987316519256E-005	-1	OK
35.500000000000000	4.58501714000998997E-004	3.49548413662891248E-004	2.14177801094598581E-004	1.35370612568292613E-004	1.08953300338107776E-004	4.93538538188839214E-005	-1	5.95994465192238544E-005	-1	OK
35.750000000000000	4.22902157640481680E-004	3.22448939465020670E-004	1.97348642267946016E-004	1.25100297197074627E-004	1.00453218175461037E-004	4.55059342236057075E-005	-1	5.49472839518553294E-005	-1	OK
36.000000000000000	3.90189440531270521E-004	2.97481490321672038E-004	1.81859963035984734E-004	1.15621527285687359E-004	9.27079502095984830E-005	4.19006363460709520E-005	-1	5.08073138635275310E-005	-1	OK
36.250000000000000	3.60104758507330113E-004	2.74474196904672012E-004	1.67602874553350188E-004	1.06871322351321797E-004	8.56305616026580870E-005	3.86367514185852258E-005	-1	4.69938101840728612E-005	-1	OK
36.500000000000000	3.32375605152475590E-004	2.53272399871976375E-004	1.54478290728022704E-004	9.87941091439536979E-005	7.91032052804992012E-005	3.56323330755293160E-005	-1	4.34708722049698853E-005	-1	OK
36.750000000000000	3.06778253685250659E-004	2.33731317740096511E-004	1.42394449692455344E-004	9.13368680476412076E-005	7.30469359451541613E-005	3.27136840660095362E-005	-1	4.03332518791446251E-005	-1	OK
37.000000000000000	2.83166016597362108E-004	2.15718669796341055E-004	1.31267357356865062E-004	8.44513124394759789E-005	6.74473468010210262E-005	3.01741824221974068E-005	-1	3.72731643788236160E-005	-1	OK
37.250000000000000	2.61347569678242828E-004	1.99111953107149056E-004	1.21019671456730631E-004	7.80922816504184253E-005	6.22356165710937718E-005	2.78345484452571841E-005	-1	3.44010681258365877E-005	-1	OK
37.500000000000000	2.41257799700348488E-004	1.83799390524944935E-004	1.11580806033089326E-004	7.22185844918556369E-005	5.74584091754035521E-005	2.56787344730176398E-005	-1	3.17796747023859158E-005	-1	OK
37.750000000000000	2.22770409450909467E-004	1.69679130153492367E-004	1.02885939737877618E-004	6.67931904156147493E-005	5.30912792974171002E-005	2.36919507842745984E-005	-1	2.93993285131425017E-005	-1	OK
38.000000000000000	2.05703978449758883E-004	1.56656520752196680E-004	9.48752931282034750E-005	6.17812276239932052E-005	4.90474576975622031E-005	2.18599041271915632E-005	-1	2.71875535703706399E-005	-1	OK
38.250000000000000	1.89948953735694862E-004	1.44642594394505406E-004	8.74935709217239432E-005	5.71490234727814692E-005	4.53063593411894502E-005	2.01710997676922567E-005	-1	2.51352595734971934E-005	-1	OK
38.500000000000000	1.75417159750255780E-004	1.33557948934206409E-004	8.06907843466589804E-005	5.28671645875474625E-005	4.18592108160493779E-005	1.86044198246100094E-005	-1	2.32547909914393684E-005	-1	OK
38.750000000000000	1.62008719209887498E-004	1.23330494128956936E-004	7.44211911913333657E-005	4.89093029376235969E-005	3.86782250809305559E-005	1.71489449832749863E-005	-1	2.15292800976555696E-005	-1	OK
39.000000000000000	1.49636380246077005E-004	1.13893561278983904E-004	6.86425299197206102E-005	4.52510313592633011E-005	3.57428189670930865E-005	1.58275831767092612E-005	-1	1.99152357903838253E-005	-1	OK
39.250000000000000	1.38213695629041850E-004	1.05184905040336851E-004	6.33157971955042434E-005	4.18691078448326075E-005	3.30287905887049921E-005	1.45879846810617162E-005	-1	1.84408059076432758E-005	-1	OK
39.500000000000000	1.27666238103379373E-004	9.71475135409265362E-005	5.84051475945842873E-005	3.87423659463422422E-005	3.05187245624528506E-005	1.34651299969635000E-005	-1	1.70535945654893523E-005	-1	OK
39.750000000000000	1.17889238236156818E-004	8.97285122002126960E-005	5.38775994053246365E-005	3.58509127948880731E-005	2.81607260359441183E-005	1.24298677079933147E-005	-1	1.57308583279508018E-005	-1	OK
40.000000000000000	1.08894828543824469E-004	8.28803179077041688E-005	4.97030636595095773E-005	3.31772542481945914E-005	2.60145106361203038E-005	1.14596611446393187E-005	-1	1.45548494914809851E-005	-1	OK
40.250000000000000	1.00604275437517779E-004	7.65585777247836021E-005	4.58536409848678205E-005	3.07049367399157816E-005	2.40456977127341770E-005	1.05645989844326909E-005	-1	1.34810987283014862E-005	-1	OK
40.500000000000000	9.29441836080983127E-005	7.07214289800551756E-005	4.23034778942465599E-005	2.84179510858086293E-005	2.22227546280431337E-005	9.75369871746382402E-006	-1	1.24690559105793097E-005	-1	OK
40.750000000000000	8.58728850896743699E-005	6.53306423261216531E-005	3.90289405955751345E-005	2.63017017305465152E-005	2.05422427635527202E-005	8.99435386799813374E-006	-1	1.15478888955545864E-005	-1	OK
41.000000000000000	7.93275453469499117E-005	6.03522935928491906E-005	3.60086164394965259E-005	2.43436771533526478E-005	1.89752517541007143E-005	8.29270481725554839E-006	-1	1.06825469368451659E-005	-1	OK
41.250000000000000	7.32969237759241611E-005	5.57548258634199705E-005	3.32226929092156021E-005	2.25321329542043616E-005	1.75420979125041872E-005	7.65680661382982744E-006	-1	9.88529129867435980E-006	-1	OK
41.500000000000000	6.77181019644919758E-005	5.15088124385536293E-005	3.06528225970736795E-005	2.08559898414799600E-005	1.62092895259383499E-005	7.06281521667375000E-006	-1	9.14647430926460070E-006	-1	OK
41.750000000000000	6.25667992974804539E-005	4.75873175819837926E-005	2.82821572656793453E-005	1.93051603163044472E-005	1.49794817154966613E-005	6.52137059451596990E-006	-1	8.45811112098069227E-006	-1	OK
42.000000000000000	5.78099844927715273E-005	4.39651942215213290E-005	2.60950664146692659E-005	1.78701278068520564E-005	1.38447902712501999E-005	6.01490389939371580E-006	-1	7.82988637185648413E-006	-1	OK
42.250000000000000	5.34135842632010372E-005	4.06191882147559266E-005	2.40772229926236746E-005	1.65419652221322519E-005	1.27943960484451123E-005	5.54406759783353133E-006	-1	7.25032845061158101E-006	-1	OK
42.500000000000000	4.93496123486815113E-005	3.75284625573083441E-005	2.22155136037363364E-005	1.53129489535720043E-005	1.18211497913731672E-005	5.12241828456449676E-006	-1	6.69873150680867047E-006	-1	OK
42.750000000000000	4.56056316576382783E-005	3.46733134337893852E-005	2.04977126777018672E-005	1.41756007560875180E-005	1.09323182238488931E-005	4.72405298335979718E-006	-1	6.20826524048909592E-006	-1	OK
43.000000000000000	4.21309015396888477E-005	3.20351506290919775E-005	1.89124941027220259E-005	1.31226565263699516E-005	1.00957509105968719E-005	4.36048481857080004E-006	-1	5.73526609202607188E-006	-1	OK
43.250000000000000	3.89272663079554327E-005	2.95971363077037900E-005	1.74495643744028992E-005	1.21475719333008874E-005	9.33013000025164102E-006	4.02122016014422261E-006	-1	5.30890984010741841E-006	-1	OK
43.500000000000000	3.59675057513057469E-005	2.73444923629503859E-005	1.60995768456815894E-005	1.12449155172687983E-005	8.62301338835535757E-006	3.70748434361191665E-006	-1	4.91552904474344134E-006	-1	OK
43.750000000000000	3.32311631787342179E-005	2.52630922209631880E-005	1.48537902384024367E-005	1.04093019825607479E-005	7.96807095777103164E-006	3.42100713471065872E-006	-1	4.54706382306037291E-006	-1	OK
44.000000000000000	3.07039414598707090E-005	2.33398657311918312E-005	1.37041412520636121E-005	9.63572447912822077E-006	7.36407572867887783E-006	3.15857937246155318E-006	-1	4.20549635621732465E-006	-1	OK
44.250000000000000	2.83706528308278903E-005	2.15627444478152330E-005	1.26431874951696272E-005	8.91955695264560917E-006	6.80790838301265646E-006	2.91337686869898289E-006	-1	3.89453151431367357E-006	-1	OK
44.500000000000000	2.62132679982137170E-005	1.99205993133417675E-005	1.16640614954490296E-005	8.25653781789273453E-006	6.29266868487194781E-006	2.68676473567551166E-006	-1	3.60590394919643615E-006	-1	OK
44.750000000000000	2.42173699682600094E-005	1.84031673745111046E-005	1.07604471648143374E-005	7.64272020969676723E-006	5.81420259374890391E-006	2.48037237561362651E-006	-1	3.33383021813527739E-006	-1	OK
45.000000000000000	2.23716893004249253E-005	1.70009598612908054E-005	9.92650433585883456E-006	7.07445552543196998E-006	5.37072943913411819E-006	2.28561225164558760E-006	-1	3.08511718748853059E-006	-1	OK
45.250000000000000	2.06601593466345358E-005	1.57050790454484869E-005	9.15681426677269143E-006	6.54826477867579547E-006	4.95508030118604720E-006	2.10777993346214193E-006	-1	2.84730036772390527E-006	-1	OK
45.500000000000000	1.90891955882464483E-005	1.45073631924582437E-005	8.44639583702419822E-006	6.06096735543404968E-006	4.58183239578820460E-006	1.94250471792712086E-006	-1	2.63932767786108374E-006	-1	OK
45.750000000000000	1.76340573686680987E-005	1.34003510959823945E-005	7.79069959675468986E-006	5.60965149922770552E-006	4.23370627268570419E-006	1.79291094564240971E-006	-1	2.44079532704329448E-006	-1	OK
46.000000000000000	1.62901100666871843E-005	1.23772396320712512E-005	7.18553648051255260E-006	5.19170315155869603E-006	3.91287043461593309E-006	1.65283734453358250E-006	-1	2.26003309008235059E-006	-1	OK
46.250000000000000	1.50466697156425988E-005	1.14317137191477163E-005	6.62703434465279421E-006	4.80467937449492375E-006	3.61495599649488297E-006	1.52535029157266736E-006	-1	2.08960570492221540E-006	-1	OK
46.500000000000000	1.38977176459395945E-005	1.05579803407069547E-005	6.11162141810663853E-006	4.44635892260031784E-006	3.33973730523263896E-006	1.40638920841068670E-006	-1	1.93334809682195205E-006	-1	OK
46.750000000000000	1.28367903947131214E-005	9.75059033499970488E-006	5.63597223939202093E-006	4.11461809560768479E-006	3.08620005971341614E-006	1.29442245184664296E-006	-1	1.79177760786677318E-006	-1	OK
47.000000000000000	1.18532308209576299E-005	9.00443575887472927E-006	5.19700796438534753E-006	3.80742779448938089E-006	2.84879506208290147E-006	1.19433906696498820E-006	-1	1.65445599511791327E-006	-1	OK
47.250000000000000	1.09478293889842683E-005	8.31490074547031786E-006	4.79191672852148466E-006	3.52298401694883532E-006	2.63292864351394958E-006	1.10008223369712324E-006	-1	1.53284640981682634E-006	-1	OK
47.500000000000000	1.01090397726058979E-005	7.67778088288738083E-006	4.41810375811216873E-006	3.25967712477520998E-006	2.43125888971851705E-006	1.01392430192492684E-006	-1	1.41733458779359021E-006	-1	OK
47.750000000000000	9.33279663722519918E-006	7.08897340562959472E-006	4.07312669026362043E-006	3.01584671536597344E-006	2.24382323159560530E-006	9.35317947533006021E-007	-1	1.30850528406259928E-006	-1	OK
48.000000000000000	8.61564917040028109E-006	6.54477545891250110E-006	3.75476118070188266E-006	2.79001427821061759E-006	2.07087371148777957E-006	8.61958656199644308E-007	-1	1.20891505528813526E-006	-1	OK
48.250000000000000	7.95485178869165903E-006	6.04184461572016611E-006	3.46098080762342210E-006	2.58086380809674359E-006	1.91300717297149334E-006	7.94213103364320566E-007	-1	1.11879406960717288E-006	-1	OK
48.500000000000000	7.34240274332435485E-006	5.57713986840588773E-006	3.18991564033035781E-006	2.38722422807553035E-006	1.76526287491846733E-006	7.31204673687373477E-007	-1	1.03405820123109374E-006	-1	OK
48.750000000000000	6.77691341710690248E-006	5.14774403013553514E-006	2.93981624786574768E-006	2.20792778226978788E-006	1.62916938697136734E-006	6.74313171860495976E-007	-1	9.54856215110871368E-007	-1	OK
49.000000000000000	6.25433385579854802E-006	4.75103884735576052E-006	2.70908532683003549E-006	2.04195352052572545E-006	1.50329500844278750E-006	6.21630700602233318E-007	-1	8.81664307840554179E-007	-1	OK
49.250000000000000	5.77239605270084911E-006	4.38455385658793809E-006	2.49623133283862579E-006	1.88832252374931166E-006	1.38784219611291123E-006	5.72231005678901065E-007	-1	8.15611190434010164E-007	-1	OK
49.500000000000000	5.32660023447103731E-006	4.04598525771927336E-006	2.29987413092418850E-006	1.74611112679508401E-006	1.28061497675176416E-006	5.27537425258956131E-007	-1	7.53077551492808031E-007	-1	OK
49.750000000000000	4.91477046257458198E-006	3.73320300433202589E-006	2.11874172580940413E-006	1.61446127852262324E-006	1.18156745824255609E-006	4.85663784331572726E-007	-1	6.95903673910983366E-007	-1	OK
50.000000000000000	4.53447362023989919E-006	3.44429562816288827E-006	1.95167019618743926E-006	1.49262543197544880E-006	1.09017799207701071E-006	4.46968247435291851E-007	-1	6.43209744641718856E-007	-1	OK
50.250000000000000	4.18250838485308257E-006	3.17741600603686975E-006	1.79756378418844373E-006	1.37985222184842581E-006	1.00509237881621281E-006	4.09194501163079566E-007	-1	5.95897877653133246E-007	-1	OK
50.500000000000000	3.85806710499012186E-006	2.93083108024623972E-006	1.65541404783801214E-006	1.27541703240822737E-006	9.27236024743882135E-007	3.76887546462194460E-007	-1	5.50348478281687728E-007	-1	OK
50.750000000000000	3.55788202528477902E-006	2.70306167887508298E-006	1.52431793466714094E-006	1.17874374420794226E-006	8.54820346409696137E-007	3.47009890924915886E-007	-1	5.07810455484780198E-007	-1	OK
51.000000000000000	3.28077978748253905E-006	2.49271062494184206E-006	1.40343283544899668E-006	1.08927778949284538E-006	7.88069162540697096E-007	3.19364326304766258E-007	-1	4.68704836235930838E-007	-1	OK
51.250000000000000	3.02537866761008362E-006	2.29847350287679717E-006	1.29197500196882732E-006	1.00649850090796985E-006	7.26905164733286662E-007	2.94140719819536272E-007	-1	4.32764444913750390E-007	-1	OK
51.500000000000000	2.78951483828283909E-006	2.11912340458825713E-006	1.18921848691250152E-006	9.29904917675755505E-007	6.70391433694582071E-007	2.70867210629407770E-007	-1	3.99524223065174301E-007	-1	OK
51.750000000000000	2.57169921452366053E-006	1.95353444895631336E-006	1.09449245079960736E-006	8.59041998156706114E-007	6.18164765567347060E-007	2.49400619505962550E-007	-1	3.68764146061384510E-007	-1	OK
52.000000000000000	2.36992894042852107E-006	1.80067032525499334E-006	1.00717878724504652E-006	7.93491538009946298E-007	5.69258615173527625E-007	2.29608125390277184E-007	-1	3.39650489783250441E-007	-1	OK
52.250000000000000	2.18417384377151686E-006	1.65956604493699295E-006	9.26703136615940337E-007	7.32862908321052512E-007	5.24607798834524114E-007	2.11358968276042502E-007	-1	3.13248830558481612E-007	-1	OK
52.500000000000000	2.01200134252532387E-006	1.52930968839560558E-006	8.52532939990059164E-007	6.76776748405546734E-007	4.82691654129718392E-007	1.94400424171080508E-007	-1	2.88291229958637910E-007	-1	OK
52.750000000000000	1.85402184379561306E-006	1.40908084614199402E-006	7.84180443740048812E-007	6.24900402401945105E-007	4.44940997653619091E-007	1.78893580799904827E-007	-1	2.66047416853714264E-007	-1	OK
53.000000000000000	1.70753255198455635E-006	1.29810385563329754E-006	7.21193160771497450E-007	5.76910694861799986E-007	4.09428696351258861E-007	1.64397548952441581E-007	-1	2.45031147398817307E-007	-1	OK
53.250000000000000	1.57194389015589272E-006	1.19567644082036361E-006	6.63156674773205895E-007	5.32519766047157717E-007	3.76267449335529157E-007	1.51062638469745379E-007	-1	2.25204810865783778E-007	-1	OK
53.500000000000000	1.44751060623177537E-006	1.10114804187167252E-006	6.09690194840743798E-007	4.91457847030928727E-007	3.46362564360102845E-007	1.38055555758835830E-007	-1	2.08307008601267016E-007	-1	OK
53.750000000000000	1.33274619339236485E-006	1.01394770761505274E-006	5.60446668529039576E-007	4.53501039086012955E-007	3.18798485777312163E-007	1.26956703672737837E-007	-1	1.91841782104574325E-007	-1	OK
54.000000000000000	1.22688529932346557E-006	9.33517918831812747E-007	5.15097577419261455E-007	4.18420341412551291E-007	2.93367380491652927E-007	1.16729616055382558E-007	-1	1.76637764436270369E-007	-1	OK
54.250000000000000	1.12939315085270751E-006	8.59338163544911460E-007	4.73338430243976403E-007	3.85999733300935109E-007	2.70054987307796101E-007	1.07304507340076163E-007	-1	1.62750479967719937E-007	-1	OK
54.500000000000000	1.03940630470588481E-006	7.90914986126113108E-007	4.34886834279806007E-007	3.56028151846306890E-007	2.48491318579771752E-007	9.85501681922824807E-008	-1	1.49941150387489271E-007	-1	OK
54.750000000000000	9.56241671928367504E-007	7.27822435692902286E-007	3.99488424931026362E-007	3.28334010761875924E-007	2.28419236235465324E-007	9.01629249573837912E-008	-1	1.38256311278081533E-007	-1	OK
55.000000000000000	8.79780892326030777E-007	6.69654044758145068E-007	3.66904938871831745E-007	3.02749105886313217E-007	2.10126847567885656E-007	8.28363173382636000E-008	-1	1.27290530229622043E-007	-1	OK
55.250000000000000	8.09268163827513338E-007	6.16023207291581159E-007	3.36913582407886268E-007	2.79109624883694997E-007	1.93244956535932126E-007	7.60899994655866527E-008	-1	1.17154957070345473E-007	-1	OK
55.500000000000000	7.44051390433937158E-007	5.66574016900407120E-007	3.09310600871645145E-007	2.57263416028762029E-007	1.77477373533530011E-007	6.98788882713315899E-008	-1	1.07598485262198421E-007	-1	OK
55.750000000000000	6.84209160527902095E-007	5.20983307944840241E-007	2.83909808218597972E-007	2.37073499726242136E-007	1.63225852583061827E-007	6.41150221075241118E-008	-1	9.91108304755377154E-008	-1	OK
56.000000000000000	6.28907619478186763E-007	4.78968283867305436E-007	2.60542481781701166E-007	2.18425802085604296E-007	1.49939335610881354E-007	5.87870141800470505E-008	-1	9.11523214308343032E-008	-1	OK
56.250000000000000	5.77977179951288226E-007	4.40260012218705538E-007	2.39050619391371608E-007	2.01209392827333877E-007	1.37717167732582688E-007	5.38880409424744744E-008	-1	8.38291267901082134E-008	-1	OK
56.500000000000000	5.31087114669362002E-007	4.04601024462013240E-007	2.19286110401674059E-007	1.85314914060339154E-007	1.26486090207348816E-007	4.94466753319811153E-008	-1	7.70394148753677069E-008	-1	OK
56.750000000000000	4.87890615578049447E-007	3.71757236273810409E-007	2.01113310520224603E-007	1.70643925753585806E-007	1.16133379304238998E-007	4.52377360814459962E-008	-1	7.08956432227930019E-008	-1	OK
57.000000000000000	4.48134901870705421E-007	3.41509482347433399E-007	1.84406513541776539E-007	1.57102968805656781E-007	1.06625419523272035E-007	4.14410379317517753E-008	-1	6.51843815915202596E-008	-1	OK
57.250000000000000	4.11429814588621339E-007	3.13659241091947561E-007	1.69050214070358769E-007	1.44609027021588739E-007	9.77705734966737650E-008	3.79460861402630862E-008	-1	5.98244873564106721E-008	-1	OK
57.500000000000000	3.77698421202569296E-007	2.88018251882462498E-007	1.54937303656770944E-007	1.33080948225691527E-007	8.96801693201068109E-008	3.47509145756247018E-008	-1	5.49292547444821091E-008	-1	OK
57.750000000000000	3.46705120203831006E-007	2.64414800635282669E-007	1.41968962544588809E-007	1.22445838090693861E-007	8.22903195685483501E-008	3.18155245562442921E-008	-1	5.04747950123040580E-008	-1	OK
58.000000000000000	3.18038131190906937E-007	2.42687944012117459E-007	1.30054273266042241E-007	1.12633670746075191E-007	7.53501871787894644E-008	2.91147075260902566E-008	-1	4.62354796526992044E-008	-1	OK
58.250000000000000	2.91746896837990995E-007	2.22693539678491910E-007	1.19109668782438108E-007	1.03583870896053816E-007	6.90533571594990975E-008	2.66047798022498634E-008	-1	4.24485773572492341E-008	-1	OK
58.500000000000000	2.67565334854140316E-007	2.04291109018172362E-007	1.09057485319077080E-007	9.52336236990952680E-008	6.32742258359679675E-008	2.43454666405911924E-008	-1	3.89287591953767751E-008	-1	OK
58.750000000000000	2.45316116938763778E-007	1.87365829007477501E-007	9.98292360584905855E-008	8.75365929489869288E-008	5.79502879312862639E-008	2.22512753021152020E-008	-1	3.56990126291710619E-008	-1	OK
59.000000000000000	2.24867347636253787E-007	1.71804268518460728E-007	9.13592279414629932E-008	8.04450405769977348E-008	5.30630791177930657E-008	2.03457327946640000E-008	-1	3.27173463231290657E-008	-1	OK
59.250000000000000	2.06106719932210045E-007	1.57495420354001681E-007	8.35857326966309701E-008	7.39096876573707238E-008	4.86112995782083707E-008	1.85756963360534490E-008	-1	3.00356032421549216E-008	-1	OK
59.500000000000000	1.88850628489359179E-007	1.44340747802935635E-007	7.64531346231697091E-008	6.78876131797659393E-008	4.45098806864235371E-008	1.69593780472781941E-008	-1	2.75505026391453430E-008	-1	OK
59.750000000000000	1.72986353884327670E-007	1.32252659278669201E-007	6.99106721357217678E-008	6.23419871429474730E-008	4.07336946056584824E-008	1.54939906380448322E-008	-1	2.52397039676136502E-008	-1	OK
60.000000000000000	1.58417253932307221E-007	1.21145497116130169E-007	6.39103106499587883E-008	5.72351864661714273E-008	3.72717568161770452E-008	1.41434080927010450E-008	-1	2.31283487234759986E-008	-1	OK
60.250000000000000	1.44994421003870596E-007	1.10939891614874889E-007	5.84079830846793136E-008	5.25319085301955623E-008	3.40545293889957070E-008	1.29107239537049265E-008	-1	2.11438054352907822E-008	-1	OK
60.500000000000000	1.32712545199325960E-007	1.01565871186445180E-007	5.33638463051651966E-008	4.82020248812799830E-008	3.11466740128807866E-008	1.17737893414369816E-008	-1	1.93728846714438050E-008	-1	OK
60.750000000000000	1.21455000817152482E-007	9.29580335794198672E-008	4.87408533639285022E-008	4.42171802154913783E-008	2.84969672377326111E-008	1.07382470615302560E-008	-1	1.77587201762023551E-008	-1	OK
61.000000000000000	1.11094406192413651E-007	8.50530596752571434E-008	4.45043200179959582E-008	4.05487396572611852E-008	2.60413465171565044E-008	9.78804150605601561E-009	-1	1.62533050111004872E-008	-1	OK
61.250000000000000	1.01582609551943664E-007	7.77962602986407959E-008	4.06234671263514605E-008	3.71727931722893353E-008	2.37863492533028677E-008	8.92610977640559145E-009	-1	1.48602394768972763E-008	-1	OK
61.500000000000000	9.28507578900114460E-008	7.11388605442408844E-008	3.70698208270859063E-008	3.40690397171549582E-008	2.17118973457705584E-008	8.13624042966029768E-009	-1	1.35756569161102607E-008	-1	OK
61.750000000000000	8.48626289049963490E-008	6.50315437514524983E-008	3.38162431080730839E-008	3.12153006433794211E-008	1.98310851535438507E-008	7.41199916239249505E-009	-1	1.24190859911513557E-008	-1	OK
62.000000000000000	7.75104809945036115E-008	5.94291221630132127E-008	3.08379591310894111E-008	2.85911630319237884E-008	1.80813588314903988E-008	6.74060654141526906E-009	-1	1.13407522900751306E-008	-1	OK
62.250000000000000	7.07751774330650797E-008	5.42910170136276037E-008	2.81125413816793732E-008	2.61784756319482437E-008	1.64841604194374759E-008	6.14469304008245140E-009	-1	1.03394673793550253E-008	-1	OK
62.500000000000000	6.46068879722425399E-008	4.95828657684979662E-008	2.56197669406830725E-008	2.39630988278148838E-008	1.50240222037445737E-008	5.58023276059992573E-009	-1	9.44378944314464797E-009	-1	OK
62.750000000000000	5.89703508484496135E-008	4.52676244041130512E-008	2.33398258734667343E-008	2.19277985306463070E-008	1.37027264443365657E-008	5.07896825025533013E-009	-1	8.62375819408123553E-009	-1	OK
63.000000000000000	5.37898331787292825E-008	4.13125191131810747E-008	2.12550516923073715E-008	2.00574674208736966E-008	1.24773140655482061E-008	4.59495746026465094E-009	-1	7.88235660528355517E-009	-1	OK
63.250000000000000	4.90521540508499000E-008	3.76909308436683808E-008	1.93498839597742902E-008	1.83410468838940907E-008	1.13612232071815159E-008	4.18040809510208270E-009	-1	7.18081511207943317E-009	-1	OK
63.500000000000000	4.47211024340814031E-008	3.43756330047864592E-008	1.76092964160963566E-008	1.67663365886900959E-008	1.03454694292949472E-008	3.79555123091879592E-009	-1	6.54991819837615130E-009	-1	OK
63.750000000000000	4.07357820398407422E-008	3.13407505587617302E-008	1.60193609478984528E-008	1.53213896108632741E-008	9.39503148107901197E-009	3.44507161979672259E-009	-1	5.94995986128228938E-009	-1	OK
64.000000000000000	3.71250471965524684E-008	2.85632941928610543E-008	1.45675215890991011E-008	1.39957726037619516E-008	8.56175300369141410E-009	3.13947128062964412E-009	-1	5.42228172306176998E-009	-1	OK
64.250000000000000	3.38035918100868737E-008	2.60235680425783444E-008	1.32425030007484167E-008	1.27810650418299310E-008	7.78002376750852933E-009	2.84667692410807202E-009	-1	4.93334684340045773E-009	-1	OK
64.500000000000000	3.07890740975922004E-008	2.37015109587592189E-008	1.20334256372469943E-008	1.16680853215122262E-008	7.08756313883298403E-009	2.58082013543260933E-009	-1	4.50674300340037511E-009	-1	OK
64.750000000000000	2.80167796610557242E-008	2.15780743112166835E-008	1.09302393805637217E-008	1.06478349306529601E-008	6.43870534983904239E-009	2.33865360477175834E-009	-1	4.10005174506728405E-009	-1	OK
65.000000000000000	2.54757749196536545E-008	1.96364656280316628E-008	9.92398562707618614E-009	9.71248000095547503E-009	5.83930929162199087E-009	2.12073586693015601E-009	-1	3.71857342469183486E-009	-1	OK
65.250000000000000	2.31668732792176025E-008	1.78622889902988531E-008	9.00658767295863043E-009	8.85570131734021937E-009	5.30458428891875022E-009	1.91854333720301145E-009	-1	3.38604095171573877E-009	-1	OK
65.500000000000000	2.10551211109554674E-008	1.62415251998490312E-008	8.17048218357607373E-009	8.07104301627295752E-009	4.81359591110643780E-009	1.73436487476215321E-009	-1	3.07923103634428439E-009	-1	OK
65.750000000000000	1.91231293871912440E-008	1.47613288925554270E-008	7.40873528335987102E-009	7.35259360919555599E-009	4.36180049463581616E-009	1.56952700266511052E-009	-1	2.79227349197070565E-009	-1	OK
66.000000000000000	1.73639346604132335E-008	1.34102137421402557E-008	6.71508102076517012E-009	6.69513272137508637E-009	3.95372091827297865E-009	1.41929054383388463E-009	-1	2.53443037443909381E-009	-1	OK
66.250000000000000	1.57634363508919617E-008	1.21776090839253473E-008	6.08371057335604559E-009	6.09389851056930168E-009	3.58582726696661439E-009	1.28414874453029588E-009	-1	2.30167852243631851E-009	-1	OK
66.500000000000000	1.42943305990890524E-008	1.10535282845966259E-008	5.50928142071178307E-009	5.54424686388484530E-009	3.24080231449242697E-009	1.15974909082343817E-009	-1	2.08105322366898880E-009	-1	OK
66.750000000000000	1.29641354736650224E-008	1.00291653601182128E-008	4.98692840433962914E-009	5.04223695577858534E-009	2.93497011354680997E-009	1.04829297261680686E-009	-1	1.88667714093000291E-009	-1	OK
67.000000000000000	1.17532633350157206E-008	9.09607180089486442E-009	4.51210769553640741E-009	4.58396410535845783E-009	2.65719153412085581E-009	9.37791582313615418E-010	-1	1.71939995180724040E-009	-1	OK
67.250000000000000	1.06463220890942390E-008	8.24616559177834389E-009	4.08059562626043383E-009	4.16556996551790923E-009	2.40015649731589593E-009	8.45938455196952966E-010	-1	1.55421804211894307E-009	-1	OK
67.500000000000000	9.63994411022514948E-009	7.47244925729985314E-009	3.68861833870782526E-009	3.78383091859202829E-009	2.16749485292529593E-009	7.61948583737056344E-010	-1	1.40554626918823959E-009	-1	OK
67.750000000000000	8.72671003040357385E-009	6.76802039110789825E-009	3.33260577321938375E-009	3.43541461788851409E-009	1.95868963929567560E-009	6.90808737189798612E-010	-1	1.26788090210587698E-009	-1	OK
68.000000000000000	7.89560014376509548E-009	6.12699425196066937E-009	3.00941832665467226E-009	3.11757592530599670E-009	1.76860589180442590E-009	6.22778767809233959E-010	-1	1.14582712399519194E-009	-1	OK
68.250000000000000	7.13802358637416814E-009	5.54381668443775170E-009	2.71614725294549248E-009	2.82766943149225963E-009	1.59420690193641602E-009	5.61131757230130285E-010	-1	1.03307514470628564E-009	-1	OK
68.500000000000000	6.45160543041122036E-009	5.01349098171544236E-009	2.45013431114729172E-009	2.56335667056815022E-009	1.43811444869577821E-009	4.99851158958347464E-010	-1	9.38263289737430745E-010	-1	OK
68.750000000000000	5.82677464191274610E-009	4.53138797314050313E-009	2.20895896622392252E-009	2.32242900691657854E-009	1.29538666877224318E-009	4.49917223371321366E-010	-1	8.45469445400921814E-010	-1	OK
69.000000000000000	5.25856906375402430E-009	4.09344902147481954E-009	1.99043751279785434E-009	2.10301150867696438E-009	1.16512004227920454E-009	4.04140731236272718E-010	-1	7.60979311042931877E-010	-1	OK
69.250000000000000	4.74505962224664913E-009	3.69584042489523350E-009	1.79254724516969404E-009	1.90329317972553946E-009	1.04921919735141584E-009	3.62472263086001410E-010	-1	6.86746934265414426E-010	-1	OK
69.500000000000000	4.27944306848096396E-009	3.33492415362818041E-009	1.61341196669257312E-009	1.72151218693560728E-009	9.44518914852783344E-010	3.25542837867047045E-010	-1	6.18976076985736248E-010	-1	OK
69.750000000000000	3.85715448437088208E-009	3.00774065747828969E-009	1.45139516303472541E-009	1.55634549444356408E-009	8.49413826892592390E-010	2.94334497434291753E-010	-1	5.55079329458300638E-010	-1	OK
70.000000000000000	3.47368695266898147E-009	2.71115868916716037E-009	1.30489800951016012E-009	1.40626067965700045E-009	7.62528263501820998E-010	2.61582334715751015E-010	-1	5.00945928786069931E-010	-1	OK
70.250000000000000	3.12769391456107372E-009	2.44244545597583665E-009	1.17250619753683723E-009	1.26993925843899921E-009	6.85248458585237276E-010	2.34430235582406339E-010	-1	4.50818223002830937E-010	-1	OK
70.500000000000000	2.81452689051411240E-009	2.19916582273794710E-009	1.05293410770276859E-009	1.14623171503517851E-009	6.15361067776165499E-010	2.09013130034833527E-010	-1	4.06347937741331972E-010	-1	OK
70.750000000000000	2.53002932489414403E-009	1.97900517469975483E-009	9.44983903324170855E-010	1.03402127137558376E-009	5.51024150194389000E-010	1.86843468987227637E-010	-1	3.64180681207161337E-010	-1	OK
71.000000000000000	2.27369767486466022E-009	1.77977358917992964E-009	8.47559450312648989E-010	9.32214138867280444E-010	4.93924085684730377E-010	1.67097979490907964E-010	-1	3.26826106193822439E-010	-1	OK
71.250000000000000	2.04185461334555639E-009	1.59956145465019170E-009	7.59684447738694978E-010	8.39877006911496414E-010	4.42293158695364735E-010	1.49418497682686058E-010	-1	2.92874661012678677E-010	-1	OK
71.500000000000000	1.83265893271351383E-009	1.43673343927448286E-009	6.80487284180016373E-010	7.56246155094466387E-010	3.95925493439030917E-010	1.33046078624748882E-010	-1	2.62879414814282035E-010	-1	OK
71.750000000000000	1.64349564449809896E-009	1.28964299618452047E-009	6.09135276906610336E-010	6.80507719277910138E-010	3.53852648313578588E-010	1.19935933070822351E-010	-1	2.33916715242756212E-010	-1	OK
72.000000000000000	1.47288877062802982E-009	1.15678602517100808E-009	5.44883128680027436E-010	6.11902896490980749E-010	3.16102745457021839E-010	1.06103178775700601E-010	-1	2.09999566681321238E-010	-1	OK
72.250000000000000	1.31965505237728776E-009	1.03694777339721528E-009	4.87080849453229685E-010	5.49866923943985802E-010	2.82707278980072584E-010	9.44421014078039358E-011	-1	1.88265177572268635E-010	-1	OK
72.500000000000000	1.18109620267631662E-009	9.28899305677626434E-010	4.35104396465237971E-010	4.93794909212388463E-010	2.52196896998690241E-010	8.39070544836717134E-011	-1	1.68289842515018515E-010	-1	OK
72.750000000000000	1.05638175182550651E-009	8.31497157603760685E-010	3.88389369429329776E-010	4.43107788174431012E-010	2.24884594221745802E-010	7.46433288572016680E-011	-1	1.50241265364544121E-010	-1	OK
73.000000000000000	9.44096287380735789E-010	7.43791486328921665E-010	3.46442718764925009E-010	3.97348767563996708E-010	2.00304801051814201E-010	6.62465130301689967E-011	-1	1.34058288021645191E-010	-1	OK
73.250000000000000	8.43135015632365278E-010	6.64881488099033386E-010	3.08800892421937263E-010	3.56080595677096226E-010	1.78253527533331917E-010	5.93800415108195426E-011	-1	1.18873486022512375E-010	-1	OK
73.500000000000000	7.52309828174103465E-010	5.93894491471002836E-010	2.75036224443916873E-010	3.18858267027086067E-010	1.58415336703100629E-010	5.25442922769784970E-011	-1	1.05871044426122132E-010	-1	OK
73.750000000000000	6.70834140966954372E-010	5.30061824244196379E-010	2.44770746527289825E-010	2.85291077716906398E-010	1.40772316722757993E-010	4.66273106511339692E-011	-1	9.41450060716240234E-011	-1	OK
74.000000000000000	5.98022500302330005E-010	4.72760198681865454E-010	2.17672195241755648E-010	2.55088003440109728E-010	1.25262301620464577E-010	4.12843165092089815E-011	-1	8.39779851112555957E-011	-1	OK
74.250000000000000	5.32256471360408297E-010	4.21340331801006168E-010	1.93418715139460742E-010	2.27921616661545478E-010	1.10916139559402128E-010	3.65281315492499066E-011	-1	7.43880080101522218E-011	-1	OK
74.500000000000000	4.73450064020744645E-010	3.75164171959423099E-010	1.71716205189706897E-010	2.03447966769716202E-010	9.82858920613215719E-011	3.22363328190791658E-011	-1	6.60495592422424061E-011	-1	OK
74.750000000000000	4.20858362355579722E-010	3.33796237098736975E-010	1.52327674270100417E-010	1.81468562828636610E-010	8.70621252568427466E-011	2.84926400699080180E-011	-1	5.85694851869347318E-011	-1	OK
75.000000000000000	3.73788089044466320E-010	2.96767603940984889E-010	1.35016269529294289E-010	1.61751334411690523E-010	7.70204851034814432E-011	2.51032754328654688E-011	-1	5.19172096706159743E-011	-1	OK
75.250000000000000	3.31519616636376096E-010	2.63591368008831322E-010	1.19560177672109959E-010	1.44031190336721389E-010	6.79282486275447996E-011	2.21286446838560113E-011	-1	4.57996039436887916E-011	-1	OK
75.500000000000000	2.93950561774818591E-010	2.33919730652864439E-010	1.05780702639430841E-010	1.28139028013433585E-010	6.00308311219541780E-011	1.93041273617744509E-011	-1	4.07267037601797272E-011	-1	OK
75.750000000000000	2.60376622312591410E-010	2.07422025525717629E-010	9.35076098336909940E-011	1.13914415692026661E-010	5.29545967868737870E-011	1.69650663633995901E-011	-1	3.59895304234741937E-011	-1	OK
76.000000000000000	2.30384872694717051E-010	1.83755344688097735E-010	8.25799581179728503E-011	1.01175386570124924E-010	4.66295280066193226E-011	1.48217433832196575E-011	-1	3.18077846233996651E-011	-1	OK
76.250000000000000	2.03691007847138609E-010	1.62626749397780806E-010	7.28579303967646141E-011	8.97688190010161920E-011	4.10642584493577969E-011	1.30111036906373990E-011	-1	2.80531547587203995E-011	-1	OK
76.500000000000000	1.79924990352960225E-010	1.43797220547894822E-010	6.42198947108604222E-011	7.95773258370343742E-011	3.61277698050653963E-011	1.14096122522071182E-011	-1	2.47181575528582781E-011	-1	OK
76.750000000000000	1.58767122258865001E-010	1.27028527675037317E-010	5.65502466825033769E-011	7.04782809925339403E-011	3.17385945838276769E-011	9.98146674865912005E-012	-1	2.17571278351685569E-011	-1	OK
77.000000000000000	1.39933632168010365E-010	1.12101262314225440E-010	4.97453691792694112E-011	6.23558931349560349E-011	2.78323698537849252E-011	8.85181050949109166E-012	-1	1.89805593442938336E-011	-1	OK
77.250000000000000	1.23187942187451616E-010	9.88254040518683143E-011	4.37136518813678552E-011	5.51117521705004656E-011	2.43625381355832988E-011	7.72528023607776806E-012	-1	1.66372578995055307E-011	-1	OK
77.500000000000000	1.08358490823205294E-010	8.70339468344863869E-011	3.83731846385005227E-011	4.86607621959858448E-011	2.13245439887189042E-011	6.74241642417482415E-012	-1	1.45821275645440792E-011	-1	OK
77.750000000000000	9.52207115373655664E-011	7.65704201890558614E-011	3.36491207038043792E-011	4.29212994852514822E-011	1.86502913483097049E-011	5.82537243316092761E-012	-1	1.28249189151487773E-011	-1	OK
78.000000000000000	8.35501939261302838E-011	6.72896252098224446E-011	2.94733774020129835E-011	3.78162478078094482E-011	1.62605687163078425E-011	5.11433701240963505E-012	-1	1.11462317038982074E-011	-1	OK
78.250000000000000	7.32412101219850854E-011	5.90682029054512389E-011	2.57866677175324141E-011	3.32815351879188281E-011	1.41730072165338481E-011	4.44115675801237047E-012	-1	9.73185045852147758E-012	-1	OK
78.500000000000000	6.41502005431442307E-011	5.17922482566262856E-011	2.25349752526214677E-011	2.92572730040048211E-011	1.23579522865179451E-011	3.82039436288347953E-012	-1	8.53755792363446560E-012	-1	OK
78.750000000000000	5.61048903070269197E-011	4.53609257215900281E-011	1.96702645263024072E-011	2.56906611952876177E-011	1.07439645854368900E-011	3.30284470619477780E-012	-1	7.44111987924211179E-012	-1	OK
79.000000000000000	4.90193183952184274E-011	3.96807700895927375E-011	1.71488594657496895E-011	2.25319106238430512E-011	9.33854830562569317E-012	2.89278337413454739E-012	-1	6.44576493149114618E-012	-1	OK
79.250000000000000	4.27610628565580050E-011	3.46699641653187858E-011	1.49322213238208079E-011	1.97377428414979843E-011	8.09109869123922086E-012	2.49995799249769059E-012	-1	5.59114069874152986E-012	-1	OK
79.500000000000000	3.72757507240593872E-011	3.02548030121134195E-011	1.29856701596449857E-011	1.72691328524684305E-011	7.02094771194596608E-012	2.13785073145510812E-012	-1	4.88309698049085756E-012	-1	OK
79.750000000000000	3.24421178716806812E-011	2.63683462051514097E-011	1.12782059735296569E-011	1.50901402316217544E-011	6.07377166652927394E-012	1.84115058077478011E-012	-1	4.23262108575449383E-012	-1	OK
80.000000000000000	2.81909401590649430E-011	2.29500691559115029E-011	9.78201663262683226E-012	1.31680525232846706E-011	5.24087100315344013E-012	1.58701638187390175E-012	-1	3.65385462127953837E-012	-1	OK
80.250000000000000	2.44709226537398790E-011	1.99493918453255562E-011	8.47306571355645617E-012	1.14763261317691065E-011	4.52153080841432280E-012	1.36354472355319706E-012	-1	3.15798608486112554E-012	-1	OK
80.500000000000000	2.12058652947528134E-011	1.73176627549472391E-011	7.32901005056573754E-012	9.98865270438149997E-012	3.88820253980557429E-012	1.17120453703336764E-012	-1	2.71699800277220645E-012	-1	OK
80.750000000000000	1.83563264672902582E-011	1.50106940321362334E-011	6.33010657272659023E-012	8.68058745940964073E-012	3.34563243515402364E-012	1.00983325349038897E-012	-1	2.33579918166363467E-012	-1	OK
81.000000000000000	1.58647330931708996E-011	1.29929213072520926E-011	5.45948013812624091E-012	7.53344116912585173E-012	2.87181178591880658E-012	8.65169153603366721E-013	-1	2.00664263231543985E-012	-1	OK
81.250000000000000	1.36914848124152662E-011	1.12297030502046846E-011	4.70148503396966782E-012	6.52821801623501843E-012	2.46178176221058154E-012	7.31622565473211987E-013	-1	1.73015919673736956E-012	-1	OK
81.500000000000000	1.17931394741795136E-011	9.69036588337260228E-012	4.04238920575823451E-012	5.64797667761437100E-012	2.10277359080691096E-012	6.27615867532942511E-013	-1	1.47515772327396835E-012	-1	OK
81.750000000000000	1.01433074096730497E-011	8.35026849371153596E-012	3.47047623231284471E-012	4.87979226139869004E-012	1.79303891596151315E-012	5.33227164410884068E-013	-1	1.25981175155062908E-012	-1	OK
82.000000000000000	8.70741915082140608E-012	7.18385790630791097E-012	2.97460554884857897E-012	4.20925235745933362E-012	1.52356124451349511E-012	4.53072085934594366E-013	-1	1.07048915857890069E-012	-1	OK
82.250000000000000	7.47093761286730929E-012	6.17044877910703608E-012	2.54539095984198159E-012	3.62505781926505449E-012	1.30048883376027382E-012	3.80512195090107632E-013	-1	9.19976638670166087E-013	-1	OK
82.500000000000000	6.39552345976060619E-012	5.29145115521290059E-012	2.17440718985151879E-012	3.11704396536138099E-012	1.10407230454770539E-012	3.19829887211080460E-013	-1	7.84242417336624883E-013	-1	OK
82.750000000000000	5.46441482278127672E-012	4.52881059282036663E-012	1.85401901820466407E-012	2.67479157461570297E-012	9.35604229960910294E-013	2.73935539244547934E-013	-1	6.61668690716362359E-013	-1	OK
83.000000000000000	4.66180344925369624E-012	3.86928068469312318E-012	1.57804758205094160E-012	2.29123310264218118E-012	7.92522764560573366E-013	2.33426896849726837E-013	-1	5.59095867710846529E-013	-1	OK
83.250000000000000	3.96689083840983562E-012	3.30014734376432229E-012	1.34073976433658760E-012	1.95940757942773529E-012	6.66743494645513326E-013	1.93716705237185748E-013	-1	4.73026789408327603E-013	-1	OK
83.500000000000000	3.37175613170750212E-012	2.80915343749175239E-012	1.13689236693023756E-012	1.67226107056151483E-012	5.62602694215749624E-013	1.62467372084086218E-013	-1	4.00135322131663405E-013	-1	OK
83.750000000000000	2.85979506375942607E-012	2.38658423930979741E-012	9.62167855935544244E-013	1.42441638337425296E-012	4.73210824449628666E-013	1.35834273929363035E-013	-1	3.37376550520265657E-013	-1	OK
84.000000000000000	2.42012837941863281E-012	2.02364566494271815E-012	8.12685514979822427E-013	1.21096014996289563E-012	3.96482714475914454E-013	1.13353403433024018E-013	-1	2.83129311042890436E-013	-1	OK
84.250000000000000	2.04307370319325221E-012	1.71249634048451504E-012	6.85043192588645794E-013	1.02745314789586884E-012	3.30577362708737021E-013	9.42948122067930197E-014	-1	2.36282550501943976E-013	-1	OK
84.500000000000000	1.72192393775214049E-012	1.44646393933065927E-012	5.76289003549978268E-013	8.70174935780680701E-013	2.75459998421481220E-013	7.91813651072880717E-014	-1	1.96278633314193136E-013	-1	OK
84.750000000000000	1.44819416769425450E-012	1.21914319029193068E-012	4.83723847496805946E-013	7.35419342795124931E-013	2.29050977402323720E-013	6.58937416917460432E-014	-1	1.63157235710577664E-013	-1	OK
85.000000000000000	1.21516022882922360E-012	1.02502780336381485E-012	4.05059839870057238E-013	6.19967963493757711E-013	1.90132425465408805E-013	5.44132524855031694E-014	-1	1.35719172979905623E-013	-1	OK
85.250000000000000	1.01701538137046464E-012	8.59698372100465717E-013	3.38373299661931514E-013	5.21325072438534204E-013	1.57317009269998873E-013	4.40107538720207571E-014	-1	1.13306255397978116E-013	-1	OK
85.500000000000000	8.49057489942767830E-013	7.19311298629969625E-013	2.81997481810145183E-013	4.37313816819824442E-013	1.29746191312798205E-013	3.68043720689639434E-014	-1	9.29418192438342681E-014	-1	OK
85.750000000000000	7.07113178669287388E-013	6.00476587331044857E-013	2.34462977856998980E-013	3.66013609474045675E-013	1.06636591338242568E-013	2.99276017575204030E-014	-1	7.67089895807221716E-014	-1	OK
86.000000000000000	5.87545818062861575E-013	5.00120279825417628E-013	1.94467091602635057E-013	3.05653188222782621E-013	8.74255382374439090E-014	2.45586247521386254E-014	-1	6.28669134853052805E-014	-1	OK
86.250000000000000	4.86887125153598024E-013	4.15422879087470189E-013	1.60863094998115329E-013	2.54559784089354859E-013	7.14642460661277847E-014	1.99798235444646126E-014	-1	5.14844225216631752E-014	-1	OK
86.500000000000000	4.02351798294900278E-013	3.44138974022468406E-013	1.32703891421786980E-013	2.11435082600681501E-013	5.82128242724318846E-014	1.62004414685886118E-014	-1	4.20123828038432696E-014	-1	OK
86.750000000000000	3.31535362857515213E-013	2.84277068121842002E-013	1.09164629022312412E-013	1.75112439099529578E-013	4.72582947356732050E-014	1.30896583503496587E-014	-1	3.41686363853235462E-014	-1	OK
87.000000000000000	2.72425508100320749E-013	2.34165801725179780E-013	8.95450261385310118E-014	1.44620775586648730E-013	3.82597063751409687E-014	1.04098074056167590E-014	-1	2.78498989695242098E-014	-1	OK
87.250000000000000	2.23162942187530406E-013	1.92309757362152312E-013	7.32316876081651835E-014	1.19078069753987116E-013	3.08531848253781066E-014	8.29154517546434294E-015	-1	2.25616396499137621E-014	-1	OK
87.500000000000000	1.82235952133304251E-013	1.57462469319448677E-013	5.97098615724698699E-014	9.77526077469787943E-014	2.47734828138555741E-014	6.73223552045728130E-015	-1	1.80412472933982920E-014	-1	OK
87.750000000000000	1.48352203830850325E-013	1.28536890183656833E-013	4.85318028100808470E-014	8.00050873735760239E-014	1.98153136471934955E-014	5.36872107128450300E-015	-1	1.44465925759089917E-014	-1	OK
88.000000000000000	1.20348760419212911E-013	1.04567997697357007E-013	3.93138089319046817E-014	6.52541887654523128E-014	1.57807627218559010E-014	4.26399367439270906E-015	-1	1.15167690474631911E-014	-1	OK
88.250000000000000	9.72986095448284792E-014	8.47786388490541968E-014	3.17378000051165873E-014	5.30408388439376285E-014	1.25199706957742761E-014	3.35308667811462049E-015	-1	9.16688401765965602E-015	-1	OK
88.500000000000000	7.83832259314995498E-014	6.84869445026101306E-014	2.55305355509839676E-014	4.29564089516261504E-014	9.89628142888942238E-015	2.63814522356039487E-015	-1	7.25813620532902672E-015	-1	OK
88.750000000000000	6.29490046247487962E-014	5.51297237436000678E-014	2.04634047799683835E-014	3.46663189636316811E-014	7.81928088114873152E-015	2.06155752176902449E-015	-1	5.75772335937970703E-015	-1	OK
89.000000000000000	5.03198831704582597E-014	4.42085630858201228E-014	1.63403395643169041E-014	2.78682235215032123E-014	6.11132008463813852E-015	1.60726472976306419E-015	-1	4.50405535487507452E-015	-1	OK
89.250000000000000	4.00693511301622923E-014	3.53200709988255197E-014	1.29978078388875705E-014	2.23222631599379508E-014	4.74928013133677185E-015	1.24399543743103850E-015	-1	3.50528469390573315E-015	-1	OK
89.500000000000000	3.17875345265865452E-014	2.81050055009234086E-014	1.02973957019185378E-014	1.78076097990048771E-014	3.68252902566313825E-015	9.58525575545300126E-016	-1	2.72400345011783793E-015	-1	OK
89.750000000000000	2.51104288273851058E-014	2.22726390752974778E-014	8.12310752897887954E-015	1.41495315463185951E-014	2.83778975208762765E-015	7.34938991978629256E-016	-1	2.10285076010899820E-015	-1	OK
90.000000000000000	1.97312442587506289E-014	1.75585598707918258E-014	6.37700165902733666E-015	1.11815582117644907E-014	2.17268438795880272E-015	5.61550433646718824E-016	-1	1.61113395431208399E-015	-1	OK
90.250000000000000	1.54399501122407400E-014	1.37820926555390068E-014	4.98445443429260709E-015	8.79763822124640204E-015	1.65785745670173385E-015	4.25408136585693284E-016	-1	1.23244932011604052E-015	-1	OK
90.500000000000000	1.20244834881658994E-014	1.07717659833248880E-014	3.87852010660412473E-015	6.89324587672076329E-015	1.25271750484101063E-015	3.21453583344426515E-016	-1	9.31263921496584069E-016	-1	OK
90.750000000000000	9.32340619635593639E-015	8.37871124876398413E-015	3.00286072534430930E-015	5.37585052341967404E-015	9.44694947591951866E-016	2.40209408466306509E-016	-1	7.04485539125645357E-016	-1	OK
91.000000000000000	7.18538998110253152E-015	6.47923388659815514E-015	2.31201213859136015E-015	4.16722174800679420E-015	7.06156094504376377E-016	1.78596679722899284E-016	-1	5.27559414781477093E-016	-1	OK
91.250000000000000	5.50981253118529253E-015	4.98462727846481081E-015	1.77070488442475934E-015	3.21392239404005127E-015	5.25185252720481720E-016	1.31713851401667627E-016	-1	3.93471401318814118E-016	-1	OK
91.500000000000000	4.19902527234250430E-015	3.81220679049831186E-015	1.34831206022105779E-015	2.46389473027725406E-015	3.86818481844192240E-016	9.63788364732626740E-017	-1	2.90439645370929554E-016	-1	OK
91.750000000000000	3.18202199532902799E-015	2.89914103464183607E-015	1.02077498528396361E-015	1.87836604935787325E-015	2.82880960687191770E-016	7.02032557635723715E-017	-1	2.12677704923619387E-016	-1	OK
92.000000000000000	2.39654380549292663E-015	2.19126776046075927E-015	7.68045885542413735E-016	1.42322187491834574E-015	2.05276045032167531E-016	5.05938472916156283E-017	-1	1.54682197740551896E-016	-1	OK
92.250000000000000	1.79373386791074385E-015	1.64641169643989830E-015	5.74209458341058565E-016	1.07220223809883964E-015	1.47322171470845529E-016	3.61463871970708701E-017	-1	1.11175784273774659E-016	-1	OK
92.500000000000000	1.33293097259187998E-015	1.22738011515083693E-015	4.26110218162150562E-016	8.01269896988686315E-016	1.05550857441043102E-016	2.56513584137514999E-017	-1	7.98994990272916026E-017	-1	OK
92.750000000000000	9.83219476101277953E-016	9.08867801327789492E-016	3.14011009936473686E-016	5.94856791391315707E-016	7.43516747734884118E-017	1.72933443724000115E-017	-1	5.70583304010884033E-017	-1	OK
93.000000000000000	7.19799693979892347E-016	6.67850947528293505E-016	2.29626404672536396E-016	4.38224542855757059E-016	5.19487464515988055E-017	1.22546655913696609E-017	-1	3.96940808602291416E-017	-1	OK
93.250000000000000	5.22451421497909282E-016	4.86513924663543305E-016	1.66539889325760693E-016	3.19974035337782463E-016	3.59374968343659834E-017	8.42957371399038123E-018	-1	2.75079231203756021E-017	-1	OK
93.500000000000000	3.76630739500961842E-016	3.52069109417187327E-016	1.19875650990210583E-016	2.32193458426976695E-016	2.45616300837745178E-017	5.82839906365189861E-018	-1	1.87332310201226184E-017	-1	OK
93.750000000000000	2.69206685758214049E-016	2.52563620968459235E-016	8.54974289093988033E-017	1.67066192059060469E-016	1.66430647897548228E-017	3.91673566551969621E-018	-1	1.27263291242351274E-017	-1	OK
94.000000000000000	1.90400815797388762E-016	1.79279180161950704E-016	6.03544028402650498E-017	1.18924777321685679E-016	1.11216356354380588E-017	2.59155364857857507E-018	-1	8.53008198685948331E-018	-1	OK
94.250000000000000	1.33329709663355499E-016	1.26009629979270306E-016	4.21752294320039315E-017	8.38344005472663563E-017	7.32007968408519587E-018	1.61762089940302209E-018	-1	5.70245878468217417E-018	-1	OK
94.500000000000000	9.22417039735470433E-017	8.74967620661252898E-017	2.91384655798638591E-017	5.83582964862614245E-017	4.74494190742175897E-018	1.03650428386945800E-018	-1	3.70843762355230135E-018	-1	OK
94.750000000000000	6.31781335149439679E-017	6.01488656846052658E-017	1.99214476906064640E-017	4.02274179939988049E-017	3.02926783033869745E-018	6.71270843742798923E-019	-1	2.35799698659589853E-018	-1	OK
