#pt	totcs	totdirect	directLO	directNLO	totfrag	fragLO	err_fragLO	fragNLO	err_fragNLO	errmess
0.50000000000000000	23823282.381138608	-4135454.5090083927	11108411.011388360	-15243865.520396756	27958736.890147001	6830054.4674012186	-1	21128682.422745783	-1	Error
0.75000000000000000	4761398.8946269350	1975934.9974278051	1127957.5117921259	847977.48563567922	2785463.8971991297	724268.62379960611	-1	2061195.2733995235	-1	Error
1.0000000000000000	922795.55864583002	470146.39461524459	225933.75574337048	244212.63887187411	452649.16403058550	127726.47898348780	-1	324922.68504709768	-1	Error
1.2500000000000000	227186.49114304682	128089.64831070243	60410.197868572868	67679.450442129528	99096.842832344410	30387.901623157271	-1	68708.941209187135	-1	Error
1.5000000000000000	63779.152215127186	38776.183370979452	18504.222967769962	20271.960403209494	25002.968844147734	8209.6203118480425	-1	16793.348532299693	-1	Error
1.7500000000000000	18331.559258684363	12227.436982069996	5841.4818074862205	6385.9551745837780	6104.1222766143692	2023.8870890382673	-1	4080.2351875761019	-1	Error
2.0000000000000000	5898.7607944489991	4142.8771382972127	1974.9265062672921	2167.9506320299201	1755.8836561517867	578.78387019702711	-1	1177.0997859547597	-1	Error
2.2500000000000000	2054.2867497952157	1488.4065886157703	706.20644152207979	782.20014709369059	565.88016117944551	185.76477568410149	-1	380.11538549534401	-1	Error
2.5000000000000000	758.27445260582692	560.28422007789095	264.00974567158096	296.27447440630999	197.99023252793597	64.189396879945789	-1	133.80083564799020	-1	Error
2.7500000000000000	292.08015820573780	218.78151690931460	102.17280070119421	116.60871620812046	73.298641296423185	23.429836080778934	-1	49.868805215644251	-1	Error
3.0000000000000000	116.06195419016484	87.844212727493755	40.578195283847613	47.266017443646170	28.217741462671079	8.8746716060648527	-1	19.343069856606228	-1	Error
3.2500000000000000	47.202632976643876	36.012967853622548	16.423633275848971	19.589334577773577	11.189665123021326	3.4766696919207387	-1	7.7129954311005875	-1	Error
3.5000000000000000	19.493677091305535	14.979629989450746	6.7318060126447223	8.2478239768060213	4.5140471018547892	1.3813938138139281	-1	3.1326532880408609	-1	Error
3.7500000000000000	8.1243890722323435	6.2832785872264996	2.7773564718448611	3.5059221153816376	1.8411104850058444	0.55394886151715017	-1	1.2871616234886942	-1	Error
4.0000000000000000	3.4002880706257996	2.6450096919142667	1.1478372346698045	1.4971724572444629	0.75527837871153303	0.22243968965387936	-1	0.53283868905765364	-1	OK
4.2500000000000000	1.4190580277093612	1.1115086400908740	0.47266534088636858	0.63884329920450567	0.30754938761848705	8.84795291031299641E-002	-1	0.21906985851535710	-1	OK
4.5000000000000000	0.58778508033201105	0.46368815790188639	0.19284446256746648	0.27084369533441993	0.12409692243012468	3.51728773869800851E-002	-1	8.89240450431446061E-002	-1	OK
4.7500000000000000	0.24023154627599216	0.19097198167051677	7.75197189871700693E-002	0.11345226268334664	4.92595646054754047E-002	1.36504116150997050E-002	-1	3.56091529903757031E-002	-1	OK
5.0000000000000000	9.63149974306879986E-002	7.72140033131428760E-002	3.05261579756703483E-002	4.66878453374725416E-002	1.91009941175451226E-002	5.16408028471196118E-003	-1	1.39369138328331622E-002	-1	OK
5.2500000000000000	3.76382035168926071E-002	3.04502865010231744E-002	1.16972950015995034E-002	1.87529914994236761E-002	7.18791701586943190E-003	1.89648862237946632E-003	-1	5.29142839348996537E-003	-1	OK
5.5000000000000000	1.42144769915611615E-002	1.16225901794960364E-002	4.32767225631578486E-003	7.29491792318025158E-003	2.59188681206512549E-003	6.67583294009769677E-004	-1	1.92430351805535581E-003	-1	OK
5.7500000000000000	5.14888857979892665E-003	4.25597751337019985E-003	1.53183783891735949E-003	2.72413967445283905E-003	8.92911066428726916E-004	2.22998174925132696E-004	-1	6.69912891503594192E-004	-1	OK
6.0000000000000000	1.76811847672122082E-003	1.47935103078523987E-003	5.13076506588544339E-004	9.66274524196695421E-004	2.88767445935980899E-004	6.95162095570799846E-005	-1	2.19251236378900915E-004	-1	OK
6.2500000000000000	5.68556778163770084E-004	4.81827782868692771E-004	1.60495131198272326E-004	3.21332651670420499E-004	8.67289952950772990E-005	2.01204063066163193E-005	-1	6.66085889884609865E-005	-1	OK
6.5000000000000000	1.68215810335227184E-004	1.44595722805170745E-004	4.60738017653346022E-005	9.85219210398361562E-005	2.36200875300564460E-005	5.33477728012976280E-006	-1	1.82853102499266831E-005	-1	OK
6.7500000000000000	4.47653043374264444E-005	3.90761862178698222E-005	1.18552273439950335E-005	2.72209588738747853E-005	5.68911811955661972E-006	1.23575887521191059E-006	-1	4.45335924434470892E-006	-1	OK
7.0000000000000000	1.03815267820844953E-005	9.21071926028420724E-006	2.64568915075922714E-006	6.56503010952497968E-006	1.17080752180028874E-006	2.42770889423612868E-007	-1	9.28036632376675925E-007	-1	OK
