#pt	totcs	totdirect	directLO	directNLO	totfrag	fragLO	err_fragLO	fragNLO	err_fragNLO	errmess
0.50000000000000000	22671221.300603598	4594506.7642174112	3967214.7036854578	627292.06053195265	18076714.536386188	4387762.3641853463	-1	13688952.172200842	-1	Error
0.75000000000000000	1990996.0139506722	924891.77287641354	511564.52700690500	413327.24586950860	1066104.2410742587	269844.89788574836	-1	796259.34318851028	-1	Error
1.0000000000000000	323686.83196480473	190700.91935537182	92252.981059989092	98447.938295382730	132985.91260943291	34408.014807314452	-1	98577.897802118459	-1	Error
1.2500000000000000	71385.968006290495	46425.972083416425	21040.518301497683	25385.453781918739	24959.995922874074	6461.3134978997768	-1	18498.682424974297	-1	Error
1.5000000000000000	18902.116600412799	12946.939708706592	5639.6831445213829	7307.2565641852070	5955.1768917062082	1532.2586037265883	-1	4422.9182879796199	-1	Error
1.7500000000000000	5684.4084930871586	4011.4639567224749	1698.5623980313276	2312.9015586911464	1672.9445363646835	426.85554665003536	-1	1246.0889897146481	-1	Error
2.0000000000000000	1870.9020930390423	1345.1289114828637	556.72097606866134	788.40793541420214	525.77318155617854	133.23848679020318	-1	392.53469476597536	-1	Error
2.2500000000000000	657.99610284027676	478.92910117737154	194.27828326885762	284.65081790851383	179.06700166290523	44.898961190270498	-1	134.16804047263474	-1	Error
2.5000000000000000	243.29028199051362	178.47655835219615	71.044361032017150	107.43219732017900	64.813723638317470	16.034596779293523	-1	48.779126859023947	-1	Error
2.7500000000000000	93.278720288765243	68.816727581547028	26.888810937630961	41.927916643916049	24.461992707218215	5.9696000202580137	-1	18.492392686960201	-1	Error
3.0000000000000000	36.765033078309692	27.212620176951472	10.434841956320881	16.777778220630591	9.5524129013582204	2.2971682674314735	-1	7.2552446339267469	-1	Error
3.2500000000000000	14.753370500141536	10.954129171466152	4.1199877935312355	6.8341413779349178	3.7992413286753850	0.90169835121463437	-1	2.8975429774607506	-1	Error
3.5000000000000000	5.9876830559224787	4.4594244402775622	1.6438392172672573	2.8155852230103053	1.5282586156449165	0.35778790322724735	-1	1.1704707124176692	-1	Error
3.7500000000000000	2.4446166108471119	1.8251155698399040	0.65876165776703566	1.1663539120728685	0.61950104100720793	0.14280924962586797	-1	0.47669179138133999	-1	Error
4.0000000000000000	0.99738652333409172	0.74697528085628817	0.26371100453894852	0.48326427631733959	0.25041124247780350	5.67479605531366268E-002	-1	0.19366328192466686	-1	OK
4.2500000000000000	0.40494722636261699	0.30419695795992924	0.10491248651009875	0.19928447144983047	0.10075026840268775	2.24224682715583566E-002	-1	7.83278001311293881E-002	-1	OK
4.5000000000000000	0.16259544171995730	0.12260118471254440	4.12508699150055946E-002	8.13503147975387919E-002	3.99942570074129020E-002	8.73197793442907766E-003	-1	3.12622790729838243E-002	-1	OK
4.7500000000000000	6.41252211611505751E-002	4.86239048923958542E-002	1.59377702465526884E-002	3.26861346458431623E-002	1.55013162687547244E-002	3.31970117006732826E-003	-1	1.21816150986873966E-002	-1	OK
5.0000000000000000	2.47316398895905572E-002	1.88598993806478460E-002	6.01293487868942607E-003	1.28469645019584234E-002	5.87174050894271205E-003	1.23366387828549866E-003	-1	4.63807663065721361E-003	-1	OK
5.2500000000000000	9.25264949010559321E-003	7.10561314737443231E-003	2.19981831891677892E-003	4.90579482845765556E-003	2.14703634273116090E-003	4.41831684708473302E-004	-1	1.70520465802268765E-003	-1	OK
5.5000000000000000	3.32975638088058587E-003	2.57942455730871293E-003	7.74093358159480918E-004	1.80533119914923147E-003	7.50331823571873048E-004	1.50728443141520370E-004	-1	5.99603380430352678E-004	-1	OK
5.7500000000000000	1.14399919029683009E-003	8.94290323153057324E-004	2.59638355378132978E-004	6.34651967774924291E-004	2.49708867143772764E-004	4.91072455293093500E-005	-1	2.00601621614463421E-004	-1	OK
6.0000000000000000	3.70767725125920175E-004	2.92966214737038020E-004	8.20971207101352978E-005	2.10869094026902776E-004	7.78015103888821818E-005	1.47798331282930304E-005	-1	6.30216772605891548E-005	-1	OK
6.2500000000000000	1.11833585646207946E-004	8.94043864915406621E-005	2.41245989467547873E-005	6.52797875447858782E-005	2.24291991546672905E-005	4.13334283903355855E-006	-1	1.82958563156337311E-005	-1	OK
6.5000000000000000	3.07996072155676437E-005	2.49668802693755576E-005	6.46884537365182993E-006	1.84980348957237293E-005	5.83272694619208441E-006	1.04905130389457977E-006	-1	4.78367564229750421E-006	-1	OK
6.7500000000000000	7.56288652915058614E-006	6.22900438044647975E-006	1.54471598605847362E-006	4.68428839438800655E-006	1.33388214870410661E-006	2.32438121811347153E-007	-1	1.10144402689275937E-006	-1	OK
7.0000000000000000	1.60173065891734355E-006	1.34313004683534817E-006	3.17614738642882209E-007	1.02551530819246602E-006	2.58600612081995326E-007	4.33959232255855920E-008	-1	2.15204688856409741E-007	-1	OK
