#pt	totcs	totdirect	directLO	directNLO	totfrag	fragLO	err_fragLO	fragNLO	err_fragNLO	errmess
0.50000000000000000	114689127.04111242	-42867172.529279791	4615753.7584694726	-47482926.287749261	157556299.57039222	61950708.562389150	-1	95605591.008003071	-1	Error
0.75000000000000000	37940542.855893470	-1617165.7799919937	979036.72825158120	-2596202.5082435734	39557708.635885462	12969056.266970294	-1	26588652.368915170	-1	Error
1.0000000000000000	18719943.849837910	-197878.71529842261	893643.89205887169	-1091522.6073572950	18917822.565136332	7291291.5629477240	-1	11626531.002188608	-1	Error
1.2500000000000000	8417768.6197643280	98173.470805301331	588184.13693709462	-490010.66613179370	8319595.1489590267	3552336.7463212362	-1	4767258.4026377909	-1	Error
1.5000000000000000	4030489.8708819412	133452.91212717979	369606.76146013383	-236153.84933295363	3897036.9587547611	1802326.8004997792	-1	2094710.1582549820	-1	Error
1.7500000000000000	2103727.9533340940	113214.87744095363	234746.95813751130	-121532.08069655778	1990513.0758931402	969856.88033398776	-1	1020656.1955591524	-1	Error
2.0000000000000000	1176287.6186960880	86716.105217204429	152956.67162342454	-66240.566406220125	1089571.5134788835	554327.52042125724	-1	535243.99305762630	-1	Error
2.2500000000000000	696746.99593142385	64523.267070431961	102310.02924057737	-37786.762170145332	632223.72886099189	332846.62657629250	-1	299377.10228469939	-1	Error
2.5000000000000000	431984.00208927575	47730.094532519812	70035.316616883545	-22305.222084363762	384253.90755675593	208100.35032933156	-1	176153.55722742438	-1	Error
2.7500000000000000	278052.56722409511	35512.682527114346	49103.367592205839	-13590.685065091477	242539.88469698079	135039.98890375136	-1	107499.89579322943	-1	Error
3.0000000000000000	186203.34563039994	26700.700876903080	35228.689745734417	-8527.9888688313458	159502.64475349686	90638.949936211473	-1	68863.694817285388	-1	Error
3.2500000000000000	128673.99569339713	20313.331733718434	25797.881866551033	-5484.5501328326091	108360.66395967868	62584.497157748032	-1	45776.166801930653	-1	Error
3.5000000000000000	91405.916266923115	15635.872120380576	19234.951319695323	-3599.0791993147454	75770.044146542539	44214.075997222128	-1	31555.968149320412	-1	Error
3.7500000000000000	66371.408155884012	12171.764788853114	14573.584787145581	-2401.8199982924680	54199.643367030898	31918.418249863000	-1	22281.225117167898	-1	Error
4.0000000000000000	49016.673572806249	9576.6802884846657	11201.845879164410	-1625.1655906797469	39439.993284321579	23482.243048265922	-1	15957.750236055657	-1	OK
4.2500000000000000	36861.005977298490	7611.4485703193459	8723.1830865417523	-1111.7345162224083	29249.557406979144	17572.613656899190	-1	11676.943750079954	-1	OK
4.5000000000000000	28152.113507815557	6106.9214027588278	6873.6882238777880	-766.76682111895911	22045.192105056729	13358.725928292619	-1	8686.4661767641101	-1	OK
4.7500000000000000	21807.440099847649	4942.9926279265401	5474.7419970425208	-531.74936911598036	16864.447471921107	10301.086781418288	-1	6563.3606905028191	-1	OK
5.0000000000000000	17095.389920550726	4033.6760674900834	4403.3943290958596	-369.71826160577609	13061.713853060644	8038.3012778279317	-1	5023.4125752327127	-1	OK
5.2500000000000000	13564.120902422352	3316.7102934417217	3573.5835451076082	-256.87325166588420	10247.410608980630	6342.8982889209019	-1	3904.5123200597282	-1	OK
5.5000000000000000	10873.342207373873	2746.5382530702154	2924.1560071960776	-177.61775412586402	8126.8039543036575	5056.1625149678275	-1	3070.6414393358300	-1	OK
5.7500000000000000	8802.3657036883542	2289.5119382695307	2411.0637015961938	-121.55176332666309	6512.8537654188231	4068.4017512743849	-1	2444.4520141444382	-1	OK
6.0000000000000000	7179.3500418011281	1920.3845672585653	2002.0737945952333	-81.689227336669063	5258.9654745425623	3301.5544214680172	-1	1957.4110530745452	-1	OK
6.2500000000000000	5909.9481405746792	1620.1135335243998	1673.3715353989835	-53.258001874583648	4289.8346070502794	2699.9846997401442	-1	1589.8499073101352	-1	OK
6.5000000000000000	4900.4775596740301	1374.2161358438243	1407.1713073899682	-32.955171546144271	3526.2614238302058	2223.5626329337974	-1	1302.6987908964084	-1	OK
6.7500000000000000	4089.4585607184626	1171.5796241986234	1190.0511048822884	-18.471480683664801	2917.8789365198395	1843.4122441915611	-1	1074.4666923282784	-1	OK
7.0000000000000000	3434.2338427137456	1003.6050821358108	1011.7837247248563	-8.1786425890456602	2430.6287605779348	1537.9155461746209	-1	892.71321440331394	-1	OK
7.2500000000000000	2900.2356868455290	863.58868054630329	864.50607371176295	-0.91739316545955985	2036.6470062992257	1290.5797641339457	-1	746.06724216528005	-1	OK
7.5000000000000000	2462.4225809816135	746.26503209174598	742.12148733842332	4.1435447533224670	1716.1575488898675	1089.8229234644009	-1	626.33462542546658	-1	OK
7.7500000000000000	2099.5286911875646	647.47176632572200	639.86657484868795	7.6051914770335927	1452.0569248618426	924.55206955585413	-1	527.50485530598849	-1	OK
8.0000000000000000	1799.2622011872081	563.89560625814022	553.99125276581412	9.9043534923263703	1235.3665949290680	787.97203188415187	-1	447.39456304491614	-1	OK
8.2500000000000000	1549.4818819811912	492.87792006349184	481.52029296306239	11.357627100429433	1056.6039619176993	674.61059627266161	-1	381.99336564503767	-1	OK
8.5000000000000000	1339.7743210365647	432.27659363307032	420.07983532388795	12.196758309182400	907.49772740349431	578.96325018353275	-1	328.53447721996156	-1	OK
8.7500000000000000	1162.1025770259569	380.35634002436177	367.76410607553191	12.592233948829948	781.74623700159509	499.81354244404997	-1	281.93269455754512	-1	OK
9.0000000000000000	1012.6490010677804	335.70433668878945	323.03431221179318	12.670024476996272	676.94466437899098	433.14796715117109	-1	243.79669722781989	-1	OK
9.2500000000000000	885.51991472454324	297.16399814189236	284.64086530645227	12.523132835440057	588.35591658265093	376.72242011400903	-1	211.63349646864191	-1	OK
9.5000000000000000	776.97566362023690	263.78406493262901	251.56373535415642	12.220329578472629	513.19159868760789	328.76590253662397	-1	184.42569615098392	-1	OK
9.7500000000000000	683.99178463234716	234.77849737690866	222.96606772506806	11.812429651840612	449.21328725543850	287.83744584074566	-1	161.37584141469284	-1	OK
10.000000000000000	603.48338945865771	209.49498328265832	198.15804396281374	11.336939319844616	393.98840617599944	252.78627088092281	-1	141.20213529507663	-1	OK
10.250000000000000	534.34042201710668	187.38974722684350	176.56840302756311	10.821344199280432	346.95067479026324	222.70055598022356	-1	124.25011881003968	-1	OK
10.500000000000000	474.40704198648530	168.00799112307055	157.72210594643190	10.285885176638649	306.39905086341474	196.75576725727419	-1	109.64328360614056	-1	OK
10.750000000000000	422.31627492889641	150.96737681338072	141.22238301635451	9.7449937970262681	271.34889811551568	174.30245144679577	-1	97.046446668719909	-1	OK
11.000000000000000	376.87892964370087	135.94588764354577	126.73664593734367	9.2092417062020751	240.93304200015513	154.79985767899709	-1	86.133184321158041	-1	OK
11.250000000000000	337.15380323499721	122.67076593832513	113.98487375696499	8.6858921813601011	214.48303729667211	137.82152262873626	-1	76.661514667935847	-1	OK
11.500000000000000	302.31534281714630	110.91068677869288	102.73063521268767	8.1800515660051811	191.40465603845345	123.00206327314305	-1	68.402592765310402	-1	OK
11.750000000000000	271.68100415145875	100.46837725307856	92.773534938538859	7.6948423145397067	171.21262689838022	110.02373953951376	-1	61.188887358866467	-1	OK
12.000000000000000	244.66269131332004	91.175444989330856	83.943197207013526	7.2322477823173612	153.48724632398918	98.627471212684299	-1	54.859775111304884	-1	OK
12.250000000000000	220.77999049988193	82.887531422801686	76.094282149279636	6.7932492735220418	137.89245907708025	88.595061470907126	-1	49.297397606173121	-1	OK
12.500000000000000	199.60865499537317	75.480595370264382	69.102430303615151	6.3781650666492364	124.12805962510879	79.742906991186189	-1	44.385152633922601	-1	OK
12.750000000000000	180.80626915121502	68.847761935250688	62.860933416607843	5.9868285186428620	111.95850721596435	71.914121688806162	-1	40.044385527158184	-1	OK
13.000000000000000	164.06931782434765	62.896675032467279	57.277952789030394	5.6187222434369017	101.17264279188038	64.973720809841055	-1	36.198921982039323	-1	OK
13.250000000000000	149.13935852760864	57.547341144866387	52.274245339744596	5.2730958051217947	91.592017382742242	58.806494980744318	-1	32.785522401997923	-1	OK
13.500000000000000	135.79600334382394	52.730266183575360	47.781238306488916	4.9490278770864595	83.065737160248574	53.316182178622952	-1	29.749554981625622	-1	OK
13.750000000000000	123.84309135326191	48.384955043632765	43.739460369971447	4.6454946736613314	75.458136309629154	48.315035906222789	-1	27.143100403406365	-1	OK
14.000000000000000	113.11500612684023	44.458645768526232	40.097199439773277	4.3614463287529501	68.656360358313989	43.947645264807370	-1	24.708715093506619	-1	OK
14.250000000000000	103.47010627054257	40.905155391865101	36.809381286886264	4.0957741049788563	62.564950878677465	40.037977175792882	-1	22.526973702884582	-1	OK
14.500000000000000	94.751722732793127	37.684058378557559	33.836642372318259	3.8474160062393175	57.067664354235561	36.531375797465031	-1	20.536288556770529	-1	OK
14.750000000000000	86.918757352485329	34.759814602364109	31.144511151678746	3.6153034506853672	52.158942750121220	33.381251370743421	-1	18.777691379377799	-1	OK
15.000000000000000	79.840746752547545	32.101165400298171	28.702750984741186	3.3984144155569793	47.739581352249367	30.560432455567263	-1	17.179148896682104	-1	OK
15.250000000000000	73.433285081218344	29.680541529677456	26.484775572768260	3.1957659569091956	43.752743551540888	28.002205594073367	-1	15.750537957467522	-1	OK
15.500000000000000	67.624015783750039	27.473577777951839	24.467164397868459	3.0064133800833850	40.150438005798200	25.691977840392994	-1	14.458460165405207	-1	OK
15.750000000000000	62.350634815289837	25.458728199100893	22.629250373577445	2.8294778255234383	36.891906616188940	23.602060885369891	-1	13.289845730819049	-1	OK
16.000000000000000	57.556605665969798	23.616862441941382	20.952751362840072	2.6641110791013225	33.939743224028412	21.708706957369539	-1	12.231036266658872	-1	OK
16.250000000000000	53.192744267969587	21.931004283609468	19.421477323780842	2.5095269598286229	31.261739984360123	19.991584683292420	-1	11.270155301067703	-1	OK
16.500000000000000	49.215297058560907	20.386046966078140	18.021057411607725	2.3649895544704145	28.829250092482766	18.431779242119692	-1	10.397470850363074	-1	OK
16.750000000000000	45.583798592722410	18.968501464384140	16.738701031492891	2.2298004328912495	26.615297128338270	17.012875997084073	-1	9.6024211312541965	-1	OK
17.000000000000000	42.265149440628690	17.666359867116611	15.563035550057998	2.1033243170586107	24.598789573512075	15.720380321858475	-1	8.8784092516536006	-1	OK
17.250000000000000	39.228468101700841	16.468870885345254	14.483916783634678	1.9849541017105763	22.759597216355591	14.541438443299638	-1	8.2181587730559524	-1	OK
17.500000000000000	36.446161910110121	15.366412252713918	13.492286576272489	1.8741256764414300	21.079749657396199	13.464907757897956	-1	7.6148418994982432	-1	OK
17.750000000000000	33.894069955955246	14.350370957154908	12.580042143455701	1.7703288136992059	19.543698998800338	12.480672176695039	-1	7.0630268221052983	-1	OK
18.000000000000000	31.541050555887569	13.412985341263894	11.739917313822541	1.6730680274413590	18.128065214623675	11.580066571982011	-1	6.5479986426416641	-1	OK
18.250000000000000	29.387494879792541	12.547289091217619	10.965397111611379	1.5818919796062405	16.840205788574924	10.754922735505449	-1	6.0852830530694746	-1	OK
18.500000000000000	27.405640914637807	11.747018733959870	10.250628130102495	1.4963906038573718	15.658622180677940	9.9978364181604444	-1	5.6607857625174951	-1	OK
18.750000000000000	25.579943328426793	11.006509522631672	9.5903398779491962	1.4161696446824756	14.573433805795121	9.3025829502445401	-1	5.2708508555505809	-1	OK
19.000000000000000	23.896278790271520	10.320653948997355	8.9797863692885809	1.3408675797087792	13.575624841274164	8.6634959500906330	-1	4.9121288911835315	-1	OK
19.250000000000000	22.341358653040508	9.6848438604481935	8.4146868169458156	1.2701570435023781	12.656514792592317	8.0754562537182331	-1	4.5810585388740837	-1	OK
19.500000000000000	20.894149373757983	9.0948932930746089	7.8911712235490503	1.2037220695255604	11.799256080683376	7.5337083738786497	-1	4.2655477068047265	-1	OK
19.750000000000000	19.566055148498805	8.5470164080743682	7.4057420508123872	1.1412743572619823	11.019038740424438	7.0341021943460245	-1	3.9849365460784139	-1	OK
20.000000000000000	18.338170780795362	8.0377864643501340	6.9552335584834060	1.0825529058667271	10.300384316445228	6.5727744898641669	-1	3.7276098265810615	-1	OK
20.250000000000000	17.198583114010106	7.5640803706670408	6.5367727807305869	1.0273075899364570	9.6345027433430630	6.1463601916832102	-1	3.4881425516598528	-1	OK
20.500000000000000	16.141778315957154	7.1230613540853671	6.1477535831163035	0.97530777096906118	9.0187169618717888	5.7519217524931632	-1	3.2667952093786257	-1	OK
20.750000000000000	15.161185835076573	6.7121533407174949	5.7858090342270305	0.92634430649046218	8.4490324943590789	5.3868055378414592	-1	3.0622269565176197	-1	OK
21.000000000000000	14.250340998443463	6.3290010186586292	5.4487838509277724	0.88021716773085434	7.9213399797848343	5.0485369558001860	-1	2.8728030239846483	-1	OK
21.250000000000000	13.403415479528933	5.9714569320956556	5.1347160407028287	0.83674089139282903	7.4319585474332772	4.7349525265978523	-1	2.6970060208354250	-1	OK
21.500000000000000	12.615200269728469	5.6375637129028826	4.8418180410089153	0.79574567189396628	6.9776365568255860	4.4439466295503163	-1	2.5336899272752698	-1	OK
21.750000000000000	11.880794113398661	5.3255314685791744	4.5684582449702766	0.75707322360890028	6.5552626448194857	4.1735439268163850	-1	2.3817187180031008	-1	OK
22.000000000000000	11.196482203515821	5.0337201793991984	4.3131457468560415	0.72057443254315678	6.1627620241166232	3.9222547777828769	-1	2.2405072463337463	-1	OK
22.250000000000000	10.557931670548218	4.7606289119316045	4.0745180259233083	0.68611088600829750	5.7973027586166141	3.6885077397099466	-1	2.1087950189066675	-1	OK
22.500000000000000	9.9615804382435211	4.5048850406560774	3.8513286629282062	0.65355637772787056	5.4566953975874437	3.4709394243008926	-1	1.9857559732865511	-1	OK
22.750000000000000	9.4049268084702344	4.2652257203006387	3.6424350877476255	0.62279063255301270	5.1397010881695957	3.2682854063151847	-1	1.8714156818544110	-1	OK
23.000000000000000	8.8845272152657806	4.0404923142378539	3.4467901338967550	0.59370218034110023	4.8440349010279267	3.0793373801404988	-1	1.7646975208874278	-1	OK
23.250000000000000	8.3977022911360564	3.8296219140937713	3.2634332209530483	0.56618869314072140	4.5680803770422846	2.9030445799290927	-1	1.6650357971131919	-1	OK
23.500000000000000	7.9420055726630645	3.6316358071233781	3.0914817756960407	0.54015403142733753	4.3103697655396864	2.7384515415840469	-1	1.5719182239556395	-1	OK
23.750000000000000	7.5151998101314739	3.4456317124571827	2.9301242181458309	0.51550749431135201	4.0695680976742912	2.5846731227492428	-1	1.4848949749250484	-1	OK
24.000000000000000	7.1151857341356557	3.2707801213828365	2.7786143693465268	0.49216575203630886	3.8444056127528188	2.4408908265112395	-1	1.4035147862415793	-1	OK
24.250000000000000	6.7400185745229768	3.1063161376251376	2.6362650340179985	0.47005110360713942	3.6337024368978392	2.3063669638510915	-1	1.3273354730467477	-1	OK
24.500000000000000	6.3878941430671450	2.9515327410441365	2.5024426907089015	0.44909005033523475	3.4363614020230089	2.1804250875189224	-1	1.2559363145040865	-1	OK
24.750000000000000	6.0544472548842272	2.8057785723973270	2.3765634098272308	0.42921516257009568	3.2486686824869007	2.0624579462302481	-1	1.1862107362566525	-1	OK
25.000000000000000	5.7439287917786430	2.6684501234253966	2.2580878678519896	0.41036225557340722	3.0754786683532460	1.9518961475653427	-1	1.1235825207879033	-1	OK
25.250000000000000	5.4519924352826035	2.5389906086876097	2.1465182535474954	0.39247235514011514	2.9130018265949937	1.8482175522120596	-1	1.0647842743829341	-1	OK
25.500000000000000	5.1773816826508012	2.4168839436612659	2.0413941119193879	0.37548983174187872	2.7604977389895353	1.7509178522964972	-1	1.0095798866930381	-1	OK
25.750000000000000	4.9188895055184156	2.3016510808309274	1.9422889716526250	0.35936210917830202	2.6172384246874882	1.6595477398592131	-1	0.95769068482827513	-1	OK
26.000000000000000	4.6754436571402156	2.1928477785817240	1.8488078067293472	0.34403997185237672	2.4825958785584916	1.5736982786888083	-1	0.90889759986968333	-1	OK
26.250000000000000	4.4461721203312567	2.0900638241237783	1.7605856852363566	0.32947813888742178	2.3561082962074789	1.4929932433888042	-1	0.86311505281867462	-1	OK
26.500000000000000	4.2298845852536839	1.9929177510868299	1.6772841599416415	0.31563359114518902	2.2369668341668540	1.4170751117419387	-1	0.81989172242491537	-1	OK
26.750000000000000	4.0258672391949615	1.9010550811308260	1.5985892544826101	0.30246582664821536	2.1248121580641355	1.3455948051496291	-1	0.77921735291450633	-1	OK
27.000000000000000	3.8334076268055721	1.8141471648222698	1.5242097068909046	0.28993745793136516	2.0192604619833023	1.2782751018107303	-1	0.74098536017257199	-1	OK
27.250000000000000	3.6516063082691170	1.7318880549274440	1.4538748331496461	0.27801322177779814	1.9197182533416732	1.2148553270163642	-1	0.70486292632530900	-1	OK
27.500000000000000	3.4798526191866626	1.6539927905389262	1.3873330854007280	0.26665970513819764	1.8258598286477363	1.1550790139821181	-1	0.67078081466561823	-1	OK
27.750000000000000	3.3175109301941514	1.5801967458560504	1.3243506102631064	0.25584613559294389	1.7373141843381010	1.0987201203313151	-1	0.63859406400678598	-1	OK
28.000000000000000	3.1639891361338961	1.5102529158716276	1.2647096355499776	0.24554328032165013	1.6537362202622685	1.0455634321652472	-1	0.60817278809702136	-1	OK
28.250000000000000	3.0187385812119234	1.4439309024681688	1.2082073798022372	0.23572352266593108	1.5748076787437546	0.99536931025365116	-1	0.57943836849010344	-1	OK
28.500000000000000	2.8812748177463297	1.3810162382498830	1.1546550044158326	0.22636123383405057	1.5002585794964469	0.94796577953800309	-1	0.55229279995844383	-1	OK
28.750000000000000	2.7511069267827977	1.3213084821248795	1.1038763852162119	0.21743209690866744	1.4297984446579182	0.90318033961006239	-1	0.52661810504785578	-1	OK
29.000000000000000	2.6277943854874817	1.2646207194483243	1.0557072433616188	0.20891347608670552	1.3631736660391574	0.86084136742993611	-1	0.50233229860922124	-1	OK
29.250000000000000	2.5109261639870146	1.2107778167762291	1.0099941417488241	0.20078367502740485	1.3001483472107855	0.82080031687528421	-1	0.47934803033550133	-1	OK
29.500000000000000	2.4001164406692137	1.1596164239176185	0.96659390401221201	0.19302251990540720	1.2405000167515949	0.78291274987761439	-1	0.45758726687398055	-1	OK
29.750000000000000	2.2949780817869812	1.1109836292723321	0.92537271535418120	0.18561091391815121	1.1839944525146493	0.74704827376402116	-1	0.43694617875062813	-1	OK
30.000000000000000	2.1951937241575523	1.0647366508139213	0.88620553303243732	0.17853111778148370	1.1304570733436310	0.71309119015115507	-1	0.41736588319247592	-1	OK
30.250000000000000	2.1004713753930639	1.0207415608750730	0.84897529028270136	0.17176627059237168	1.0797298145179912	0.68092266111705602	-1	0.39880715340093520	-1	OK
30.500000000000000	2.0105094661070941	0.97887268246801407	0.81357240318088975	0.16530027928712437	1.0316367836390798	0.65043403246248521	-1	0.38120275117659463	-1	OK
30.750000000000000	1.9250407153017663	0.93901239378081058	0.77989430872851917	0.15911808505229169	0.98602832152095576	0.62152543638181379	-1	0.36450288513914197	-1	OK
31.000000000000000	1.8438063732457211	0.90105047070667810	0.74784494087994713	0.15320552982673075	0.94275590253904296	0.59410415214367074	-1	0.34865175039537222	-1	OK
31.250000000000000	1.7665696933614998	0.86488350341354447	0.71733424283863501	0.14754926057490919	0.90168618994795535	0.56808306440534428	-1	0.33360312554261107	-1	OK
31.500000000000000	1.6931057621380146	0.83041435045607159	0.68827771753087275	0.14213663292519876	0.86269141168194285	0.54338181865459834	-1	0.31930959302734452	-1	OK
31.750000000000000	1.6232036998819479	0.79755160528622326	0.66059606490400635	0.13695554038221691	0.82565209459572464	0.51992448797675983	-1	0.30572760661896481	-1	OK
32.000000000000000	1.5566734474499857	0.76620972830341461	0.63421493569837539	0.13199479260503913	0.79046371914657110	0.49763937861296376	-1	0.29282434053360734	-1	OK
32.250000000000000	1.4933223347891471	0.73630817821052608	0.60906445933199871	0.12724371887852751	0.75701415657862092	0.47646033423316031	-1	0.28055382234546061	-1	OK
32.500000000000000	1.4329764274392804	0.70777110742434624	0.58507896745124288	0.12269213997310340	0.72520532001493432	0.45632340465754684	-1	0.26888191535738748	-1	OK
32.750000000000000	1.3754727592024563	0.68052717352776360	0.56219673151797589	0.11833044200978778	0.69494558567469256	0.43717236513668156	-1	0.25777322053801099	-1	OK
33.000000000000000	1.3206765565223466	0.65450934093675106	0.54035973550394356	0.11414960543280783	0.66616721558559566	0.41895252826135115	-1	0.24721468732424451	-1	OK
33.250000000000000	1.2684100754319096	0.62965459648487343	0.51951341290109598	0.11014118358377738	0.63875547894703621	0.40161145803668730	-1	0.23714402091034892	-1	OK
33.500000000000000	1.2185551113820574	0.60590339783010283	0.49960635457900382	0.10629704325109898	0.61265171355195458	0.38510096059089105	-1	0.22755075296106353	-1	OK
33.750000000000000	1.1709836960229532	0.58319958684532125	0.48059015237511615	0.10260943447020508	0.58778410917763202	0.36937593041405170	-1	0.21840817876358032	-1	OK
34.000000000000000	1.1255800837186563	0.56149026048274264	0.46241921719982221	9.90710432829205317E-002	0.56408982323591350	0.35439390521491643	-1	0.20969591802099707	-1	OK
34.250000000000000	1.0822292367778459	0.54072560965120697	0.44505060100386373	9.56750086473434069E-002	0.54150362712663891	0.34011496904459476	-1	0.20138865808204415	-1	OK
34.500000000000000	1.0408224869596183	0.52085863859207604	0.42844380430846385	9.24148342836124126E-002	0.51996384836754239	0.32650204288174950	-1	0.19346180548579289	-1	OK
34.750000000000000	1.0012621565127753	0.50184498047793713	0.41256062550210154	8.92843549758355060E-002	0.49941717603483815	0.31351978109460532	-1	0.18589739494023283	-1	OK
35.000000000000000	0.96345492086407247	0.48364264943058954	0.39736500018156451	8.62776492490248959E-002	0.47981227143348293	0.30113500329984566	-1	0.17867726813363727	-1	OK
35.250000000000000	0.92731410349993026	0.46621202617818946	0.38282289221627647	8.33891339619127758E-002	0.46110207732174080	0.28931585673030624	-1	0.17178622059143456	-1	OK
35.500000000000000	0.89275232792636339	0.44951546894571220	0.36890212134966710	8.06133475960451734E-002	0.44323685898065118	0.27803328698743091	-1	0.16520357199322028	-1	OK
35.750000000000000	0.85969096575493797	0.43351766626418103	0.35557237108809842	7.79452951760824103E-002	0.42617329949075694	0.26725943548846248	-1	0.15891386400229446	-1	OK
36.000000000000000	0.82805532051220598	0.41818539344776379	0.34280500145784321	7.53803919899206365E-002	0.40986992706444220	0.25696621318805585	-1	0.15290371387638635	-1	OK
36.250000000000000	0.79777557931095933	0.40348688658768916	0.33057285368887462	7.29140328988144848E-002	0.39428869272327016	0.24713151148413867	-1	0.14715718123913149	-1	OK
36.500000000000000	0.76878669650941134	0.38939210812994146	0.31885026833032271	7.05418397996188107E-002	0.37939458837946988	0.23773175066247371	-1	0.14166283771699617	-1	OK
36.750000000000000	0.74102516315822142	0.37587272377058090	0.30761298090107975	6.82597428695011776E-002	0.36515243938764047	0.22874365307977140	-1	0.13640878630786907	-1	OK
37.000000000000000	0.71443212607411344	0.36290174073669429	0.29683800081298367	6.60637399237106043E-002	0.35153038533741915	0.22014809280484052	-1	0.13138229253257863	-1	OK
37.250000000000000	0.68895031020140873	0.35045381054779301	0.28650361651544964	6.39501940323433660E-002	0.33849649965361578	0.21192548367441508	-1	0.12657101597920070	-1	OK
37.500000000000000	0.66425171131037297	0.33850486000204572	0.27658924308665417	6.19156169153914637E-002	0.32574685130832720	0.20405811607106678	-1	0.12168873523726043	-1	OK
37.750000000000000	0.64067294290833599	0.32703205220124498	0.26707536631701589	5.99566858842291162E-002	0.31364089070709106	0.19652854760348695	-1	0.11711234310360411	-1	OK
38.000000000000000	0.61796108059892751	0.31601359822979891	0.25794346597416240	5.80701322556365016E-002	0.30194748236912855	0.18932025404417269	-1	0.11262722832495586	-1	OK
38.250000000000000	0.59644790425459626	0.30542884823799304	0.24917599412408672	5.62528541139062505E-002	0.29101905601660316	0.18241768364159566	-1	0.10860137237500750	-1	OK
38.500000000000000	0.57634691414635708	0.29525821995075741	0.24075631889103019	5.45019010597272632E-002	0.28108869419559968	0.17580690236505297	-1	0.10528179183054670	-1	OK
38.750000000000000	0.55651862662066232	0.28548324894429800	0.23266868733832868	5.28145616059693124E-002	0.27103537767636438	0.16947302710828391	-1	0.10156235056808047	-1	OK
39.000000000000000	0.53748471840760292	0.27608632825588320	0.22489813405267800	5.11881942032051881E-002	0.26139839015171973	0.16340411719459003	-1	9.79942729571297022E-002	-1	OK
39.250000000000000	0.51921082150403763	0.26705078512477981	0.21743045955823101	4.96203255665488216E-002	0.25216003637925782	0.15758966500250071	-1	9.45703713767571119E-002	-1	OK
39.500000000000000	0.50165999443392351	0.25836071536473559	0.21025216034901348	4.81085550157220945E-002	0.24329927906918786	0.15201683388707951	-1	9.12824451821083460E-002	-1	OK
39.750000000000000	0.48480019783225176	0.25000096268593075	0.20335040755381742	4.66505551321133374E-002	0.23479923514632101	0.14667036809345760	-1	8.81288670528634077E-002	-1	OK
40.000000000000000	0.46860025526685156	0.24195712992359775	0.19671301342644201	4.52441164971558313E-002	0.22664312534325379	0.14153960330807358	-1	8.51035220351802069E-002	-1	OK
40.250000000000000	0.45303101057445150	0.23421555939305186	0.19032840709945928	4.38871522935925518E-002	0.21881545118139967	0.13661595631506929	-1	8.21994948663303804E-002	-1	OK
40.500000000000000	0.43806482270022185	0.22676330629418370	0.18418559413085375	4.25777121633299921E-002	0.21130151640603817	0.13189074105679183	-1	7.94107753492463431E-002	-1	OK
40.750000000000000	0.42367450172416021	0.21958796133689740	0.17827410192761536	4.13138594092820818E-002	0.20408654038726279	0.12735397593394901	-1	7.67325644533137785E-002	-1	OK
41.000000000000000	0.40983467065147927	0.21267780327653332	0.17258398498752753	4.00938182890058711E-002	0.19715686737494598	0.12299633079845555	-1	7.41605365764904240E-002	-1	OK
41.250000000000000	0.39652116708936758	0.20602164526080211	0.16710576724302076	3.89158780177813676E-002	0.19049952182856544	0.11881098311950287	-1	7.16885387090625686E-002	-1	OK
41.500000000000000	0.38371166795115841	0.19960874228423350	0.16183040152144457	3.77783407627889992E-002	0.18410292566692493	0.11479026612090237	-1	6.93126595460225592E-002	-1	OK
41.750000000000000	0.37138378679467443	0.19342883653657866	0.15674926375198844	3.66795727845902197E-002	0.17795495025809577	0.11092681205718098	-1	6.70281382009147858E-002	-1	OK
42.000000000000000	0.35951684307675180	0.18747226386496568	0.15185418876132686	3.56180751036388396E-002	0.17204457921178609	0.10721348143574484	-1	6.48310977760412493E-002	-1	OK
42.250000000000000	0.34794877379165406	0.18172981825970341	0.14713739338728632	3.45924248724171074E-002	0.16621895553195065	0.10364392560920808	-1	6.25750299227425671E-002	-1	OK
42.500000000000000	0.33685981885789618	0.17619266613610607	0.14259145412441734	3.36012120116887664E-002	0.16066715272179008	0.10021245941137631	-1	6.04546933104137679E-002	-1	OK
42.750000000000000	0.32626892133706453	0.17085245382473790	0.13820930963900876	3.26431441857291393E-002	0.15541646751232660	9.69123900850809572E-002	-1	5.85040774272456432E-002	-1	OK
43.000000000000000	0.31592841607218825	0.16570119319970811	0.13398421691820711	3.17169762815010317E-002	0.15022722287248011	9.37378523929612434E-002	-1	5.64893704795188661E-002	-1	OK
43.250000000000000	0.30610040864883570	0.16073121419993644	0.12990973563058045	3.08214785693559749E-002	0.14536919444889926	9.06834546015471282E-002	-1	5.46857398473521300E-002	-1	OK
43.500000000000000	0.29662804612794308	0.15593518786990523	0.12597972225908841	2.99554656108168595E-002	0.14069285825803785	8.77440540331186764E-002	-1	5.29488042249191687E-002	-1	OK
43.750000000000000	0.28749667629957609	0.15130612961403200	0.12218832113241004	2.91178084816219630E-002	0.13619054668554409	8.49147128207837498E-002	-1	5.12758338647603396E-002	-1	OK
44.000000000000000	0.27868850748829443	0.14683741285983010	0.11852995313189042	2.83074597279396947E-002	0.13185109462846437	8.21910694391805308E-002	-1	4.96600251892838351E-002	-1	OK
44.250000000000000	0.27019511395565893	0.14252270979358814	0.11499929017739519	2.75234196161929581E-002	0.12767240416207079	7.95684468395876920E-002	-1	4.81039573224830985E-002	-1	OK
44.500000000000000	0.26201052332115726	0.13835594089888445	0.11159123762994511	2.67647032689393508E-002	0.12365458242227281	7.70425164341993624E-002	-1	4.66120659880734506E-002	-1	OK
44.750000000000000	0.25410981791483811	0.13433130862382248	0.10830093203375199	2.60303765900704760E-002	0.11977850929101562	7.46092206231017407E-002	-1	4.51692886679138789E-002	-1	OK
45.000000000000000	0.24648625468416688	0.13044328702463215	0.10512372922691990	2.53195577977122499E-002	0.11604296765953473	7.22647110967554740E-002	-1	4.37782565627792553E-002	-1	OK
45.250000000000000	0.23912874518610885	0.12668658703859753	0.10205518949539664	2.46313975432009037E-002	0.11244215814751132	7.00049870483465120E-002	-1	4.24371710991648110E-002	-1	OK
45.500000000000000	0.23202485038724313	0.12305612817858259	9.90910630922917091E-002	2.39650650862909230E-002	0.10896872220866055	6.78268135312647125E-002	-1	4.11419086773958387E-002	-1	OK
45.750000000000000	0.22516790069852760	0.11954702948315438	9.62272850334503493E-002	2.33197444497040170E-002	0.10562087121537324	6.57265740720057307E-002	-1	3.98942971433675075E-002	-1	OK
46.000000000000000	0.21854652857036538	0.11615466887565702	9.34599796263434895E-002	2.26946892493135460E-002	0.10239185969470835	6.37014424729040601E-002	-1	3.86904172218042880E-002	-1	OK
46.250000000000000	0.21215138604985373	0.11287462454572982	9.07854374307851680E-002	2.20891871149446577E-002	9.92767615041239282E-002	6.17486424286568802E-002	-1	3.75281190754670479E-002	-1	OK
46.500000000000000	0.20597388118827978	0.10970263628213008	8.82001042927309103E-002	2.15025319893991339E-002	9.62712449061497028E-002	5.98649678770095811E-002	-1	3.64062770291401216E-002	-1	OK
46.750000000000000	0.20000553077244923	0.10663464161966013	8.57005831958453368E-002	2.09340584238147699E-002	9.33708891527890994E-002	5.80476637024994885E-002	-1	3.53232254502896109E-002	-1	OK
47.000000000000000	0.19423839331142417	0.10366676215611831	8.32836232071824251E-002	2.03831389489358694E-002	9.05716311553058651E-002	5.62940731716646131E-002	-1	3.42775579836412519E-002	-1	OK
47.250000000000000	0.18866459452202322	0.10079524898263702	8.09461041536811421E-002	1.98491448289558545E-002	8.78693455393862177E-002	5.46017449838906710E-002	-1	3.32676005554955467E-002	-1	OK
47.500000000000000	0.18327675978477792	9.80165055360758819E-002	7.86850378985129162E-002	1.93314676375629692E-002	8.52602542487020526E-002	5.28707208517421728E-002	-1	3.23895333969598798E-002	-1	OK
47.750000000000000	0.17806772768308055	9.53270940183179039E-002	7.64975658066184006E-002	1.88295282116995276E-002	8.27406336647626556E-002	5.12964919120180718E-002	-1	3.14441417527445838E-002	-1	OK
48.000000000000000	0.17303080658853096	9.27237391950723328E-002	7.43809546258192844E-002	1.83427845692530310E-002	8.03070673934586227E-002	4.97763938164843267E-002	-1	3.05306735769742960E-002	-1	OK
48.250000000000000	0.16815939260949578	9.02033064720442479E-002	7.23325850102829598E-002	1.78707214617612915E-002	7.79560861374515301E-002	4.83083143643001783E-002	-1	2.96477717731513518E-002	-1	OK
48.500000000000000	0.16344242640383566	8.77627674782967410E-002	7.03499420204205389E-002	1.74128254578761882E-002	7.56796589255389063E-002	4.68902338331482066E-002	-1	2.87894250923906997E-002	-1	OK
48.750000000000000	0.15888410553486659	8.53992340032120323E-002	6.84306187994770804E-002	1.69686152037349554E-002	7.34848715316545609E-002	4.55202207821611901E-002	-1	2.79646507494933708E-002	-1	OK
49.000000000000000	0.15447361960880979	8.31099388244218862E-002	6.65723071989832854E-002	1.65376316254386008E-002	7.13636807843878868E-002	4.41964250387833629E-002	-1	2.71672557456045238E-002	-1	OK
49.250000000000000	0.15020556236181670	8.08922120419762469E-002	6.47727905006611759E-002	1.61194215413150745E-002	6.93133503198404416E-002	4.29170460440896490E-002	-1	2.63963042757507926E-002	-1	OK
49.500000000000000	0.14607460606430217	7.87434949415471430E-002	6.30299422783578145E-002	1.57135526631893147E-002	6.73311111227550274E-002	4.16804283235072542E-002	-1	2.56506827992477732E-002	-1	OK
49.750000000000000	0.14207573099465279	7.66613217922655216E-002	6.13417214414579068E-002	1.53196003508076217E-002	6.54144092023872664E-002	4.04849516822699748E-002	-1	2.49294575201172916E-002	-1	OK
50.000000000000000	0.13820411954154455	7.46433372345659263E-002	5.97061729571895516E-002	1.49371642773763452E-002	6.35607823069786332E-002	3.93292353570413242E-002	-1	2.42315469499373090E-002	-1	OK
50.250000000000000	0.13445513760189962	7.26872784845658537E-002	5.81214188234099108E-002	1.45658596611559221E-002	6.17678591173337621E-002	3.82117501743721860E-002	-1	2.35561089429615761E-002	-1	OK
50.500000000000000	0.13082422283965117	7.07909649157709014E-002	5.65856560835653263E-002	1.42053088322055716E-002	6.00332579238802636E-002	3.71309243579219864E-002	-1	2.29023335659582772E-002	-1	OK
50.750000000000000	0.12730737365840850	6.89523177841300239E-002	5.50971578972259471E-002	1.38551598869040438E-002	5.83550558742784720E-002	3.60853934297069440E-002	-1	2.22696624445715280E-002	-1	OK
51.000000000000000	0.12390030344953910	6.71693472849019257E-002	5.36542656662213763E-002	1.35150816186805339E-002	5.67309561646371779E-002	3.50738498904268961E-002	-1	2.16571062742102818E-002	-1	OK
51.250000000000000	0.12056999777909552	6.54401195531712637E-002	5.22553815478660894E-002	1.31847380053051570E-002	5.51298782259242656E-002	3.40950366458492998E-002	-1	2.10348415800749658E-002	-1	OK
51.500000000000000	0.11737179830669714	6.37627819322915124E-002	5.08989724297052720E-002	1.28638095025862369E-002	5.36090163744056339E-002	3.31477623777034144E-002	-1	2.04612539967022194E-002	-1	OK
51.750000000000000	0.11427218087039978	6.21355578538742639E-002	4.95835653060995099E-002	1.25519925477747540E-002	5.21366230165255240E-002	3.22308777041415903E-002	-1	1.99057453123839337E-002	-1	OK
52.000000000000000	0.11126768786889935	6.05567237848535292E-002	4.83077420351630191E-002	1.22489817496905067E-002	5.07109640840458231E-002	3.13432675948763229E-002	-1	1.93676964891695003E-002	-1	OK
52.250000000000000	0.10835504643598891	5.90246323255298050E-002	4.70701418876886615E-002	1.19544904378411435E-002	4.93304141104591032E-002	3.04838718662183532E-002	-1	1.88465422442407500E-002	-1	OK
52.500000000000000	0.10553105025069656	5.75377046142341447E-002	4.58694582563574926E-002	1.16682463578766556E-002	4.79933456364624103E-002	2.96516547275617950E-002	-1	1.83416909089006153E-002	-1	OK
52.750000000000000	0.10279226581049862	5.60944224693068691E-002	4.47044353637724642E-002	1.13899871055344101E-002	4.66978433411917512E-002	2.88456569399680278E-002	-1	1.78521864012237234E-002	-1	OK
53.000000000000000	0.10013636392917319	5.46933301302514885E-002	4.35738654280985946E-002	1.11194647021528974E-002	4.54430337989217073E-002	2.80649351669425597E-002	-1	1.73780986319791476E-002	-1	OK
53.250000000000000	9.75601255406871037E-002	5.33330152284897108E-002	4.24765837393346057E-002	1.08564314891551137E-002	4.42271103121973930E-002	2.73085991755262873E-002	-1	1.69185111366711056E-002	-1	OK
53.500000000000000	9.50607577696200856E-002	5.20121132734076910E-002	4.14114698383316604E-002	1.06006434350760081E-002	4.30486444962124015E-002	2.65757728733332296E-002	-1	1.64728716228791719E-002	-1	OK
53.750000000000000	9.26361752965237234E-002	5.07293280412536157E-002	4.03774496520813916E-002	1.03518783891722328E-002	4.19068472552701077E-002	2.58656240452703398E-002	-1	1.60412232099997679E-002	-1	OK
54.000000000000000	9.02832005950657823E-002	4.94834051077517045E-002	3.93734868156121257E-002	1.01099182921395702E-002	4.07997954873140709E-002	2.51773724795062333E-002	-1	1.56224230078078376E-002	-1	OK
54.250000000000000	8.79810730826988130E-002	4.82731302295181103E-002	3.83985831852940718E-002	9.87454704422403677E-003	3.97079428531806958E-002	2.45102528732878064E-002	-1	1.51976899798928894E-002	-1	OK
54.500000000000000	8.57654247219648141E-002	4.70973386716939113E-002	3.74517790936200953E-002	9.64555957807382292E-003	3.86680860502709028E-002	2.38635268499360446E-002	-1	1.48045592003348582E-002	-1	OK
54.750000000000000	8.36145882040405519E-002	4.59549144310298363E-002	3.65321512667403162E-002	9.42276316428951669E-003	3.76596737730107087E-002	2.32364880703528030E-002	-1	1.44231857026579056E-002	-1	OK
55.000000000000000	8.15264617770840583E-002	4.48447740450848217E-002	3.56388085805066507E-002	9.20596546457816758E-003	3.66816877319992365E-002	2.26284625394551214E-002	-1	1.40532251925441151E-002	-1	OK
55.250000000000000	7.94989078999774335E-002	4.37658727265554659E-002	3.47708927016303765E-002	8.99498002492509809E-003	3.57330351734219676E-002	2.20388119511904304E-002	-1	1.36942232222315372E-002	-1	OK
55.500000000000000	7.75299278328066555E-002	4.27172089828734905E-002	3.39275781181329616E-002	8.78963086474053752E-003	3.48127188499331650E-002	2.14669182703993398E-002	-1	1.33458005795338251E-002	-1	OK
55.750000000000000	7.56175782356940107E-002	4.16978141953738071E-002	3.31080690153109855E-002	8.58974518006283549E-003	3.39197640403201967E-002	2.09121998712308854E-002	-1	1.30075641690893112E-002	-1	OK
56.000000000000000	7.37601315380898709E-002	4.07067609523055346E-002	3.23115998309935690E-002	8.39516112131195695E-003	3.30533705857843363E-002	2.03740192968498990E-002	-1	1.26793512889344373E-002	-1	OK
56.250000000000000	7.19557766212443051E-002	3.97431508675220591E-002	3.15374309552696672E-002	8.20571991225238842E-003	3.22126257537222530E-002	1.98517909340110467E-002	-1	1.23608348197112063E-002	-1	OK
56.500000000000000	7.02027044868595296E-002	3.88061122918454612E-002	3.07848487263042148E-002	8.02126356554123607E-003	3.13965921950140753E-002	1.93449858029117149E-002	-1	1.20516063921023604E-002	-1	OK
56.750000000000000	6.85002420174714438E-002	3.78948082857129137E-002	3.00531658336427240E-002	7.84164245207018100E-003	3.06054337317585336E-002	1.88531060432843255E-002	-1	1.17523276884742081E-002	-1	OK
57.000000000000000	6.68447196865076393E-002	3.70084323915448460E-002	2.93417195071970852E-002	7.66671288434776083E-003	2.98362872949627933E-002	1.83756231108159682E-002	-1	1.14606641841468251E-002	-1	OK
57.250000000000000	6.52357127347254484E-002	3.61462000092473978E-002	2.86498694022817510E-002	7.49633060696565118E-003	2.90895127254780471E-002	1.79120733327330812E-002	-1	1.11774393927449658E-002	-1	OK
57.500000000000000	6.36703269018482759E-002	3.53073578797227644E-002	2.79769990174185343E-002	7.33035886230423012E-003	2.83629690221255115E-002	1.74620114937171778E-002	-1	1.09009575284083338E-002	-1	OK
57.750000000000000	6.21345776169873118E-002	3.44911854161245243E-002	2.73225148771094918E-002	7.16867053901503772E-003	2.76433922008627875E-002	1.69521508656270484E-002	-1	1.06912413352357391E-002	-1	OK
58.000000000000000	6.06566476164377560E-002	3.36969797648968283E-002	2.66858427366478169E-002	7.01113702824901139E-003	2.69596678515409242E-002	1.65293653972468715E-002	-1	1.04303024542940527E-002	-1	OK
58.250000000000000	5.92185592256611743E-002	3.29240668089427410E-002	2.60664298563658102E-002	6.85763695257691867E-003	2.62944924167184367E-002	1.61187110564991916E-002	-1	1.01757813602192451E-002	-1	OK
58.500000000000000	5.78210804517106172E-002	3.21717953618902500E-002	2.54637423613264351E-002	6.70805300056381056E-003	2.56492850898203673E-002	1.57197903229136862E-002	-1	9.92949476690668104E-003	-1	OK
58.750000000000000	5.64618761019679422E-002	3.14395359489717738E-002	2.48772648413789800E-002	6.56227110759279378E-003	2.50223401529961649E-002	1.53322520302335875E-002	-1	9.69008812276257736E-003	-1	OK
59.000000000000000	5.51395447382088608E-002	3.07266802854157459E-002	2.43064994789826058E-002	6.42018080643314178E-003	2.44128644527931149E-002	1.49557196281842192E-002	-1	9.45714482460889572E-003	-1	OK
59.250000000000000	5.38533421302579973E-002	3.00326421100018878E-002	2.37509659412216551E-002	6.28167616878023451E-003	2.38207000202561060E-002	1.45898152340133321E-002	-1	9.23088478624277398E-003	-1	OK
59.500000000000000	5.26019135060876997E-002	2.93568521105679811E-002	2.32101994265292849E-002	6.14665268403869185E-003	2.32450613955197220E-002	1.42342630984475908E-002	-1	9.01079829707213120E-003	-1	OK
59.750000000000000	5.13684744328134629E-002	2.86987578735756962E-002	2.26837508815518167E-002	6.01500699202387867E-003	2.26697165592377632E-002	1.38887161948078493E-002	-1	8.78100036442991394E-003	-1	OK
60.000000000000000	5.01839038257229988E-002	2.80578290162076874E-002	2.21711876775678614E-002	5.88664133863982426E-003	2.21260748095153115E-002	1.35528405190243201E-002	-1	8.57323429049099139E-003	-1	OK
60.250000000000000	4.90350066374331470E-002	2.74335570313318511E-002	2.16720926591974297E-002	5.76146437213442050E-003	2.16014496061012959E-002	1.32263279246633749E-002	-1	8.37512168143792098E-003	-1	OK
60.500000000000000	4.79128660169191450E-002	2.68254483694222029E-002	2.11860622714655084E-002	5.63938609795669368E-003	2.10874176474969421E-002	1.29088780373387453E-002	-1	8.17853961015819683E-003	-1	OK
60.750000000000000	4.68205337674603428E-002	2.62330255930548067E-002	2.07127065567394714E-002	5.52031903631533798E-003	2.05875081744055360E-002	1.26002106672834496E-002	-1	7.98729750712208648E-003	-1	OK
61.000000000000000	4.57570936175623055E-002	2.56558280121994900E-002	2.02516486986884965E-002	5.40417931351098221E-003	2.01012656053628155E-002	1.23000520957755721E-002	-1	7.80121350958724348E-003	-1	OK
61.250000000000000	4.47216844704447988E-002	2.50934091029955952E-002	1.98025241669917279E-002	5.29088493600386473E-003	1.96282753674492036E-002	1.20081369903535032E-002	-1	7.62013837709570041E-003	-1	OK
61.500000000000000	4.37133942826957445E-002	2.45453368572041003E-002	1.93649804338397631E-002	5.18035642336433459E-003	1.91680574254916442E-002	1.17242065178764839E-002	-1	7.44385090761516023E-003	-1	OK
61.750000000000000	4.27315345170596189E-002	2.40111923549709699E-002	1.89386763877002311E-002	5.07251596727073453E-003	1.87203421620886490E-002	1.14480132855870314E-002	-1	7.27232887650161759E-003	-1	OK
62.000000000000000	4.17752710503977373E-002	2.34905711109665780E-002	1.85232824980293385E-002	4.96728861293725069E-003	1.82846999394311593E-002	1.11793182754277368E-002	-1	7.10538166400342258E-003	-1	OK
62.250000000000000	4.08436973717336005E-002	2.29830807548051658E-002	1.81184799217168208E-002	4.86460083308834328E-003	1.78606166169284312E-002	1.09178906854719288E-002	-1	6.94272593145650249E-003	-1	OK
62.500000000000000	3.99363512500883755E-002	2.24883429749948849E-002	1.77239607046585333E-002	4.76438227033635937E-003	1.74480082750934941E-002	1.06635077219435319E-002	-1	6.78450055314996220E-003	-1	OK
62.750000000000000	3.90523734205920348E-002	2.20059940144563711E-002	1.73394273676620615E-002	4.66656664679430348E-003	1.70463794061356602E-002	1.04159543044687174E-002	-1	6.63042510166694278E-003	-1	OK
63.000000000000000	3.81908747630045065E-002	2.15356794025774942E-002	1.69645915926982284E-002	4.57108780987926667E-003	1.66551953604270157E-002	1.01750214249797435E-002	-1	6.48017393544727226E-003	-1	OK
63.250000000000000	3.73419813382604576E-002	2.10770581458374420E-002	1.65991747334126930E-002	4.47788341242474474E-003	1.62649231924230156E-002	9.94050797597292000E-003	-1	6.32441521645009559E-003	-1	OK
63.500000000000000	3.65242933572717601E-002	2.06297980187232152E-002	1.62429066253106241E-002	4.38689139341259804E-003	1.58944953385485449E-002	9.71222513230102745E-003	-1	6.18227020624751746E-003	-1	OK
63.750000000000000	3.57273750588585209E-002	2.01935761237658287E-002	1.58955256854098823E-002	4.29805043835594647E-003	1.55337989350926905E-002	9.49002791170684354E-003	-1	6.04377102338584694E-003	-1	OK
64.000000000000000	3.49506254648276893E-002	1.97680827602352560E-002	1.55567793392231944E-002	4.21130342101206159E-003	1.51825427045924350E-002	9.27368775819509793E-003	-1	5.90885494639733708E-003	-1	OK
64.250000000000000	3.41934085000629995E-002	1.93530162714357565E-002	1.52264225810224436E-002	4.12659369041332071E-003	1.48403922286272465E-002	9.06303148236966769E-003	-1	5.77736074625757878E-003	-1	OK
64.500000000000000	3.34551888273474651E-002	1.89480848342449062E-002	1.49042184494622663E-002	4.04386638478263817E-003	1.45071039931025624E-002	8.85788761069554453E-003	-1	5.64921638240701782E-003	-1	OK
64.750000000000000	3.27244462648446088E-002	1.85530071384830617E-002	1.45899377433826773E-002	3.96306939510038432E-003	1.41714391263615506E-002	8.65809746489562722E-003	-1	5.51334166146592343E-003	-1	OK
65.000000000000000	3.20229174746673451E-002	1.81675085025313557E-002	1.42833580978575340E-002	3.88415040467382164E-003	1.38554089721359911E-002	8.46350365917317507E-003	-1	5.39190531296281604E-003	-1	OK
65.250000000000000	3.13388344714519984E-002	1.77913251491009471E-002	1.39842646792201816E-002	3.80706046988077028E-003	1.35475093223510496E-002	8.27395634687940786E-003	-1	5.27355297547164176E-003	-1	OK
65.500000000000000	3.06717078862988012E-002	1.74242012716525549E-002	1.36924491134414791E-002	3.73175215821107539E-003	1.32475066146462463E-002	8.08929766769089613E-003	-1	5.15820894695535014E-003	-1	OK
65.750000000000000	3.00210544331830503E-002	1.70658883175979770E-002	1.34077094294661331E-002	3.65817888813183955E-003	1.29551661155850716E-002	7.90936207748931495E-003	-1	5.04580403809575667E-003	-1	OK
66.000000000000000	2.93858428265417887E-002	1.67161450792014249E-002	1.31298498788277353E-002	3.58629520037369309E-003	1.26696977473403638E-002	7.73403526702588773E-003	-1	4.93566248031447607E-003	-1	OK
66.250000000000000	2.87667731182956084E-002	1.63747356810517303E-002	1.28586803486313520E-002	3.51605533242037825E-003	1.23920374372438781E-002	7.56318043575004723E-003	-1	4.82885700149383087E-003	-1	OK
66.500000000000000	2.81628295658539925E-002	1.60414329866618854E-002	1.25940169574842754E-002	3.44741602917761174E-003	1.21213965791921070E-002	7.39666869656156745E-003	-1	4.72472788263053958E-003	-1	OK
66.750000000000000	2.75641081269877991E-002	1.57160160486015076E-002	1.23356814511921212E-002	3.38033459740938718E-003	1.18480920783862916E-002	7.23437641183343610E-003	-1	4.61371566655285545E-003	-1	OK
67.000000000000000	2.69893996507184833E-002	1.53982710401854763E-002	1.20835012357929216E-002	3.31476980439255643E-003	1.15911286105330070E-002	7.07619803150669885E-003	-1	4.51493057902630814E-003	-1	OK
67.250000000000000	2.64285854456617134E-002	1.50879944151565068E-002	1.18373099445788638E-002	3.25068447057764174E-003	1.13405910305052066E-002	6.92199543799087730E-003	-1	4.41859559251432926E-003	-1	OK
67.500000000000000	2.58813426332419119E-002	1.47849879215709371E-002	1.15969457432504707E-002	3.18804217832046634E-003	1.10963547116709766E-002	6.77164207713205121E-003	-1	4.32471263453892540E-003	-1	OK
67.750000000000000	2.53472569571858257E-002	1.44890568024627943E-002	1.13622512155394442E-002	3.12680558692334703E-003	1.08582001547230314E-002	6.62504847518867197E-003	-1	4.23315167953435944E-003	-1	OK
68.000000000000000	2.48267604589282494E-002	1.42000124836594525E-002	1.11330738585684319E-002	3.06693862509102057E-003	1.06267479752687969E-002	6.48210820743412922E-003	-1	4.14463976783466768E-003	-1	OK
68.250000000000000	2.43178773364500361E-002	1.39176727330396766E-002	1.09092657916774853E-002	3.00840694136219125E-003	1.04002046034103578E-002	6.34271818352225968E-003	-1	4.05748641988809815E-003	-1	OK
68.500000000000000	2.38210890144023302E-002	1.36418600479548541E-002	1.06906834048336539E-002	2.95117664312120670E-003	1.01792289664474761E-002	6.20677850115965851E-003	-1	3.97245046528781759E-003	-1	OK
68.750000000000000	2.33355898994938651E-002	1.33724009861691598E-002	1.04771870986077945E-002	2.89521388756136576E-003	9.96318891332470535E-003	6.07419236107415578E-003	-1	3.88899655225054958E-003	-1	OK
69.000000000000000	2.28620282117242002E-002	1.31091264092846327E-002	1.02686414239152243E-002	2.84048498536940792E-003	9.75290180243956924E-003	5.94486607832758317E-003	-1	3.80803572411198606E-003	-1	OK
69.250000000000000	2.23996101604902395E-002	1.28518736660477063E-002	1.00649153951275737E-002	2.78695827092013309E-003	9.54773649444253490E-003	5.81870890886371315E-003	-1	3.72902758557882175E-003	-1	OK
69.500000000000000	2.19477472898493564E-002	1.26004862327192269E-002	9.86588223983470361E-003	2.73460399288452108E-003	9.34726105713012956E-003	5.69563292901279199E-003	-1	3.65162812811733756E-003	-1	OK
69.750000000000000	2.15067349727757554E-002	1.23548111918754568E-002	9.67141866852139383E-003	2.68339252335406684E-003	9.15192378090030033E-003	5.57555280882583455E-003	-1	3.57637097207446578E-003	-1	OK
70.000000000000000	2.10760081090556606E-002	1.21147005644595043E-002	9.48140497690559692E-003	2.63329558755391038E-003	8.96130754459615805E-003	5.45838594089097066E-003	-1	3.50292160370518739E-003	-1	OK
70.250000000000000	2.06553229896121737E-002	1.18800125009269307E-002	9.29572525618732777E-003	2.58428724473960380E-003	8.77531048868524129E-003	5.34405228655962863E-003	-1	3.43125820212561265E-003	-1	OK
70.500000000000000	2.02443457025204970E-002	1.16506070560603824E-002	9.11426669189273689E-003	2.53634036416764503E-003	8.59373864646011468E-003	5.23246608161222638E-003	-1	3.36127256484788830E-003	-1	OK
70.750000000000000	1.98428310031557482E-002	1.14263480924339696E-002	8.93691973569864760E-003	2.48942835673532674E-003	8.41648291072177868E-003	5.12355212976936709E-003	-1	3.29293078095241158E-003	-1	OK
71.000000000000000	1.94460624375144969E-002	1.12071034146733264E-002	8.76357806955373013E-003	2.44352534511959457E-003	8.23895902284116875E-003	5.01723312357459615E-003	-1	3.22172589926657260E-003	-1	OK
71.250000000000000	1.90628501046345988E-002	1.09927448259642801E-002	8.59413846200504997E-003	2.39860636395923185E-003	8.07010527867032049E-003	4.91345252540266540E-003	-1	3.15665275326765509E-003	-1	OK
71.500000000000000	1.86883874506772463E-002	1.07831480445178679E-002	8.42850070947949621E-003	2.35464733503836909E-003	7.90523940615937663E-003	4.81214263540870497E-003	-1	3.09309677075067166E-003	-1	OK
71.750000000000000	1.83224471272383088E-002	1.05781922504414351E-002	8.26656748527812048E-003	2.31162476516331289E-003	7.74425487679687198E-003	4.71324255754245955E-003	-1	3.03101231925441243E-003	-1	OK
72.000000000000000	1.79648046424973305E-002	1.03777596651229882E-002	8.10824423858659202E-003	2.26951542653639361E-003	7.58704497737434317E-003	4.61668651633937235E-003	-1	2.97035846103497082E-003	-1	OK
72.250000000000000	1.76148875847253403E-002	1.01817365614967903E-002	7.95343931023953683E-003	2.22829725125725476E-003	7.43315102322854911E-003	4.52241116956564760E-003	-1	2.91073985366290151E-003	-1	OK
72.500000000000000	1.72731937314664491E-002	9.99001191524518870E-003	7.80206352309150385E-003	2.18794839215368441E-003	7.28318181622126040E-003	4.43034316781498998E-003	-1	2.85283864840627042E-003	-1	OK
72.750000000000000	1.69391754197500029E-002	9.80247773774611114E-003	7.65403027053872340E-003	2.14844746720738600E-003	7.13669768200389260E-003	4.34042550181729971E-003	-1	2.79627218018659290E-003	-1	OK
73.000000000000000	1.66122890003015666E-002	9.61903014454674500E-003	7.50925565327607240E-003	2.10977449127067347E-003	6.99325885575481990E-003	4.25260712342002706E-003	-1	2.74065173233479283E-003	-1	OK
73.250000000000000	1.62930698301624287E-002	9.43956918025966665E-003	7.36765826122023557E-003	2.07191091903943412E-003	6.85350064990276290E-003	4.16683083212248881E-003	-1	2.68666981778027409E-003	-1	OK
73.500000000000000	1.59809579802945231E-002	9.26399601469176347E-003	7.22915856229847976E-003	2.03483745239328283E-003	6.71696196560275793E-003	4.08304383228419356E-003	-1	2.63391813331856437E-003	-1	OK
73.750000000000000	1.56757718172404678E-002	9.09221442219190247E-003	7.09367923856286334E-003	1.99853518362903999E-003	6.58355739504856534E-003	4.00119455850355722E-003	-1	2.58236283654500812E-003	-1	OK
74.000000000000000	1.53773381476792100E-002	8.92413047709514351E-003	6.96114509228698206E-003	1.96298538480816102E-003	6.45320767058406644E-003	3.92123363692281450E-003	-1	2.53197403366125194E-003	-1	OK
74.250000000000000	1.50855077405141133E-002	8.75965271844646523E-003	6.83148298277207796E-003	1.92816973567439139E-003	6.32585502206764808E-003	3.84311778349673630E-003	-1	2.48273723857091178E-003	-1	OK
74.500000000000000	1.48000904289818346E-002	8.59869312034559560E-003	6.70462208854033948E-003	1.89407103180525330E-003	6.20139730863623808E-003	3.76679162988905998E-003	-1	2.43460567874717810E-003	-1	OK
74.750000000000000	1.45209263353673450E-002	8.44116621078139229E-003	6.58049351162007506E-003	1.86067269916131506E-003	6.07976012458595356E-003	3.69221414586928939E-003	-1	2.38754597871666417E-003	-1	OK
75.000000000000000	1.42478589855525306E-002	8.28698822899367332E-003	6.45903016970282053E-003	1.82795805929085063E-003	5.96087075655885815E-003	3.61934060769702375E-003	-1	2.34153014886183440E-003	-1	OK
75.250000000000000	1.39807377914277116E-002	8.13607846519859984E-003	6.34016692387162888E-003	1.79591154132697031E-003	5.84465932622911175E-003	3.54812112106565663E-003	-1	2.29653820516345511E-003	-1	OK
75.500000000000000	1.37200080153920545E-002	7.98835758123281683E-003	6.22384027502285303E-003	1.76451730620996229E-003	5.73165043415923680E-003	3.47851189431005537E-003	-1	2.25313853984918143E-003	-1	OK
75.750000000000000	1.34643008953623591E-002	7.84374795216670820E-003	6.10998843707347659E-003	1.73375951509323225E-003	5.62055294319565180E-003	3.41047219640762227E-003	-1	2.21008074678802954E-003	-1	OK
76.000000000000000	1.32141087943256266E-002	7.70217483899765260E-003	5.99855153808671274E-003	1.70362330091093682E-003	5.51193395532797396E-003	3.34396384564912726E-003	-1	2.16797010967884670E-003	-1	OK
76.250000000000000	1.29692996480805529E-002	7.56356724621208738E-003	5.88947164744627744E-003	1.67409559876580973E-003	5.40573240186846549E-003	3.27894715806050299E-003	-1	2.12678524380796249E-003	-1	OK
76.500000000000000	1.27297431376025925E-002	7.42785491174246647E-003	5.78269204043892204E-003	1.64516287130354400E-003	5.30188822586012600E-003	3.21538393236303925E-003	-1	2.08650429349708675E-003	-1	OK
76.750000000000000	1.24950246294601563E-002	7.29496885668663893E-003	5.67815738814716770E-003	1.61681146853947253E-003	5.20005577277351735E-003	3.15323740605517053E-003	-1	2.04681836671834682E-003	-1	OK
77.000000000000000	1.22655677060959350E-002	7.16484177754340458E-003	5.57581382733291723E-003	1.58902795021048909E-003	5.10072592855253040E-003	3.09247248381354888E-003	-1	2.00825344473898153E-003	-1	OK
77.250000000000000	1.20409861736439482E-002	7.03740793957872632E-003	5.47560893423860735E-003	1.56179900534012049E-003	5.00357823406522191E-003	3.03305390298857580E-003	-1	1.97052433107664611E-003	-1	OK
77.500000000000000	1.18211601341522143E-002	6.91260300310762681E-003	5.37749164371933031E-003	1.53511135938829563E-003	4.90855713104458753E-003	2.97494778252371502E-003	-1	1.93360934852087251E-003	-1	OK
77.750000000000000	1.16059746152049510E-002	6.79036536216161279E-003	5.28141247700277504E-003	1.50895288515883776E-003	4.81560925304333910E-003	2.91812137846203046E-003	-1	1.89748787458130863E-003	-1	OK
78.000000000000000	1.13953159758213695E-002	6.67063499214158064E-003	5.18732329613261212E-003	1.48331169600897134E-003	4.72468098367978886E-003	2.86253986479168389E-003	-1	1.86214111888810497E-003	-1	OK
78.250000000000000	1.11890816477153189E-002	6.55335364785345972E-003	5.09517723707730592E-003	1.45817641077615402E-003	4.63572799986186005E-003	2.80817430386901294E-003	-1	1.82755369599284711E-003	-1	OK
78.500000000000000	1.09871665050660389E-002	6.43846476143064041E-003	5.00492875564108406E-003	1.43353600578955678E-003	4.54870174363539853E-003	2.75499561452122003E-003	-1	1.79370612911417850E-003	-1	OK
78.750000000000000	1.07894676971929185E-002	6.32591336921199850E-003	4.91653344473084921E-003	1.40937992448115037E-003	4.46355432798091912E-003	2.70297446152437419E-003	-1	1.76057986645654493E-003	-1	OK
79.000000000000000	1.05958853945097471E-002	6.21564485382599882E-003	4.82994780996086250E-003	1.38569704386513654E-003	4.38024054068374743E-003	2.65208504552862708E-003	-1	1.72815549515512035E-003	-1	OK
79.250000000000000	1.04063212015012060E-002	6.10760577162130537E-003	4.74512948837705652E-003	1.36247628324425146E-003	4.29871542987990060E-003	2.60229868805370284E-003	-1	1.69641674182619776E-003	-1	OK
79.500000000000000	1.02206779007417009E-002	6.00174449699983001E-003	4.66203734535415928E-003	1.33970715164567094E-003	4.21893340374187003E-003	2.55358647301046461E-003	-1	1.66534693073140541E-003	-1	OK
79.750000000000000	1.00388670246918804E-002	5.89801099594836238E-003	4.58063136202691793E-003	1.31737963392144618E-003	4.14085602874351717E-003	2.50592216254836133E-003	-1	1.63493386619515584E-003	-1	OK
80.000000000000000	9.86079795265712086E-003	5.79635679610182586E-003	4.50087262766714260E-003	1.29548416843468218E-003	4.06444115655529587E-003	2.45928279322071407E-003	-1	1.60515836333458180E-003	-1	OK
80.250000000000000	9.68638395371260869E-003	5.69673467753494672E-003	4.42272322242606621E-003	1.27401145510888094E-003	3.98964927617766196E-003	2.41166075721749393E-003	-1	1.57798851896016803E-003	-1	OK
80.500000000000000	9.51553422499532703E-003	5.59909809187819456E-003	4.34614610320510717E-003	1.25295198867308912E-003	3.91643613311713334E-003	2.36702956259155894E-003	-1	1.54940657052557440E-003	-1	OK
80.750000000000000	9.34817058012061067E-003	5.50340172756042054E-003	4.27110519039385073E-003	1.23229653716656960E-003	3.84476885256018926E-003	2.32334747510563227E-003	-1	1.52142137745455699E-003	-1	OK
81.000000000000000	9.18421225841773575E-003	5.40960170394283717E-003	4.19756541684484282E-003	1.21203628709799414E-003	3.77461055447489814E-003	2.28059164540226744E-003	-1	1.49401890907263071E-003	-1	OK
81.250000000000000	9.02358022139918350E-003	5.31765485566543065E-003	4.12549251929804611E-003	1.19216233636738520E-003	3.70592536573375372E-003	2.23874321409571518E-003	-1	1.46718215163803853E-003	-1	OK
81.500000000000000	8.86619507509570602E-003	5.22751959236468500E-003	4.05485324934274586E-003	1.17266634302193762E-003	3.63867548273102059E-003	2.19777984097298523E-003	-1	1.44089564175803536E-003	-1	OK
81.750000000000000	8.71195192774077559E-003	5.13915581129612345E-003	3.98561525221565079E-003	1.15354055908047310E-003	3.57279611644465258E-003	2.15767826073747339E-003	-1	1.41511785570717918E-003	-1	OK
82.000000000000000	8.56084776679017119E-003	5.05252415150786970E-003	3.91774690189192632E-003	1.13477724961594099E-003	3.50832361528230149E-003	2.11841793758433313E-003	-1	1.38990567769796836E-003	-1	OK
82.250000000000000	8.41277295600128920E-003	4.96758551534619026E-003	3.85121723965760158E-003	1.11636827568858846E-003	3.44518744065509894E-003	2.07997790915346757E-003	-1	1.36520953150163138E-003	-1	OK
82.500000000000000	8.26766523149693316E-003	4.88430196328823799E-003	3.78599614377970193E-003	1.09830581950853541E-003	3.38336326820869605E-003	2.04233646956807936E-003	-1	1.34102679864061668E-003	-1	OK
82.750000000000000	8.12231706550322133E-003	4.80263648731267621E-003	3.72205428137962905E-003	1.08058220593304586E-003	3.31968057819054469E-003	2.00547598628972746E-003	-1	1.31420459190081723E-003	-1	OK
83.000000000000000	7.98298061523501287E-003	4.72255365624115516E-003	3.65936317848810462E-003	1.06319047775305011E-003	3.26042695899385728E-003	1.96937949536195702E-003	-1	1.29104746363190026E-003	-1	OK
83.250000000000000	7.84640890972869952E-003	4.64401836097390330E-003	3.59789494962122532E-003	1.04612341135267733E-003	3.20239054875479622E-003	1.93402878049846335E-003	-1	1.26836176825633287E-003	-1	OK
83.500000000000000	7.71254025746550761E-003	4.56699702194336785E-003	3.53762254345411269E-003	1.02937447848925451E-003	3.14554323552214020E-003	1.89940679499274977E-003	-1	1.24613644052939043E-003	-1	OK
83.750000000000000	7.58131584252305646E-003	4.49145660107972550E-003	3.47851949594734852E-003	1.01293710513237676E-003	3.08985924144333096E-003	1.86549664023944579E-003	-1	1.22436260120388518E-003	-1	OK
84.000000000000000	7.45267381580063878E-003	4.41736450272177828E-003	3.42055991630133916E-003	9.96804586420438257E-004	3.03530931307886094E-003	1.83228159977041113E-003	-1	1.20302771330844981E-003	-1	OK
84.250000000000000	7.32655547693388236E-003	4.34468870649089896E-003	3.36371850734311752E-003	9.80970199147782095E-004	2.98186677044298340E-003	1.79974558496020500E-003	-1	1.18212118548277840E-003	-1	OK
84.500000000000000	7.20290431691550728E-003	4.27339800560246237E-003	3.30797062974803489E-003	9.65427375854427047E-004	2.92950631131304534E-003	1.76787297119454707E-003	-1	1.16163334011849828E-003	-1	OK
84.750000000000000	7.08166537756194352E-003	4.20346224086066457E-003	3.25329233532998261E-003	9.50169905530682288E-004	2.87820313670127895E-003	1.73664847926463897E-003	-1	1.14155465743663999E-003	-1	OK
85.000000000000000	6.96278299553242976E-003	4.13485204183659024E-003	3.19966027534679051E-003	9.35191766489799621E-004	2.82793095369583952E-003	1.70605721974602560E-003	-1	1.12187373394981391E-003	-1	OK
85.250000000000000	6.84620640274212662E-003	4.06753922329843812E-003	3.14705176985269949E-003	9.20487453445739180E-004	2.77866717944368893E-003	1.67608467928090561E-003	-1	1.10258250016278332E-003	-1	OK
85.500000000000000	6.73188670888762771E-003	4.00149621274982579E-003	3.09544465588470694E-003	9.06051556865120154E-004	2.73039049613780192E-003	1.64671670496552812E-003	-1	1.08367379117227380E-003	-1	OK
85.750000000000000	6.61977581941141594E-003	3.93669574781486779E-003	3.04481722308545507E-003	8.91878524729413269E-004	2.68308007159654815E-003	1.61793950345895604E-003	-1	1.06514056813759210E-003	-1	OK
86.000000000000000	6.50982985537759511E-003	3.87311088407865049E-003	2.99514822212063785E-003	8.77962661958013070E-004	2.63671897129894505E-003	1.58973963934984429E-003	-1	1.04697933194910077E-003	-1	OK
86.250000000000000	6.40199510739413759E-003	3.81071539966824652E-003	2.94641694294251692E-003	8.64298456725730042E-004	2.59127970772589063E-003	1.56210387479023029E-003	-1	1.02917583293566034E-003	-1	OK
86.500000000000000	6.29622363769688324E-003	3.74948388486759897E-003	2.89860321482186215E-003	8.50880670045736057E-004	2.54673975282928471E-003	1.53501958392386292E-003	-1	1.01172016890542179E-003	-1	OK
86.750000000000000	6.19247140605297397E-003	3.68939155230161219E-003	2.85168737169480459E-003	8.37704180606807058E-004	2.50307985375136178E-003	1.50847430959352258E-003	-1	9.94605544157839199E-004	-1	OK
87.000000000000000	6.09069545545615904E-003	3.63041438425391102E-003	2.80565025515258464E-003	8.24764129101326600E-004	2.46028107120224845E-003	1.48245592901203151E-003	-1	9.77825142190216941E-004	-1	OK
87.250000000000000	5.99085306480109069E-003	3.57252885830124621E-003	2.76047317826794408E-003	8.12055680033302459E-004	2.41832420649984448E-003	1.45695284560799863E-003	-1	9.61371360891845848E-004	-1	OK
87.500000000000000	5.89273426443089401E-003	3.51571244060316056E-003	2.71613794482306395E-003	7.99574495780095741E-004	2.37702182382773389E-003	1.43195392856982988E-003	-1	9.45067895257904007E-004	-1	OK
87.750000000000000	5.79663739710982798E-003	3.45994256335820614E-003	2.67262665595867713E-003	7.87315907399530426E-004	2.33669483375162140E-003	1.40744758422919696E-003	-1	9.29247249522424440E-004	-1	OK
88.000000000000000	5.70235123686211633E-003	3.40519704333701757E-003	2.62992181699944023E-003	7.75275226337577227E-004	2.29715419352509919E-003	1.38342248390424202E-003	-1	9.13731709620857176E-004	-1	OK
88.250000000000000	5.60983953405944091E-003	3.35145412616768938E-003	2.58800633477716509E-003	7.63447791390523423E-004	2.25838540789175110E-003	1.35986796458555581E-003	-1	8.98517443306195290E-004	-1	OK
88.500000000000000	5.51893055161523961E-003	3.29869270132514963E-003	2.54686358709931872E-003	7.51829114225831025E-004	2.22023785029008955E-003	1.33677362085060799E-003	-1	8.83464229439481557E-004	-1	OK
88.750000000000000	5.42985322469911359E-003	3.24689255817691303E-003	2.50647742529034765E-003	7.40415132886565160E-004	2.18296066652220013E-003	1.31412929614366865E-003	-1	8.68831370378531477E-004	-1	OK
89.000000000000000	5.34227666644580476E-003	3.19603398435953619E-003	2.46683207841734767E-003	7.29201905942188523E-004	2.14624268208626900E-003	1.29192492516295413E-003	-1	8.54317756923314879E-004	-1	OK
89.250000000000000	5.25648884159349208E-003	3.14609746549839725E-003	2.42791207236775801E-003	7.18185393130637726E-004	2.11039137609509483E-003	1.27015119195093276E-003	-1	8.40240184144162069E-004	-1	OK
89.500000000000000	5.17229254470345616E-003	3.09706392246759509E-003	2.38970230409335819E-003	7.07361618374237875E-004	2.07522862223586107E-003	1.24879675811569190E-003	-1	8.26431864120169167E-004	-1	OK
89.750000000000000	5.08965412957851620E-003	3.04891471364235073E-003	2.35218800085880333E-003	6.96726712783546647E-004	2.04073941593616547E-003	1.22785199592658975E-003	-1	8.12887420009575715E-004	-1	OK
90.000000000000000	5.00854084677321461E-003	3.00163163348683227E-003	2.31535478146666085E-003	6.86276852020171958E-004	2.00690921328638278E-003	1.20731360757626188E-003	-1	7.99595605710120899E-004	-1	OK
90.250000000000000	4.92892083908043777E-003	2.95519699841957943E-003	2.27918858911050530E-003	6.76008409309074559E-004	1.97372384066085834E-003	1.18716817385879927E-003	-1	7.86555666802059078E-004	-1	OK
90.500000000000000	4.85076247248420432E-003	2.90959353354893705E-003	2.24367571512376802E-003	6.65917818425169460E-004	1.94116893893526727E-003	1.16740725864920847E-003	-1	7.73761680286058802E-004	-1	OK
90.750000000000000	4.77403852051456502E-003	2.86480459626415294E-003	2.20880280384914062E-003	6.56001792415012970E-004	1.90923392425041251E-003	1.14802380573883565E-003	-1	7.61210118511576866E-004	-1	OK
91.000000000000000	4.69871627813253298E-003	2.82081366688641949E-003	2.17455673442152903E-003	6.46256932464890025E-004	1.87790261124611327E-003	1.12900952163709619E-003	-1	7.48893089609017079E-004	-1	OK
91.250000000000000	4.62476661805727440E-003	2.77760446092409526E-003	2.14092465790957122E-003	6.36679803014523278E-004	1.84716215713317958E-003	1.11035646831996468E-003	-1	7.36805688813214898E-004	-1	OK
91.500000000000000	4.55216101063139582E-003	2.73516117258352457E-003	2.10789404771728793E-003	6.27267124866237287E-004	1.81699983804787103E-003	1.09205771383875656E-003	-1	7.24942124209114469E-004	-1	OK
91.750000000000000	4.48087177347996322E-003	2.69346832060809614E-003	2.07545266584247034E-003	6.18015654765625587E-004	1.78740345287186709E-003	1.07410616683074542E-003	-1	7.13297286041121668E-004	-1	OK
92.000000000000000	4.41087166947977047E-003	2.65251064028650813E-003	2.04358851205328632E-003	6.08922128233222240E-004	1.75836102919326256E-003	1.05648973481144441E-003	-1	7.01871294381818146E-004	-1	OK
92.250000000000000	4.34213352062879331E-003	2.61227331582614001E-003	2.01228991786983093E-003	5.99983397956309512E-004	1.72986020480265308E-003	1.03920199335853173E-003	-1	6.90658211444121354E-004	-1	OK
92.500000000000000	4.27463102453279255E-003	2.57274208294162952E-003	1.98154548823235637E-003	5.91196594709273034E-004	1.70188894159116282E-003	1.02223858844120090E-003	-1	6.79650353149961924E-004	-1	OK
92.750000000000000	4.20833986708050913E-003	2.53390277989614830E-003	1.95134406616702155E-003	5.82558713729127288E-004	1.67443708718436062E-003	1.00559036251795793E-003	-1	6.68846724666402690E-004	-1	OK
93.000000000000000	4.14323444740727440E-003	2.49574171755202225E-003	1.92167477635085985E-003	5.74066941201162393E-004	1.64749272985525194E-003	9.89252782365288149E-004	-1	6.58239947489963791E-004	-1	OK
93.250000000000000	4.07929206302734722E-003	2.45824543971352293E-003	1.89252697072890617E-003	5.65718468984616760E-004	1.62104662331382385E-003	9.73218468677464654E-004	-1	6.47828154636359197E-004	-1	OK
93.500000000000000	4.01649011434000898E-003	2.42140099989929507E-003	1.86389027466592303E-003	5.57510725233372156E-004	1.59508911444071434E-003	9.57482008062117656E-004	-1	6.37607106378596683E-004	-1	OK
93.750000000000000	3.95480438570599852E-003	2.38519561227493702E-003	1.83575451349154897E-003	5.49441098783388384E-004	1.56960877343106150E-003	9.42037292399695988E-004	-1	6.27571481031365510E-004	-1	OK
94.000000000000000	3.89421232005174658E-003	2.34961663091050148E-003	1.80810970530146699E-003	5.41506925609034706E-004	1.54459568914124489E-003	9.26878213099383203E-004	-1	6.17717476041861687E-004	-1	OK
94.250000000000000	3.83469254993563154E-003	2.31465160625864315E-003	1.78094607678126108E-003	5.33705529477382389E-004	1.52004094367698861E-003	9.11998799819822479E-004	-1	6.08042143857166133E-004	-1	OK
94.500000000000000	3.77622317148197835E-003	2.28028834354712835E-003	1.75425408023520586E-003	5.26034263311922490E-004	1.49593482793485021E-003	8.97393222255691192E-004	-1	5.98541605679159022E-004	-1	OK
94.750000000000000	3.71878303120666987E-003	2.24651521209649156E-003	1.72802443249862447E-003	5.18490779597866763E-004	1.47226781911017832E-003	8.83055784665234041E-004	-1	5.89212034444944275E-004	-1	OK
95.000000000000000	3.66235112439805034E-003	2.21332063827026602E-003	1.70224800994571153E-003	5.11072628324554931E-004	1.44903048612778432E-003	8.68980923372903087E-004	-1	5.80049562754881231E-004	-1	OK
95.250000000000000	3.60690748605869190E-003	2.18069341377140433E-003	1.67691591939064300E-003	5.03777494380761330E-004	1.42621407228728778E-003	8.55163202772878605E-004	-1	5.71050869514409180E-004	-1	OK
95.500000000000000	3.55243247765937593E-003	2.14862244859826248E-003	1.65201943318835456E-003	4.96603015409908025E-004	1.40381002906111367E-003	8.41597280333791580E-004	-1	5.62212748727322089E-004	-1	OK
95.750000000000000	3.49890691292765619E-003	2.11709690692183121E-003	1.62755002217495584E-003	4.89546884746875689E-004	1.38181000600582499E-003	8.28277989784228846E-004	-1	5.53532016221596141E-004	-1	OK
96.000000000000000	3.44629683285573116E-003	2.08610627642395264E-003	1.60349936892056921E-003	4.82606907503383429E-004	1.36019055643177874E-003	8.15200283230449485E-004	-1	5.44990273201329260E-004	-1	OK
96.250000000000000	3.39461445283177577E-003	2.05564023038366144E-003	1.57985930851230801E-003	4.75780921871353209E-004	1.33897422244811434E-003	8.02359004791317943E-004	-1	5.36615217656796393E-004	-1	OK
96.500000000000000	3.34382607515565150E-003	2.02568857589676202E-003	1.55662186046738853E-003	4.69066715429373917E-004	1.31813749925888948E-003	7.89749438008302334E-004	-1	5.28388061250587146E-004	-1	OK
96.750000000000000	3.29391341513461493E-003	1.99624140226937986E-003	1.53377921644785257E-003	4.62462185821527834E-004	1.29767201286523528E-003	7.77367210052366288E-004	-1	5.20304802812868996E-004	-1	OK
97.000000000000000	3.24485999480316270E-003	1.96728894141708814E-003	1.51132373828219467E-003	4.55965203134893308E-004	1.27757105338607434E-003	7.65208297372468741E-004	-1	5.12362756013605598E-004	-1	OK
97.250000000000000	3.19664935411303509E-003	1.93882195064623737E-003	1.48924800613611146E-003	4.49573944510125480E-004	1.25782740346679751E-003	7.53267312875077473E-004	-1	5.04560090591720032E-004	-1	OK
97.500000000000000	3.14926339620620263E-003	1.91083112085713202E-003	1.46754469331431274E-003	4.43286427542819328E-004	1.23843227534907062E-003	7.41539906229159358E-004	-1	4.96892369119911258E-004	-1	OK
97.750000000000000	3.10268692194946936E-003	1.88330729594628796E-003	1.44620664145944742E-003	4.37100654486839940E-004	1.21937962600318119E-003	7.30018739414484098E-004	-1	4.89360886588697088E-004	-1	OK
98.000000000000000	3.05683830045765667E-003	1.85624162299119141E-003	1.42522685387145220E-003	4.31014769119738889E-004	1.20059667746646526E-003	7.18700651403175500E-004	-1	4.81896026063289760E-004	-1	OK
98.250000000000000	3.01183782986561097E-003	1.82962528920265930E-003	1.40459847233053792E-003	4.25026816872121384E-004	1.18221254066295145E-003	7.07583557323731129E-004	-1	4.74628983339220323E-004	-1	OK
98.500000000000000	2.96760118042419061E-003	1.80344988673212061E-003	1.38431482928099174E-003	4.19135057451128494E-004	1.16415129369207022E-003	6.96663630677474906E-004	-1	4.67487663014595311E-004	-1	OK
98.750000000000000	2.92411354092573812E-003	1.77770705472884809E-003	1.36436936369128178E-003	4.13337691037565932E-004	1.14640648619689024E-003	6.85937449212577579E-004	-1	4.60469036984312665E-004	-1	OK
99.000000000000000	2.88136055215740695E-003	1.75238877982906820E-003	1.34475570867549068E-003	4.07633071153577461E-004	1.12897177232833875E-003	6.75401099429731870E-004	-1	4.53570672898606880E-004	-1	OK
99.250000000000000	2.83932831787058653E-003	1.72748725524599469E-003	1.32546761026787648E-003	4.02019644978117831E-004	1.11184106262459184E-003	6.65050123425128337E-004	-1	4.46790939199463505E-004	-1	OK
99.500000000000000	2.79800295803645654E-003	1.70299462448071019E-003	1.30649891942146617E-003	3.96495705059244242E-004	1.09500833355574657E-003	6.54880832855616007E-004	-1	4.40127500700130563E-004	-1	OK
99.750000000000000	2.75737038204128216E-003	1.67890328737692047E-003	1.28784362770131985E-003	3.91059659675601387E-004	1.07846709466436169E-003	6.44889631780657356E-004	-1	4.33577462883704334E-004	-1	OK
100.00000000000000	2.71741807701792381E-003	1.65520568491836408E-003	1.26949583142132029E-003	3.85709853497043253E-004	1.06221239209955973E-003	6.35073002732580651E-004	-1	4.27139389366979079E-004	-1	OK
