#pt	totcs	totdirect	directLO	directNLO	totfrag	fragLO	err_fragLO	fragNLO	err_fragNLO	errmess
0.50000000000000000	31870674.980874412	5590605.8364352463	5277297.1286540460	313308.70778120134	26280069.144439165	6839546.7237061365	-1	19440522.420733027	-1	Error
0.75000000000000000	2891739.9340074598	1069908.8277011295	711616.41991158773	358292.40778954135	1821831.1063063303	510760.06979756767	-1	1311071.0365087627	-1	Error
1.0000000000000000	524432.96717005433	250144.31323049107	148846.09282729786	101298.22040319323	274288.65393956332	79474.804626433644	-1	194813.84931312967	-1	Error
1.2500000000000000	135218.58453894308	72780.903248537215	40966.178367867811	31814.724880669393	62437.681290405868	18285.195116583749	-1	44152.486173822123	-1	Error
1.5000000000000000	43036.449986289692	24880.910781713963	13530.046769976154	11350.864011737815	18155.539204575733	5351.8200414251451	-1	12803.719163150588	-1	Error
1.7500000000000000	15851.718095585542	9604.0628316165494	5093.0832891227110	4510.9795424938329	6247.6552639689926	1841.5436916157357	-1	4406.1115723532566	-1	Error
2.0000000000000000	6478.3356460184204	4060.7313417095884	2110.2748235823956	1950.4565181271917	2417.6043043088321	708.39931384083798	-1	1709.2049904679941	-1	Error
2.2500000000000000	2861.1140636700711	1842.1010551321187	940.64574792304222	901.45530720907641	1019.0130085379523	296.89601994863119	-1	722.11698858932107	-1	Error
2.5000000000000000	1342.6156152679448	883.32885927488508	443.89464579638849	439.43421347849659	459.28675599305973	132.89800944148791	-1	326.38874655157178	-1	Error
2.7500000000000000	661.36203130738420	442.83003341101744	219.18090613882558	223.64912727219172	218.53199789636676	62.570910313657308	-1	155.96108758270947	-1	Error
3.0000000000000000	338.08467371492645	230.13407604055274	112.24117664496457	117.89289939558819	107.95059767437372	30.534488722448113	-1	77.416108951925608	-1	Error
3.2500000000000000	178.41926225990213	123.15633671004724	59.200368907554463	63.955967802492786	55.262925549854877	15.483588398135664	-1	39.779337151719211	-1	Error
3.5000000000000000	96.538967523239890	67.502291730323776	31.981558894076837	35.520732836246950	29.036675792916117	8.0426456833852544	-1	20.994030109530861	-1	Error
3.7500000000000000	53.297844699036972	37.724180310410709	17.615067245734309	20.109113064676393	15.573664388626263	4.2762824025916606	-1	11.297381986034601	-1	Error
4.0000000000000000	29.927853065353894	21.416260177988342	9.8544603026487501	11.561799875339592	8.5115928873655538	2.3097180845542020	-1	6.2018748028113517	-1	OK
4.2500000000000000	17.029745591488439	12.311970269403277	5.5817204121785604	6.7302498572247149	4.7177753220851626	1.2642518936575606	-1	3.4535234284276020	-1	OK
4.5000000000000000	9.7880410770516946	7.1478152664212464	3.1920995570987758	3.9557157093224706	2.6402258106304473	0.70037797588739137	-1	1.9398478347430559	-1	OK
4.7500000000000000	5.6749785780609292	4.1804704632659604	1.8386228039462891	2.3418476593196709	1.4945081147949686	0.39185246900911247	-1	1.1026556457858561	-1	OK
5.0000000000000000	3.3091429288816290	2.4578446960242455	1.0643315751292353	1.3935131208950104	0.85129823285738337	0.21999776001135055	-1	0.63130047284603286	-1	OK
5.2500000000000000	1.9355406181023356	1.4498566868555367	0.61799824337715992	0.83185844347837679	0.48568393124679887	0.12409302650217501	-1	0.36159090474462385	-1	OK
5.5000000000000000	1.1344075578884409	0.85662979791970795	0.35930789699787463	0.49732190092183326	0.27777775996873300	7.03661305452369795E-002	-1	0.20741162942349600	-1	OK
5.7500000000000000	0.66530690444021945	0.50618486698166798	0.20886337771209673	0.29732148926957108	0.15912203745855144	3.98481881351413839E-002	-1	0.11927384932341006	-1	OK
6.0000000000000000	0.38978711491935558	0.29874019810808372	0.12122142827338002	0.17751876983470363	9.10469168112718330E-002	2.25735439450336743E-002	-1	6.84733728662381552E-002	-1	OK
6.2500000000000000	0.22793784617487686	0.17586926164985972	7.01529921968768316E-002	0.10571626945298290	5.20685845250171420E-002	1.27301252106109628E-002	-1	3.93384593144061809E-002	-1	OK
6.5000000000000000	0.13281039827782523	0.10315105528028173	4.04317202872479173E-002	6.27193349930337957E-002	2.96593429975434975E-002	7.14769136289469288E-003	-1	2.25116516346488063E-002	-1	OK
6.7500000000000000	7.70087515675053069E-002	6.02038198815008294E-002	2.31780337418212301E-002	3.70257861396796062E-002	1.68049316860044810E-002	4.00268282795693438E-003	-1	1.28022488580475467E-002	-1	OK
7.0000000000000000	4.43761722002987968E-002	3.49241316987777342E-002	1.32000711288678112E-002	2.17240605699099351E-002	9.45204050152106436E-003	2.22100231828930217E-003	-1	7.23103818323176176E-003	-1	OK
7.2500000000000000	2.53970106489015204E-002	2.01124229658311143E-002	7.45904051646506701E-003	1.26533824493660456E-002	5.28458768307040611E-003	1.21645658319624204E-003	-1	4.06813109987416363E-003	-1	OK
7.5000000000000000	1.43975180924638697E-002	1.14837219596901890E-002	4.17655850061904917E-003	7.30716345907113981E-003	2.91379613277368025E-003	6.64712901968967859E-004	-1	2.24908323080471239E-003	-1	OK
7.7500000000000000	8.08149769635247220E-003	6.49114342239757568E-003	2.31379650318833509E-003	4.17734691920924016E-003	1.59035427395489608E-003	3.60079027013209181E-004	-1	1.23027524694168701E-003	-1	OK
8.0000000000000000	4.48544443590354232E-003	3.62671873030280621E-003	1.26617768858636463E-003	2.36054104171644179E-003	8.58725705600736221E-004	1.90923568146462075E-004	-1	6.67802137454274200E-004	-1	OK
8.2500000000000000	2.45493266176999812E-003	1.99930055414218469E-003	6.83156773776063923E-004	1.31614378036612033E-003	4.55632107627813377E-004	9.96571308032293300E-005	-1	3.55974976824584061E-004	-1	OK
8.5000000000000000	1.32248699135276452E-003	1.08514789538144613E-003	3.62654071707285903E-004	7.22493823674160069E-004	2.37339095971318361E-004	5.12297741224661555E-005	-1	1.86109321848852206E-004	-1	OK
8.7500000000000000	6.99549562384505115E-004	5.78726295040021170E-004	1.89001893975304782E-004	3.89724401064716253E-004	1.20823267344483999E-004	2.56942624068771162E-005	-1	9.51290049376068861E-005	-1	OK
9.0000000000000000	3.62543378169574162E-004	3.02333699880045527E-004	9.64155818179218482E-005	2.05918118062123665E-004	6.02096782895286485E-005	1.25786723817258065E-005	-1	4.76310059078028438E-005	-1	OK
9.2500000000000000	1.83604679140998836E-004	1.54338383037551830E-004	4.80086647689026433E-005	1.06329718268649207E-004	2.92662961034469958E-005	6.00130391367566774E-006	-1	2.32649921897713281E-005	-1	OK
9.5000000000000000	9.03927422987209963E-005	7.66472065653279799E-005	2.32371557887535419E-005	5.34100507765744448E-005	1.37455357333930164E-005	2.77799902785663352E-006	-1	1.09675367055363828E-005	-1	OK
9.7500000000000000	4.31376614858930153E-005	3.69003599678076799E-005	1.08898763932544563E-005	2.60104835745532236E-005	6.23730151808533792E-006	1.23514658881107116E-006	-1	5.00215492927426633E-006	-1	OK
10.000000000000000	1.98429928191477191E-005	1.71271317872874839E-005	4.91461975181710695E-006	1.22125120354703821E-005	2.71586103186023385E-006	5.25752487652319582E-007	-1	2.19010854420791448E-006	-1	OK
10.250000000000000	8.74553403127305023E-006	7.61900865145008574E-006	2.12285670814749058E-006	5.49615194330259558E-006	1.12652537982296491E-006	2.11583995802190393E-007	-1	9.14941384020774545E-007	-1	OK
10.500000000000000	3.66620929494995569E-006	3.22382162088048188E-006	8.70915798862118098E-007	2.35290582201836378E-006	4.42387674069473867E-007	8.18040998534353228E-008	-1	3.60583574216038517E-007	-1	OK
10.750000000000000	1.44730439309027597E-006	1.28554617897256516E-006	3.36172616219417624E-007	9.49373562753147591E-007	1.61758214117710839E-007	2.89272534038477361E-008	-1	1.32830960713863109E-007	-1	OK
11.000000000000000	5.32038569471345978E-007	4.77492701722286461E-007	1.20643361353345766E-007	3.56849340368940775E-007	5.45458677490594767E-008	9.54257600755490555E-009	-1	4.50032917415045728E-008	-1	OK
11.250000000000000	1.79405859193550552E-007	1.62763287251749569E-007	3.96456044050154966E-008	1.23117682846734119E-007	1.66425719418009830E-008	2.81159587347348038E-009	-1	1.38309760683275031E-008	-1	OK
11.500000000000000	5.44038982346275598E-008	4.99100374995390605E-008	1.16924477983298696E-008	3.82175897012091876E-008	4.49386073508849684E-009	7.44839322726882630E-010	-1	3.74902141236161411E-009	-1	OK
11.750000000000000	1.44398121781428511E-008	1.34050020876930602E-008	3.01266587773612490E-009	1.03923362099569378E-008	1.03481009044979151E-009	1.65232689332993655E-010	-1	8.69577401116797853E-010	-1	OK
12.000000000000000	3.23486479958300462E-009	3.04064264669445059E-009	6.53621665660509133E-010	2.38702098103394197E-009	1.94222152888553954E-010	2.99096408095181050E-011	-1	1.64312512079035843E-010	-1	OK
