#pt	totcs	totdirect	directLO	directNLO	totfrag	fragLO	err_fragLO	fragNLO	err_fragNLO	errmess
0.50000000000000000	20004367.614281572	5398191.8370025549	4918980.2329228008	479211.60407975246	14606175.777279019	3910446.4600274372	-1	10695729.317251582	-1	Error
0.75000000000000000	2025630.1204682009	861852.08789999317	577956.75873415486	283895.32916583866	1163778.0325682077	320474.32581859862	-1	843303.70674960909	-1	Error
1.0000000000000000	379610.50451567688	191564.86123872886	114245.88004066177	77318.981198067020	188045.64327694805	52203.712528844939	-1	135841.93074810310	-1	Error
1.2500000000000000	98720.337103099519	54605.466995512565	30525.843892401146	24079.623103111415	44114.870107586954	12287.191552864026	-1	31827.678554722930	-1	Error
1.5000000000000000	31586.470225176075	18495.332929630036	9904.0019192479231	8591.3310103821132	13091.137295546041	3636.9205987411733	-1	9454.2166968048678	-1	Error
1.7500000000000000	11636.617700380302	7089.6679552267797	3676.1545250032609	3413.5134302235188	4546.9497451535235	1255.2698004300444	-1	3291.6799447234789	-1	Error
2.0000000000000000	4747.8520106839806	2980.1958355701072	1505.3009373560128	1474.8948982140955	1767.6561751138736	483.24433444863536	-1	1284.4118406652383	-1	Error
2.2500000000000000	2090.8794310921621	1344.5832981741114	663.94217175936342	680.64112641474821	746.29613291805060	202.39215692743645	-1	543.90397599061419	-1	Error
2.5000000000000000	977.33379641012402	641.27374855135110	310.25427502443688	331.01947352691417	336.06004785877286	90.393138395132439	-1	245.66690946364042	-1	Error
2.7500000000000000	479.33781544622980	319.69589145890711	151.75835416282226	167.93753729608486	159.64192398732268	42.432868735909658	-1	117.20905525141302	-1	Error
3.0000000000000000	243.91551613841145	165.17691617415892	77.002108463766007	88.174807710392912	78.738599964252529	20.613203785103686	-1	58.125396179148844	-1	Error
3.2500000000000000	128.04468289368410	87.854942124122147	40.245632739646574	47.609309384475566	40.189740769561958	10.423149015266146	-1	29.766591754295810	-1	Error
3.5000000000000000	68.895690736143763	47.844727085824189	21.545238109129876	26.299488976694317	21.050963650319581	5.3934458247700032	-1	15.657517825549577	-1	Error
3.7500000000000000	37.797455998241134	26.558721585022930	11.759537731547843	14.799183853475084	11.238734413218205	2.8557048070098130	-1	8.3830296062083924	-1	Error
4.0000000000000000	21.078828912059681	14.971064901011797	6.5186298807771825	8.4524350202346152	6.1077640110478839	1.5346184777802678	-1	4.5731455332676161	-1	OK
4.2500000000000000	11.912005817181775	8.5423000420136166	3.6578347998816416	4.8844652421319745	3.3697057751681596	0.83644060801367648	-1	2.5332651671544832	-1	OK
4.5000000000000000	6.7971355907554480	4.9203775674149526	2.0720464600448718	2.8483311073700812	1.8767580233404952	0.46117343894123275	-1	1.4155845843992625	-1	OK
4.7500000000000000	3.9103596434816130	2.8541253984307051	1.1819970722655579	1.6721283261651474	1.0562342450509079	0.25657696254686702	-1	0.79965728250404089	-1	OK
5.0000000000000000	2.2619946041064938	1.6637011673138820	0.67753836074156903	0.98616280657231281	0.59829343679261193	0.14314737216243709	-1	0.45514606463017482	-1	OK
5.2500000000000000	1.3123357836740677	0.97269240968753634	0.38950314091686494	0.58318926877067145	0.33964337398653133	8.02881846273347105E-002	-1	0.25935518935919660	-1	OK
5.5000000000000000	0.76245901914743197	0.56942883222194429	0.22417911369459209	0.34524971852735209	0.19303018692548768	4.53287697392119951E-002	-1	0.14770141718627569	-1	OK
5.7500000000000000	0.44319203455826539	0.33326177188869616	0.12897225923754030	0.20428951265115586	0.10993026266956922	2.54773006771847367E-002	-1	8.44529619923844871E-002	-1	OK
6.0000000000000000	0.25724089105379055	0.19471511798157162	7.40595061716194797E-002	0.12065561180995210	6.25257730722189042E-002	1.43478693167506024E-002	-1	4.81779037554683001E-002	-1	OK
6.2500000000000000	0.14896464538309576	0.11342602602900091	4.23897521503580343E-002	7.10362738786428916E-002	3.55386193540948511E-002	8.04748565818938326E-003	-1	2.74911336959054661E-002	-1	OK
6.5000000000000000	8.58774830607067635E-002	6.57945867186506550E-002	2.41536805518292805E-002	4.16409061668213606E-002	2.00828963420561085E-002	4.49758890913468014E-003	-1	1.55853074329214275E-002	-1	OK
6.7500000000000000	4.92714308362432463E-002	3.79611400475774532E-002	1.36849423820618807E-002	2.42761976655155760E-002	1.13102907886657930E-002	2.49675061551144243E-003	-1	8.81354017315435015E-003	-1	OK
7.0000000000000000	2.80781685629063749E-002	2.17595710294381378E-002	7.70031868962972425E-003	1.40592523398084170E-002	6.31859753346823618E-003	1.37003794171213747E-003	-1	4.94855959175609893E-003	-1	OK
7.2500000000000000	1.58832850730685968E-002	1.23769467670790147E-002	4.29774442867597410E-003	8.07920233840304404E-003	3.50633830598958210E-003	7.47906941874550688E-004	-1	2.75843136411503152E-003	-1	OK
7.5000000000000000	8.89586479024428306E-003	6.97707225243767663E-003	2.37606793227399925E-003	4.60100432016367737E-003	1.91879253780660622E-003	4.05886873661814331E-004	-1	1.51290566414479183E-003	-1	OK
7.7500000000000000	4.93240517469724794E-003	3.89191591800828107E-003	1.29927136483286927E-003	2.59264455317541245E-003	1.04048925668896708E-003	2.18292773893235577E-004	-1	8.22196482795731535E-004	-1	OK
8.0000000000000000	2.70172091214267336E-003	2.14499402133714722E-003	7.01549223261274148E-004	1.44344479807587286E-003	5.56726890805526249E-004	1.14855077429767971E-004	-1	4.41871813375758278E-004	-1	OK
8.2500000000000000	1.45906108245448399E-003	1.16596741546788748E-003	3.73363755830324580E-004	7.92603659637563011E-004	2.93093666986596454E-004	5.95573855655078853E-005	-1	2.33536281421088562E-004	-1	OK
8.5000000000000000	7.75092453503878559E-004	6.23677092945127722E-004	1.95413988027780136E-004	4.28263104917347504E-004	1.51415360558750892E-004	3.03226032355752870E-005	-1	1.21092757323175605E-004	-1	OK
8.7500000000000000	4.03960910279529625E-004	3.27591965227580387E-004	1.00356172377799818E-004	2.27235792849780487E-004	7.63689450519492385E-005	1.50927511044640938E-005	-1	6.12761939474851480E-005	-1	OK
9.0000000000000000	2.06235263970071502E-004	1.68427625219500377E-004	5.04155618365574525E-005	1.18012063382942918E-004	3.78076387505711252E-005	7.32309797440255229E-006	-1	3.04845407761685737E-005	-1	OK
9.2500000000000000	1.02708157579494883E-004	8.45578077533654126E-005	2.47059096721313786E-005	5.98518980812340340E-005	1.81503498261294705E-005	3.46200831458182517E-006	-1	1.46883415115476457E-005	-1	OK
9.5000000000000000	4.96934269557810734E-005	4.12607455518053048E-005	1.17596663603533222E-005	2.95010791914519843E-005	8.43268140397576517E-006	1.58632172762675557E-006	-1	6.84635967634900981E-006	-1	OK
9.7500000000000000	2.32867241489299686E-005	1.95000403172668722E-005	5.41527961696227370E-006	1.40847607003045960E-005	3.78668383166309466E-006	6.98298973833588873E-007	-1	3.08838485782950568E-006	-1	OK
10.000000000000000	1.05058879896573899E-005	8.87541091067335366E-006	2.39926562276360620E-006	6.47614528790974746E-006	1.63047707898403710E-006	2.93973102295726420E-007	-1	1.33650397668831068E-006	-1	OK
10.250000000000000	4.53494693000184248E-006	3.86710942382701563E-006	1.01639936460315177E-006	2.85071005922386386E-006	6.67837506174826842E-007	1.17057196114673991E-007	-1	5.50780310060152811E-007	-1	OK
10.500000000000000	1.85870757821169138E-006	1.60061523374010612E-006	4.08520373892132989E-007	1.19209485984797302E-006	2.58092344471585206E-007	4.46480618866995863E-008	-1	2.13444282584885626E-007	-1	OK
10.750000000000000	7.16706974008585471E-007	6.23588925989381922E-007	1.54336101548210585E-007	4.69252824441171522E-007	9.31180480192035100E-008	1.56116550193395988E-008	-1	7.75063929998639078E-008	-1	OK
11.000000000000000	2.56942413041528531E-007	2.26001128314763294E-007	5.41559905794022952E-008	1.71845137735361005E-007	3.09412847267652373E-008	5.08313915504738044E-009	-1	2.58581455717178568E-008	-1	OK
11.250000000000000	8.43553729479670239E-008	7.50703628428327883E-008	1.73849279401081201E-008	5.76854349027246847E-008	9.28501010513423893E-009	1.47322071861082823E-009	-1	7.81178938652341111E-009	-1	OK
11.500000000000000	2.48661589288369076E-008	2.24034142719078647E-008	5.00465199461847367E-009	1.73987622772893869E-008	2.46274465692904172E-009	3.83377145559785612E-010	-1	2.07936751136925595E-009	-1	OK
11.750000000000000	6.40639758968129552E-009	5.84992815675701396E-009	1.25811133450984396E-009	4.59181682224716918E-009	5.56469432924281458E-010	8.35116024610062103E-011	-1	4.72957830463275261E-010	-1	OK
12.000000000000000	1.39155274837469129E-009	1.28934249104623494E-009	2.66369898196939515E-010	1.02297259284929558E-009	1.02210257328456388E-010	1.48022400648420296E-011	-1	8.74080172636143551E-011	-1	OK
