#pt	totcs	totdirect	directLO	directNLO	totfrag	fragLO	err_fragLO	fragNLO	err_fragNLO	errmess
0.50000000000000000	44478971.187231228	5628872.8798349556	6409402.3440629058	-780529.46422794636	38850098.307396270	9967594.5211003274	-1	28882503.786295943	-1	Error
0.75000000000000000	5240446.5409946442	1389074.4800224879	844232.05378778733	544842.42623470060	3851372.0609721565	1099025.8218505434	-1	2752346.2391216131	-1	Error
1.0000000000000000	842212.80598453083	345418.32081126142	196062.31537402552	149356.00543723596	496794.48517326947	151564.26501007730	-1	345230.22016319213	-1	Error
1.2500000000000000	205125.14056625674	102553.57724487006	56657.546424957844	45896.030819912194	102571.56332138668	32522.355543196314	-1	70049.207778190364	-1	Error
1.5000000000000000	63751.214848888369	35439.606527424934	19294.346433098322	16145.260094326608	28311.608321463435	9130.1188727106328	-1	19181.489448752800	-1	Error
1.7500000000000000	23171.450246763627	13761.415486196236	7416.6931295930581	6344.7223566031780	9410.0347605673905	3061.8118925377717	-1	6348.2228680296193	-1	Error
2.0000000000000000	9417.4811434406547	5846.3209807151043	3124.3367238348965	2721.9842568802078	3571.1601627255509	1162.3787514676403	-1	2408.7814112579108	-1	Error
2.2500000000000000	4150.3174056884709	2662.7355750436413	1411.8788914871275	1250.8566835565139	1487.5818306448291	482.92105015883334	-1	1004.6607804859957	-1	Error
2.5000000000000000	1946.7463634857609	1280.4884689936100	673.80190069134005	606.68656830226985	666.25789449215097	215.07873981485352	-1	451.17915467729745	-1	Error
2.7500000000000000	958.95499647288625	643.76294787664278	336.10221861053685	307.66072926610605	315.19204859624347	101.09718859720468	-1	214.09485999903879	-1	Error
3.0000000000000000	491.65164850355046	335.79306971970061	173.84830155829493	161.94476816140576	155.85857878384985	49.333568993884796	-1	106.52500978996505	-1	Error
3.2500000000000000	260.32007346602677	180.50726341059050	92.617302388145987	87.889961022444524	79.812810055436273	24.941548393533861	-1	54.871261661902409	-1	Error
3.5000000000000000	141.42398677552342	99.447394145747936	50.539825864376823	48.907568281371091	41.976592629775467	13.056497819221210	-1	28.920094810554257	-1	Error
3.7500000000000000	78.494509059857947	55.900346687313480	28.121207797017618	27.779138890295876	22.594162372544464	6.9522421865788502	-1	15.641920185965613	-1	Error
4.0000000000000000	44.323034309797201	31.938268149796755	15.894364604048402	16.043903545748350	12.384766160000444	3.7677445799733578	-1	8.6170215800270853	-1	OK
4.2500000000000000	25.379434522748667	18.489091824118269	9.0971100023634079	9.3919818217548627	6.8903426986303984	2.0689702135862960	-1	4.8213724850441029	-1	OK
4.5000000000000000	14.688974170768038	10.815183737461497	5.2580738203823048	5.5571099170791927	3.8737904333065400	1.1527693733664537	-1	2.7210210599400861	-1	OK
4.7500000000000000	8.5815482469572881	6.3768333515332296	3.0616531217633414	3.3151802297698882	2.2047148954240581	0.64722409872826858	-1	1.5574907966957894	-1	OK
5.0000000000000000	5.0426276991871832	3.7817428355348084	1.7920714801990261	1.9896713553357830	1.2608848636523751	0.36563983468301281	-1	0.89524502896936231	-1	OK
5.2500000000000000	2.9754844629295469	2.2513855430439862	1.0524069427725709	1.1989786002714156	0.72409891988556085	0.20735144175295009	-1	0.51674747813261079	-1	OK
5.5000000000000000	1.7605869447199924	1.3431844450782640	0.61900636583715019	0.72417807924111433	0.41740249964172843	0.11828323206805352	-1	0.29911926757367491	-1	OK
5.7500000000000000	1.0420863705724808	0.80190656230975577	0.36414112162850842	0.43776544068124729	0.24017980826272509	6.73874150495563234E-002	-1	0.17279239321316875	-1	OK
6.0000000000000000	0.61676941896770399	0.47842965126986386	0.21394572606916573	0.26448392520069824	0.13833976769784012	3.83175799648219004E-002	-1	0.10002218773301821	-1	OK
6.2500000000000000	0.36458335714031248	0.28487787450928459	0.12538032447409339	0.15949755003519117	7.97054826310278908E-002	2.17519732372977934E-002	-1	5.79535093937300974E-002	-1	OK
6.5000000000000000	0.21473710900651038	0.16909044216183500	7.31999505387390809E-002	9.58904916230959303E-002	4.56466668446753876E-002	1.23117643047644509E-002	-1	3.33349025399109350E-002	-1	OK
6.7500000000000000	0.12603859979553855	9.99261049814690466E-002	4.25228110563403428E-002	5.74032939251286969E-002	2.61124948140694993E-002	6.94080180956075689E-003	-1	1.91716930045087441E-002	-1	OK
7.0000000000000000	7.35270663556357312E-002	5.87247061437747991E-002	2.45489829517603550E-002	3.41757231920144511E-002	1.48023602118609338E-002	3.86914593715477137E-003	-1	1.09332142747061625E-002	-1	OK
7.2500000000000000	4.26177554362061339E-002	3.42785231004517563E-002	1.40671356521474989E-002	2.02113874483042556E-002	8.33923233575437940E-003	2.14349699536098195E-003	-1	6.19573534039339745E-003	-1	OK
7.5000000000000000	2.44844377364316079E-002	1.98480331706006770E-002	7.99020114703225155E-003	1.18578320235684272E-002	4.63640456583093181E-003	1.17999779978909076E-003	-1	3.45640676604184105E-003	-1	OK
7.7500000000000000	1.39404258922898594E-002	1.13837664603147776E-002	4.49229980407808704E-003	6.89146665623669059E-003	2.55665943197508133E-003	6.42548154263647702E-004	-1	1.91411127771143373E-003	-1	OK
8.0000000000000000	7.84964369148046653E-003	6.45866779921381185E-003	2.49640258699339096E-003	3.96226521222042220E-003	1.39097589226665382E-003	3.44140466214457443E-004	-1	1.04683542605219643E-003	-1	OK
8.2500000000000000	4.36351674615002155E-003	3.61857482595121568E-003	1.36873787547816378E-003	2.24983695047305211E-003	7.44941920198806092E-004	1.81287110937722768E-004	-1	5.63654809261083297E-004	-1	OK
8.5000000000000000	2.38960338000671459E-003	1.99770455541007546E-003	7.38860654521757685E-004	1.25884390088831766E-003	3.91898824596639188E-004	9.39418240073118879E-005	-1	2.97957000589327314E-004	-1	OK
8.7500000000000000	1.28630046611197778E-003	1.08449512938912636E-003	3.91810365381864119E-004	6.92684764007262129E-004	2.01805336722851448E-004	4.75090761103578931E-005	-1	1.54296260612493555E-004	-1	OK
9.0000000000000000	6.78839004009732416E-004	5.77201800742498518E-004	2.03517891289115629E-004	3.73683909453383025E-004	1.01637203267233899E-004	2.35465914225284177E-005	-1	7.80906118447054811E-005	-1	OK
9.2500000000000000	3.50387449263744606E-004	3.00440918608321154E-004	1.03256579742987058E-004	1.97184338865334137E-004	4.99465306554234311E-005	1.13381463227916557E-005	-1	3.86083843326317738E-005	-1	OK
9.5000000000000000	1.76007080373000028E-004	1.52283832121825701E-004	5.09651668129525748E-005	1.01318665308873106E-004	2.37232482511743337E-005	5.25752501781704594E-006	-1	1.84657232333572869E-005	-1	OK
9.7500000000000000	8.58232170225999182E-005	7.48996484951565026E-005	2.43755272022533323E-005	5.05241212929031567E-005	1.09235685274434156E-005	2.38340135831583230E-006	-1	8.54016716912758329E-006	-1	OK
10.000000000000000	4.03728980523059943E-005	3.55549792963824493E-005	1.12369615599911278E-005	2.43180177363913249E-005	4.81791875592354757E-006	1.02866682705619623E-006	-1	3.78925192886735113E-006	-1	OK
10.250000000000000	1.82215141810561079E-005	1.61951570333061243E-005	4.96268023277775435E-006	1.12324768005283742E-005	2.02635714774998486E-006	4.19215596301239251E-007	-1	1.60714155144874566E-006	-1	OK
10.500000000000000	7.83322533160738648E-006	7.02544866950998239E-006	2.08374023513610464E-006	4.94170843437387817E-006	8.07776662097404513E-007	1.64287706962829909E-007	-1	6.43488955134574604E-007	-1	OK
10.750000000000000	3.17633213962235681E-006	2.87599514115336900E-006	8.24052200363567833E-007	2.05194294078980117E-006	3.00336998468987813E-007	5.89357362761714075E-008	-1	2.41401262192816413E-007	-1	OK
11.000000000000000	1.20131330795191292E-006	1.09820384895499313E-006	3.03308623409969256E-007	7.94895225545023820E-007	1.03109458996919723E-007	1.97279940265649991E-008	-1	8.33814649703547236E-008	-1	OK
11.250000000000000	4.17588942699826293E-007	3.85522875088297547E-007	1.02360767804680044E-007	2.83162107283617464E-007	3.20660676115287330E-008	5.91927300439290901E-009	-1	2.61467946071358223E-008	-1	OK
11.500000000000000	1.30823939252945794E-007	1.21996107432844418E-007	3.10483168639655223E-008	9.09477905688789020E-008	8.82783182010137961E-009	1.59659698363850223E-009	-1	7.23123483646287738E-009	-1	OK
11.750000000000000	3.59642728480634134E-008	3.38833820206037744E-008	8.23865226600823384E-009	2.56447297545955422E-008	2.08089082745964150E-009	3.61276678292827546E-010	-1	1.71961414916681395E-009	-1	OK
12.000000000000000	8.36224662883210972E-009	7.96238634289061623E-009	1.84245420908514043E-009	6.11993213380547393E-009	3.99860285941492972E-010	6.67512879819079663E-011	-1	3.33108997959584993E-010	-1	OK
