#pt	totcs	totdirect	directLO	directNLO	totfrag	fragLO	err_fragLO	fragNLO	err_fragNLO	errmess
0.50000000000000000	35171230.902684651	-3678867.4047116190	14680230.061404433	-18359097.466116045	38850098.307396270	9967594.5211003274	-1	28882503.786295943	-1	Error
0.75000000000000000	6217634.3441591021	2173323.9093806669	1372094.2435407303	801229.66583993647	4044310.4347784356	1155047.5457442538	-1	2889262.8890341818	-1	Error
1.0000000000000000	1282957.9898223937	538589.44521389517	281483.80517558835	257105.64003830671	744368.54460849846	235998.17032787527	-1	508370.37428062316	-1	Error
1.2500000000000000	351332.21206951933	162504.56227545397	81892.191344160354	80612.370931293670	188827.64979406534	66206.472822486525	-1	122621.17697157881	-1	Error
1.5000000000000000	113653.96404123696	57085.115769150907	29158.810976668574	27926.304792482326	56568.848272086048	21534.022896279188	-1	35034.825375806860	-1	Error
1.7500000000000000	39075.415889580079	21901.199594687641	11551.154273114045	10350.045321573596	17174.216294892434	6696.3034578130673	-1	10477.912837079366	-1	Error
2.0000000000000000	15348.763190777821	9204.6686902597139	4963.3376293615720	4241.3310608981401	6144.0945005181075	2413.6944729525158	-1	3730.4000275655917	-1	Error
2.2500000000000000	6621.7744422117885	4158.8141474362083	2277.9174736790947	1880.8966737571145	2462.9602947755802	969.22356281265957	-1	1493.7367319629207	-1	Error
2.5000000000000000	3063.8567709525678	1990.9723638082532	1102.6717307539534	888.30063305429996	1072.8844071443148	421.21348298727577	-1	651.67092415703905	-1	Error
2.7500000000000000	1497.0081257699480	998.85056998192283	557.42539427269980	441.42517570922303	498.15755578802515	193.37384509541164	-1	304.78371069261351	-1	Error
3.0000000000000000	763.82416413129283	520.64428315318241	291.95886948805622	228.68541366512616	243.17988097811039	93.588718035313221	-1	149.59116294279715	-1	Error
3.2500000000000000	403.58287445839568	280.03724903285450	157.42981385583158	122.60743517702296	123.54562542554117	47.081164226710335	-1	76.464461198830833	-1	Error
3.5000000000000000	219.20809446089049	154.56779576251785	86.939528086066730	67.628267676451102	64.640298698372661	24.410076426857728	-1	40.230222271514933	-1	Error
3.7500000000000000	121.81807732769107	87.147545595160651	48.956506835181827	38.191038759978824	34.670531732530414	12.952827879918019	-1	21.717703852612395	-1	Error
4.0000000000000000	69.006550376964029	50.003911358235619	28.010894126684470	21.993017231551153	19.002639018728409	7.0095432356782865	-1	11.993095783050123	-1	OK
4.2500000000000000	39.688111855907579	29.098767877009220	16.231066365277670	12.867701511731555	10.589343978898363	3.8479429904475912	-1	6.7414009884507715	-1	OK
4.5000000000000000	23.094309221036312	17.122866618511448	9.4980574097415342	7.6248092087699124	5.9714426025248617	2.1462691026087231	-1	3.8251734999161386	-1	OK
4.7500000000000000	13.572137268789797	10.162834520627737	5.5993945937384213	4.5634399268893153	3.4093027481620606	1.2060206536162221	-1	2.2032820945458385	-1	OK
5.0000000000000000	8.0286162252370215	6.0715715366634457	3.3189667671789218	2.7526047694845257	1.9570446885735751	0.68443550354985083	-1	1.2726091850237242	-1	OK
5.2500000000000000	4.7752507848976649	3.6444721539598333	1.9744079427314660	1.6700642112283670	1.1307786309378318	0.38973224017322117	-1	0.74104639076461065	-1	OK
5.5000000000000000	2.8493430955717258	2.1942748970785981	1.1768654881098453	1.0174094089687531	0.65506819849312747	0.22348529466422887	-1	0.43158290382889863	-1	OK
5.7500000000000000	1.7026162351117531	1.3231054633455324	0.70179143141427702	0.62131403193125534	0.37951077176622078	0.12778543065669865	-1	0.25172534110952216	-1	OK
6.0000000000000000	1.0182725918428297	0.79786557298437177	0.41809019948758130	0.37977537349679041	0.22040701885845790	7.32242594091299936E-002	-1	0.14718275944932790	-1	OK
6.2500000000000000	0.60813974944580007	0.48058116580814464	0.24854221143225783	0.23203895437588681	0.12755858363765538	4.18236264927297346E-002	-1	8.57349571449256415E-002	-1	OK
6.5000000000000000	0.36263942955492645	0.28879091219298858	0.14725882093137957	0.14153209126160909	7.38485173619378987E-002	2.38263882676120475E-002	-1	5.00221290943258512E-002	-1	OK
6.7500000000000000	0.21546855893673145	0.17292734846636001	8.68561995917491447E-002	8.60711488746108699E-002	4.25412104703714322E-002	1.35150841920819911E-002	-1	2.90261262782894394E-002	-1	OK
7.0000000000000000	0.12740911553639739	0.10306073793129050	5.09380847036685902E-002	5.21226532276219123E-002	2.43483776051068961E-002	7.59531865365084460E-003	-1	1.67530589514560506E-002	-1	OK
7.2500000000000000	7.48811585905559962E-002	6.10589752104876426E-002	2.96672331170907064E-002	3.13917420933969363E-002	1.38221833800683501E-002	4.24193200489787325E-003	-1	9.58025137517047598E-003	-1	OK
7.5000000000000000	4.36829012205783851E-002	3.59146464793775322E-002	1.71369724639683918E-002	1.87776740154091369E-002	7.76825474120084944E-003	2.35377228923706579E-003	-1	5.41448245196378408E-003	-1	OK
7.7500000000000000	2.52718259627016766E-002	2.09419370021486223E-002	9.80328917705712219E-003	1.11386478250915036E-002	4.32988896055305338E-003	1.29122972739149347E-003	-1	3.03865923316155992E-003	-1	OK
8.0000000000000000	1.44662532205019189E-002	1.20877151645817412E-002	5.54519302125134478E-003	6.54252214333039817E-003	2.37853805592017770E-003	6.96885926258912188E-004	-1	1.68165212966126551E-003	-1	OK
8.2500000000000000	8.18326836668222153E-003	6.89601214435529245E-003	3.09664800745659483E-003	3.79936413689869633E-003	1.28725622232692886E-003	3.70926998116522205E-004	-1	9.16329224210406658E-004	-1	OK
8.5000000000000000	4.56624545977344504E-003	3.88036003745356696E-003	1.70375480531017058E-003	2.17660523214339551E-003	6.85885422319877755E-004	1.93951980958660100E-004	-1	4.91933441361217709E-004	-1	OK
8.7500000000000000	2.50700572200089665E-003	2.14921993481903420E-003	9.21528079870208880E-004	1.22769185494882543E-003	3.57785787181862341E-004	9.92909809830275908E-005	-1	2.58494806198834750E-004	-1	OK
9.0000000000000000	1.35118556951637023E-003	1.16836958034584023E-003	4.88634253391888361E-004	6.79735326953951756E-004	1.82815989170529900E-004	4.96960988595756566E-005	-1	1.33119890310954257E-004	-1	OK
9.2500000000000000	7.12840915684818835E-004	6.21855719590861766E-004	2.53282920634454269E-004	3.68572798956407605E-004	9.09851960939570686E-005	2.42292899623696579E-005	-1	6.67559061315874141E-005	-1	OK
9.5000000000000000	3.66605734932677206E-004	3.22718415657386598E-004	1.27847884176768474E-004	1.94870531480618124E-004	4.38873192752906014E-005	1.13621879441505725E-005	-1	3.25251313311400323E-005	-1	OK
9.7500000000000000	1.83247952797036705E-004	1.62725606383641363E-004	6.25951246202010057E-005	1.00130481763440290E-004	2.05223464133953422E-005	5.22550122386546362E-006	-1	1.52968451895298785E-005	-1	OK
10.000000000000000	8.85012862971996505E-005	7.93095846215428494E-005	2.95729691599050768E-005	4.97366154616377828E-005	9.19170167565679936E-006	2.28321475809610306E-006	-1	6.90848691756069673E-006	-1	OK
10.250000000000000	4.10849033963582241E-005	3.71496874278920685E-005	1.34016010134588182E-005	2.37480864144332402E-005	3.93521596846615393E-006	9.44042973240087055E-007	-1	2.99117299522606698E-006	-1	OK
10.500000000000000	1.81995031334252692E-005	1.66017964637385242E-005	5.78185194480416188E-006	1.08199445189343606E-005	1.59770666968674416E-006	3.75626084184178121E-007	-1	1.22208058550256614E-006	-1	OK
10.750000000000000	7.62076286439826041E-006	7.01489291474355419E-006	2.35289889663090547E-006	4.66199401811264830E-006	6.05869949654706320E-007	1.37178607895809807E-007	-1	4.68691341758896513E-007	-1	OK
11.000000000000000	2.98443064519726323E-006	2.77175503637492582E-006	8.92914342304747096E-007	1.87884069407017873E-006	2.12675608822337515E-007	4.66833163507248477E-008	-1	1.65992292471612667E-007	-1	OK
11.250000000000000	1.07734304794829280E-006	1.00964105977332182E-006	3.11362009183046029E-007	6.98279050590275951E-007	6.77019881749710558E-008	1.42726388854508432E-008	-1	5.34293492895202126E-008	-1	OK
11.500000000000000	3.51623285100714679E-007	3.32500467337767192E-007	9.77982284676528127E-008	2.34702238870114432E-007	1.91228177629474934E-008	3.93475024222179815E-009	-1	1.51880675207256952E-008	-1	OK
11.750000000000000	1.01038362427666535E-007	9.64124951432070388E-008	2.69320964539376653E-008	6.94803986892693801E-008	4.62586728445949421E-009	9.10610702774022705E-010	-1	3.71525658168547140E-009	-1	OK
12.000000000000000	2.46411291263917221E-008	2.37261588266817441E-008	6.26260323774193406E-009	1.74635555889398117E-008	9.14970299709977230E-010	1.72096834429541089E-010	-1	7.42873465280436115E-010	-1	OK
