#pt	totcs	totdirect	directLO	directNLO	totfrag	fragLO	err_fragLO	fragNLO	err_fragNLO	errmess
0.50000000000000000	8444917.2718838453	-106037283.10428795	17283169.235515032	-123320452.33980298	114482200.37617180	42931896.641149059	-1	71550303.735022739	-1	Error
0.75000000000000000	19620407.612807296	-37875.984100978822	1910793.0334870499	-1948669.0175880319	19658283.596908275	7137880.7631132929	-1	12520402.833794981	-1	Error
1.0000000000000000	5857776.8161104172	695700.47917805845	469832.46401633741	225868.01516172092	5162076.3369323593	1941461.1011611975	-1	3220615.2357711615	-1	Error
1.2500000000000000	2073933.3822688391	344073.90456762863	164313.10509172460	179760.79947590377	1729859.4777012104	693161.44893809955	-1	1036698.0287631109	-1	Error
1.5000000000000000	833240.32499466650	172753.00479849230	77798.282448792845	94954.722349699514	660487.32019617420	287928.09312036401	-1	372559.22707581019	-1	Error
1.7500000000000000	350538.72530341853	94099.774238540747	46287.903317743112	47811.870920797621	256438.95106487779	120855.56555934956	-1	135583.38550552825	-1	Error
2.0000000000000000	165172.56221516791	53275.885986564084	27732.940605567033	25542.945380997036	111896.67622860383	55492.273136299242	-1	56404.403092304587	-1	Error
2.2500000000000000	84992.114714089112	31420.587302082196	17017.508767105814	14403.078534976381	53571.527412006923	27665.354073160572	-1	25906.173338846351	-1	Error
2.5000000000000000	47069.534687998283	19246.529626978867	10735.800993311166	8510.7286336677007	27823.005061019412	14737.118078147561	-1	13085.886982871851	-1	Error
2.7500000000000000	27578.185721948226	12195.441531549626	6960.1228471565710	5235.3186843930607	15382.744190398602	8292.6998655848420	-1	7090.0443248137599	-1	Error
3.0000000000000000	16923.254093907955	7963.5931312606926	4629.2322352103602	3334.3608960503311	8959.6609626472618	4903.7712566963801	-1	4055.8897059508818	-1	Error
3.2500000000000000	10795.778004469286	5339.8702638657433	3151.4089350815289	2188.4613287842144	5455.9077406035431	3019.0612062375849	-1	2436.8465343659582	-1	Error
3.5000000000000000	7116.7965254263117	3665.6505461813331	2191.0809876582866	1474.5695585230471	3451.1459792449787	1924.8780249760332	-1	1526.2679542689455	-1	Error
3.7500000000000000	4822.4360697304528	2569.8205681036134	1552.9243536384095	1016.8962144652035	2252.6155016268394	1264.5961532704277	-1	988.01934835641168	-1	Error
4.0000000000000000	3346.8809538544601	1835.7255706797646	1119.8916005231126	715.83397015665162	1511.1553831746958	852.64692630742456	-1	658.50845686727121	-1	OK
4.2500000000000000	2370.6630413466573	1333.2238077017346	820.14146441704781	513.08234328468689	1037.4392336449230	586.72162372507933	-1	450.71760991984365	-1	OK
4.5000000000000000	1710.9229758161844	982.61568939242670	608.93756142540224	373.67812796702430	728.30728642375766	410.60469183605045	-1	317.70259458770721	-1	OK
4.7500000000000000	1254.7359716317130	733.84505478170013	457.77542091306805	276.06963386863214	520.89091685001290	293.94436954137211	-1	226.94654730864079	-1	OK
5.0000000000000000	933.34616273709594	554.75450325489260	348.11758630110842	206.63691695378424	378.59165948220340	214.00140421540215	-1	164.59025526680125	-1	OK
5.2500000000000000	703.29267010195827	424.11185386130609	267.57572363596205	156.53613022534401	279.18081624065223	158.09544927822759	-1	121.08536696242464	-1	OK
5.5000000000000000	536.18390331728938	327.63232569496040	207.72707713907903	119.90524855588139	208.55157762232903	118.28158290277091	-1	90.269994719558127	-1	OK
5.7500000000000000	413.62361188201510	255.56005438093749	162.76766505935421	92.792389321583272	158.06355750107758	89.603132552353287	-1	68.460424948724295	-1	OK
6.0000000000000000	322.32719617109314	201.13764089902656	128.64347221830604	72.494168680720506	121.18955527206657	68.615408483516404	-1	52.574146788550166	-1	OK
6.2500000000000000	253.47978295578582	159.60559762665733	102.47692794189338	57.128669684763935	93.874185329128508	53.078481491524968	-1	40.795703837603540	-1	OK
6.5000000000000000	201.01420242680445	127.61095349997410	82.229839810726631	45.381113689247456	73.403248926830358	41.403315214526842	-1	31.999933712303516	-1	OK
6.7500000000000000	160.63054091294197	102.74943963767498	66.432177397259309	36.317262240415715	57.881101275266978	32.605899504039257	-1	25.275201771227721	-1	OK
7.0000000000000000	129.24640018841723	83.275365109754745	54.010304948868125	29.265060160886623	45.971035078662489	25.876215268252288	-1	20.094819810410200	-1	OK
7.2500000000000000	104.64586753307694	67.906624555354341	44.171752650715632	23.734871904638698	36.739242977722597	20.695181658429807	-1	16.044061319292791	-1	OK
7.5000000000000000	85.314827645573686	55.691918611752051	36.326018889049145	19.365899722702906	29.622909033821635	16.663052220773494	-1	12.959856813048141	-1	OK
7.7500000000000000	69.962017962483060	45.919882808916348	30.029485002907087	15.890397806009270	24.042135153566704	13.503380859893648	-1	10.538754293673056	-1	OK
8.0000000000000000	57.695898951974925	38.053711389497245	24.945865651308921	13.107845738188315	19.642187562477684	11.009151567051557	-1	8.6330359954261269	-1	OK
8.2500000000000000	47.803133316694698	31.684625484075575	20.818128770014415	10.866496714061171	16.118507832619127	9.0251431792631784	-1	7.0933646533559482	-1	OK
8.5000000000000000	39.753197875468473	26.499309235814984	17.448658957560973	9.0506502782540128	13.253888639653493	7.4373184195098707	-1	5.8165702201436220	-1	OK
8.7500000000000000	33.246547078139521	22.255855258723194	14.684353037446090	7.5715022212771022	10.990691819416325	6.1434362614223517	-1	4.8472555579939733	-1	OK
9.0000000000000000	27.922782160209678	18.766321468252013	12.405793340558029	6.3605281276939856	9.1564606919576672	5.1110566708807941	-1	4.0454040210768731	-1	OK
9.2500000000000000	23.538393241469564	15.883643204867553	10.519216223151680	5.3644269817158747	7.6547500366020111	4.2699648427233390	-1	3.3847851938786722	-1	OK
9.5000000000000000	19.919426649778995	13.491831419226077	8.9505211115138170	4.5413103077122621	6.4275952305529165	3.5817763194198475	-1	2.8458189111330690	-1	OK
9.7500000000000000	16.917328337417835	11.498974987528385	7.6408503532538603	3.8581246342745246	5.4183533498894496	3.0161872009307293	-1	2.4021661489587203	-1	OK
10.000000000000000	14.418614037346492	9.8320229284930765	6.5432495627996836	3.2887733656933928	4.5865911088534155	2.5489399373579258	-1	2.0376511714954897	-1	OK
10.250000000000000	12.322245303770940	8.4324729559401099	5.6200273604941478	2.8124455954459622	3.8897723478308301	2.1614463986341650	-1	1.7283259491966652	-1	OK
10.500000000000000	10.568413785884806	7.2532507185411133	4.8407766272534181	2.4124740912876965	3.3151630673436920	1.8389871999768572	-1	1.4761758673668348	-1	OK
10.750000000000000	9.0903841882655207	6.2562928816265755	4.1808608314607838	2.0754320501657912	2.8340913066389457	1.5696277651396056	-1	1.2644635414993401	-1	OK
11.000000000000000	7.8408155892427081	5.4106419604927938	3.6202212153193543	1.7904207451734377	2.4301736287499143	1.3437667378447395	-1	1.0864068909051747	-1	OK
11.250000000000000	6.7795512510763434	4.6911258237590623	3.1424853264519501	1.5486404973071137	2.0884254273172811	1.1536157369947575	-1	0.93480969032252359	-1	OK
11.500000000000000	5.8778563045516252	4.0771357689391579	2.7342244054574638	1.3429113634816927	1.8007205356124671	0.99295227985609003	-1	0.80776825575637712	-1	OK
11.750000000000000	5.1078949908730937	3.5517021924306849	2.3843679606401067	1.1673342317905775	1.5561927984424093	0.85683529180077478	-1	0.69935750664163454	-1	OK
12.000000000000000	4.4491635115154065	3.1008494298882132	2.0837706299976664	1.0170787998905466	1.3483140816271935	0.74120362731965284	-1	0.60711045430754063	-1	OK
12.250000000000000	3.8842919000896008	2.7129669828907295	1.8248366130296281	0.88813036986110094	1.1713249171988713	0.64273979901585532	-1	0.52858511818301601	-1	OK
12.500000000000000	3.3982108874953281	2.3784343642163579	1.6012507523661772	0.77718361185018059	1.0197765232789702	0.55864899971863935	-1	0.46112752356033082	-1	OK
12.750000000000000	2.9791319810377943	2.0892245200531505	1.4077368483578361	0.68148767169531477	0.88990746098464391	0.48660546051234455	-1	0.40330200047229936	-1	OK
13.000000000000000	2.6167989672772651	1.8386286259051174	1.2398766814791753	0.59875194442594160	0.77817034137214780	0.42471221537998560	-1	0.35345812599216220	-1	OK
13.250000000000000	2.3024952874956797	1.6210096063805302	1.0939542888814153	0.52705531749911483	0.68148568111514940	0.37089116247960052	-1	0.31059451863554888	-1	OK
13.500000000000000	2.0297885911014424	1.4316324352365370	0.96684056920968531	0.46479186602685180	0.59815615586490556	0.32501077224290637	-1	0.27314538362199919	-1	OK
13.750000000000000	1.7927198338710748	1.2664865271555303	0.85588717709407380	0.41059935006145637	0.52623330671554447	0.28513609904468984	-1	0.24109720767085463	-1	OK
14.000000000000000	1.5859416085573312	1.1221919975797605	0.75885508892807585	0.36333690865168450	0.46374961097757078	0.25075993431506810	-1	0.21298967666250268	-1	OK
14.250000000000000	1.4052495897046626	0.99587393651089917	0.67383917547585270	0.32203476103504647	0.40937565319376351	0.22089363518328864	-1	0.18848201801047487	-1	OK
14.500000000000000	1.2467718183963226	0.88509464172950580	0.59921943958701929	0.28587520214248635	0.36167717666681687	0.19489672560644719	-1	0.16678045106036968	-1	OK
14.750000000000000	1.1080449927865159	0.78776883020096222	0.53361087553465691	0.25415795466630542	0.32027616258555375	0.17223342444562117	-1	0.14804273813993257	-1	OK
15.000000000000000	0.98595304919634064	0.70211926580448758	0.47582981680338149	0.22628944900110612	0.28383378339185300	0.15244075036072591	-1	0.13139303303112709	-1	OK
15.250000000000000	0.87856987273634002	0.62662086032126751	0.42486036807070016	0.20176049225056752	0.25194901241507250	0.13492914014523516	-1	0.11701987226983734	-1	OK
15.500000000000000	0.78403075065932915	0.55996408760592054	0.37982974637066369	0.18013434123525679	0.22406666305340858	0.11976846718791695	-1	0.10429819586549163	-1	OK
15.750000000000000	0.70050773674755407	0.50102329548401592	0.33998637175235702	0.16103692373165907	0.19948444126353818	0.10646209785115748	-1	9.30223434123806925E-002	-1	OK
16.000000000000000	0.62662660968494965	0.44882914825621806	0.30468175415849075	0.14414739409772731	0.17779746142873162	9.47597239847237371E-002	-1	8.30377374440078864E-002	-1	OK
16.250000000000000	0.56146453758374826	0.40254157960243248	0.27335464864030479	0.12918693096212761	0.15892295798131581	8.44509352172522487E-002	-1	7.44720227640635613E-002	-1	OK
16.500000000000000	0.50343630550261442	0.36143679480803359	0.24551947979491429	0.11591731501311932	0.14199951069458083	7.53585591787824388E-002	-1	6.66409515157983939E-002	-1	OK
16.750000000000000	0.45196540310611460	0.32488350478437727	0.22075403974727670	0.10412946503710054	0.12708189832173733	6.73270749827183379E-002	-1	5.97548233390189920E-002	-1	OK
17.000000000000000	0.40621855104624333	0.29233702112685789	0.19869219526618784	9.36448258606700085E-002	0.11388152991938542	6.02207373350174824E-002	-1	5.36607925843679417E-002	-1	OK
17.250000000000000	0.36546062281300851	0.26332087384654146	0.17901416906589851	8.43067047806429770E-002	0.10213974896646702	5.39247250980843529E-002	-1	4.82150238683826671E-002	-1	OK
17.500000000000000	0.32914397315938348	0.23741997078687335	0.16144138847478123	7.59785823120921605E-002	9.17240023725101605E-002	4.82688726166700388E-002	-1	4.34551297558401217E-002	-1	OK
17.750000000000000	0.29673573307994716	0.21427351104098283	0.14573059759254259	6.85429134484402541E-002	8.24622220389643334E-002	4.33097799353284393E-002	-1	3.91524421036358941E-002	-1	OK
18.000000000000000	0.26777004084878187	0.19356342348075087	0.13166836980127686	6.18950536794740033E-002	7.42066173680310109E-002	3.88995508062630752E-002	-1	3.53070665617679358E-002	-1	OK
18.250000000000000	0.24174490150648645	0.17501405522941024	0.11906838432512100	5.59456709042892228E-002	6.67308462770762056E-002	3.49719475550429731E-002	-1	3.17588987220332325E-002	-1	OK
18.500000000000000	0.21855479065652950	0.15838106032434993	0.10776625855487816	5.06148017694717373E-002	6.01737303321795772E-002	3.14723329141106539E-002	-1	2.87013974180689233E-002	-1	OK
18.750000000000000	0.19776048551239611	0.14345057316531959	9.76179299531523686E-002	4.58326432121672553E-002	5.43099123470765222E-002	2.82599946689036409E-002	-1	2.60499176781728813E-002	-1	OK
19.000000000000000	0.17918507738969541	0.13003544179033893	8.84966232173419048E-002	4.15388185729969883E-002	4.91496355993564782E-002	2.54013148325829587E-002	-1	2.37483207667735195E-002	-1	OK
19.250000000000000	0.16237638638329435	0.11796907550636933	8.02902204612279125E-002	3.76788550451414295E-002	4.44073108769250310E-002	2.29198347074362797E-002	-1	2.14874761694887513E-002	-1	OK
19.500000000000000	0.14727868987456016	0.10710574474980890	7.29000878174308337E-002	3.42056569323780577E-002	4.01729451247512803E-002	2.06976735840697125E-002	-1	1.94752715406815678E-002	-1	OK
19.750000000000000	0.13366698767032595	9.73161001180816165E-002	6.62388584816905185E-002	3.10772416363911050E-002	3.63508875522443251E-002	1.87874669639164146E-002	-1	1.75634205883279104E-002	-1	OK
20.000000000000000	0.12143037445406042	8.84860343969614827E-002	6.02293256626790993E-002	2.82567087342823868E-002	3.29443400570989392E-002	1.69928956730230930E-002	-1	1.59514443840758462E-002	-1	OK
20.250000000000000	0.11036014248328258	8.05147940798479345E-002	5.48030897272483025E-002	2.57117043525996354E-002	2.98453484034346336E-002	1.53818242621624572E-002	-1	1.44635241412721764E-002	-1	OK
20.500000000000000	0.10037370324247184	7.33121958913528909E-002	4.98992802614793771E-002	2.34129156298735347E-002	2.70615073511189519E-002	1.39348405652460639E-002	-1	1.31266667858728880E-002	-1	OK
20.750000000000000	9.13847371900154415E-002	6.67988631576313663E-002	4.54640174061208616E-002	2.13348457515104978E-002	2.45858740323840821E-002	1.25484425755078080E-002	-1	1.20374314568762741E-002	-1	OK
21.000000000000000	8.32363832901368839E-002	6.09039524292898579E-002	4.14492902162111876E-002	1.94546622130786669E-002	2.23324308608470259E-002	1.13849220663528976E-002	-1	1.09475087944941284E-002	-1	OK
21.250000000000000	7.58636566278603208E-002	5.55644106984794911E-002	3.78123945042176737E-002	1.77520161942618174E-002	2.02992459293808228E-002	1.03367934302643141E-002	-1	9.96245249911650865E-003	-1	OK
21.500000000000000	6.91880414637942309E-002	5.07242329596978916E-002	3.45152871719784163E-002	1.62089457877194684E-002	1.84638085040963358E-002	9.39142416211900984E-003	-1	9.07238434197732597E-003	-1	OK
21.750000000000000	6.31488130986827545E-002	4.63333901559150885E-002	3.15240162248575789E-002	1.48093739310575165E-002	1.68154229427676695E-002	8.53764089518827159E-003	-1	8.27778204757939791E-003	-1	OK
22.000000000000000	5.76673036343749307E-002	4.23472159513513802E-002	2.88082776254763098E-002	1.35389383258750686E-002	1.53200876830235540E-002	7.76593575330048001E-003	-1	7.55415192972307397E-003	-1	OK
22.250000000000000	5.26887699521613601E-002	3.87260932313423095E-002	2.63410545274268791E-002	1.23850387039154339E-002	1.39626767208190505E-002	7.05357182443458724E-003	-1	6.90910489638446330E-003	-1	OK
22.500000000000000	4.81694205411882515E-002	3.54341568153942257E-002	2.40980365682093578E-002	1.13361202471848610E-002	1.27352637257940292E-002	6.42361604798144352E-003	-1	6.31164767781258566E-003	-1	OK
22.750000000000000	4.40500941293197959E-002	3.24394356929364053E-002	2.20575029382839675E-002	1.03819327546524395E-002	1.16106584363833889E-002	5.85328925748274023E-003	-1	5.75736917890064866E-003	-1	OK
23.000000000000000	4.03179871477212376E-002	2.97133304415276023E-002	2.01999829958880855E-002	9.51334744563951326E-003	1.06046567061936318E-002	5.33788068861381498E-003	-1	5.26677601757981687E-003	-1	OK
23.250000000000000	3.69153138875255721E-002	2.72300823648992107E-002	1.85079804042405476E-002	8.72210196065865799E-003	9.68523152262636480E-003	4.86917636827897786E-003	-1	4.81605515434738694E-003	-1	OK
23.500000000000000	3.38223921577331388E-002	2.49666093442947670E-002	1.69658041982878767E-002	8.00080514600688686E-003	8.85578281343837349E-003	4.44569062880297104E-003	-1	4.41009218463540246E-003	-1	OK
23.750000000000000	3.10038697623928050E-002	2.29023364773204147E-002	1.55593891160027281E-002	7.34294736131768915E-003	8.10153328507239208E-003	4.05442552417115479E-003	-1	4.04710776090123729E-003	-1	OK
24.000000000000000	2.84337765514283067E-002	2.10185229509709560E-002	1.42760032324793507E-002	6.74251971849160799E-003	7.41525360045735063E-003	3.70375339298403957E-003	-1	3.71150020747331106E-003	-1	OK
24.250000000000000	2.60788125727664105E-002	1.92984151413901489E-002	1.31042398944812861E-002	6.19417524690886370E-003	6.78039743137626074E-003	3.38497899227978728E-003	-1	3.39541843909647346E-003	-1	OK
24.500000000000000	2.39336034028148695E-002	1.77269811383218567E-002	1.20338145025077389E-002	5.69316663581412308E-003	6.20662226449301448E-003	3.09138470502453525E-003	-1	3.11523755946847922E-003	-1	OK
24.750000000000000	2.19790381607601719E-002	1.62904597810420645E-002	1.10553993947981148E-002	5.23506038624394886E-003	5.68857837971810734E-003	2.82432107595708597E-003	-1	2.86425730376102137E-003	-1	OK
25.000000000000000	2.01867090692629224E-002	1.49765883391780614E-002	1.01606318583063390E-002	4.81595648087172149E-003	5.21012073008486187E-003	2.58493811561337711E-003	-1	2.62518261447148476E-003	-1	OK
25.250000000000000	1.85528160471627075E-002	1.37742783227250906E-002	9.34194160263164888E-003	4.43233672009343913E-003	4.77853772443761690E-003	2.36635881204143653E-003	-1	2.41217891239618037E-003	-1	OK
25.500000000000000	1.70560410759353701E-002	1.26734417525122961E-002	8.59247582732346367E-003	4.08096592518883763E-003	4.38259932342307482E-003	2.16778044316848521E-003	-1	2.21481888025458961E-003	-1	OK
25.750000000000000	1.56865505998936422E-002	1.16650582148910484E-002	7.90606707430200999E-003	3.75899114058903796E-003	4.02149238500259468E-003	1.98675472522811701E-003	-1	2.03473765977447768E-003	-1	OK
26.000000000000000	1.44338170737294859E-002	1.07409478028961773E-002	7.27711608525457784E-003	3.46383171764159947E-003	3.69286927083330900E-003	1.81938067117154109E-003	-1	1.87348859966176792E-003	-1	OK
26.250000000000000	1.32867284677501696E-002	9.89361941662936575E-003	6.70053497237957027E-003	3.19308444424979592E-003	3.39310905112080469E-003	1.66881547885847472E-003	-1	1.72429357226232998E-003	-1	OK
26.500000000000000	1.22345551552834157E-002	9.11635205988681023E-003	6.17173325031664805E-003	2.94461880957016002E-003	3.11820309539660593E-003	1.52919610354195932E-003	-1	1.58900699185464660E-003	-1	OK
26.750000000000000	1.12661021804089934E-002	8.40303984265750384E-003	5.68653835684777929E-003	2.71650148580972629E-003	2.86306233775148865E-003	1.40364810189351269E-003	-1	1.45941423585797597E-003	-1	OK
27.000000000000000	1.03794164148439533E-002	7.74809872018336013E-003	5.24115513869734349E-003	2.50694358148601838E-003	2.63131769466059227E-003	1.28885877991737779E-003	-1	1.34245891474321448E-003	-1	OK
27.250000000000000	9.56663806390647097E-003	7.14651024464047976E-003	4.83215312599343579E-003	2.31435711864704441E-003	2.42012781926599077E-003	1.18191481259594892E-003	-1	1.23821300667004185E-003	-1	OK
27.500000000000000	8.82030456970978385E-003	6.59369058781427222E-003	4.45640547165451241E-003	2.13728511615975982E-003	2.22661398189551120E-003	1.08600071101321374E-003	-1	1.14061327088229745E-003	-1	OK
27.750000000000000	8.13545356216420490E-003	6.08547313931654017E-003	4.11107340648707732E-003	1.97439973282946112E-003	2.04998042284766473E-003	9.98187002650363642E-004	-1	1.05179342019730108E-003	-1	OK
28.000000000000000	7.50396045249460391E-003	5.61810432708885563E-003	3.79358068767536583E-003	1.82452363941348786E-003	1.88585612540574828E-003	9.17764109651510911E-004	-1	9.68092015754237365E-004	-1	OK
28.250000000000000	6.92559135832053821E-003	5.18812473283982670E-003	3.50156976777414586E-003	1.68655496506568128E-003	1.73746662548071151E-003	8.41879964407878448E-004	-1	8.95586661072833058E-004	-1	OK
28.500000000000000	6.39255936262405049E-003	4.79238495236092819E-003	3.23289573052621326E-003	1.55948922183471537E-003	1.60017441026312230E-003	7.74481413759089857E-004	-1	8.25692996504032444E-004	-1	OK
28.750000000000000	5.90349424264179252E-003	4.42803058617716010E-003	2.98560767425072853E-003	1.44242291192643330E-003	1.47546365646463199E-003	7.12676463567746016E-004	-1	7.62787192896885978E-004	-1	OK
29.000000000000000	5.45285562299967740E-003	4.09245405370224028E-003	2.75792356195302428E-003	1.33453049174921665E-003	1.36040156929743668E-003	6.55335655270149718E-004	-1	7.05065914027286963E-004	-1	OK
29.250000000000000	5.03771168491993788E-003	3.78326108778823415E-003	2.54821571959081830E-003	1.23504536819741542E-003	1.25445059713170395E-003	6.03192600864129727E-004	-1	6.51257996267574218E-004	-1	OK
29.500000000000000	4.65562386656988379E-003	3.49828665341565771E-003	2.35500430146448007E-003	1.14328235195117764E-003	1.15733721315422608E-003	5.55487758297624687E-004	-1	6.01849454856601390E-004	-1	OK
29.750000000000000	4.30329561174708219E-003	3.23554693353302492E-003	2.17693466651485996E-003	1.05861226701816475E-003	1.06774867821405771E-003	5.11158746833752882E-004	-1	5.56589931380304824E-004	-1	OK
30.000000000000000	3.97719175095332961E-003	2.99323067389756572E-003	2.01276993333666812E-003	9.80460740560897600E-004	9.83961077055763890E-004	4.70332979955824396E-004	-1	5.13628097099939548E-004	-1	OK
30.250000000000000	3.67805166851905251E-003	2.76968537190604462E-003	1.86138035240813841E-003	9.08305019497906638E-004	9.08366296613007996E-004	4.33036959886371647E-004	-1	4.75329336726636349E-004	-1	OK
30.500000000000000	3.40224112351016680E-003	2.56339172742286970E-003	1.72172965148189054E-003	8.41662075940979165E-004	8.38849396087297311E-004	3.98745180197245897E-004	-1	4.40104215890051414E-004	-1	OK
30.750000000000000	3.14723644871151009E-003	2.37295854740097708E-003	1.59287008417015622E-003	7.80088463230820851E-004	7.74277901310532909E-004	3.67311771549213889E-004	-1	4.06966129761319019E-004	-1	OK
31.000000000000000	2.91193109146528671E-003	2.19711588817281256E-003	1.47393539295264872E-003	7.23180495220164380E-004	7.14815203292474156E-004	3.38454743855263378E-004	-1	3.76360459437210778E-004	-1	OK
31.250000000000000	2.69505725254494443E-003	2.03470710666257089E-003	1.36413239019750007E-003	6.70574716465070818E-004	6.60350145882373542E-004	3.12186590791531360E-004	-1	3.48163555090842181E-004	-1	OK
31.500000000000000	2.49372196139308142E-003	1.88464985188505053E-003	1.26272999927937580E-003	6.21919852605674504E-004	6.09072109508030680E-004	2.88294961055636631E-004	-1	3.20777148452394050E-004	-1	OK
31.750000000000000	2.30909188756787736E-003	1.74597473590699915E-003	1.16906419530110020E-003	5.76910540605899379E-004	5.63117151660878215E-004	2.65783018061313038E-004	-1	2.97334133599565177E-004	-1	OK
32.000000000000000	2.13826097999288362E-003	1.61779021249835206E-003	1.08252462787637076E-003	5.35265584621981731E-004	5.20470767494531561E-004	2.45007859874535555E-004	-1	2.75462907619996005E-004	-1	OK
32.250000000000000	1.98053302490738652E-003	1.49927109209851256E-003	1.00254900366883643E-003	4.96722088429676022E-004	4.81261932808874169E-004	2.25975476756589723E-004	-1	2.55286456052284446E-004	-1	OK
32.500000000000000	1.83432889075659271E-003	1.38965978286270447E-003	9.28622224248151665E-004	4.61037558614552697E-004	4.44669107893888289E-004	2.08472484746994192E-004	-1	2.36196623146894098E-004	-1	OK
32.750000000000000	1.69952039293541765E-003	1.28826430750904504E-003	8.60271759675656058E-004	4.27992547833388874E-004	4.11256085426372662E-004	1.92520135039160091E-004	-1	2.18735950387212571E-004	-1	OK
33.000000000000000	1.57481324898450748E-003	1.19444970755162340E-003	7.97063810858162172E-004	3.97385896693461011E-004	3.80363541432884086E-004	1.77819123167232611E-004	-1	2.02544418265651475E-004	-1	OK
33.250000000000000	1.45966753440201417E-003	1.10762760939737211E-003	7.38599295306710990E-004	3.69028314090661226E-004	3.52039925004642065E-004	1.64267160848409060E-004	-1	1.87772764156233005E-004	-1	OK
33.500000000000000	1.35314894461277535E-003	1.02726249600266790E-003	6.84512015078187798E-004	3.42750480924480046E-004	3.25886448610107561E-004	1.51589872774890514E-004	-1	1.74296575835217047E-004	-1	OK
33.750000000000000	1.25421521678413441E-003	9.52854123437240079E-004	6.34463138819046793E-004	3.18390984618193015E-004	3.01361093346894440E-004	1.40080113105615911E-004	-1	1.61280980241278529E-004	-1	OK
34.000000000000000	1.16298830044739548E-003	8.83947308887698133E-004	5.88142732708061590E-004	2.95804576179636597E-004	2.79040991559697236E-004	1.29277898278716726E-004	-1	1.49763093280980510E-004	-1	OK
34.250000000000000	1.07840196868104346E-003	8.20126491562688680E-004	5.45266116721809064E-004	2.74860374840879508E-004	2.58275477118354892E-004	1.19335050531388964E-004	-1	1.38940426586965941E-004	-1	OK
34.500000000000000	1.00008689492349801E-003	7.61005043469341986E-004	5.05570011521217573E-004	2.55435031948124359E-004	2.39081851454156079E-004	1.10521278309026969E-004	-1	1.28560573145129124E-004	-1	OK
34.750000000000000	9.27565568338754843E-004	7.06225611868116824E-004	4.68811730931049866E-004	2.37413880937066877E-004	2.21339956470638046E-004	1.02052859343105591E-004	-1	1.19287097127532455E-004	-1	OK
35.000000000000000	8.60633445472094622E-004	6.55459462867016797E-004	4.34768082627936322E-004	2.20691380239080665E-004	2.05173982605077852E-004	9.43698266471695299E-005	-1	1.10804155957908322E-004	-1	OK
35.250000000000000	7.98447646554279497E-004	6.08406844123738060E-004	4.03234149515502717E-004	2.05172694608235344E-004	1.90040802430541437E-004	8.72759691311142741E-005	-1	1.02764833299427163E-004	-1	OK
35.500000000000000	7.40684410616874404E-004	5.64787889970364736E-004	3.74020006268429921E-004	1.90767883701934869E-004	1.75896520646509695E-004	8.05706321979881288E-005	-1	9.53258884485215659E-005	-1	OK
35.750000000000000	6.87344030653291968E-004	5.24344562632610037E-004	3.46950625248053205E-004	1.77393937384556723E-004	1.62999468020681932E-004	7.44243651501477532E-005	-1	8.85751028705341784E-005	-1	OK
36.000000000000000	6.37735086322029771E-004	4.86839285799808385E-004	3.21864921870552328E-004	1.64974363929256003E-004	1.50895800522221412E-004	6.89568922065805296E-005	-1	8.19389083156408826E-005	-1	OK
36.250000000000000	5.91826622653688424E-004	4.52052968874811639E-004	2.98614278300585591E-004	1.53438690574226049E-004	1.39773653778876757E-004	6.36742908789071703E-005	-1	7.60993628999695872E-005	-1	OK
36.500000000000000	5.49200663553805774E-004	4.19785426856261539E-004	2.77062072765800883E-004	1.42723354090460683E-004	1.29415236697544235E-004	5.88389166294758353E-005	-1	7.05763200680683997E-005	-1	OK
36.750000000000000	5.09694254545961989E-004	3.89849978840055668E-004	2.57081636707174493E-004	1.32768342132881230E-004	1.19844275705906361E-004	5.43912896671913578E-005	-1	6.54529860387150029E-005	-1	OK
37.000000000000000	4.73055453459894854E-004	3.62074830309107862E-004	2.38556164816306637E-004	1.23518665492801334E-004	1.10980623150786964E-004	5.02900927092274152E-005	-1	6.06905304415595491E-005	-1	OK
37.250000000000000	4.39147659707430911E-004	3.36300108316431009E-004	2.21377481502286344E-004	1.14922626814144705E-004	1.02847551390999875E-004	4.65453677085915239E-005	-1	5.63021836824083513E-005	-1	OK
37.500000000000000	4.07604447893929786E-004	3.12378848598941804E-004	2.05446045732192580E-004	1.06932802866749265E-004	9.52255992949879677E-005	4.30820206397111030E-005	-1	5.21435786552768647E-005	-1	OK
37.750000000000000	3.78454285820795111E-004	2.90175986736470736E-004	1.90669867751169911E-004	9.95061189853008524E-005	8.82782990843243614E-005	3.98790269935353457E-005	-1	4.83992720907890157E-005	-1	OK
38.000000000000000	3.51375743525075617E-004	2.69565708166464853E-004	1.76963685319086967E-004	9.26020228473778173E-005	8.18100353586107649E-005	3.68680356285497050E-005	-1	4.49419997300610599E-005	-1	OK
38.250000000000000	3.26265078075056031E-004	2.50430107384654824E-004	1.64248408253625354E-004	8.61816991310294163E-005	7.58349706904011794E-005	3.41314771784178550E-005	-1	4.17034935119833244E-005	-1	OK
38.500000000000000	3.02999067300244943E-004	2.32662100142030833E-004	1.52451500301040133E-004	8.02105998409907272E-005	7.03369671582141238E-005	3.15422278194257971E-005	-1	3.87947393387883267E-005	-1	OK
38.750000000000000	2.81374437547279800E-004	2.16163070142503930E-004	1.41505922025307308E-004	7.46571481171966358E-005	6.52113674047758427E-005	2.91218636788038135E-005	-1	3.60895037259720259E-005	-1	OK
39.000000000000000	2.61239446784575669E-004	2.00841499465093955E-004	1.31349483530010254E-004	6.94920159350837017E-005	6.03979473194817137E-005	2.69634861301606548E-005	-1	3.34344611893210589E-005	-1	OK
39.250000000000000	2.42590848428205478E-004	1.86611775574736940E-004	1.21924487928815807E-004	6.46872876459211193E-005	5.59790728534685316E-005	2.49661360055727313E-005	-1	3.10129368478958038E-005	-1	OK
39.500000000000000	2.25284295545298920E-004	1.73394933553686125E-004	1.13177593487597490E-004	6.02173400660886612E-005	5.18893619916127959E-005	2.31176699816318485E-005	-1	2.87716920099809475E-005	-1	OK
39.750000000000000	2.09227489781307939E-004	1.61117647682261213E-004	1.05059439928815136E-004	5.60582077534460833E-005	4.81098420990467402E-005	2.14070145283419120E-005	-1	2.67028275707048282E-005	-1	OK
40.000000000000000	1.94339817674701247E-004	1.49712785764580334E-004	9.75244794763742776E-005	5.21883062882060565E-005	4.46270319101209264E-005	1.98236405769776616E-005	-1	2.48033913331432648E-005	-1	OK
40.250000000000000	1.80510720910098834E-004	1.39117778061096064E-004	9.05303782178406343E-005	4.85873998432554232E-005	4.13929428490027694E-005	1.83490780756615162E-005	-1	2.30438647733412532E-005	-1	OK
40.500000000000000	1.67637179887223113E-004	1.29273696808712517E-004	8.40377707031074076E-005	4.52359261056051501E-005	3.83634830785105823E-005	1.69722498057639170E-005	-1	2.13912332727466653E-005	-1	OK
40.750000000000000	1.55711246882228203E-004	1.20126382774037965E-004	7.80103573538794591E-005	4.21160254201585060E-005	3.55848641081902244E-005	1.57180911726418384E-005	-1	1.98667729355483859E-005	-1	OK
41.000000000000000	1.44616967774344277E-004	1.11626537107094808E-004	7.24146972579516003E-005	3.92118398491431803E-005	3.29904306672494763E-005	1.45369478316932720E-005	-1	1.84534828355562060E-005	-1	OK
41.250000000000000	1.34326868858809296E-004	1.03728164311202482E-004	6.72197304201442710E-005	3.65084338910582110E-005	3.05987045476068071E-005	1.34624160638140990E-005	-1	1.71362884837927081E-005	-1	OK
41.500000000000000	1.24709132898304125E-004	9.63883674858307055E-005	6.23965854281232729E-005	3.39917820577074190E-005	2.83207654124734095E-005	1.24672452901426484E-005	-1	1.58535201223307628E-005	-1	OK
41.750000000000000	1.15820708691811926E-004	8.95674921444293402E-005	5.79185398009706226E-005	3.16489523434587109E-005	2.62532165473825858E-005	1.15305916017190138E-005	-1	1.47226249456635720E-005	-1	OK
42.000000000000000	1.07569694104098457E-004	8.32285329603397436E-005	5.37607323321717928E-005	2.94678006281679136E-005	2.43411611437587130E-005	1.06633033195100603E-005	-1	1.36778578242486527E-005	-1	OK
42.250000000000000	9.98995596590049307E-005	7.73369669248787398E-005	4.99001422373063650E-005	2.74368246875723850E-005	2.25625927341261942E-005	9.87528849852237847E-006	-1	1.26873042356038158E-005	-1	OK
42.500000000000000	9.27812289964265082E-005	7.18614490809217502E-005	4.63155315801721463E-005	2.55459175007495937E-005	2.09197799155047648E-005	9.13428365247275062E-006	-1	1.17854962630320142E-005	-1	OK
42.750000000000000	8.61678218271877676E-005	6.67724301499871529E-005	4.29870721724266385E-005	2.37853579775605042E-005	1.93953916772006181E-005	8.44720101655013315E-006	-1	1.09481906606504849E-005	-1	OK
43.000000000000000	8.00276455313560285E-005	6.20420150861385829E-005	3.98962921894694027E-005	2.21457228966691904E-005	1.79856304452174524E-005	7.82291863731103203E-006	-1	1.01627118079064204E-005	-1	OK
43.250000000000000	7.43153989909707649E-005	5.76446170242479920E-005	3.70261902204621447E-005	2.06184268037858337E-005	1.66707819667227695E-005	7.23782288061833444E-006	-1	9.43295908610443510E-006	-1	OK
43.500000000000000	6.90125936656812804E-005	5.35572609054292691E-005	3.43611322242343541E-005	1.91961286811949083E-005	1.54553327602520113E-005	6.69523053773591069E-006	-1	8.76010222251610057E-006	-1	OK
43.750000000000000	6.40867248751796249E-005	4.97580511293627340E-005	3.18864700833290193E-005	1.78715810460337180E-005	1.43286737458168926E-005	6.18951784498548951E-006	-1	8.13915590083140312E-006	-1	OK
44.000000000000000	5.95024984549507026E-005	4.62266345245882144E-005	2.95886097148638857E-005	1.66380248097243354E-005	1.32758639303624865E-005	5.73547047419340115E-006	-1	7.54039345616908538E-006	-1	OK
44.250000000000000	5.52593199409476846E-005	4.29440939358722245E-005	2.74549277830786301E-005	1.54891661527935978E-005	1.23152260050754584E-005	5.30416471377963049E-006	-1	7.01106129129582792E-006	-1	OK
44.500000000000000	5.13116677507839718E-005	3.98929677209780754E-005	2.54737253349910255E-005	1.44192423859870448E-005	1.14187000298058947E-005	4.91136651257897049E-006	-1	6.50733351722692423E-006	-1	OK
44.750000000000000	4.76337619670033172E-005	3.70569407642277215E-005	2.36341269475979833E-005	1.34228138166297366E-005	1.05768212027755939E-005	4.54200057794494124E-006	-1	6.03482062483065268E-006	-1	OK
45.000000000000000	4.42221075788930165E-005	3.44208540291981492E-005	2.19260356517534236E-005	1.24948183774447256E-005	9.80125354969486563E-006	4.19931224451761561E-006	-1	5.60194130517725002E-006	-1	OK
45.250000000000000	4.10537828003130635E-005	3.19705209241475616E-005	2.03400485310783514E-005	1.16304723930692102E-005	9.08326187616550188E-006	3.88557840284850331E-006	-1	5.19768347331699858E-006	-1	OK
45.500000000000000	3.81118041667115754E-005	2.96928446110027527E-005	1.88674578594981730E-005	1.08253867515045780E-005	8.41895955570882440E-006	3.59718628439280926E-006	-1	4.82177327131601472E-006	-1	OK
45.750000000000000	3.53807327449604008E-005	2.75756500460865722E-005	1.75001972100597400E-005	1.00754528360268356E-005	7.80508269887382688E-006	3.32673573839948710E-006	-1	4.47834696047434020E-006	-1	OK
46.000000000000000	3.28420857024813546E-005	2.56077266193947942E-005	1.62307966108777047E-005	9.37693000851708775E-006	7.23435908308656216E-006	3.07605706446523303E-006	-1	4.15830201862132913E-006	-1	OK
46.250000000000000	3.04813588498068558E-005	2.37786447708314950E-005	1.50523159989035077E-005	8.72632877192799073E-006	6.70271407897536165E-006	2.84472650117910082E-006	-1	3.85798757779626125E-006	-1	OK
46.500000000000000	2.82762736229691429E-005	2.20787733168646805E-005	1.39583120019156067E-005	8.12046131494907042E-006	6.19750030610446416E-006	2.63060980496199041E-006	-1	3.56689050114247375E-006	-1	OK
46.750000000000000	2.62430213795397191E-005	2.04990164319694035E-005	1.29427565084421031E-005	7.55625992352729534E-006	5.74400494757031642E-006	2.43019247229188189E-006	-1	3.31381247527843453E-006	-1	OK
47.000000000000000	2.43504886139070920E-005	1.90308425570639324E-005	1.20000447405120631E-005	7.03079781655186929E-006	5.31964605684315952E-006	2.24738277289923013E-006	-1	3.07226328394392939E-006	-1	OK
47.250000000000000	2.25966782988332236E-005	1.76664330106435156E-005	1.11250041086195905E-005	6.54142890202392252E-006	4.93024528818970890E-006	2.07962704739531274E-006	-1	2.85061824079439616E-006	-1	OK
47.500000000000000	2.09665211059514388E-005	1.63986301291531219E-005	1.03128401559798907E-005	6.08578997317323621E-006	4.56789097679831607E-006	1.92211420950745613E-006	-1	2.64577676729085993E-006	-1	OK
47.750000000000000	1.94522344659043634E-005	1.52204730656051485E-005	9.55902412581885516E-006	5.66144893978629421E-006	4.23176140029921315E-006	1.77610738502744538E-006	-1	2.45565401527176777E-006	-1	OK
48.000000000000000	1.80444182717434318E-005	1.41256308876101092E-005	8.85939868782938273E-006	5.26623219978072476E-006	3.91878738413332346E-006	1.64176964722529764E-006	-1	2.27701773690802560E-006	-1	OK
48.250000000000000	1.67370362690597558E-005	1.31082688580998447E-005	8.21012075156073746E-006	4.89814810653910976E-006	3.62876741095991241E-006	1.51741829627289258E-006	-1	2.11134911468701961E-006	-1	OK
48.500000000000000	1.55235892491118797E-005	1.21630609673288657E-005	7.60763461734612934E-006	4.55542634998273378E-006	3.36052828178301446E-006	1.40179869630481518E-006	-1	1.95872958547819927E-006	-1	OK
48.750000000000000	1.43984007001881299E-005	1.12848973601427165E-005	7.04859781408129024E-006	4.23629954606142708E-006	3.11350334004541343E-006	1.29580013203234438E-006	-1	1.81770320801306905E-006	-1	OK
49.000000000000000	1.33514693214337918E-005	1.04691388318833497E-005	6.52993286224360152E-006	3.93920596963974817E-006	2.88233048955044254E-006	1.19715154527918147E-006	-1	1.68517894427126107E-006	-1	OK
49.250000000000000	1.23811866933278187E-005	9.71139473551505782E-006	6.04875388811808319E-006	3.66264084739697378E-006	2.66979195781276177E-006	1.10553338302383648E-006	-1	1.56425857478892529E-006	-1	OK
49.500000000000000	1.14770821639241786E-005	9.00756829888844094E-006	5.60238087682380181E-006	3.40518742206464040E-006	2.46951386503573847E-006	1.02116458922295669E-006	-1	1.44834927581278178E-006	-1	OK
49.750000000000000	1.06378752750401939E-005	8.35383961710966323E-006	5.18832391631433635E-006	3.16551570079532731E-006	2.28403565793052978E-006	9.43389837546214619E-007	-1	1.34064582038431506E-006	-1	OK
50.000000000000000	9.86017532378766230E-006	7.74674365942622779E-006	4.80428667866763567E-006	2.94245698075859339E-006	2.11343166436143451E-006	8.70654661538551645E-007	-1	1.24277700282288276E-006	-1	OK
50.250000000000000	9.13806726010759187E-006	7.18293602186831930E-006	4.44810057055481926E-006	2.73483545131350046E-006	1.95513123823927299E-006	8.04860708186902792E-007	-1	1.15027053005237020E-006	-1	OK
50.500000000000000	8.46742254367051780E-006	6.65927926170718947E-006	4.11775912548762040E-006	2.54152013621956822E-006	1.80814328196332812E-006	7.42452568409281217E-007	-1	1.06569071355404690E-006	-1	OK
50.750000000000000	7.84554600546729157E-006	6.17302009950769395E-006	3.81143646947175721E-006	2.36158363003593758E-006	1.67252590595959804E-006	6.86013496204378478E-007	-1	9.86512409755219460E-007	-1	OK
51.000000000000000	7.26812933613320401E-006	5.72156563287037404E-006	3.52742716066273059E-006	2.19413847220764472E-006	1.54656370326282954E-006	6.32989316434326638E-007	-1	9.13574386828502906E-007	-1	OK
51.250000000000000	6.73279692233811924E-006	5.30248110008195308E-006	3.26413544490271228E-006	2.03834565517924080E-006	1.43031582225616595E-006	5.79621685639202636E-007	-1	8.50694136616963312E-007	-1	OK
51.500000000000000	6.23563300494560380E-006	4.91347152031044485E-006	3.02007645894588004E-006	1.89339506136456629E-006	1.32216148463515937E-006	5.35407180512472604E-007	-1	7.86754304122686763E-007	-1	OK
51.750000000000000	5.77560507733184963E-006	4.55241009509565174E-006	2.79386843351482429E-006	1.75854166158082723E-006	1.22319498223619811E-006	4.94223121672131741E-007	-1	7.28971860564066364E-007	-1	OK
52.000000000000000	5.34696199087998950E-006	4.21733912024699722E-006	2.58423340304249809E-006	1.63310571720449849E-006	1.12962287063299228E-006	4.58086797242647063E-007	-1	6.71536073390345220E-007	-1	OK
52.250000000000000	4.95074749911171636E-006	3.90642035348446475E-006	2.38997548070629671E-006	1.51644487277816846E-006	1.04432714562725162E-006	4.21237172071635102E-007	-1	6.23089973555616514E-007	-1	OK
52.500000000000000	4.58288720268305557E-006	3.61790962810999856E-006	2.20997949489365148E-006	1.40793013321634708E-006	9.64977574573057007E-007	3.88809814693837628E-007	-1	5.76167759879219379E-007	-1	OK
52.750000000000000	4.24216348108354095E-006	3.35022479151564566E-006	2.04321687618024268E-006	1.30700791533540298E-006	8.91938689567895291E-007	3.58818901044691381E-007	-1	5.33119788523203911E-007	-1	OK
53.000000000000000	3.92610636610068003E-006	3.10187041899879113E-006	1.88872918044511856E-006	1.21314123855367215E-006	8.24235947101888471E-007	3.31079906139846569E-007	-1	4.93156040962041901E-007	-1	OK
53.250000000000000	3.63275989279504711E-006	2.87147186477145766E-006	1.74563018220286828E-006	1.12584168256858938E-006	7.61288028023589235E-007	3.05434433411190440E-007	-1	4.55853594612398795E-007	-1	OK
53.500000000000000	3.36088414388611002E-006	2.65775191713265061E-006	1.61310107916619788E-006	1.04465083796645294E-006	7.03132226753459416E-007	2.79214746096378619E-007	-1	4.23917480657080797E-007	-1	OK
53.750000000000000	3.10760985348255611E-006	2.45957377012211807E-006	1.49038890425806631E-006	9.69184865864051764E-007	6.48036083360438145E-007	2.58957275373138500E-007	-1	3.89078807987299645E-007	-1	OK
54.000000000000000	2.87450148353583066E-006	2.27583111319167676E-006	1.37678012973726649E-006	8.99050983454410690E-007	5.98670370344154005E-007	2.37433926935940890E-007	-1	3.61236443408213115E-007	-1	OK
54.250000000000000	2.65782493369125841E-006	2.10548657368005724E-006	1.27161060470003817E-006	8.33875968980018852E-007	5.52338360011201284E-007	2.18877194370731628E-007	-1	3.33461165640469683E-007	-1	OK
54.500000000000000	2.45607873318477761E-006	1.94755777360658298E-006	1.17426203034928509E-006	7.73295743257298208E-007	5.08520959578194525E-007	2.01735636428108640E-007	-1	3.06785323150085858E-007	-1	OK
54.750000000000000	2.27042377543239407E-006	1.80117986512572841E-006	1.08417038897239306E-006	7.17009476153334925E-007	4.69243910306665507E-007	1.86157194205953182E-007	-1	2.83086716100712298E-007	-1	OK
55.000000000000000	2.09814120316962040E-006	1.66552864879416764E-006	1.00080626535860069E-006	6.64722383435566948E-007	4.32612554375452708E-007	1.71838236379163700E-007	-1	2.60774317996289008E-007	-1	OK
55.250000000000000	1.93877806929360993E-006	1.53981924137916210E-006	9.23673101738148223E-007	6.16146139641013774E-007	3.98958827914447876E-007	1.56974840222333592E-007	-1	2.41983987692114285E-007	-1	OK
55.500000000000000	1.79143763751111743E-006	1.42332444187298395E-006	8.52313077742330760E-007	5.71011364130653191E-007	3.68113195638133475E-007	1.44573852445605082E-007	-1	2.23539343192528393E-007	-1	OK
55.750000000000000	1.65433097822051986E-006	1.31537735934906341E-006	7.86304744132482355E-007	5.29072615216581158E-007	3.38953618871456556E-007	1.33125062567233781E-007	-1	2.05828556304222776E-007	-1	OK
56.000000000000000	1.52791188586097472E-006	1.21538897691439734E-006	7.25262947337083134E-007	4.90126029577314314E-007	3.12522908946577380E-007	1.22555939781917494E-007	-1	1.89966969164659886E-007	-1	OK
56.250000000000000	1.41089341749118452E-006	1.12279462647095017E-006	6.68825246849528890E-007	4.53969379621421015E-007	2.88098791020234400E-007	1.12803698513781094E-007	-1	1.75295092506453306E-007	-1	OK
56.500000000000000	1.30233057541901075E-006	1.03705478821549777E-006	6.16651249127443555E-007	4.20403539088054110E-007	2.65275787203512974E-007	1.03807760129408319E-007	-1	1.61468027074104655E-007	-1	OK
56.750000000000000	1.20199193951782403E-006	9.57676787194198954E-007	5.68427555129369393E-007	3.89249232064829825E-007	2.44315152323625028E-007	9.54409008173163137E-008	-1	1.48874251506308701E-007	-1	OK
57.000000000000000	1.10922122802846670E-006	8.84198170978504712E-007	5.23862318721119354E-007	3.60335852257385146E-007	2.25023057049961905E-007	8.76880942458030396E-008	-1	1.37334962804158866E-007	-1	OK
57.250000000000000	1.02331258949937658E-006	8.16194154852306348E-007	4.82685034143332349E-007	3.33509120708973946E-007	2.07118434647070334E-007	8.05474013890818566E-008	-1	1.26571033257988491E-007	-1	OK
57.500000000000000	9.43896154070968867E-007	7.53262435629864236E-007	4.44644056792446901E-007	3.08618378837417442E-007	1.90633718441104684E-007	7.40567043216730016E-008	-1	1.16577014119431682E-007	-1	OK
57.750000000000000	8.70448976685150823E-007	6.95033963395781306E-007	4.09506080664138245E-007	2.85527882731642850E-007	1.75415013289369517E-007	6.78897116829963928E-008	-1	1.07525301606373124E-007	-1	OK
58.000000000000000	8.02579086891440447E-007	6.41161692554889221E-007	3.77055045712295034E-007	2.64106646842594081E-007	1.61417394336551226E-007	6.23148375969551551E-008	-1	9.91025567395960706E-008	-1	OK
58.250000000000000	7.39762672446313207E-007	5.91330921105894465E-007	3.47091048223815443E-007	2.44239872882078969E-007	1.48431751340418768E-007	5.71707671558593477E-008	-1	9.12609841845594205E-008	-1	OK
58.500000000000000	6.81692600021694863E-007	5.45236067603356131E-007	3.19427545532537168E-007	2.25808522070818883E-007	1.36456532418338705E-007	5.24578835547176996E-008	-1	8.39986488636210058E-008	-1	OK
58.750000000000000	6.27995398449610165E-007	5.02620825268938161E-007	2.93897661373323303E-007	2.08723163895614831E-007	1.25374573180671978E-007	4.80984216298445710E-008	-1	7.72761515508274067E-008	-1	OK
59.000000000000000	5.78376355342208333E-007	4.63233917786397426E-007	2.70341822370876886E-007	1.92892095415520567E-007	1.15142437555810880E-007	4.40790505499463483E-008	-1	7.10633870058645320E-008	-1	OK
59.250000000000000	5.32510212127255130E-007	4.26830417757417704E-007	2.48609814746072563E-007	1.78220603011345246E-007	1.05679794369837439E-007	4.03580865378866316E-008	-1	6.53217078319508144E-008	-1	OK
59.500000000000000	4.90152958825320331E-007	3.93189892126028200E-007	2.28564787802358289E-007	1.64625104323669990E-007	9.69630666992920914E-008	3.70017344808225578E-008	-1	5.99613322184695336E-008	-1	OK
59.750000000000000	4.51199799442930180E-007	3.62114477025734971E-007	2.10081047722005298E-007	1.52033429303729673E-007	8.90853224171952355E-008	3.38625597356300146E-008	-1	5.52227626815652210E-008	-1	OK
60.000000000000000	4.15223634416527534E-007	3.33411576811743667E-007	1.93039630033207868E-007	1.40371946778535852E-007	8.18120576047838933E-008	3.10261663909015918E-008	-1	5.07858912138823016E-008	-1	OK
60.250000000000000	3.81950396023115803E-007	3.06901580379241574E-007	1.77330613357293149E-007	1.29570967021948320E-007	7.50488156438742156E-008	2.83842953984963638E-008	-1	4.66645202453778551E-008	-1	OK
60.500000000000000	3.51198781054588832E-007	2.82424252663874013E-007	1.62853732460037614E-007	1.19570520203836426E-007	6.87745283907148189E-008	2.59540456779953629E-008	-1	4.28204827127194593E-008	-1	OK
60.750000000000000	3.22891846612316386E-007	2.59829354299361670E-007	1.49515483090380431E-007	1.10313871208981186E-007	6.30624923129547160E-008	2.37502670299020894E-008	-1	3.93122252830526266E-008	-1	OK
61.000000000000000	2.96814051257705327E-007	2.38971972145375876E-007	1.37228099244388465E-007	1.01743872900987397E-007	5.78420791123294312E-008	2.17153806096339295E-008	-1	3.61266985026955050E-008	-1	OK
61.250000000000000	2.72709042110219769E-007	2.19724490026520119E-007	1.25912630804784431E-007	9.38118592217356608E-008	5.29845520836996505E-008	1.98457429196255022E-008	-1	3.31388091640741450E-008	-1	OK
61.500000000000000	2.50456771960078144E-007	2.01972179096754791E-007	1.15495789214812564E-007	8.64763898819422533E-008	4.84845928633233523E-008	1.81379745355119657E-008	-1	3.03466183278113899E-008	-1	OK
61.750000000000000	2.30013767070871180E-007	1.85600251473287976E-007	1.05907834755104400E-007	7.96924167181835627E-008	4.44135155975831910E-008	1.65959360418004453E-008	-1	2.78175795557827457E-008	-1	OK
62.000000000000000	2.11174206133215216E-007	1.70502581162009494E-007	9.70845769071508023E-008	7.34180042548587182E-008	4.06716249712057285E-008	1.51362393300501805E-008	-1	2.55353856411555480E-008	-1	OK
62.250000000000000	1.93796491469645893E-007	1.56583185802471447E-007	8.89674574828119913E-008	6.76157283196594685E-008	3.72133056671744461E-008	1.38155002882504691E-008	-1	2.33978053789239770E-008	-1	OK
62.500000000000000	1.77786369373521667E-007	1.43759194932388033E-007	8.15031453232484805E-008	6.22560496091395394E-008	3.40271744411336341E-008	1.26302995378385507E-008	-1	2.13968749032950817E-008	-1	OK
62.750000000000000	1.63063860667605354E-007	1.31942838889540793E-007	7.46397405624039715E-008	5.73030983271368613E-008	3.11210217780645680E-008	1.15118414917448317E-008	-1	1.96091802863197363E-008	-1	OK
63.000000000000000	1.49474277663765383E-007	1.21055625828121175E-007	6.83304200225565456E-008	5.27252058055646161E-008	2.84186518356442112E-008	1.05009329742418201E-008	-1	1.79177188614023895E-008	-1	OK
63.250000000000000	1.37000896033961062E-007	1.11032242445378542E-007	6.25333762947692480E-008	4.84988661506092740E-008	2.59686535885825298E-008	9.55601954988570030E-009	-1	1.64126340386968311E-008	-1	OK
63.500000000000000	1.25509786061813746E-007	1.01806485914726792E-007	5.72083836508304422E-008	4.45981022638963501E-008	2.37033001470869473E-008	8.71390565871992958E-009	-1	1.49893944883670193E-008	-1	OK
63.750000000000000	1.14967318751152631E-007	9.33154111817037815E-008	5.23180145627704473E-008	4.09973966189333210E-008	2.16519075694488463E-008	7.89939412025194733E-009	-1	1.37525134491968990E-008	-1	OK
64.000000000000000	1.05258838908388968E-007	8.55024937763135397E-008	4.78282035596259184E-008	3.76742902166876412E-008	1.97563451320754246E-008	7.19191396277198449E-009	-1	1.25644311693034410E-008	-1	OK
64.250000000000000	9.63365430535343691E-008	7.83185497810168337E-008	4.37080636574475782E-008	3.46104861235692622E-008	1.80179932725175354E-008	6.55300221283944276E-009	-1	1.14649910596780926E-008	-1	OK
64.500000000000000	8.81344153292056119E-008	7.17138763901899520E-008	3.99278944122597147E-008	3.17859819779302175E-008	1.64205389390156665E-008	5.95867221934361236E-009	-1	1.04618667196720542E-008	-1	OK
64.750000000000000	8.06035499420180608E-008	6.56412658261815442E-008	3.64601434143887799E-008	2.91811224117927378E-008	1.49622841158365100E-008	5.42990542327640346E-009	-1	9.53237869256010650E-009	-1	OK
65.000000000000000	7.37008635147357136E-008	6.00585748559314769E-008	3.32799676152456539E-008	2.67786072406858164E-008	1.36422886588042400E-008	4.93294387573979572E-009	-1	8.70934478306444426E-009	-1	OK
65.250000000000000	6.73480396649216952E-008	5.49292137169095821E-008	3.03647810254037231E-008	2.45644326915058558E-008	1.24188259480121065E-008	4.48638251443676001E-009	-1	7.93244343357534731E-009	-1	OK
65.500000000000000	6.15364596755378260E-008	5.02176034179244507E-008	2.76933874759881724E-008	2.25242159419362817E-008	1.13188562576133770E-008	4.07236585716165115E-009	-1	7.24649040045172580E-009	-1	OK
65.750000000000000	5.61778585896220727E-008	4.58909617900578398E-008	2.52462554093327962E-008	2.06447063807250502E-008	1.02868967995642296E-008	3.69524591634169123E-009	-1	6.59165088322253878E-009	-1	OK
66.000000000000000	5.12807468459082127E-008	4.19197272293739775E-008	2.30055801079927198E-008	1.89141471213812511E-008	9.36101961653423686E-009	3.34589668264243249E-009	-1	6.01512293389180396E-009	-1	OK
66.250000000000000	4.67770694163110304E-008	3.82765060073083266E-008	2.09547807021107326E-008	1.73217253051976006E-008	8.50056340900270551E-009	3.03668976080925101E-009	-1	5.46387364819345450E-009	-1	OK
66.500000000000000	4.26566377924925780E-008	3.49353486707150916E-008	1.90785307194133393E-008	1.58568179513017623E-008	7.72128912177748636E-009	2.74813513757816679E-009	-1	4.97315398419931957E-009	-1	OK
66.750000000000000	3.88848070085119815E-008	3.18731836306999904E-008	1.73627894609175644E-008	1.45103941697824227E-008	7.01162337781198940E-009	2.49216959864412934E-009	-1	4.51945377916785964E-009	-1	OK
67.000000000000000	3.54317440821052597E-008	2.90678399392874523E-008	1.57943993059170501E-008	1.32734406333703955E-008	6.36390414281780994E-009	2.25720415399373522E-009	-1	4.10669998882407472E-009	-1	OK
67.250000000000000	3.22706816095874031E-008	2.64980305472637386E-008	1.43610785119699145E-008	1.21369520352938191E-008	5.77265106232366540E-009	2.04374762464624811E-009	-1	3.72890343767741729E-009	-1	OK
67.500000000000000	2.93798764315839091E-008	2.41450975795783038E-008	1.30517497592372455E-008	1.10933478203410649E-008	5.23477885200560614E-009	1.83342631027898119E-009	-1	3.40135254172662475E-009	-1	OK
67.750000000000000	2.67400571623468096E-008	2.19907498059400612E-008	1.18559369479998336E-008	1.01348128579402260E-008	4.74930735640674752E-009	1.66566861279277796E-009	-1	3.08363874361396955E-009	-1	OK
68.000000000000000	2.43141542473507677E-008	2.00191248221948363E-008	1.07643039859282770E-008	9.25482083626656096E-009	4.29502942515593143E-009	1.50577614983305526E-009	-1	2.78925327532287617E-009	-1	OK
68.250000000000000	2.21025160935675614E-008	1.82151879770284913E-008	9.76816546321135567E-009	8.44702251381712903E-009	3.88732811653907172E-009	1.35940050789668844E-009	-1	2.52792760864238349E-009	-1	OK
68.500000000000000	2.00833143875869931E-008	1.65653358639290582E-008	8.85954316977391339E-009	7.70579269415514981E-009	3.51797852365793609E-009	1.22723619528558235E-009	-1	2.29074232837235395E-009	-1	OK
68.750000000000000	1.82383325904734778E-008	1.50569469893481902E-008	8.03112663404826766E-009	7.02582035529992170E-009	3.18138560112528922E-009	1.10810903509341160E-009	-1	2.07327656603187762E-009	-1	OK
69.000000000000000	1.65535526282506566E-008	1.36787814836982531E-008	7.27626078910463888E-009	6.40252069459361591E-009	2.87477114455240308E-009	9.96424775242911131E-010	-1	1.87834636930949195E-009	-1	OK
69.250000000000000	1.50164395723892287E-008	1.24202075774591709E-008	6.58876260114169113E-009	5.83144497631747808E-009	2.59623199493005954E-009	8.91496433205437569E-010	-1	1.70473556172462207E-009	-1	OK
69.500000000000000	1.36106514535085304E-008	1.12711661660829137E-008	5.96288306074828658E-009	5.30828310533462710E-009	2.33948528742561713E-009	8.07641776257327830E-010	-1	1.53184351116828930E-009	-1	OK
69.750000000000000	1.23334063430521014E-008	1.02232795260969508E-008	5.39353148768977792E-009	4.82974803840717290E-009	2.11012681695515099E-009	7.28404512005171540E-010	-1	1.38172230494997945E-009	-1	OK
70.000000000000000	1.11716234187453799E-008	9.26778576097662820E-009	4.87576425781791417E-009	4.39202150315871320E-009	1.90383765776875085E-009	6.54543173998724622E-010	-1	1.24929448377002623E-009	-1	OK
70.250000000000000	1.01124553926688515E-008	8.39696595374090174E-009	4.40515818689960849E-009	3.99180776684129408E-009	1.71548943892794976E-009	5.88351697980988056E-010	-1	1.12713774094696170E-009	-1	OK
70.500000000000000	9.14644717885489111E-009	7.60385350757681998E-009	3.97766229734237706E-009	3.62619121023444251E-009	1.54259367127807052E-009	5.23775630068635102E-010	-1	1.01881804120943541E-009	-1	OK
70.750000000000000	8.26805670428591875E-009	6.88182384732972461E-009	3.58949228577725646E-009	3.29233156155246980E-009	1.38623285695619331E-009	4.68790613475886263E-010	-1	9.17442243480307046E-010	-1	OK
71.000000000000000	7.47224406682217017E-009	6.22457557588166148E-009	3.23716321024579883E-009	2.98741236563586182E-009	1.24766849094050827E-009	4.19144974008907858E-010	-1	8.28523516931600416E-010	-1	OK
71.250000000000000	6.74798895414656217E-009	5.62656060185707532E-009	2.91754214377581879E-009	2.70901845808125529E-009	1.12142835228948664E-009	3.76031086704506121E-010	-1	7.45397265584980524E-010	-1	OK
71.500000000000000	6.08856700514766579E-009	5.08296249290658086E-009	2.62780624416017549E-009	2.45515624874640662E-009	1.00560451224108473E-009	3.36461442170283594E-010	-1	6.69143070070801132E-010	-1	OK
71.750000000000000	5.49266515105474536E-009	4.58896357877159715E-009	2.36526408535478444E-009	2.22369949341681230E-009	9.03701572283148209E-010	3.03905750938911184E-010	-1	5.99795821344237077E-010	-1	OK
72.000000000000000	4.95012796503407620E-009	4.14012281202164790E-009	2.12748284813556701E-009	2.01263996388608130E-009	8.10005153012428405E-010	2.71693058128025136E-010	-1	5.38312094884403268E-010	-1	OK
72.250000000000000	4.45887812683684806E-009	3.73278418570722819E-009	1.91231420045101742E-009	1.82046998525621119E-009	7.26093941129619865E-010	2.43235046686520851E-010	-1	4.82858894443099065E-010	-1	OK
72.500000000000000	4.01274988590830886E-009	3.36328710439347613E-009	1.71770365916013224E-009	1.64558344523334368E-009	6.49462781514832633E-010	2.14929178229081859E-010	-1	4.34533603285750774E-010	-1	OK
72.750000000000000	3.60940101053119276E-009	3.02819718660508785E-009	1.54177715394121013E-009	1.48642003266387793E-009	5.81203823926104703E-010	1.91397745186464388E-010	-1	3.89806078739640341E-010	-1	OK
73.000000000000000	3.24342916917080278E-009	2.72460407484675356E-009	1.38287544939874256E-009	1.34172862544801142E-009	5.18825094324049121E-010	1.70576255093822092E-010	-1	3.48248839230227029E-010	-1	OK
73.250000000000000	2.91391913102567693E-009	2.44977155799957725E-009	1.23944237472236732E-009	1.21032918327721035E-009	4.64147573026099677E-010	1.53661590751614991E-010	-1	3.10485982274484686E-010	-1	OK
73.500000000000000	2.61544130698661873E-009	2.20102842559158811E-009	1.11003249217255190E-009	1.09099593341903600E-009	4.14412881395030411E-010	1.36537785240778946E-010	-1	2.77875096154251491E-010	-1	OK
73.750000000000000	2.34466076674770033E-009	1.97599483760669969E-009	9.93355077363595862E-010	9.82639760243103622E-010	3.68665929141000639E-010	1.21056664268248113E-010	-1	2.47609264872752500E-010	-1	OK
74.000000000000000	2.10097629602471554E-009	1.77271584839730921E-009	8.88264130620744543E-010	8.84451717776564561E-010	3.28260447627406276E-010	1.07491972951003756E-010	-1	2.20768474676402533E-010	-1	OK
74.250000000000000	1.88148704464603892E-009	1.58916851659308090E-009	7.93653340161399930E-010	7.95515176431680659E-010	2.92318528052957920E-010	9.55162329361062820E-011	-1	1.96802295116851638E-010	-1	OK
74.500000000000000	1.68381715752275107E-009	1.42335452404977487E-009	7.08504814602098961E-010	7.14849709447676014E-010	2.60462633472976148E-010	8.45845707502388651E-011	-1	1.75878062722737270E-010	-1	OK
74.750000000000000	1.50514794152474682E-009	1.27386622069092596E-009	6.31979061280190184E-010	6.41887159410735875E-010	2.31281720833820921E-010	7.48291067822624719E-011	-1	1.56452614051558462E-010	-1	OK
75.000000000000000	1.34425221793414821E-009	1.13921095881105730E-009	5.63245353424715051E-010	5.75965605386342452E-010	2.05041259123090867E-010	6.62812384660935601E-011	-1	1.38760020656997306E-010	-1	OK
75.250000000000000	1.19987485314231564E-009	1.01783540767247702E-009	5.01523114098765279E-010	5.16312293573711636E-010	1.82039445469838700E-010	5.85759366070648007E-011	-1	1.23463508862773899E-010	-1	OK
75.500000000000000	1.06967470817879580E-009	9.08602420746374446E-010	4.46168952695556569E-010	4.62433468050817671E-010	1.61072287432421281E-010	5.17015944665028164E-011	-1	1.09370692965918464E-010	-1	OK
75.750000000000000	9.52806038529635052E-010	8.10430917598597308E-010	3.96571318809644285E-010	4.13859598788952868E-010	1.42375120931037666E-010	4.56386283257796816E-011	-1	9.67364926052579911E-011	-1	OK
76.000000000000000	8.48320533661817736E-010	7.22201512235554199E-010	3.52151392826312482E-010	3.70050119409241613E-010	1.26119021426263537E-010	3.98542842121025713E-011	-1	8.62647372141609724E-011	-1	OK
76.250000000000000	7.54129359718542597E-010	6.42946469083131016E-010	3.12400422708708264E-010	3.30546046374422649E-010	1.11182890635411569E-010	3.48699201892229068E-011	-1	7.63129704461886554E-011	-1	OK
76.500000000000000	6.69968473915276128E-010	5.71866498722617480E-010	2.76870861928637567E-010	2.94995636793979964E-010	9.81019751926586610E-011	3.06740640071190550E-011	-1	6.74279111855396061E-011	-1	OK
76.750000000000000	5.94610823857319189E-010	5.08164333522536113E-010	2.45137432219025235E-010	2.63026901303510826E-010	8.64464903347830636E-011	2.69536338805065021E-011	-1	5.94928564542765680E-011	-1	OK
77.000000000000000	5.27209445559780822E-010	4.51101383310416329E-010	2.16816345417174697E-010	2.34285037893241658E-010	7.61080622493644543E-011	2.37598007352040655E-011	-1	5.23482615141603888E-011	-1	OK
77.250000000000000	4.66963986577655606E-010	4.00033116329233577E-010	1.91565191047539660E-010	2.08467925281693995E-010	6.69308702484220416E-011	2.09978928725963694E-011	-1	4.59329773758256690E-011	-1	OK
77.500000000000000	4.13133680363759244E-010	3.54385540332647466E-010	1.69075156616972869E-010	1.85310383715674623E-010	5.87481400311117909E-011	1.83452120774103877E-011	-1	4.04029279537014032E-011	-1	OK
77.750000000000000	3.65118107213791034E-010	3.13621080289992102E-010	1.49063276783813941E-010	1.64557803506178083E-010	5.14970269237989452E-011	1.60563297782944980E-011	-1	3.54406971455044473E-011	-1	OK
78.000000000000000	3.22367220475668058E-010	2.77236649028318672E-010	1.31270508333439670E-010	1.45966140694879105E-010	4.51305714473494052E-011	1.38768972218932708E-011	-1	3.12536742254561377E-011	-1	OK
78.250000000000000	2.84236191086258883E-010	2.44800915136123390E-010	1.15468916344513239E-010	1.29331998791610125E-010	3.94352759501355187E-011	1.21902137297411280E-011	-1	2.72450622203943923E-011	-1	OK
78.500000000000000	2.50359182812178097E-010	2.15912616800414565E-010	1.01449865692297688E-010	1.14462751108116878E-010	3.44465660117635387E-011	1.05970750032578806E-011	-1	2.38494910085056565E-011	-1	OK
78.750000000000000	2.20268473318305765E-010	1.90215130018274420E-010	8.90265334053753789E-011	1.01188596612899002E-010	3.00533433000313585E-011	9.12450731238207701E-012	-1	2.09288359876492815E-011	-1	OK
79.000000000000000	1.93582926498864964E-010	1.67374956103189260E-010	7.80280112106934064E-011	8.93469448924958669E-011	2.62079703956757006E-011	7.94892324749374723E-012	-1	1.82590471481819517E-011	-1	OK
79.250000000000000	1.69878542438522135E-010	1.47098180160653569E-010	6.83023396796436306E-011	7.87958404810099380E-011	2.27803622778685664E-011	6.95549300139071477E-012	-1	1.58248692764778525E-011	-1	OK
79.500000000000000	1.48918681954265924E-010	1.29118062780389999E-010	5.97118767353834463E-011	6.94061860450065656E-011	1.98006191738759310E-011	5.95708724577248107E-012	-1	1.38435319281034492E-011	-1	OK
79.750000000000000	1.30385927154354367E-010	1.13190361296903292E-010	5.21326780511590336E-011	6.10576832457442776E-011	1.71955658574510657E-011	5.14862814913328454E-012	-1	1.20469377083177819E-011	-1	OK
80.000000000000000	1.13996795671004065E-010	9.90926955977224575E-011	4.54529077501737099E-011	5.36397878475487540E-011	1.49041000732816106E-011	4.44356448275827465E-012	-1	1.04605355905233351E-011	-1	OK
80.250000000000000	9.95241564367869750E-011	8.66380704777456024E-011	3.95750268832326506E-011	4.70630435945129582E-011	1.28860859590413710E-011	3.83270584568299786E-012	-1	9.05338011335837236E-012	-1	OK
80.500000000000000	8.67666206128373863E-011	7.56452146670965764E-011	3.44080120191043858E-011	4.12372026479921907E-011	1.11214059457408115E-011	3.29826065613410979E-012	-1	7.82314528960670174E-012	-1	OK
80.750000000000000	7.55498998289896695E-011	6.59485980302012503E-011	2.98709142551126665E-011	3.60776837750885580E-011	9.60130179878841600E-012	2.83435233893660317E-012	-1	6.76694945985181283E-012	-1	OK
81.000000000000000	6.56716654457430907E-011	5.74134580638628585E-011	2.58937080978209272E-011	3.15197499660419442E-011	8.25820738188023863E-012	2.43972401948813644E-012	-1	5.81848336239210179E-012	-1	OK
81.250000000000000	5.70018769295321554E-011	4.99076883927068475E-011	2.24113194216457519E-011	2.74963689710610957E-011	7.09418853682530865E-012	2.07999485786163064E-012	-1	5.01419367896367801E-012	-1	OK
81.500000000000000	4.93973258521061936E-011	4.33142095431639327E-011	1.93663006010202178E-011	2.39479089421437149E-011	6.08311630894226420E-012	1.78534850779351439E-012	-1	4.29776780114875002E-012	-1	OK
81.750000000000000	4.27433870874887507E-011	3.75372997754957299E-011	1.67089386699298337E-011	2.08283611055658961E-011	5.20608731199302083E-012	1.52551157370906826E-012	-1	3.68057573828395277E-012	-1	OK
82.000000000000000	3.69187047353682967E-011	3.24775801902800328E-011	1.43920394730266252E-011	1.80855407172534076E-011	4.44112454508826389E-012	1.29766951823639757E-012	-1	3.14345502685186632E-012	-1	OK
82.250000000000000	3.18439285424188166E-011	2.80539150319964294E-011	1.23753832926583577E-011	1.56785317393380733E-011	3.79001351042238800E-012	1.09069484473888901E-012	-1	2.69931866568349899E-012	-1	OK
82.500000000000000	2.74201888664989040E-011	2.41926356943842084E-011	1.06226478166605223E-011	1.35699878777236877E-011	3.22755317211469682E-012	9.24370962982995504E-013	-1	2.30318220913170111E-012	-1	OK
82.750000000000000	2.35649885670272121E-011	2.08222000260399776E-011	9.10084105412586262E-012	1.17213589719141166E-011	2.74278854098723497E-012	7.81545153216553572E-013	-1	1.96124338777068129E-012	-1	OK
83.000000000000000	2.02141756709928638E-011	1.78891903789600636E-011	7.78279201774121362E-012	1.01063983612188532E-011	2.32498529203280060E-012	6.65156090325420799E-013	-1	1.65982920170737969E-012	-1	OK
83.250000000000000	1.73072493194264641E-011	1.53421709332797911E-011	6.64320466450717524E-012	8.69896626877261752E-012	1.96507838614667256E-012	5.54295708376696214E-013	-1	1.41078267776997635E-012	-1	OK
83.500000000000000	1.47896220148261717E-011	1.31314792404917625E-011	5.65912779509605275E-012	7.47235144539571055E-012	1.65814277433441044E-012	4.66680038751747529E-013	-1	1.19146273558266301E-012	-1	OK
83.750000000000000	1.26140449581831842E-011	1.12172014995047559E-011	4.81116970491747062E-012	6.40603179458728686E-012	1.39684345867842750E-012	3.95208880894870067E-013	-1	1.00163457778355754E-012	-1	OK
84.000000000000000	1.07364706637306357E-011	9.56305123339893509E-012	4.08191375283830716E-012	5.48113748056062874E-012	1.17341943033170102E-012	3.27323061517732376E-013	-1	8.46096368813968691E-013	-1	OK
84.250000000000000	9.11870816247158523E-012	8.13632358216694511E-012	3.45595610602540685E-012	4.68036747614153826E-012	9.82384580304639915E-013	2.75556301136603236E-013	-1	7.06828279168036628E-013	-1	OK
84.500000000000000	7.73231615337875140E-012	6.90889831971590241E-012	2.91983200844396514E-012	3.98906631127193807E-012	8.23417833662848284E-013	2.29155862157277564E-013	-1	5.94261971505570719E-013	-1	OK
84.750000000000000	6.53943310030145473E-012	5.85380411888778465E-012	2.46122741180375356E-012	3.39257670708403150E-012	6.85628981413669877E-013	1.90522087503359435E-013	-1	4.95106893910310391E-013	-1	OK
85.000000000000000	5.51868460988714112E-012	4.94757007934733024E-012	2.06958861470872357E-012	2.87798146463860828E-012	5.71114530539811188E-013	1.57664863250788394E-013	-1	4.13449667289022768E-013	-1	OK
85.250000000000000	4.64475126106488233E-012	4.17116659824770102E-012	1.73595725731331164E-012	2.43520934093439019E-012	4.73584662817181207E-013	1.30036771804534878E-013	-1	3.43547891012646329E-013	-1	OK
85.500000000000000	3.89928359492010451E-012	3.50799096019353331E-012	1.45253239956517224E-012	2.05545856062836107E-012	3.91292634726571246E-013	1.07434911517462369E-013	-1	2.83857723209108903E-013	-1	OK
85.750000000000000	3.26546343051860216E-012	2.94330823787509177E-012	1.21239959809546282E-012	1.73090863977962895E-012	3.22155192643510539E-013	8.83181633824206500E-014	-1	2.33837029261089902E-013	-1	OK
86.000000000000000	2.72813516963612770E-012	2.46363826560323148E-012	1.00939429756651407E-012	1.45424396803671681E-012	2.64496904032896218E-013	7.24995572501291929E-014	-1	1.91997346782767012E-013	-1	OK
86.250000000000000	2.27358059109422702E-012	2.05654044909406547E-012	8.38063094261351841E-013	1.21847735483271383E-012	2.17040142000161649E-013	5.93827485251891009E-014	-1	1.57657393474972561E-013	-1	OK
86.500000000000000	1.88880320825501454E-012	1.71196790041161972E-012	6.93847218446028318E-013	1.01812068196559150E-012	1.76835307843394721E-013	4.82748101193335111E-014	-1	1.28560497724061209E-013	-1	OK
86.750000000000000	1.56471785425142602E-012	1.42098793658286391E-012	5.72764454461031107E-013	8.48223482121832497E-013	1.43729917668562109E-013	3.90990527455052730E-014	-1	1.04630864923056836E-013	-1	OK
87.000000000000000	1.29261850111200533E-012	1.17603953541595787E-012	4.71407536351261608E-013	7.04631999064696563E-013	1.16578965696047542E-013	3.09509405500957861E-014	-1	8.56280251459517560E-014	-1	OK
87.250000000000000	1.06446513162397674E-012	9.70338789237010614E-013	3.86782909758826857E-013	5.83555879478184010E-013	9.41263423869662013E-014	2.50500567629576577E-014	-1	6.90762856240085404E-014	-1	OK
87.500000000000000	8.73833099802942693E-013	7.98152062970918776E-013	3.16351302334717939E-013	4.81800760636200988E-013	7.56810368320239175E-014	2.01489906298435262E-014	-1	5.55320462021803944E-014	-1	OK
87.750000000000000	7.15111860715235280E-013	6.54464896880204129E-013	2.57898416146251555E-013	3.96566480733952423E-013	6.06469638350311133E-014	1.60934777522956241E-014	-1	4.45534860827354924E-014	-1	OK
88.000000000000000	5.83137169290938920E-013	5.34776379171126797E-013	2.09512106314029239E-013	3.25264272857097508E-013	4.83607901198121232E-014	1.27817519046483048E-014	-1	3.55790382151638199E-014	-1	OK
88.250000000000000	4.73938358269824764E-013	4.35440762118530743E-013	1.69597570777721154E-013	2.65843191340809639E-013	3.84975961512940464E-014	1.00637869163550255E-014	-1	2.84338092349390224E-014	-1	OK
88.500000000000000	3.83640548544012865E-013	3.53252067548730355E-013	1.36780223157430273E-013	2.16471844391300184E-013	3.03884809952825228E-014	7.91452588816007226E-015	-1	2.24739551071224505E-014	-1	OK
88.750000000000000	3.09558291883356957E-013	2.85535052337352537E-013	1.09899981614381257E-013	1.75635070722971293E-013	2.40232395460044104E-014	6.19846868467410752E-015	-1	1.78247708613303029E-014	-1	OK
89.000000000000000	2.48687652930321581E-013	2.29899805815382422E-013	8.79571034572421414E-014	1.41942702358140306E-013	1.87878471149391645E-014	4.83430190849639890E-015	-1	1.39535452064427649E-014	-1	OK
89.250000000000000	1.99017246200598516E-013	1.84403339238709575E-013	7.01132915350925542E-014	1.14290047703617034E-013	1.46139069618889312E-014	3.74179955926359466E-015	-1	1.08721074026253365E-014	-1	OK
89.500000000000000	1.58631499592364505E-013	1.47297804032345448E-013	5.56547512867950691E-014	9.16430527455503156E-014	1.13336955600190553E-014	2.88408385234510382E-015	-1	8.44961170767395225E-015	-1	OK
89.750000000000000	1.25902013692629501E-013	1.17164265285233308E-013	4.39813330113994619E-014	7.31829322738338649E-014	8.73774840739620279E-015	2.21140161527282962E-015	-1	6.52634679212337357E-015	-1	OK
90.000000000000000	9.94023654685117063E-014	9.27048636386262843E-014	3.45843894736035888E-014	5.81204741650226955E-014	6.69750182988541887E-015	1.68972252877695312E-015	-1	5.00777930110846595E-015	-1	OK
90.250000000000000	7.81301874244693688E-014	7.30260347779614728E-014	2.70720195741253727E-014	4.59540152038360970E-014	5.10415264650789839E-015	1.27876973835248522E-015	-1	3.82538290815541297E-015	-1	OK
90.500000000000000	6.11278483939355117E-014	5.72732579931384110E-014	2.10924373883160278E-014	3.61808206048223832E-014	3.85459040079709909E-015	9.66199854948870600E-016	-1	2.88839054584822849E-015	-1	OK
90.750000000000000	4.76041284244919556E-014	4.46984734618302284E-014	1.63483543583533387E-014	2.83501191034768865E-014	2.90565496266172525E-015	7.20492953829249617E-016	-1	2.18516200883247543E-015	-1	OK
91.000000000000000	3.68485543056111806E-014	3.46776911041804069E-014	1.25990784143991080E-014	2.20786126897813036E-014	2.17086320143077295E-015	5.35488209361722660E-016	-1	1.63537499206905029E-015	-1	OK
91.250000000000000	2.83744694459981195E-014	2.67622302033711468E-014	9.65664534160521015E-015	1.71055848617659335E-014	1.61223924262697237E-015	3.94554693273311387E-016	-1	1.21768454935366108E-015	-1	OK
91.500000000000000	2.17151027759298462E-014	2.05312322750880701E-014	7.35771550181944378E-015	1.31735167732686248E-014	1.18387050084177666E-015	2.88202046046719918E-016	-1	8.95668454795056796E-016	-1	OK
91.750000000000000	1.65282718327511843E-014	1.56615612750086366E-014	5.57293416714271549E-015	1.00886271078659204E-014	8.66710557742548336E-016	2.06315415280203966E-016	-1	6.60395142462344345E-016	-1	OK
92.000000000000000	1.25025069802669997E-014	1.18730819809488779E-014	4.19441105755582735E-015	7.67867092339304973E-015	6.29424999318121223E-016	1.50685095136736623E-016	-1	4.78739904181384625E-016	-1	OK
92.250000000000000	9.39602498128385443E-015	8.94657964000494733E-015	3.13618513787280095E-015	5.81039450213214599E-015	4.49445341278907006E-016	1.07439561024643844E-016	-1	3.42005780254263162E-016	-1	OK
92.500000000000000	7.00962852586403594E-015	6.68849430437073350E-015	2.32727962187434405E-015	4.36121468249638945E-015	3.21134221493302387E-016	7.59920170203964670E-017	-1	2.45142204472905895E-016	-1	OK
92.750000000000000	5.19252086432423104E-015	4.96686285527721429E-015	1.71481951446970365E-015	3.25204334080751044E-015	2.25658009047016796E-016	5.10646664918889454E-017	-1	1.74593342555127851E-016	-1	OK
93.000000000000000	3.81755238265808836E-015	3.66039012405457099E-015	1.25374310326544275E-015	2.40664702078912824E-015	1.57162258603517342E-016	3.66736799416116864E-017	-1	1.20488578661905655E-016	-1	OK
93.250000000000000	2.78282629576149392E-015	2.67449330763871842E-015	9.09037546899804966E-016	1.76545576073891366E-015	1.08332988122775431E-016	2.47147924219326780E-017	-1	8.36181957008427592E-017	-1	OK
93.500000000000000	2.01497809897645909E-015	1.94124106679448084E-015	6.54064681294881716E-016	1.28717638549959883E-015	7.37370321819783637E-017	1.70385955883689315E-017	-1	5.66984365936094322E-017	-1	OK
93.750000000000000	1.44654414632334540E-015	1.39680671830700127E-015	4.66266854564459201E-016	9.30539863742542262E-016	4.97374280163442245E-017	1.11576946354681026E-017	-1	3.85797333808761203E-017	-1	OK
94.000000000000000	1.02769199292075097E-015	9.94618553681467356E-016	3.28989503814706255E-016	6.65629049866761101E-016	3.30734392392836895E-017	7.49496663900262013E-018	-1	2.55784726002810693E-017	-1	OK
94.250000000000000	7.23119411525520431E-016	7.01465832495859169E-016	2.29799109205297697E-016	4.71666723290561323E-016	2.16535790296612281E-017	4.64945678383154611E-018	-1	1.70041222458296813E-017	-1	OK
94.500000000000000	5.02860221936354949E-016	4.88906911691805351E-016	1.58715781216377283E-016	3.30191130475428118E-016	1.39533102445496440E-017	2.96225634620195159E-018	-1	1.09910538983476928E-017	-1	OK
94.750000000000000	3.46319202969479002E-016	3.37468256538892901E-016	1.08486315604761686E-016	2.28981940934131239E-016	8.85094643058609291E-018	1.90438720877544924E-018	-1	6.94655922181064406E-018	-1	OK
95.000000000000000	2.36288665116661320E-016	2.30774697168880904E-016	7.33469387758274492E-017	1.57427758393053418E-016	5.51396794778040743E-018	1.20189924638441427E-018	-1	4.31206870139599297E-018	-1	OK
95.250000000000000	1.59477952595751300E-016	1.56094312746323569E-016	4.89491512760276253E-017	1.07145161470295937E-016	3.38363984942773507E-018	7.27284434408876048E-019	-1	2.65635541501885903E-018	-1	OK
95.500000000000000	1.05830781684357211E-016	1.03796110094301508E-016	3.21259416019608082E-017	7.16701684923407062E-017	2.03467159005570660E-018	4.13428153953888387E-019	-1	1.62124343610181816E-018	-1	OK
95.750000000000000	6.89879985183942748E-017	6.77994615286374905E-017	2.07394942213927341E-017	4.70599673072447656E-017	1.18853698975678589E-018	2.52039681027115392E-019	-1	9.36497308729670549E-019	-1	OK
96.000000000000000	4.42898156798025154E-017	4.36118438879339955E-017	1.31901249203556344E-017	3.04217189675783534E-017	6.77971791868522717E-019	1.34887762757074515E-019	-1	5.43084029111448226E-019	-1	OK
96.250000000000000	2.81415936683151135E-017	2.77630147429867071E-017	8.28204807565352417E-018	1.94809666673331829E-017	3.78578925328408540E-019	7.82673176514519046E-020	-1	3.00311607676956623E-019	-1	OK
96.500000000000000	1.76929360275301395E-017	1.74869973349533873E-017	5.11775744075259919E-018	1.23692398942007866E-017	2.05938692576751078E-019	4.01787263485101545E-020	-1	1.65759966228240930E-019	-1	OK
96.750000000000000	1.09017953080676488E-017	1.07923822193209739E-017	3.08706042805410314E-018	7.70532179126687156E-018	1.09413088746674176E-019	2.08560842964530223E-020	-1	8.85570044502211568E-020	-1	OK
97.000000000000000	6.47957022976942872E-018	6.42473400040175337E-018	1.80131861902659515E-018	4.62341538137515821E-018	5.48362293676751979E-020	1.03352148635445177E-020	-1	4.45010145041306803E-020	-1	OK
97.250000000000000	3.71417327055277884E-018	3.68811777128816788E-018	1.02062204135320784E-018	2.66749572993495850E-018	2.60554992646110535E-020	4.80248442149223072E-021	-1	2.12530148431188220E-020	-1	OK
97.500000000000000	2.09650813676134145E-018	2.08478212110902557E-018	5.70011323909360865E-019	1.51477079719966403E-018	1.17260156523158318E-020	2.15550841270433236E-021	-1	9.57050723961149867E-021	-1	OK
97.750000000000000	1.18621638289954139E-018	1.18097213471286727E-018	3.15752139476576521E-019	8.65219995236290945E-019	5.24424818667406065E-021	9.78986894420759169E-022	-1	4.26526129225330129E-021	-1	OK
98.000000000000000	6.63633182159365981E-019	6.61325660431253075E-019	1.69985594530318818E-019	4.91340065900934233E-019	2.30752172811289275E-021	3.98235088914609807E-022	-1	1.90928663919828299E-021	-1	OK
98.250000000000000	3.45819721512872148E-019	3.44954127895908769E-019	8.47887511683736960E-020	2.60165376727535013E-019	8.65593616963392221E-022	1.38214402718950298E-022	-1	7.27379214244441947E-022	-1	OK
98.500000000000000	1.58529574229004917E-019	1.58315047951854579E-019	3.81519799059033581E-020	1.20163068045951196E-019	2.14526277150341725E-022	3.07335024167509271E-023	-1	1.83792774733590810E-022	-1	OK
98.750000000000000	6.88579544233581046E-020	6.88422133380295997E-020	1.67919832656326184E-020	5.20502300723969843E-020	1.57410853285099001E-023	1.91065750472115161E-024	-1	1.38304278237887474E-023	-1	OK
