#pt	totcs	totdirect	directLO	directNLO	totfrag	fragLO	err_fragLO	fragNLO	err_fragNLO	errmess
0.50000000000000000	92071724.741027951	-13829520.133484624	19447707.151065867	-33277227.284550492	105901244.87451257	40071877.834376849	-1	65829367.040135719	-1	Error
0.75000000000000000	12641946.941836253	103612.69013172202	3421272.8997666873	-3317660.2096349648	12538334.251704531	4810674.2957263663	-1	7727659.9559781644	-1	Error
1.0000000000000000	3006533.2252842933	365410.41825746396	908828.48273360962	-543418.06447614578	2641122.8070268291	1023586.6904224176	-1	1617536.1166044115	-1	Error
1.2500000000000000	971908.11541717290	196811.70739517693	311382.45969574095	-114570.75230056411	775096.40802199603	301386.93265498366	-1	473709.47536701238	-1	Error
1.5000000000000000	381748.33286888938	100114.27370466910	126570.93150268121	-26456.657798012118	281634.05916422029	109245.02208464588	-1	172389.03707957442	-1	Error
1.7500000000000000	171526.37680694085	52843.217976355423	58160.266161991756	-5317.0481856363458	118683.15883058544	45815.960452824460	-1	72867.198377760971	-1	Error
2.0000000000000000	85078.545453593222	29307.223909637607	29313.964024797111	-6.7401151595010269	55771.321543955615	21491.644594696802	-1	34279.676949258814	-1	Error
2.2500000000000000	45546.032383175640	17037.881871385420	15879.895332277360	1157.9865391080596	28508.150511790216	10964.415841914606	-1	17543.734669875608	-1	Error
2.5000000000000000	25886.414185020669	10329.423507416346	9115.5428267616353	1213.8806806547113	15556.990677604323	5975.8367948919131	-1	9581.1538827124095	-1	Error
2.7500000000000000	15454.146253089502	6496.2386637922882	5487.6173774880917	1008.6212863041939	8957.9075892972141	3437.2570915433553	-1	5520.6504977538589	-1	Error
3.0000000000000000	9616.6869799480646	4218.0815458180241	3437.5086885960791	780.57285722194536	5398.6054341300405	2063.4364624251166	-1	3335.1689717049239	-1	Error
3.2500000000000000	6192.0668571987335	2816.2244289403816	2227.0540329909618	589.17039594941980	3375.8424282583519	1279.5965452049916	-1	2096.2458830533606	-1	Error
3.5000000000000000	4107.9081220632861	1926.9319775548770	1485.2083043921764	441.72367316270089	2180.9761445084091	824.70001919343690	-1	1356.2761253149722	-1	Error
3.7500000000000000	2797.2950955338765	1347.2971491204735	1015.6747489793865	331.62240014108698	1449.9979464134028	546.63854097835997	-1	903.35940543504285	-1	Error
4.0000000000000000	1947.3833265828325	960.34277357155452	710.04653162608963	250.29624194546483	987.04055301127812	371.25803646730100	-1	615.78251654397718	-1	OK
4.2500000000000000	1383.0477873794111	696.38662896264873	506.12809972618703	190.25852923646175	686.66115841676253	257.40703909857564	-1	429.25411931818689	-1	OK
4.5000000000000000	999.67713830507319	512.81831713301312	367.05917250236956	145.75914463064373	486.85882117206012	182.06170139927656	-1	304.79711977278356	-1	OK
4.7500000000000000	734.07300696938182	382.93583978364865	270.35187925425527	112.58396052939332	351.13716718573323	130.98784877208408	-1	220.14931841364915	-1	OK
5.0000000000000000	546.72476274282508	289.57311324571879	201.91365090606081	87.659462339657935	257.15164949710623	95.692802019696202	-1	161.45884747741002	-1	OK
5.2500000000000000	412.40347508603668	221.50307524788900	152.71230954808533	68.790765699803700	190.90039983814771	70.880142903095802	-1	120.02025693505190	-1	OK
5.5000000000000000	314.71133393145107	171.22473433684502	116.83069252827757	54.394041808567472	143.48659959460605	53.166247939011079	-1	90.320351655594976	-1	OK
5.7500000000000000	242.76017962112527	133.63816776989069	90.318462002184248	43.319705767706459	109.12201185123459	40.343686370837581	-1	68.778325480397001	-1	OK
6.0000000000000000	189.08252730639154	105.22980602693289	70.494322736200033	34.735483290732844	83.852721279458649	30.938213986652670	-1	52.914507292805979	-1	OK
6.2500000000000000	148.56690233713238	83.542077802201078	55.508191606724758	28.033886195476310	65.024824534931312	23.953923940249155	-1	41.070900594682158	-1	OK
6.5000000000000000	117.66741400425350	66.827811180262302	44.064066455867213	22.763744724395082	50.839602823991200	18.712951551597936	-1	32.126651272393261	-1	OK
6.7500000000000000	93.961708533678717	53.833306830777346	35.242740144656032	18.590566686121296	40.128401702901364	14.740819377042374	-1	25.387582325858990	-1	OK
7.0000000000000000	75.558261960544286	43.649465905069441	28.384321938978708	15.265143966090729	31.908796055474852	11.694819752494970	-1	20.213976302979880	-1	OK
7.2500000000000000	61.162280188690957	35.608536206538943	23.009142523038935	12.599393683500002	25.553743982152014	9.3245400925860764	-1	16.229203889565937	-1	OK
7.5000000000000000	49.812468271983164	29.214316687063842	18.764694815727186	10.449621871336657	20.598151584919325	7.5026015088178672	-1	13.095550076101457	-1	OK
7.7500000000000000	40.801830248550282	24.096079961208279	15.389704346800691	8.7063756144075874	16.705750287342003	6.0739810429210008	-1	10.631769244421001	-1	OK
8.0000000000000000	33.596197882056003	19.974158577322385	12.688565757289245	7.2855928200331430	13.622039304733621	4.9457556653822268	-1	8.6762836393513929	-1	OK
8.2500000000000000	27.811040608799107	16.635422007515828	10.513484180483379	6.1219378270324496	11.175618601283279	4.0488702887978709	-1	7.1267483124854083	-1	OK
8.5000000000000000	23.130911395480616	13.916129118437063	8.7518701206642397	5.1642589977728273	9.2147822770435557	3.3316416319213844	-1	5.8831406451221717	-1	OK
8.7500000000000000	19.312440902796773	11.689857023628118	7.3173839835817986	4.3724730400463185	7.6225838791686558	2.7544391730755584	-1	4.8681447060930978	-1	OK
9.0000000000000000	16.202004877978698	9.8584362492624642	6.1433370915900323	3.7150991576724328	6.3435686287162332	2.2874316112840494	-1	4.0561370174321834	-1	OK
9.2500000000000000	13.645759869178857	8.3450335383157537	5.1778364582335090	3.1671970800822455	5.3007263308631023	1.9076950269712900	-1	3.3930313038918123	-1	OK
9.5000000000000000	11.536344367975236	7.0889426235523283	4.3802073679358946	2.7087352556164341	4.4474017444229084	1.5976045119204010	-1	2.8497972325025076	-1	OK
9.7500000000000000	9.7878010442286616	6.0420383254484022	3.7184032583723723	2.3236350670760300	3.7457627187802602	1.3430168661889006	-1	2.4027458525913596	-1	OK
10.000000000000000	8.3306597045785455	5.1661040693882558	3.1670608343921427	1.9990432349961116	3.1645556351902897	1.1330833712044550	-1	2.0314722639858349	-1	OK
10.250000000000000	7.1144510678509372	4.4305093948659175	2.7059676980923824	1.7245416967735356	2.6839416729850196	0.95925410772415420	-1	1.7246875652608655	-1	OK
10.500000000000000	6.0930755163204351	3.8105950964376021	2.3189303271042356	1.4916647693333664	2.2824804198828330	0.81474073563315086	-1	1.4677396842496822	-1	OK
10.750000000000000	5.2346739748534246	3.2864142706807753	1.9929156752451824	1.2934985954355938	1.9482597041726495	0.69414383327487872	-1	1.2541158708977709	-1	OK
11.000000000000000	4.5095956054612678	2.8417239833940915	1.7173795953114070	1.1243443880826840	1.6678716220671768	0.59313570010652961	-1	1.0747359219606472	-1	OK
11.250000000000000	3.8952262414722396	2.4633231264899886	1.4837670544398611	0.97955607205012740	1.4319031149822508	0.50828555915262663	-1	0.92361755582962413	-1	OK
11.500000000000000	3.3727103868619155	2.1404066222365112	1.2851026147569724	0.85530400747953872	1.2323037646254043	0.43675986227296892	-1	0.79554390235243533	-1	OK
11.750000000000000	2.9273744914062449	1.8640552318773769	1.1156649805788652	0.74839025129851222	1.0633192595288679	0.37626635792467855	-1	0.68705290160418930	-1	OK
12.000000000000000	2.5467043309438631	1.6269348293041770	0.97075579474560014	0.65617903455857685	0.91976950163968618	0.32493387251937900	-1	0.59483562912030719	-1	OK
12.250000000000000	2.2205567446837424	1.4229372998099525	0.84649174874733568	0.57644555106261719	0.79761944487378988	0.28126224794809762	-1	0.51635719692569226	-1	OK
12.500000000000000	1.9398110448999959	1.2470094498897790	0.73966186083722563	0.50734758905255373	0.69280159501021699	0.24366401658636599	-1	0.44913757842385099	-1	OK
12.750000000000000	1.6983311593904649	1.0949303254060350	0.64759619007839964	0.44733413532763522	0.60340083398442979	0.21184551483165426	-1	0.39155531915277553	-1	OK
13.000000000000000	1.4898708132830114	0.96317367111270524	0.56807003724547900	0.39510363386722630	0.52669714217030628	0.18444030992870275	-1	0.34225683224160353	-1	OK
13.250000000000000	1.3094066696665081	0.84877323650266057	0.49922063778526271	0.34955259871739791	0.46063343316384764	0.16100641392769663	-1	0.29962701923615098	-1	OK
13.500000000000000	1.1528553005967259	0.74923965871396803	0.43948690157654147	0.30975275713742650	0.40361564188275789	0.14082286702487684	-1	0.26279277485788105	-1	OK
13.750000000000000	1.0167565274327011	0.66245939411896515	0.38755258738731235	0.27490680673165296	0.35429713331373586	0.12339764294271938	-1	0.23089949037101648	-1	OK
14.000000000000000	0.89811511183258808	0.58665501958304189	0.34231033910487324	0.24434468047816865	0.31146009224954618	0.10832758204681384	-1	0.20313251020273235	-1	OK
14.250000000000000	0.79467387339798301	0.52031209725199945	0.30282144361594387	0.21749065363605571	0.27436177614598362	9.52514930905212359E-002	-1	0.17911028305546239	-1	OK
14.500000000000000	0.70403854203194904	0.46214816680311982	0.26829125550606847	0.19385691129705135	0.24189037522882922	8.37833829676349340E-002	-1	0.15810699226119429	-1	OK
14.750000000000000	0.62468886989498362	0.41106482515946108	0.23804289612442411	0.17302192903503685	0.21362404473552257	7.39093731043915236E-002	-1	0.13971467163113105	-1	OK
15.000000000000000	0.55518205802038012	0.36612639691497312	0.21150017641891597	0.15462622049605715	0.18905566110540697	6.53017884780434793E-002	-1	0.12375387262736350	-1	OK
15.250000000000000	0.49404665890685184	0.32652976869364447	0.18817038045264389	0.13835938824100058	0.16751689021320737	5.77820714303088900E-002	-1	0.10973481878289848	-1	OK
15.500000000000000	0.44026569579794117	0.29158401440736620	0.16763147676002993	0.12395253764733628	0.14868168139057494	5.12020890216821484E-002	-1	9.74795923688927951E-002	-1	OK
15.750000000000000	0.39275465895771355	0.26069672445187275	0.14952177256053231	0.11117495189134037	0.13205793450584083	4.54331216290021142E-002	-1	8.66248128768387082E-002	-1	OK
16.000000000000000	0.35083656713906752	0.23335754888361532	0.13353021847708910	9.98273304065262351E-002	0.11747901825545222	4.03653184122256328E-002	-1	7.71136998432265797E-002	-1	OK
16.250000000000000	0.31379395764182749	0.20912385697738384	0.11938854335487457	8.97353136225092218E-002	0.10467010066444368	3.59068447786438302E-002	-1	6.87632558857998455E-002	-1	OK
16.500000000000000	0.28098704910464034	0.18761470918198875	0.10686545214066102	8.07492570413277377E-002	9.33723399226515649E-002	3.19797157952234831E-002	-1	6.13926241274280818E-002	-1	OK
16.750000000000000	0.25186077176291860	0.16849703200956795	9.57604404519082769E-002	7.27365915576596578E-002	8.33637397533506658E-002	2.85154080982492585E-002	-1	5.48483316551014038E-002	-1	OK
17.000000000000000	0.22601744191464490	0.15148462129413573	8.59003646434772644E-002	6.55842566506584790E-002	7.45328206205091853E-002	2.54579334208905050E-002	-1	4.90748871996186803E-002	-1	OK
17.250000000000000	0.20316942912697586	0.13632622676103198	7.71343717609877244E-002	5.91918550000442648E-002	6.68432023659438768E-002	2.27207705298135172E-002	-1	4.41224318361303630E-002	-1	OK
17.500000000000000	0.18269712212615033	0.12280334851326886	6.93315275914121870E-002	5.34718209218566845E-002	5.98937736128814582E-002	2.03308544485108871E-002	-1	3.95629191643705747E-002	-1	OK
17.750000000000000	0.16444371968375254	0.11072632161552964	6.23779307648936743E-002	4.83483908506359625E-002	5.37173980682228852E-002	1.82109192863191445E-002	-1	3.55064787819037442E-002	-1	OK
18.000000000000000	0.14813798103496445	9.99274435154900026E-002	5.61738527285136624E-002	4.37535907869763332E-002	4.82105375194744404E-002	1.63278833087488230E-002	-1	3.18826542107256139E-002	-1	OK
18.250000000000000	0.13359337491499487	9.02619929552048311E-002	5.06325640607576608E-002	3.96294288944471843E-002	4.33313819597900413E-002	1.46538180802057924E-002	-1	2.86775638795842489E-002	-1	OK
18.500000000000000	0.12059312628520485	8.16010909735934153E-002	4.56777015469698872E-002	3.59233894266235282E-002	3.89920353116114324E-002	1.31635226542587795E-002	-1	2.58285126573526529E-002	-1	OK
18.750000000000000	0.10894265281609317	7.38322800749457719E-002	4.12425935363001442E-002	3.25896865386456000E-002	3.51103727411473873E-002	1.17638013471159323E-002	-1	2.33465713940314568E-002	-1	OK
19.000000000000000	9.85041884426112180E-002	6.68573205125948672E-002	3.72687554924984871E-002	2.95885650200963767E-002	3.16468679300163577E-002	1.05861918241299778E-002	-1	2.10606761058863799E-002	-1	OK
19.250000000000000	8.91150116290652383E-002	6.05883763433711225E-002	3.37045625797523368E-002	2.68838137636187857E-002	2.85266352856941158E-002	9.53521652801259806E-003	-1	1.89914187576815177E-002	-1	OK
19.500000000000000	8.07061100065450399E-002	5.49489452028839170E-002	3.05047747995463650E-002	2.44441704033375416E-002	2.57571648036611159E-002	8.63357653086682143E-003	-1	1.71235882727942962E-002	-1	OK
19.750000000000000	7.31448248497512110E-002	4.98709460865045043E-002	2.76294098132373010E-002	2.22415362732671963E-002	2.32738787632467033E-002	7.78968072652437039E-003	-1	1.54841980367223329E-002	-1	OK
20.000000000000000	6.63355213237973584E-002	4.52944902273256025E-002	2.50432634820802504E-002	2.02512267452453452E-002	2.10410310964717490E-002	7.03292676543815047E-003	-1	1.40081043310335985E-002	-1	OK
20.250000000000000	6.01997617562191334E-002	4.11667594583913360E-002	2.27152379114839709E-002	1.84515215469073686E-002	1.90330022978277974E-002	6.35457221520594352E-003	-1	1.26784300826218548E-002	-1	OK
20.500000000000000	5.46733307062950424E-002	3.74402816458241985E-002	2.06177071691890056E-002	1.68225744766351964E-002	1.72330490604708439E-002	5.72628591774124868E-003	-1	1.15067631427295952E-002	-1	OK
20.750000000000000	4.96920557131539098E-002	3.40734569793615938E-002	1.87263102077880050E-002	1.53471467715735818E-002	1.56185987337923160E-002	5.16521209084339593E-003	-1	1.04533866429489201E-002	-1	OK
21.000000000000000	4.51884232683095743E-002	3.10290926479473116E-002	1.70193872279817415E-002	1.40097054199655718E-002	1.41593306203622610E-002	4.67293477508355475E-003	-1	9.48639584527870630E-003	-1	OK
21.250000000000000	4.11169523655146585E-002	2.82740864130414452E-002	1.54777241304443914E-002	1.27963622825970555E-002	1.28428659524732168E-002	4.23412112467072815E-003	-1	8.60874482780248779E-003	-1	OK
21.500000000000000	3.74308687552485711E-002	2.57791014824970272E-002	1.40842610272479928E-002	1.16948404552490361E-002	1.16517672727515439E-002	3.83886654552147719E-003	-1	7.81290072723006719E-003	-1	OK
21.750000000000000	3.41046994143699780E-002	2.35179290349997600E-002	1.28238136910567985E-002	1.06941153439429580E-002	1.05867703793702164E-002	3.48280269990087869E-003	-1	7.10396767946933766E-003	-1	OK
22.000000000000000	3.10903796190481196E-002	2.14671761073340038E-002	1.16828623273027375E-002	9.78431378003126115E-003	9.62320351171411757E-003	3.16173386327909221E-003	-1	6.46146964843502536E-003	-1	OK
22.250000000000000	2.83587635261491160E-002	1.96061256422975644E-002	1.06493753315716876E-002	8.95675031072587675E-003	8.75263788385155159E-003	2.87068510464586748E-003	-1	5.88195277920568367E-003	-1	OK
22.500000000000000	2.58822187127214325E-002	1.79159701790139424E-002	9.71256105396186079E-003	8.20340912505208505E-003	7.96624853370749009E-003	2.60922019293900482E-003	-1	5.35702834076848527E-003	-1	OK
22.750000000000000	2.36349839831566585E-002	1.63799927242028118E-002	8.86280837431408820E-003	7.51718434988872357E-003	7.25499125895384678E-003	2.36969353947695744E-003	-1	4.88529771947688977E-003	-1	OK
23.000000000000000	2.15915939454903068E-002	1.49832447757598866E-002	8.09152570630605056E-003	6.89171906945383432E-003	6.60834916973042016E-003	2.15646437328632576E-003	-1	4.45188479644409441E-003	-1	OK
23.250000000000000	1.97383750005730059E-002	1.37122642998344542E-002	7.39101484906591177E-003	6.32124945076854329E-003	6.02611070073855171E-003	1.96346169312843714E-003	-1	4.06264900761011457E-003	-1	OK
23.500000000000000	1.80530098146292894E-002	1.25550131905620265E-002	6.75439129278266031E-003	5.80062189777936880E-003	5.49799662406726293E-003	1.78923205234001142E-003	-1	3.70876457172725129E-003	-1	OK
23.750000000000000	1.65155664924252835E-002	1.15007908648068809E-002	6.17550316612108276E-003	5.32528769868579905E-003	5.01477562761840252E-003	1.62887891795547059E-003	-1	3.38589670966293194E-003	-1	OK
24.000000000000000	1.51197597955171070E-002	1.05397950190000544E-002	5.64878751199136397E-003	4.89100750700868694E-003	4.57996477651705265E-003	1.48539577781456236E-003	-1	3.09456899870249030E-003	-1	OK
24.250000000000000	1.38469220585444933E-002	9.66332107195328090E-003	5.16928132925531612E-003	4.49403974269796044E-003	4.18360098659121236E-003	1.35521464277022765E-003	-1	2.82838634382098471E-003	-1	OK
24.500000000000000	1.26840436141842979E-002	8.86354799112878955E-003	4.73251745511958991E-003	4.13103053600919791E-003	3.82049562305550837E-003	1.23701811468396165E-003	-1	2.58347750837154694E-003	-1	OK
24.750000000000000	1.16273705492110097E-002	8.13327806504511239E-003	4.33444956151645203E-003	3.79882850352865993E-003	3.49409248416589777E-003	1.12829307410978281E-003	-1	2.36579941005611496E-003	-1	OK
25.000000000000000	1.06616303836282247E-002	7.46615233200120538E-003	3.97146785187339844E-003	3.49468448012780564E-003	3.19547805162702023E-003	1.03078757515169973E-003	-1	2.16469047647532050E-003	-1	OK
25.250000000000000	9.78015708468267346E-003	6.85641150275573177E-003	3.64031041671617709E-003	3.21610108603955338E-003	2.92374558192694169E-003	9.40867985175838331E-004	-1	1.98287759675110347E-003	-1	OK
25.500000000000000	8.97417362208454729E-003	6.29880481467092693E-003	3.33802969251242084E-003	2.96077512215850653E-003	2.67536880741362079E-003	8.60263515057686063E-004	-1	1.81510529235593462E-003	-1	OK
25.750000000000000	8.24024826391634227E-003	5.78866701545853197E-003	3.06198419748656076E-003	2.72668281797197208E-003	2.45158124845781073E-003	7.86877415345538516E-004	-1	1.66470383311227233E-003	-1	OK
26.000000000000000	7.56559187560745632E-003	5.32176408166147412E-003	2.80978048799011317E-003	2.51198359367136225E-003	2.24382779394598176E-003	7.20045903090548735E-004	-1	1.52378189085543292E-003	-1	OK
26.250000000000000	6.95026372180107630E-003	4.89420249813059607E-003	2.57924619740327243E-003	2.31495630072732278E-003	2.05606122367048023E-003	6.58343732578811234E-004	-1	1.39771749109166899E-003	-1	OK
26.500000000000000	6.38650124641296224E-003	4.50250441115792634E-003	2.36842830286666762E-003	2.13407610829125871E-003	1.88399683525503634E-003	6.02049829098140845E-004	-1	1.28194700615689560E-003	-1	OK
26.750000000000000	5.87108568495422079E-003	4.14351037623006922E-003	2.17555587033001381E-003	1.96795450590005628E-003	1.72757530872415157E-003	5.51502562414388654E-004	-1	1.17607274630976292E-003	-1	OK
27.000000000000000	5.39873097509402725E-003	3.81432881070670974E-003	1.99902199957401440E-003	1.81530681113269577E-003	1.58440216438731707E-003	5.05372744079844965E-004	-1	1.07902942030747200E-003	-1	OK
27.250000000000000	4.96705224775951647E-003	3.51237137573447112E-003	1.83737886187297010E-003	1.67499251386150102E-003	1.45468087202504513E-003	4.63161979098457440E-004	-1	9.91518892926587748E-004	-1	OK
27.500000000000000	4.57028766439672961E-003	3.23526855567152606E-003	1.68930884762054281E-003	1.54595970805098304E-003	1.33501910872520333E-003	4.24128401229532091E-004	-1	9.10890707495671235E-004	-1	OK
27.750000000000000	4.20694167526038283E-003	2.98087325966829965E-003	1.55361995323645115E-003	1.42725330643184828E-003	1.22606841559208275E-003	3.89024926365151330E-004	-1	8.37043489226931415E-004	-1	OK
28.000000000000000	3.87273602061163642E-003	2.74726077404633881E-003	1.42923423597953792E-003	1.31802653806680089E-003	1.12547524656529739E-003	3.56942157037800961E-004	-1	7.68533089527496374E-004	-1	OK
28.250000000000000	3.56696537697736519E-003	2.53264389585684205E-003	1.31516510137082393E-003	1.21747879448601791E-003	1.03432148112052335E-003	3.27228394871353109E-004	-1	7.07093086249170242E-004	-1	OK
28.500000000000000	3.28572290206433082E-003	2.33540085491086829E-003	1.21051787569199823E-003	1.12488297921886963E-003	9.50322047153462639E-004	2.99989040933347061E-004	-1	6.50333006220115578E-004	-1	OK
28.750000000000000	3.02797650524460043E-003	2.15406602962190004E-003	1.11448172792082112E-003	1.03958430170107891E-003	8.73910475622700607E-004	2.75490380085729634E-004	-1	5.98420095536971028E-004	-1	OK
29.000000000000000	2.79117037129387058E-003	1.98730080398969037E-003	1.02631762890198572E-003	9.60983175087704857E-004	8.03869567304180003E-004	2.53065491919248788E-004	-1	5.50804075384931160E-004	-1	OK
29.250000000000000	2.57293156497531358E-003	1.83387412673508324E-003	9.45351610315091091E-004	8.88522516419991935E-004	7.39057438240230125E-004	2.32203084769230371E-004	-1	5.06854353470999807E-004	-1	OK
29.500000000000000	2.37301575194537925E-003	1.69267712637872288E-003	8.70973100699912206E-004	8.21704025678810456E-004	6.80338625566656585E-004	2.13413702653476769E-004	-1	4.66924922913179816E-004	-1	OK
29.750000000000000	2.18886131941146284E-003	1.56269438344382974E-003	8.02624676872523571E-004	7.60069706571305848E-004	6.26166935967633199E-004	1.96194060728232189E-004	-1	4.29972875239401011E-004	-1	OK
30.000000000000000	2.01947945272309666E-003	1.44300228378461265E-003	7.39799122820496472E-004	7.03203160964115961E-004	5.76477168938484014E-004	1.80097689720372606E-004	-1	3.96379479218111409E-004	-1	OK
30.250000000000000	1.86381962095314769E-003	1.33275613284612716E-003	6.82033539907529567E-004	6.50722592938597481E-004	5.31063488107020535E-004	1.65644437732257696E-004	-1	3.65419050374762812E-004	-1	OK
30.500000000000000	1.72038596468037730E-003	1.23117928527416800E-003	6.28904437237634778E-004	6.02274848036533331E-004	4.89206679406209302E-004	1.52385648988311793E-004	-1	3.36821030417897536E-004	-1	OK
30.750000000000000	1.58837152245231718E-003	1.13756193002840286E-003	5.80025661383157622E-004	5.57536268645245016E-004	4.50809592423914382E-004	1.40089943803663051E-004	-1	3.10719648620251358E-004	-1	OK
31.000000000000000	1.46659485236440333E-003	1.05125776397626929E-003	5.35045474339027852E-004	5.16212289637241542E-004	4.15337088388133995E-004	1.28813587090934896E-004	-1	2.86523501297199072E-004	-1	OK
31.250000000000000	1.35428005331935698E-003	9.71679841578568584E-004	4.93642868249188232E-004	4.78036973329380461E-004	3.82600211740788453E-004	1.18460164971823732E-004	-1	2.64140046768964734E-004	-1	OK
31.500000000000000	1.25107097649889191E-003	8.98273812040919963E-004	4.55521504660749948E-004	4.42752307380170069E-004	3.52797164457971943E-004	1.08974207162449823E-004	-1	2.43822957295522134E-004	-1	OK
31.750000000000000	1.15588256024092809E-003	8.30549152662882206E-004	4.20413881044893523E-004	4.10135271617988574E-004	3.25333407578045936E-004	1.00474426082921238E-004	-1	2.24858981495124684E-004	-1	OK
32.000000000000000	1.06797664618303069E-003	7.68055124563068212E-004	3.88074783649848597E-004	3.79980340913219669E-004	2.99921521619962586E-004	9.24659598504948385E-005	-1	2.07455561769467748E-004	-1	OK
32.250000000000000	9.86999559019586603E-004	7.10373308105637720E-004	3.58278509632933687E-004	3.52094798472704087E-004	2.76626250913948829E-004	8.51113654597181576E-005	-1	1.91514885454230658E-004	-1	OK
32.500000000000000	9.12296753884947031E-004	6.57119571054431560E-004	3.30818766430094821E-004	3.26300804624336739E-004	2.55177182830515416E-004	7.83389524820150883E-005	-1	1.76838230348500328E-004	-1	OK
32.750000000000000	8.42971583825726455E-004	6.07944023841955447E-004	3.05506902386368359E-004	3.02437121455587142E-004	2.35027559983771008E-004	7.21363379371010340E-005	-1	1.62891222046669974E-004	-1	OK
33.000000000000000	7.79517180012685067E-004	5.62526363810032706E-004	2.82170223346127715E-004	2.80356140463904882E-004	2.16990816202652334E-004	6.64392894349869422E-005	-1	1.50551526767665392E-004	-1	OK
33.250000000000000	7.20901399745636361E-004	5.20568121732638517E-004	2.60649674955751559E-004	2.59918446776886904E-004	2.00333278012997844E-004	6.12515448582416411E-005	-1	1.39081733154756190E-004	-1	OK
33.500000000000000	6.66774437522121800E-004	4.81799939405511048E-004	2.40800284156838411E-004	2.40999655248672637E-004	1.84974498116610697E-004	5.64775996025051200E-005	-1	1.28496898514105591E-004	-1	OK
33.750000000000000	6.16536152594991107E-004	4.45968600160052443E-004	2.22488043998332553E-004	2.23480556161719809E-004	1.70567552434938691E-004	5.20835155271808360E-005	-1	1.18484036907757855E-004	-1	OK
34.000000000000000	5.70383153120049020E-004	4.12846057785214897E-004	2.05591076611083800E-004	2.07254981174131097E-004	1.57537095334834122E-004	4.79801503734681378E-005	-1	1.09556944961365985E-004	-1	OK
34.250000000000000	5.27777816225683503E-004	3.82225230353170817E-004	1.89997882819649487E-004	1.92227347533521331E-004	1.45552585872512740E-004	4.42592008567175812E-005	-1	1.01293385015795159E-004	-1	OK
34.500000000000000	4.88307336024311456E-004	3.53912118513903453E-004	1.75605277599728235E-004	1.78306840914175326E-004	1.34395217510408004E-004	4.08322158115173703E-005	-1	9.35630016988906333E-005	-1	OK
34.750000000000000	4.51929069357974282E-004	3.27727576835048031E-004	1.62318430169616535E-004	1.65409146665431497E-004	1.24201492522926251E-004	3.76439731995511777E-005	-1	8.65575193233750662E-005	-1	OK
35.000000000000000	4.18288316203562903E-004	3.03507285362685636E-004	1.50050382178425180E-004	1.53456903184260484E-004	1.14781030840877267E-004	3.47387369180146048E-005	-1	8.00422939228626691E-005	-1	OK
35.250000000000000	3.87152201522944690E-004	2.81102131466353733E-004	1.38721627085524419E-004	1.42380504380829287E-004	1.06050070056590943E-004	3.20192822631457243E-005	-1	7.40307877934452186E-005	-1	OK
35.500000000000000	3.58347755905105182E-004	2.60372321540289437E-004	1.28258508897758261E-004	1.32113812642531203E-004	9.79754343648157726E-005	2.95548399375717979E-005	-1	6.84205944272439713E-005	-1	OK
35.750000000000000	3.31739057263194298E-004	2.41189120509201601E-004	1.18593333426618259E-004	1.22595787082583246E-004	9.05499367539927107E-005	2.72294099676019126E-005	-1	6.33205267863908049E-005	-1	OK
36.000000000000000	3.07096142215757808E-004	2.23433958555416533E-004	1.09663937604554784E-004	1.13770020950861803E-004	8.36621836603413022E-005	2.51015854145922693E-005	-1	5.85605982457490363E-005	-1	OK
36.250000000000000	2.84346119450612316E-004	2.06998161107516636E-004	1.01413244670314241E-004	1.05584916437202368E-004	7.73479583430956662E-005	2.32161821695825763E-005	-1	5.41317761735130899E-005	-1	OK
36.500000000000000	2.63313646623210371E-004	1.91783271665299580E-004	9.37890420966113727E-005	9.79942295686881938E-005	7.15303749579107774E-005	2.14183255043938082E-005	-1	5.01120494535169691E-005	-1	OK
36.750000000000000	2.43825899802322472E-004	1.77696731272395666E-004	8.67428713346642149E-005	9.09538599377314509E-005	6.61291685299267930E-005	1.97575367000884691E-005	-1	4.63716318298383205E-005	-1	OK
37.000000000000000	2.25802132534187825E-004	1.64653617648425607E-004	8.02302087002613193E-005	8.44234089481643010E-005	6.11485148857622318E-005	1.82230326643749160E-005	-1	4.29254822213873192E-005	-1	OK
37.250000000000000	2.09139246242868115E-004	1.52574888228559978E-004	7.42099036002649861E-005	7.83649846282949783E-005	5.65643580143081231E-005	1.68129751547242539E-005	-1	3.97513828595838725E-005	-1	OK
37.500000000000000	1.93665779695051941E-004	1.41388229524725285E-004	6.86442426292575348E-005	7.27439868954677499E-005	5.22775501703266627E-005	1.55149950824523616E-005	-1	3.67625550878743044E-005	-1	OK
37.750000000000000	1.79335701731606610E-004	1.31027222914091107E-004	6.34984499689415500E-005	6.75287729451495573E-005	4.83084788175155159E-005	1.43314629096219508E-005	-1	3.39770159078935633E-005	-1	OK
38.000000000000000	1.66097871201712611E-004	1.21429905128916065E-004	5.87403507240094491E-005	6.26895544049065816E-005	4.46679660727965461E-005	1.32385887926090131E-005	-1	3.14293772801875330E-005	-1	OK
38.250000000000000	1.53845892271203160E-004	1.12537989860659541E-004	5.43401238057708837E-005	5.81978660548886575E-005	4.13079024105436119E-005	1.22139064901800586E-005	-1	2.90939959203635534E-005	-1	OK
38.500000000000000	1.42476089899974532E-004	1.04299114354748041E-004	5.02706002606137888E-005	5.40285140941342454E-005	3.81769755452264842E-005	1.12836266957848427E-005	-1	2.68933488494416414E-005	-1	OK
38.750000000000000	1.31970577404705238E-004	9.66653383468050786E-005	4.65067836554340676E-005	5.01585546913710042E-005	3.53052390579001725E-005	1.04041474331384692E-005	-1	2.49010916247617033E-005	-1	OK
39.000000000000000	1.22240364088450925E-004	8.95920524281218673E-005	4.30255050606590892E-005	4.65665473674627782E-005	3.26483116603290443E-005	9.61185398620260518E-006	-1	2.30364576741264391E-005	-1	OK
39.250000000000000	1.13212134010081785E-004	8.30374687550244591E-005	3.98053015345451383E-005	4.32321672204793141E-005	3.01746652550573263E-005	8.85600713623686265E-006	-1	2.13186581188204620E-005	-1	OK
39.500000000000000	1.04890096765856972E-004	7.69631657980262022E-005	3.68263959016013609E-005	4.01367698964248210E-005	2.79269309678307763E-005	8.18229134605097544E-006	-1	1.97446396217798025E-005	-1	OK
39.750000000000000	9.71703607287629476E-005	7.13334196596005301E-005	3.40705268321947491E-005	3.72628928274057743E-005	2.58369410691624208E-005	7.56005498308835624E-006	-1	1.82768860860740646E-005	-1	OK
40.000000000000000	9.00215991683275536E-005	6.61157661546952959E-005	3.15209278159812401E-005	3.45948383387140355E-005	2.39058330136322645E-005	6.98537555415531462E-006	-1	1.69204574594769498E-005	-1	OK
40.250000000000000	8.33569007212305854E-005	6.12798834407352874E-005	2.91620294486667578E-005	3.21178539920685398E-005	2.20770172804952980E-005	6.45469592561062070E-006	-1	1.56223213548846790E-005	-1	OK
40.500000000000000	7.72064532012173234E-005	5.67970660880162361E-005	2.69793587524935770E-005	2.98177073355226625E-005	2.04093871132010805E-005	5.96144541935016418E-006	-1	1.44479416938509163E-005	-1	OK
40.750000000000000	7.15187350885554846E-005	5.26410541199537506E-005	2.49596341939073702E-005	2.76814199260463770E-005	1.88776809686017374E-005	5.50889893978789772E-006	-1	1.33687820288138388E-005	-1	OK
41.000000000000000	6.62573354764720273E-005	4.87882448518933936E-005	2.30907077575335807E-005	2.56975370943598163E-005	1.74690906245786337E-005	5.08487952237452266E-006	-1	1.23842111022041110E-005	-1	OK
41.250000000000000	6.13749943839340392E-005	4.52166496829407144E-005	2.13613206266885844E-005	2.38553290562521334E-005	1.61583447009933247E-005	4.69914362778177118E-006	-1	1.14592010732115544E-005	-1	OK
41.500000000000000	5.68465126691074338E-005	4.19056327884002034E-005	1.97610085047440987E-005	2.21446242836561047E-005	1.49408798807072338E-005	4.33677180680477292E-006	-1	1.06041080739024600E-005	-1	OK
41.750000000000000	5.26583121181634371E-005	3.88362185189298513E-005	1.82801239723328922E-005	2.05560945465969625E-005	1.38220935992335824E-005	4.00777323545266498E-006	-1	9.81432036378091828E-006	-1	OK
42.000000000000000	4.87761127471247148E-005	3.59906482008419661E-005	1.69097019493597292E-005	1.90809462514822437E-005	1.27854645462827520E-005	3.70372316967837798E-006	-1	9.08174137660437407E-006	-1	OK
42.250000000000000	4.51776555915766768E-005	3.33524273656463660E-005	1.56414762660157626E-005	1.77109510996306102E-005	1.18252282259303091E-005	3.41826764108556027E-006	-1	8.40696058484474881E-006	-1	OK
42.500000000000000	4.18429848146076403E-005	3.09066636225152828E-005	1.44678540264818363E-005	1.64388095960334397E-005	1.09363211920923575E-005	3.15447135105769902E-006	-1	7.78184984103465766E-006	-1	OK
42.750000000000000	3.87546764724230831E-005	2.86392488397580318E-005	1.33817452560419095E-005	1.52575035837161240E-005	1.01154276326650547E-005	2.91506918763995285E-006	-1	7.20035844502510145E-006	-1	OK
43.000000000000000	3.58888478114983460E-005	2.65368240984452612E-005	1.23765537595890105E-005	1.41602703388562473E-005	9.35202371305308476E-006	2.69054786152166746E-006	-1	6.66147585153141772E-006	-1	OK
43.250000000000000	3.32400441359737456E-005	2.45872559471504877E-005	1.14462499212137173E-005	1.31410060259367653E-005	8.65278818882325960E-006	2.48275889389216544E-006	-1	6.17002929493109416E-006	-1	OK
43.500000000000000	3.07840979131667123E-005	2.27797827401194381E-005	1.05853288562211880E-005	1.21944538838982484E-005	8.00431517304727254E-006	2.29418020477625802E-006	-1	5.71013496827101452E-006	-1	OK
43.750000000000000	2.85046051932884345E-005	2.11040917883846592E-005	9.78862983209731093E-006	1.13154619562873449E-005	7.40051340490377446E-006	2.11782880080019811E-006	-1	5.28268460410357678E-006	-1	OK
44.000000000000000	2.63899259636638085E-005	1.95505952885854314E-005	9.05137417623823880E-006	1.04992211123471909E-005	6.83933067507837627E-006	1.95627388259626602E-006	-1	4.88305679248210983E-006	-1	OK
44.250000000000000	2.44351949501362943E-005	1.81103989140706480E-005	8.36913584307026959E-006	9.74126307100037502E-006	6.32479603606564803E-006	1.80659146807837782E-006	-1	4.51820456798726978E-006	-1	OK
44.500000000000000	2.26256646447331080E-005	1.67752847059266752E-005	7.73782433737266520E-006	9.03746036855401005E-006	5.85037993880643190E-006	1.66693476977084456E-006	-1	4.18344516903558755E-006	-1	OK
44.750000000000000	2.09491090500094049E-005	1.55376220630983560E-005	7.15365401812972868E-006	8.38396804496862561E-006	5.41148698691104979E-006	1.53850238864661495E-006	-1	3.87298459826443463E-006	-1	OK
45.000000000000000	1.93933733116281943E-005	1.43903340078675654E-005	6.61311862194900888E-006	7.77721538591855647E-006	5.00303930376062982E-006	1.42132878094158179E-006	-1	3.58171052281904803E-006	-1	OK
45.250000000000000	1.79558964554098876E-005	1.33267597834120692E-005	6.11295364982893827E-006	7.21380613358312923E-006	4.62913667199781752E-006	1.31144759950703438E-006	-1	3.31768907249078336E-006	-1	OK
45.500000000000000	1.66194542983340807E-005	1.23407694240966309E-005	5.65014932131794482E-006	6.69062010277868609E-006	4.27868487423744894E-006	1.21071297017961624E-006	-1	3.06797190405783270E-006	-1	OK
45.750000000000000	1.53810891117916836E-005	1.14267263369776666E-005	5.22193595119995780E-006	6.20479038577770884E-006	3.95436277481401778E-006	1.11667041954249452E-006	-1	2.83769235527152347E-006	-1	OK
46.000000000000000	1.42363370165145259E-005	1.05794743087905194E-005	4.82575979212774471E-006	5.75371451666277300E-006	3.65686270772400736E-006	1.03132779311352348E-006	-1	2.62553491461048366E-006	-1	OK
46.250000000000000	1.31717558379764778E-005	9.79420488353749513E-006	4.45925165033412948E-006	5.33495323320336565E-006	3.37755095443898312E-006	9.51500964131810311E-007	-1	2.42604999030717270E-006	-1	OK
46.500000000000000	1.21904036033546898E-005	9.06648144400192823E-006	4.12021839243119543E-006	4.94626305157073280E-006	3.12392215935276115E-006	8.77674957447723701E-007	-1	2.24624720190503755E-006	-1	OK
46.750000000000000	1.12780779116721373E-005	8.39210980970901315E-006	3.80661051197500757E-006	4.58549929773400473E-006	2.88596810196312452E-006	8.10424147908897092E-007	-1	2.07554395405422733E-006	-1	OK
47.000000000000000	1.04347856623612074E-005	7.76715835629084746E-006	3.51652812444549409E-006	4.25063023184535125E-006	2.66762730607035904E-006	7.46940940627406263E-007	-1	1.92068636544295299E-006	-1	OK
47.250000000000000	9.65258843003746203E-006	7.18805575941093123E-006	3.24822794542320405E-006	3.93982781398772760E-006	2.46453267062653037E-006	6.88361857051902014E-007	-1	1.77617081357462836E-006	-1	OK
47.500000000000000	8.92808329251292003E-006	6.65153283302692692E-006	3.00009814899681795E-006	3.65143468403010898E-006	2.27655045948599353E-006	6.34981797507201204E-007	-1	1.64156866197879232E-006	-1	OK
47.750000000000000	8.25565636994874045E-006	6.15438109145312792E-006	2.77061347716713047E-006	3.38376761428599702E-006	2.10127527849561211E-006	5.86105758897137609E-007	-1	1.51516951959847450E-006	-1	OK
48.000000000000000	7.63300054773511871E-006	5.69371009553617111E-006	2.55838393208386864E-006	3.13532616345230290E-006	1.93929045219894760E-006	5.40539800412688121E-007	-1	1.39875065178625948E-006	-1	OK
48.250000000000000	7.06054324576587327E-006	5.26689021882164590E-006	2.36213379321854073E-006	2.90475642560310644E-006	1.79365302694422716E-006	4.98279020366773714E-007	-1	1.29537400657745355E-006	-1	OK
48.500000000000000	6.52613459943362826E-006	4.87152826524567111E-006	2.18068682529632865E-006	2.69084143994934077E-006	1.65460633418795694E-006	4.59201664880050063E-007	-1	1.19540466930790698E-006	-1	OK
48.750000000000000	6.03312703898625713E-006	4.50531137513822662E-006	2.01293652841003571E-006	2.49237484672819176E-006	1.52781566384803072E-006	4.23338483347287883E-007	-1	1.10447718050074279E-006	-1	OK
49.000000000000000	5.57763629416943827E-006	4.16615855605266770E-006	1.85787030727058086E-006	2.30828824878208683E-006	1.41147773811677036E-006	3.90424780246201878E-007	-1	1.02105295787056837E-006	-1	OK
49.250000000000000	5.15614666766562522E-006	3.85209219561001332E-006	1.71453894973794738E-006	2.13755324587206721E-006	1.30405447205561232E-006	3.59811896063003303E-007	-1	9.44242575992609072E-007	-1	OK
49.500000000000000	4.76553650605631035E-006	3.56127151819773594E-006	1.58206402840930307E-006	1.97920748978843224E-006	1.20426498785857440E-006	3.31423096888698015E-007	-1	8.72841890969876388E-007	-1	OK
49.750000000000000	4.40409212622364584E-006	3.29198609216552754E-006	1.45963236752095571E-006	1.83235372464457183E-006	1.11210603405811809E-006	3.05391050742830326E-007	-1	8.06714983315287764E-007	-1	OK
50.000000000000000	4.06951694140701299E-006	3.04269421187575326E-006	1.34649780797521373E-006	1.69619640390054016E-006	1.02682272953126016E-006	2.81485242680636144E-007	-1	7.45337486850624064E-007	-1	OK
50.250000000000000	3.75944428884056722E-006	2.81189434944607112E-006	1.24195478675270442E-006	1.56993956269336755E-006	9.47549939394495988E-007	2.59497838843915608E-007	-1	6.88052100550580433E-007	-1	OK
50.500000000000000	3.47189070453913002E-006	2.59818501379413967E-006	1.14535350338389658E-006	1.45283151041024309E-006	8.73705690744990242E-007	2.39109698626717287E-007	-1	6.34595992118273008E-007	-1	OK
50.750000000000000	3.20639622129658188E-006	2.40036110199994246E-006	1.05610933214842528E-006	1.34425176985151782E-006	8.06035119296639315E-007	2.19971240622741166E-007	-1	5.86063878673898176E-007	-1	OK
51.000000000000000	2.96074467375731441E-006	2.21728605942318176E-006	9.73676784973941301E-007	1.24360927444924025E-006	7.43458614334132862E-007	2.02387735449172536E-007	-1	5.41070878884960352E-007	-1	OK
51.250000000000000	2.73313353469481014E-006	2.04788736932215346E-006	8.97545505450176505E-007	1.15034186387197653E-006	6.85246165372656576E-007	1.86508158522554248E-007	-1	4.98738006850102380E-007	-1	OK
51.500000000000000	2.52343403297659982E-006	1.89115217447605024E-006	8.27240495329298071E-007	1.06391167914675249E-006	6.32281858500549473E-007	1.70265714605801477E-007	-1	4.62016143894747996E-007	-1	OK
51.750000000000000	2.32892366924348644E-006	1.74615047352649315E-006	7.62323380418683613E-007	9.83827093107809433E-007	5.82773195716993398E-007	1.56888687331347641E-007	-1	4.25884508385645783E-007	-1	OK
52.000000000000000	2.14954483120049441E-006	1.61202817769348008E-006	7.02390404890314493E-007	9.09637772803165696E-007	5.37516653507014116E-007	1.44442619716896194E-007	-1	3.93074033790117922E-007	-1	OK
52.250000000000000	1.98334063241997772E-006	1.48798318393786523E-006	6.47064546695419077E-007	8.40918637242446155E-007	4.95357448482112589E-007	1.33469975121344198E-007	-1	3.61887473360768390E-007	-1	OK
52.500000000000000	1.83002837931117024E-006	1.37325687767499781E-006	5.95995236670919200E-007	7.77261641004078818E-007	4.56771501636172379E-007	1.22433661151729711E-007	-1	3.34337840484442668E-007	-1	OK
52.750000000000000	1.68812763039096441E-006	1.26716280627793108E-006	5.48860585740190445E-007	7.18302220537740745E-007	4.20964824113033273E-007	1.12713042859664133E-007	-1	3.08251781253369127E-007	-1	OK
53.000000000000000	1.55701029703584734E-006	1.16905266189118207E-006	5.05361551205653176E-007	6.63691110685528896E-007	3.87957635144665166E-007	1.03746906295657789E-007	-1	2.84210728849007403E-007	-1	OK
53.250000000000000	1.43547406758170995E-006	1.07833719772346360E-006	4.65223418727602880E-007	6.13113778995860880E-007	3.57136869858246398E-007	9.54801763642066395E-008	-1	2.61656693494039745E-007	-1	OK
53.500000000000000	1.32328042844251610E-006	9.94472310266576196E-007	4.28193555260222765E-007	5.66278755006353484E-007	3.28808118175940012E-007	8.78073388567341565E-008	-1	2.41000779319205869E-007	-1	OK
53.750000000000000	1.21990287352875302E-006	9.16975986938751892E-007	3.94040905785275087E-007	5.22935081153476646E-007	3.02926886590001071E-007	8.02069030344169640E-008	-1	2.22719983555584120E-007	-1	OK
54.000000000000000	1.12427728767107314E-006	8.45375047244362755E-007	3.62546075477784157E-007	4.82828971766578809E-007	2.78902240426710491E-007	7.36034479435980327E-008	-1	2.05298792483112472E-007	-1	OK
54.250000000000000	1.03541973876196383E-006	7.79226982780958588E-007	3.33505524214427492E-007	4.45721458566531149E-007	2.56192755981005245E-007	6.77864788741257948E-008	-1	1.88406277106879437E-007	-1	OK
54.500000000000000	9.53668422935196778E-007	7.18113536421097379E-007	3.06730235059709205E-007	4.11383301361387909E-007	2.35554886514099399E-007	6.23241560880172246E-008	-1	1.73230730426082161E-007	-1	OK
54.750000000000000	8.78225057182256568E-007	6.61670858673938493E-007	2.82049299752661737E-007	3.79621558921276703E-007	2.16554198508318049E-007	5.75317688772006882E-008	-1	1.59022429631117367E-007	-1	OK
55.000000000000000	8.08768030174353748E-007	6.09550791760795847E-007	2.59302335489576149E-007	3.50248456271219752E-007	1.99217238413557847E-007	5.27277626790173688E-008	-1	1.46489475734540472E-007	-1	OK
55.250000000000000	7.44697977792809509E-007	5.61420837779586598E-007	2.38339049822223452E-007	3.23081787957363094E-007	1.83277140013222964E-007	4.81467204859897238E-008	-1	1.35130419527233227E-007	-1	OK
55.500000000000000	6.85482799260021231E-007	5.16975660089698348E-007	2.19021778730965746E-007	2.97953881358732523E-007	1.68507139170322883E-007	4.42416131721729518E-008	-1	1.24265525998149931E-007	-1	OK
55.750000000000000	6.30879704304075438E-007	4.75937868239563371E-007	2.01224521915568328E-007	2.74713346323995096E-007	1.54941836064512040E-007	4.06356954079544992E-008	-1	1.14306140656557548E-007	-1	OK
56.000000000000000	5.80480216975519597E-007	4.38063608025411788E-007	1.84832934577010937E-007	2.53230673448400877E-007	1.42416608950107783E-007	3.73156374910450188E-008	-1	1.05100971459062764E-007	-1	OK
56.250000000000000	5.33874749237230818E-007	4.03120263090733455E-007	1.69739688920780761E-007	2.33380574169952721E-007	1.30754486146497389E-007	3.42591771045453487E-008	-1	9.64953090419520338E-008	-1	OK
56.500000000000000	4.90994204940973647E-007	3.70884456516221861E-007	1.55843890246849303E-007	2.15040566269372558E-007	1.20109748424751786E-007	3.14456602600844178E-008	-1	8.86640881646673680E-008	-1	OK
56.750000000000000	4.51492363371867393E-007	3.41152548237670813E-007	1.43053091193255586E-007	1.98099457044415280E-007	1.10339815134196579E-007	2.88562370824044042E-008	-1	8.14835780517921685E-008	-1	OK
57.000000000000000	4.15071807737276179E-007	3.13733626062558957E-007	1.31281462092579859E-007	1.82452163969979125E-007	1.01338181674717195E-007	2.64549684905062819E-008	-1	7.48832131842109135E-008	-1	OK
57.250000000000000	3.81465489847931843E-007	2.88453918277794928E-007	1.20449896835247718E-007	1.68004021442547236E-007	9.30115715701369155E-008	2.42371031890943619E-008	-1	6.87744683810425570E-008	-1	OK
57.500000000000000	3.50516017185516569E-007	2.65149155124969250E-007	1.10485032022662747E-007	1.54664123102306503E-007	8.53668620605472932E-008	2.21983432969500493E-008	-1	6.31685187635972373E-008	-1	OK
57.750000000000000	3.21959708319977395E-007	2.43668500575021573E-007	1.01319091364546101E-007	1.42349409210475539E-007	7.82912077449558479E-008	2.03501474784756679E-008	-1	5.79410602664801801E-008	-1	OK
58.000000000000000	2.95675556200436302E-007	2.23870718963295223E-007	9.28895251711275659E-008	1.30981193792167644E-007	7.18048372371410922E-008	1.86015835647797278E-008	-1	5.32032536723613677E-008	-1	OK
58.250000000000000	2.71451679667816407E-007	2.05628784330514379E-007	8.51387717054591147E-008	1.20490012625055290E-007	6.58228953373020154E-008	1.70242378806018657E-008	-1	4.87986574567001529E-008	-1	OK
58.500000000000000	2.49167855779777262E-007	1.88819294724417145E-007	7.80132187334993726E-008	1.10806075990917786E-007	6.03485610553601037E-008	1.55732663713875335E-008	-1	4.47752946839725702E-008	-1	OK
58.750000000000000	2.28612725525271672E-007	1.73341097475009643E-007	7.14655908729383063E-008	1.01875506602071363E-007	5.52716280502620160E-008	1.42474724523096233E-008	-1	4.10241555979523911E-008	-1	OK
59.000000000000000	2.09727818494896984E-007	1.59093320578411460E-007	6.54504156600276506E-008	9.36429049183838356E-008	5.06344979164855311E-008	1.30252329621548796E-008	-1	3.76092649543306549E-008	-1	OK
59.250000000000000	1.92359553895462933E-007	1.45977451464071517E-007	5.99248924858442624E-008	8.60525589782272676E-008	4.63821024313914158E-008	1.19112718375652368E-008	-1	3.44708305938261823E-008	-1	OK
59.500000000000000	1.76360306237079040E-007	1.33906039050236535E-007	5.48504070201157079E-008	7.90556320301208011E-008	4.24542671868425178E-008	1.08648253081074939E-008	-1	3.15894418787350255E-008	-1	OK
59.750000000000000	1.61657746713041741E-007	1.22800956064527911E-007	5.01916842496605216E-008	7.26092718148673895E-008	3.88567906485138364E-008	9.93161442550169410E-009	-1	2.89251762230121407E-008	-1	OK
60.000000000000000	1.48167469828031364E-007	1.12585696073109408E-007	4.59152979981089992E-008	6.66703980750004151E-008	3.55817737549219434E-008	9.06187839229762133E-009	-1	2.65198953626243221E-008	-1	OK
60.250000000000000	1.35720435750441694E-007	1.03189430116979521E-007	4.19905156791384336E-008	6.11989144378411077E-008	3.25310056334621594E-008	8.27770962745627006E-009	-1	2.42532960060058877E-008	-1	OK
60.500000000000000	1.24302496509409078E-007	9.45495708115233920E-008	3.83895452287981762E-008	5.61600255827252092E-008	2.97529256978856863E-008	7.55019331499425517E-009	-1	2.22027323828914311E-008	-1	OK
60.750000000000000	1.13796172529001190E-007	8.66074613347270727E-008	3.50865252219581605E-008	5.15209361127689122E-008	2.71887111942741136E-008	6.88289981313734517E-009	-1	2.03058113811367676E-008	-1	OK
61.000000000000000	1.04133459034701664E-007	7.93062818701241068E-008	3.20571820627912263E-008	4.72490998073328739E-008	2.48271771645775501E-008	6.27934795423899996E-009	-1	1.85478292103385502E-008	-1	OK
61.250000000000000	9.52796672981279894E-008	7.25972936838022229E-008	2.92799841071188865E-008	4.33173095766833563E-008	2.26823736143257665E-008	5.72275733738470134E-009	-1	1.69596162769410660E-008	-1	OK
61.500000000000000	8.71455259474262856E-008	6.64364293454147101E-008	2.67349739252336582E-008	3.97014554201810518E-008	2.07090966020115822E-008	5.21469540744530336E-009	-1	1.54944011945662788E-008	-1	OK
61.750000000000000	7.96917347375536322E-008	6.07790685883356647E-008	2.44030909421359826E-008	3.63759776461996920E-008	1.89126661492179742E-008	4.75100208306998654E-009	-1	1.41616640661479876E-008	-1	OK
62.000000000000000	7.28388354317050240E-008	5.55844211573775587E-008	2.22669134777274910E-008	3.33175076796500776E-008	1.72544142743274686E-008	4.33040143218454162E-009	-1	1.29240128421429278E-008	-1	OK
62.250000000000000	6.65343036391734635E-008	5.08159437576932671E-008	2.03106592457866766E-008	3.05052845119065839E-008	1.57183598814802031E-008	3.93967377810427304E-009	-1	1.17786861033759292E-008	-1	OK
62.500000000000000	6.07653103947855939E-008	4.64424134165576571E-008	1.85200932753806910E-008	2.79223201411769661E-008	1.43228969782279351E-008	3.59020474149902983E-009	-1	1.07326922367289057E-008	-1	OK
62.750000000000000	5.54871349410202944E-008	4.24301149936568717E-008	1.68812331253871298E-008	2.55488818682697485E-008	1.30570199473634243E-008	3.26212023205519960E-009	-1	9.79489971530822510E-009	-1	OK
63.000000000000000	5.06613001646041467E-008	3.87494073681290148E-008	1.53816030136784778E-008	2.33678043544505403E-008	1.19118927964751336E-008	2.96909777130361701E-009	-1	8.94279502517151656E-009	-1	OK
63.250000000000000	4.62159187504319519E-008	3.53761333409902898E-008	1.40102198809013079E-008	2.13659134600889769E-008	1.08397854094416588E-008	2.69405923476535668E-009	-1	8.14572617467630166E-009	-1	OK
63.500000000000000	4.21536317735109106E-008	3.22854534536477018E-008	1.27564569864899373E-008	1.95289964671577727E-008	9.86817831986321048E-009	2.44757294905871289E-009	-1	7.42060537080449718E-009	-1	OK
63.750000000000000	3.84388644667036998E-008	2.94538049168910638E-008	1.16104536749564619E-008	1.78433512419346052E-008	8.98505954981263599E-009	2.22457171743233678E-009	-1	6.76048783238029921E-009	-1	OK
64.000000000000000	3.50218498620807149E-008	2.68602390063461962E-008	1.05633087057162970E-008	1.62969303006298943E-008	8.16161085573452035E-009	2.00699835106317864E-009	-1	6.15461250467134212E-009	-1	OK
64.250000000000000	3.19066160813830769E-008	2.44867394932346362E-008	9.60702629920899005E-009	1.48797131940256428E-008	7.41987658814844071E-009	1.82331441752651017E-009	-1	5.59656217062193095E-009	-1	OK
64.500000000000000	2.90574336057007130E-008	2.23148824874852327E-008	8.73387728356833796E-009	1.35810052039168947E-008	6.74255111821548033E-009	1.65309845548325779E-009	-1	5.08945266273222254E-009	-1	OK
64.750000000000000	2.64476702131032031E-008	2.03271885145468309E-008	7.93671305804415498E-009	1.23904754565026759E-008	6.12048169855637303E-009	1.50325535155078746E-009	-1	4.61722634700558578E-009	-1	OK
65.000000000000000	2.40644587173693786E-008	1.85083367817536936E-008	7.20915927132522296E-009	1.12991775104284689E-008	5.55612193561568508E-009	1.36258761337319668E-009	-1	4.19353432224248861E-009	-1	OK
65.250000000000000	2.18867293243891267E-008	1.68450598931670122E-008	6.54545936802946196E-009	1.02996005251375552E-008	5.04166943122211445E-009	1.23615852494582685E-009	-1	3.80551090627628739E-009	-1	OK
65.500000000000000	1.98990511509882796E-008	1.53244704732877654E-008	5.94022058992716171E-009	9.38424988336060199E-009	4.57458067770051427E-009	1.11656492727841920E-009	-1	3.45801575042209487E-009	-1	OK
65.750000000000000	1.80820901200618728E-008	1.39347600638211284E-008	5.38849878512261755E-009	8.54626127869851416E-009	4.14733005624074520E-009	1.01136525560554610E-009	-1	3.13596480063519889E-009	-1	OK
66.000000000000000	1.64259751079642286E-008	1.26653926574642494E-008	4.88582122319639178E-009	7.77957143426785761E-009	3.76058245049998085E-009	9.13870712760370906E-010	-1	2.84671173773960974E-009	-1	OK
66.250000000000000	1.49150343462312047E-008	1.15065714068456995E-008	4.42803300859547092E-009	7.07853839825022613E-009	3.40846293938550520E-009	8.24990793766378596E-010	-1	2.58347214561912640E-009	-1	OK
66.500000000000000	1.35357611070140560E-008	1.04490995100930759E-008	4.01131306308505928E-009	6.43778644700801582E-009	3.08666159692097926E-009	7.45067805971877596E-010	-1	2.34159379094910177E-009	-1	OK
66.750000000000000	1.22717078319494758E-008	9.48481519020294153E-009	3.63218021940325858E-009	5.85263497079968295E-009	2.78689264174653464E-009	6.72792946331175864E-010	-1	2.11409969541535877E-009	-1	OK
67.000000000000000	1.11281575905183540E-008	8.60589623661452556E-009	3.28737823781317713E-009	5.31851799880135050E-009	2.52226135390382881E-009	6.07783713435698632E-010	-1	1.91447764046813007E-009	-1	OK
67.250000000000000	1.00822340033612011E-008	7.80483548265022902E-009	2.97387582671972502E-009	4.83095965593050359E-009	2.27739852071097212E-009	5.48278320908470707E-010	-1	1.72912019980250151E-009	-1	OK
67.500000000000000	9.13322580548065618E-009	7.07514355573988560E-009	2.68896529304248318E-009	4.38617826269740036E-009	2.05808224974077058E-009	4.94808044551388880E-010	-1	1.56327420518938169E-009	-1	OK
67.750000000000000	8.27096706289273680E-009	6.41037700360275064E-009	2.43007674751993690E-009	3.98030025608281540E-009	1.86059005928998595E-009	4.40941639120686221E-010	-1	1.41964842016929962E-009	-1	OK
68.000000000000000	7.48600594045369822E-009	5.80509241632597545E-009	2.19495649883947900E-009	3.61013591748649645E-009	1.68091352412772235E-009	4.00285812309364057E-010	-1	1.28062771181835835E-009	-1	OK
68.250000000000000	6.76914826848351891E-009	5.25413894858964536E-009	1.98151217485150328E-009	3.27262677373814208E-009	1.51500931989387334E-009	3.60185886501602054E-010	-1	1.15482343339227134E-009	-1	OK
68.500000000000000	6.11905132976641020E-009	4.75284573351750158E-009	1.78782779500788388E-009	2.96501793850961874E-009	1.36620559624890821E-009	3.24114967417931309E-010	-1	1.04209062883097685E-009	-1	OK
68.750000000000000	5.52674290107817738E-009	4.29690245631264360E-009	1.61215785356278361E-009	2.68474460274986040E-009	1.22984044476553378E-009	2.91688495931614407E-010	-1	9.38151948833919265E-010	-1	OK
69.000000000000000	4.98977202758404611E-009	3.88253672861370633E-009	1.45293041566060934E-009	2.42960631295309615E-009	1.10723529897033958E-009	2.62114546927952731E-010	-1	8.45120752042386796E-010	-1	OK
69.250000000000000	4.50305865373377287E-009	3.50616493631413520E-009	1.30868537494187395E-009	2.19747956137226146E-009	9.96893717419637463E-010	2.33301750013828961E-010	-1	7.63591967405808503E-010	-1	OK
69.500000000000000	4.06034667512515048E-009	3.16438158217924805E-009	1.17806594434016203E-009	1.98631563783908561E-009	8.95965092945902220E-010	2.10576027708575293E-010	-1	6.85389065237326927E-010	-1	OK
69.750000000000000	3.65828155662115603E-009	2.85442747377745317E-009	1.05989183812469105E-009	1.79453563565276150E-009	8.03854082843702756E-010	1.89172933786920037E-010	-1	6.14681149056782745E-010	-1	OK
70.000000000000000	3.29576315445709148E-009	2.57334750752791272E-009	9.53005069711091414E-010	1.62034243781682192E-009	7.22415646929178967E-010	1.69438577427264698E-010	-1	5.52977069501914294E-010	-1	OK
70.250000000000000	2.96676990662135462E-009	2.31857965176488947E-009	8.56381468341412427E-010	1.46219818342347694E-009	6.48190254856464943E-010	1.51598494309311984E-010	-1	4.96591760547152907E-010	-1	OK
70.500000000000000	2.66843109342921925E-009	2.08784820123369462E-009	7.69091526259533700E-010	1.31875667497416061E-009	5.80582892195524832E-010	1.35853501422602852E-010	-1	4.44729390772921954E-010	-1	OK
70.750000000000000	2.40036819458770504E-009	1.87897027107047546E-009	6.90266675735347549E-010	1.18870359533512770E-009	5.21397923517229782E-010	1.20391994418205597E-010	-1	4.01005929099024184E-010	-1	OK
71.000000000000000	2.15569562793340720E-009	1.68988206065212586E-009	6.19110698248536003E-010	1.07077136240358965E-009	4.65813567281281128E-010	1.07212762918707219E-010	-1	3.58600804362573897E-010	-1	OK
71.250000000000000	1.93610840727154102E-009	1.51879407851754207E-009	5.54915671877865145E-010	9.63878406639676715E-010	4.17314328753998802E-010	9.56089052071098577E-011	-1	3.21705423546888931E-010	-1	OK
71.500000000000000	1.73704625319224586E-009	1.36417596873600162E-009	4.97050032291930311E-010	8.67125936444071409E-010	3.72870284456244143E-010	8.53426027379858974E-011	-1	2.87527681718258232E-010	-1	OK
71.750000000000000	1.55808603672520445E-009	1.22446476738524391E-009	4.44907551273035990E-010	7.79557216112207764E-010	3.33621269339960643E-010	7.69226438832427769E-011	-1	2.56698625456717879E-010	-1	OK
72.000000000000000	1.39591126572697506E-009	1.09824450133798833E-009	3.97946200877005717E-010	7.00298300460982613E-010	2.97666764388986683E-010	6.85258148324926843E-011	-1	2.29140949556493998E-010	-1	OK
72.250000000000000	1.25019799229988514E-009	9.84377824693139770E-010	3.55694291221075099E-010	6.28683533472064516E-010	2.65820167606745321E-010	6.09802041929209372E-011	-1	2.04839963413824397E-010	-1	OK
72.500000000000000	1.11869847004948968E-009	8.81695361030597741E-010	3.17696965873112684E-010	5.63998395157484954E-010	2.37003109018891888E-010	5.37608232338645939E-011	-1	1.83242285785027307E-010	-1	OK
72.750000000000000	1.00011873318630632E-009	7.89117758166244817E-010	2.83543121084789860E-010	5.05574637081454853E-010	2.11000975020061607E-010	4.77185947172762011E-011	-1	1.63282380302785413E-010	-1	OK
73.000000000000000	8.93782170565866955E-010	7.05753905765042693E-010	2.52874198774913585E-010	4.52879706990129056E-010	1.88028264800824288E-010	4.22989885812144081E-011	-1	1.45729276219609880E-010	-1	OK
73.250000000000000	7.98006224993021857E-010	6.30743207740852665E-010	2.25351866126124216E-010	4.05391341614728527E-010	1.67263017252169218E-010	3.80172701536240052E-011	-1	1.29245747098545206E-010	-1	OK
73.500000000000000	7.12031594485371280E-010	5.63258420663067431E-010	2.00664045946301921E-010	3.62594374716765536E-010	1.48773173822303824E-010	3.36165876342210602E-011	-1	1.15156586188082764E-010	-1	OK
73.750000000000000	6.34328913425936140E-010	5.02577231325913034E-010	1.78535252237328183E-010	3.24041979088584877E-010	1.31751682100023105E-010	2.97163412369199817E-011	-1	1.02035340863103117E-010	-1	OK
74.000000000000000	5.65027198832248552E-010	4.48107738911043327E-010	1.58723189722070069E-010	2.89384549188973284E-010	1.16919459921205224E-010	2.62791469121404303E-011	-1	9.06403130090647909E-011	-1	OK
74.250000000000000	5.02868715999181453E-010	3.99228453242171580E-010	1.40992466161805457E-010	2.58235987080366149E-010	1.03640262757009911E-010	2.32499454148416571E-011	-1	8.03903173421682511E-011	-1	OK
74.500000000000000	4.47302643669685375E-010	3.55336872421446546E-010	1.25128020801151312E-010	2.30208851620295285E-010	9.19657712482388421E-011	2.05010710587711807E-011	-1	7.14647001894676615E-011	-1	OK
74.750000000000000	3.97293025461807866E-010	3.16023810880595155E-010	1.10957183627283157E-010	2.05066627253311985E-010	8.12692145812127119E-011	1.81037805493574719E-011	-1	6.31654340318552433E-011	-1	OK
75.000000000000000	3.52717747497240984E-010	2.80838228387095628E-010	9.83066035683992433E-011	1.82531624818696398E-010	7.18795191101453558E-011	1.59585242274018217E-011	-1	5.59209948827435342E-011	-1	OK
75.250000000000000	3.12608819020432179E-010	2.49317915918539703E-010	8.70137913648659847E-011	1.62304124553673705E-010	6.32909031018924760E-011	1.40447132171195506E-011	-1	4.92461898847729222E-011	-1	OK
75.500000000000000	2.76966212105837435E-010	2.21135707815433596E-010	7.69482799117812706E-011	1.44187427903652313E-010	5.58305042904038645E-011	1.23459190961306699E-011	-1	4.34845851942731946E-011	-1	OK
75.750000000000000	2.45160634739537208E-010	1.95974553234518377E-010	6.79854923419513710E-011	1.27989060892566980E-010	4.91860815050188118E-011	1.07528740605901154E-011	-1	3.84332074444286980E-011	-1	OK
76.000000000000000	2.16882773285618845E-010	1.73507355614029851E-010	6.00074750936184319E-011	1.13499880520411432E-010	4.33754176715890061E-011	9.43505452163212531E-012	-1	3.39403631499568824E-011	-1	OK
76.250000000000000	1.91422759463143433E-010	1.53456779061511982E-010	5.29118936666918722E-011	1.00544885394820110E-010	3.79659804016314510E-011	8.22949540760367663E-012	-1	2.97364849940277743E-011	-1	OK
76.500000000000000	1.68967768767992134E-010	1.35595370964129208E-010	4.66097350627502476E-011	8.89856359013789607E-011	3.33723978038629252E-011	7.20315412277899584E-012	-1	2.61692436810839285E-011	-1	OK
76.750000000000000	1.49001854246048544E-010	1.19695262783189082E-010	4.10162780430775576E-011	7.86789847401115570E-011	2.93065914628594680E-011	6.32985869913454119E-012	-1	2.29767327637249268E-011	-1	OK
77.000000000000000	1.31195169382908128E-010	1.05547573337226855E-010	3.60555858018889451E-011	6.94919875353379030E-011	2.56475960456812836E-011	5.58388577863526405E-012	-1	2.00637102670460187E-011	-1	OK
77.250000000000000	1.15431331061349668E-010	9.29713733617997018E-011	3.16605296223906668E-011	6.13108437394090285E-011	2.24599576995499627E-011	4.87000259112013690E-012	-1	1.75899551084298274E-011	-1	OK
77.500000000000000	1.01427014854206555E-010	8.18077462025238550E-011	2.77711306789022849E-011	5.40366155236215862E-011	1.96192686516826973E-011	4.23537035200237339E-012	-1	1.53838982996803247E-011	-1	OK
77.750000000000000	8.90064983816393364E-011	7.19071762802483120E-011	2.43325062015369863E-011	4.75746700787113451E-011	1.70993221013910180E-011	3.69296671878345163E-012	-1	1.34063553826075664E-011	-1	OK
78.000000000000000	7.80358742504240246E-011	6.31310983270253058E-011	2.12947434409475759E-011	4.18363548860777235E-011	1.49047759233987123E-011	3.17791312237154952E-012	-1	1.17268628010271624E-011	-1	OK
78.250000000000000	6.83362585976319744E-011	5.53622469342260112E-011	1.86144032076003711E-011	3.67478437266256401E-011	1.29740116634059616E-011	2.78123431778154611E-012	-1	1.01927773456244163E-011	-1	OK
78.500000000000000	5.97724412636506866E-011	4.84918937932653473E-011	1.62518949156740359E-011	3.22399988775913082E-011	1.12805474703853344E-011	2.40920694943900296E-012	-1	8.87134052094633188E-012	-1	OK
78.750000000000000	5.22195544482631741E-011	4.24238013026841633E-011	1.41720115419979202E-011	2.82517897606862431E-011	9.79575314557901400E-012	2.06078741108394259E-012	-1	7.73496573449507222E-012	-1	OK
79.000000000000000	4.55702619607294777E-011	3.70689449507663128E-011	1.23427491372646659E-011	2.47261958135016485E-011	8.50131700996316334E-012	1.78849372979662319E-012	-1	6.71282328016654016E-012	-1	OK
79.250000000000000	3.97034994426764513E-011	3.23493279494972082E-011	1.07358680495799482E-011	2.16134598999172535E-011	7.35417149317924155E-012	1.55634897673954906E-012	-1	5.79782251643969229E-012	-1	OK
79.500000000000000	3.45509796830411492E-011	2.81944996570904400E-011	9.32595683082356615E-012	1.88685428262668755E-011	6.35648002595070841E-012	1.32817632180112394E-012	-1	5.02830370414958467E-012	-1	OK
79.750000000000000	3.00211220071797257E-011	2.45408150796980591E-011	8.09031105414215527E-012	1.64505040255558990E-011	5.48030692748166658E-012	1.14380111719500230E-012	-1	4.33650581028666428E-012	-1	OK
80.000000000000000	2.60544611295028084E-011	2.13306427693413084E-011	7.00856118012662234E-012	1.43220815892146877E-011	4.72381836016150005E-012	9.81022074153726157E-013	-1	3.74279628600777389E-012	-1	OK
80.250000000000000	2.25787842042032315E-011	1.85157861963339727E-011	6.06312064182207210E-012	1.24526655545119022E-011	4.06299800786925877E-012	8.41778772564095140E-013	-1	3.22121923530516373E-012	-1	OK
80.500000000000000	1.95384262490110206E-011	1.60497823205287835E-011	5.23763135320551202E-012	1.08121509673232739E-011	3.48864392848223874E-012	7.22642190866592265E-013	-1	2.76600173761564647E-012	-1	OK
80.750000000000000	1.68848595009880363E-011	1.38906740615280734E-011	4.51764367926214608E-012	9.37303038226592654E-012	2.99418543945996445E-012	6.17902000425418692E-013	-1	2.37628343903454566E-012	-1	OK
81.000000000000000	1.45670554979679349E-011	1.20046553632088720E-011	3.89083248277103279E-012	8.11382288043783920E-012	2.56240013475906408E-012	5.28639667091911886E-013	-1	2.03376046766715240E-012	-1	OK
81.250000000000000	1.25467389718529414E-011	1.03587987249088525E-011	3.34576889897106442E-012	7.01302982593778891E-012	2.18794024694408887E-012	4.48179716742804798E-013	-1	1.73976053020128397E-012	-1	OK
81.500000000000000	1.07898144652762473E-011	8.92382321754795337E-012	2.87238914127022173E-012	6.05143407627773002E-012	1.86599124772829397E-012	3.83489718787367373E-013	-1	1.48250152894092660E-012	-1	OK
81.750000000000000	9.26591667978523324E-012	7.67645635525848500E-012	2.46217012683719547E-012	5.21428622842128831E-012	1.58946032452674784E-012	3.23297080095085498E-013	-1	1.26616324443166224E-012	-1	OK
82.000000000000000	7.94070537373730208E-012	6.59237559171304422E-012	2.10697251388094460E-012	4.48540307783209881E-012	1.34832978202425726E-012	2.75854157228141435E-013	-1	1.07247562479611592E-012	-1	OK
82.250000000000000	6.79621468034206412E-012	5.65199073041877300E-012	1.79995568203586628E-012	3.85203504838290732E-012	1.14422394992329132E-012	2.34412240205170184E-013	-1	9.09811709718121238E-013	-1	OK
82.500000000000000	5.80595460115297885E-012	4.83763798742726144E-012	1.53498105199403740E-012	3.30265693543322404E-012	9.68316613725717606E-013	1.96688696409732613E-013	-1	7.71627917315984993E-013	-1	OK
82.750000000000000	4.95332152910917662E-012	4.13221421881071460E-012	1.30648038023751490E-012	2.82573383857320031E-012	8.21107310298462319E-013	1.65506691101483222E-013	-1	6.55600619196979148E-013	-1	OK
83.000000000000000	4.21100323583497628E-012	3.52329044965879798E-012	1.10997014309549460E-012	2.41332030656330317E-012	6.87712786176178409E-013	1.39071276502405951E-013	-1	5.48641509673772483E-013	-1	OK
83.250000000000000	3.57883851733978537E-012	2.99880308891685807E-012	9.41270197500754560E-013	2.05753289141610291E-012	5.80035428422927098E-013	1.16392843695038203E-013	-1	4.63642584727888870E-013	-1	OK
83.500000000000000	3.03416903415175023E-012	2.54714878031272562E-012	7.96598434926998427E-013	1.75055034538572729E-012	4.87020253839024611E-013	9.72461913407866615E-014	-1	3.89774062498237936E-013	-1	OK
83.750000000000000	2.56626893893816570E-012	2.15920530312134076E-012	6.72813155853328771E-013	1.48639214726801219E-012	4.07063635816824792E-013	8.11040341343380982E-014	-1	3.25959601682486707E-013	-1	OK
84.000000000000000	2.16662244366861794E-012	1.82667149193757113E-012	5.67103829290951832E-013	1.25956766264661950E-012	3.39950951731046708E-013	6.85424886598432824E-014	-1	2.71408463071203425E-013	-1	OK
84.250000000000000	1.82526444139684703E-012	1.54219762266945788E-012	4.77011639623364595E-013	1.06518598304609278E-012	2.83066818727389107E-013	5.68297927375464962E-014	-1	2.26237025989842623E-013	-1	OK
84.500000000000000	1.53449493201747182E-012	1.29952786607692304E-012	4.00405528635149457E-013	8.99122337441773680E-013	2.34967065940548684E-013	4.69637766770979869E-014	-1	1.88003289263450703E-013	-1	OK
84.750000000000000	1.28710375320433632E-012	1.09260950034222744E-012	3.35334006035631415E-013	7.57275494306596328E-013	1.94494252862108878E-013	3.88062112317247431E-014	-1	1.55688041630384135E-013	-1	OK
85.000000000000000	1.07708554370415818E-012	9.16307971874250469E-013	2.80147975026146375E-013	6.36159996848104196E-013	1.60777571829907685E-013	3.19117039845234538E-014	-1	1.28865867845384219E-013	-1	OK
85.250000000000000	8.98896055957672314E-013	7.66505661574411605E-013	2.33464937638057342E-013	5.33040723936354212E-013	1.32390394383260734E-013	2.57333521872464324E-014	-1	1.06657042196014302E-013	-1	OK
85.500000000000000	7.48380440064716947E-013	6.39629098997466748E-013	1.94089140992398567E-013	4.45539958005068256E-013	1.08751341067250161E-013	2.14152091970128296E-014	-1	8.73361318702373279E-014	-1	OK
85.750000000000000	6.21528571217830814E-013	5.32516888421615777E-013	1.60967147548133358E-013	3.71549740873482470E-013	8.90116827962149988E-014	1.73499096424869380E-014	-1	7.16617731537280607E-014	-1	OK
86.000000000000000	5.14877496176187572E-013	4.42300067546419880E-013	1.33165711640948575E-013	3.09134355905471456E-013	7.25774286297676922E-014	1.41924224613675818E-014	-1	5.83850061684001136E-014	-1	OK
86.250000000000000	4.25547144673485869E-013	3.66356342526100532E-013	1.09864050243126844E-013	2.56492292282973688E-013	5.91908021473853242E-014	1.14928774593422253E-014	-1	4.76979246880431021E-014	-1	OK
86.500000000000000	3.50491079826483076E-013	3.02615483341851410E-013	9.03873428359468191E-014	2.12228140505904553E-013	4.78755964846316653E-014	9.28184155376238757E-015	-1	3.85937549308692809E-014	-1	OK
86.750000000000000	2.87919590667511363E-013	2.49238110728079494E-013	7.41483462513219710E-014	1.75089764476757548E-013	3.86814799394318632E-014	7.47688739374241172E-015	-1	3.12045925456894530E-014	-1	OK
87.000000000000000	2.35829829778345392E-013	2.04688599453477552E-013	6.06500017313400131E-014	1.44038597722137590E-013	3.11412303248678206E-014	5.90486069496276196E-015	-1	2.52363696299050594E-014	-1	OK
87.250000000000000	1.92544357354343265E-013	1.67586307075907135E-013	4.94571811974444324E-014	1.18129125878462728E-013	2.49580502784361299E-014	4.68059514510360550E-015	-1	2.02774551333325260E-014	-1	OK
87.500000000000000	1.56724820723329791E-013	1.36794439206831030E-013	4.02062062443196648E-014	9.65882329625113650E-014	1.99303815164987584E-014	3.78366104682546934E-015	-1	1.61467204696732898E-014	-1	OK
87.750000000000000	1.27157770601010501E-013	1.11314005450981164E-013	3.25810251112028410E-014	7.87329803397783356E-014	1.58437651500293243E-014	3.00552556245890879E-015	-1	1.28382395875704159E-014	-1	OK
88.000000000000000	1.02815335275066380E-013	9.02669953342084528E-014	2.63115563708882599E-014	6.39554389633202086E-014	1.25483399408579240E-014	2.36420958133943246E-015	-1	1.01841303595184919E-014	-1	OK
88.250000000000000	8.28389743940498419E-014	7.29471000067654723E-014	2.11745876276727456E-014	5.17725123790927173E-014	9.89187438728436639E-015	1.85948434656591020E-015	-1	8.03239004071845699E-015	-1	OK
88.500000000000000	6.65002878203190367E-014	5.87352025772839076E-014	1.69787772528401090E-014	4.17564253244438081E-014	7.76508524303513227E-015	1.44972849353838339E-015	-1	6.31535674949674927E-015	-1	OK
88.750000000000000	5.32178790066832575E-014	4.71224166741281920E-014	1.35646305907228983E-014	3.35577860834052968E-014	6.09546233255506468E-015	1.12877786570617069E-015	-1	4.96668446684889399E-015	-1	OK
89.000000000000000	4.23993848327279187E-014	3.76605863875150731E-014	1.07956728833514945E-014	2.68649135041635833E-014	4.73879844521284246E-015	8.74787287933832040E-016	-1	3.86401115727901051E-015	-1	OK
89.250000000000000	3.36386682839459602E-014	2.99865469359284935E-014	8.55846758103319642E-015	2.14280793548953050E-014	3.65212134801746832E-015	6.72733641294687317E-016	-1	2.97938770672278081E-015	-1	OK
89.500000000000000	2.65889562443784418E-014	2.37801217482772154E-014	6.75724523995824714E-015	1.70228765083189698E-014	2.80883449610122567E-015	5.15263587531588416E-016	-1	2.29357090856963716E-015	-1	OK
89.750000000000000	2.09324819704955736E-014	1.87804174650079356E-014	5.31196614111372577E-015	1.34684513238942098E-014	2.15206450548763800E-015	3.93274844311759185E-016	-1	1.75878966117587882E-015	-1	OK
90.000000000000000	1.63900072284586955E-014	1.47530126308629718E-014	4.15523228308617755E-015	1.05977803477767872E-014	1.63699459759572370E-015	2.98749833984901334E-016	-1	1.33824476361082241E-015	-1	OK
90.250000000000000	1.27788738456057681E-014	1.15391839542828796E-014	3.23612130447128686E-015	8.30306264981159239E-015	1.23968989132288863E-015	2.24543942857047149E-016	-1	1.01514594846584153E-015	-1	OK
90.500000000000000	9.91733082652746863E-015	8.98727474066555222E-015	2.50894301062055699E-015	6.47833173004499680E-015	9.30056085861917003E-016	1.68484087543210701E-016	-1	7.61571998318706277E-016	-1	OK
90.750000000000000	7.66166435954279431E-015	6.96612703089800691E-015	1.93533365187221381E-015	5.03079337902579231E-015	6.95537328644787595E-016	1.25080243960443643E-016	-1	5.70457084684343952E-016	-1	OK
91.000000000000000	5.88375858753926539E-015	5.36773010812186747E-015	1.48446112348421014E-015	3.88326898463765634E-015	5.16028479417397924E-016	9.23482200688862425E-017	-1	4.23680259348511694E-016	-1	OK
91.250000000000000	4.49469444390669288E-015	4.11487091285606734E-015	1.13255937784350980E-015	2.98231153501255695E-015	3.79823531050625693E-016	6.76401610231572374E-017	-1	3.12183370027468443E-016	-1	OK
91.500000000000000	3.41303331912488461E-015	3.13563379592177543E-015	8.59021690300402074E-016	2.27661210562137405E-015	2.77399523203109228E-016	4.91683223638225345E-017	-1	2.28231200839286712E-016	-1	OK
91.750000000000000	2.57754484534968073E-015	2.37596398529551492E-015	6.47769521502618762E-016	1.72819446379289606E-015	2.01580860054165711E-016	3.50291283643457195E-017	-1	1.66551731689819979E-016	-1	OK
92.000000000000000	1.93500971215401735E-015	1.78938008508897906E-015	4.85440373766505423E-016	1.30393971132247334E-015	1.45629627065038273E-016	2.54622448225608953E-017	-1	1.20167382242477384E-016	-1	OK
92.250000000000000	1.44297961745980330E-015	1.33970856087906113E-015	3.61465253193623554E-016	9.78243307685437427E-016	1.03271056580742193E-016	1.80639440239282358E-017	-1	8.52071125568139575E-017	-1	OK
92.500000000000000	1.06855771933142517E-015	9.95155437130040423E-016	2.67125129837203271E-016	7.28030307292837201E-016	7.34022822013847559E-017	1.27106472733272853E-017	-1	6.06916349280574706E-017	-1	OK
92.750000000000000	7.85456350608134562E-016	7.34237326280056649E-016	1.96020947136701776E-016	5.38216379143354898E-016	5.12190243280779496E-017	8.51527783955166651E-018	-1	4.27037464885262815E-017	-1	OK
93.000000000000000	5.73027309499908488E-016	5.37501067208328208E-016	1.42722632465810176E-016	3.94778434742518032E-016	3.55262422915802677E-017	5.99441480371811001E-018	-1	2.95318274878621547E-017	-1	OK
93.250000000000000	4.14413135910426038E-016	3.90078279149806919E-016	1.03053076782909555E-016	2.87025202366897302E-016	2.43348567606191129E-017	4.09180067435451472E-018	-1	2.02430560862645990E-017	-1	OK
93.500000000000000	2.97783834748003984E-016	2.81279233548850426E-016	7.38537161590070427E-017	2.07425517389843334E-016	1.65046011991535580E-017	2.80905729061031135E-018	-1	1.36955439085432470E-017	-1	OK
93.750000000000000	2.12170694484311595E-016	2.01077847209703080E-016	5.24412427796280300E-017	1.48636604430075069E-016	1.10928472746085056E-017	1.83738369003216773E-018	-1	9.25546358457633825E-018	-1	OK
94.000000000000000	1.49551846736928409E-016	1.42216408513730688E-016	3.68494821528336104E-017	1.05366926360897103E-016	7.33543822319772707E-018	1.23122921398707296E-018	-1	6.10420900921065411E-018	-1	OK
94.250000000000000	1.04357410859967096E-016	9.95695080741679096E-017	2.56271970375209319E-017	7.39423110366469869E-017	4.78790278579918924E-018	7.81507628493282621E-019	-1	4.00639515730590633E-018	-1	OK
94.500000000000000	7.19284607174091000E-017	6.88490373653742185E-017	1.76169891304908490E-017	5.12320482348833725E-017	3.07942335203488616E-018	4.85538616127590452E-019	-1	2.59388473590729561E-018	-1	OK
94.750000000000000	4.90924709914916360E-017	4.71436780190560149E-017	1.19847719853161209E-017	3.51589060337398971E-017	1.94879297243562334E-018	3.12061031721316817E-019	-1	1.63673194071430662E-018	-1	OK
95.000000000000000	3.32003935623245662E-017	3.19880193842969745E-017	8.06516022123815970E-018	2.39228591630588225E-017	1.21237417802759397E-018	1.96777430164716204E-019	-1	1.01559674786287784E-018	-1	OK
95.250000000000000	2.22073055665366642E-017	2.14634761251268727E-017	5.35653261559607044E-018	1.61069435095308061E-017	7.43829441409792072E-019	1.19491303138556605E-019	-1	6.24338138271235515E-019	-1	OK
95.500000000000000	1.45886835416984645E-017	1.41416877334582588E-017	3.49591677682850835E-018	1.06457709566297489E-017	4.46995808240205647E-019	6.81853468017276773E-020	-1	3.78810461438477946E-019	-1	OK
95.750000000000000	9.39841013877108153E-018	9.13718095621033677E-018	2.24193870330853322E-018	6.89524225290180547E-018	2.61229182560745387E-019	4.15730163550687537E-020	-1	2.19656166205676633E-019	-1	OK
96.000000000000000	5.95667941227672836E-018	5.80702284777166178E-018	1.41546077326798742E-018	4.39156207450367378E-018	1.49656564505066389E-019	2.34279999342798908E-020	-1	1.26228564570786498E-019	-1	OK
96.250000000000000	3.73703621569203619E-018	3.65351505876794366E-018	8.82328406754297597E-019	2.77118665201364587E-018	8.35211569240925641E-020	1.30258658267659832E-020	-1	7.04952910973265794E-020	-1	OK
96.500000000000000	2.32124174339395403E-018	2.27563855222740225E-018	5.41332796636627467E-019	1.73430575559077450E-018	4.56031911665518446E-020	6.72784228459297444E-021	-1	3.88753488819588709E-020	-1	OK
96.750000000000000	1.41135331460531185E-018	1.38716933037161846E-018	3.23852710658728986E-019	1.06331661971288986E-018	2.41839842336933980E-020	3.51976989210668238E-021	-1	2.06642143415867149E-020	-1	OK
97.000000000000000	8.24088466939587532E-019	8.11904117265674883E-019	1.86814766920945456E-019	6.25089350344729355E-019	1.21843496739126763E-020	1.75122999505128710E-021	-1	1.04331196788613896E-020	-1	OK
97.250000000000000	4.61569973665391615E-019	4.55788528397739235E-019	1.04264759539645049E-019	3.51523768858094222E-019	5.78144526765235248E-021	8.16638623912725282E-022	-1	4.96480664373962757E-021	-1	OK
97.500000000000000	2.54449011304472663E-019	2.51834677299248441E-019	5.73347646503239899E-020	1.94499912648924487E-019	2.61433400522424239E-021	3.67653871113744874E-022	-1	2.24668013411049743E-021	-1	OK
97.750000000000000	1.41511128734973263E-019	1.40342419006125660E-019	3.13868288104334275E-020	1.08955590195692214E-019	1.16870972884761179E-021	1.61684602216741678E-022	-1	1.00702512663087004E-021	-1	OK
98.000000000000000	7.83145544847955080E-020	7.78035111443535472E-020	1.67534283844027707E-020	6.10500827599507826E-020	5.11043340441957322E-022	6.77757970639069013E-023	-1	4.43267543378050444E-022	-1	OK
98.250000000000000	4.00700500496712557E-020	3.98820687067927449E-020	8.23782971951896536E-021	3.16442389872737751E-020	1.87981342878512132E-022	2.34073252757303645E-023	-1	1.64574017602781759E-022	-1	OK
98.500000000000000	1.75762960672998301E-020	1.75309096636658294E-020	3.58933811143657755E-021	1.39415715522292526E-020	4.53864036339999093E-023	5.14708344151412590E-024	-1	4.02393201924857849E-023	-1	OK
98.750000000000000	7.19684506959258263E-021	7.19363823774401408E-021	1.52031173306283900E-021	5.67332650468117471E-021	3.20683184856796460E-024	3.17640707911440684E-025	-1	2.88919114065652391E-024	-1	OK
