#pt	totcs	totdirect	directLO	directNLO	totfrag	fragLO	err_fragLO	fragNLO	err_fragNLO	errmess
0.50000000000000000	110524756.61835575	-9751269.7938135192	10966768.995044913	-20718038.788858425	120276026.41216926	44817766.358031847	-1	75458260.054137409	-1	Error
0.75000000000000000	15649984.428040974	229347.55010236893	2647913.8121850728	-2418566.2620827043	15420636.877938606	5867688.2488036118	-1	9552948.6291349940	-1	Error
1.0000000000000000	3613786.3156229798	398962.43263593852	806800.13128464110	-407837.69864870305	3214823.8829870415	1262222.3449959417	-1	1952601.5379910998	-1	Error
1.2500000000000000	1143394.5472018742	216588.14588295389	297805.97599160753	-81217.830108653565	926806.40131892043	370113.93033840234	-1	556692.47098051803	-1	Error
1.5000000000000000	441265.75395482796	111591.80099920748	126693.57814935048	-15101.777150142943	329673.95295562048	133630.46673190291	-1	196043.48622371757	-1	Error
1.7500000000000000	196566.38833627172	59594.905621601814	60173.417759452954	-578.51213785114385	136971.48271466990	56068.642466855687	-1	80902.840247814209	-1	Error
2.0000000000000000	97164.369382601071	33366.481371520626	31094.422914039187	2272.0584574814461	63797.888011080446	26186.974921831679	-1	37610.913089248766	-1	Error
2.2500000000000000	51938.519131052657	19547.492966552178	17177.687188127551	2369.8057784246307	32391.026164500479	13341.049522662335	-1	19049.976641838144	-1	Error
2.5000000000000000	29536.721107009485	11925.273760803748	10017.789167149660	1907.4845936540860	17611.447346205736	7250.8108326951215	-1	10360.636513510613	-1	Error
2.7500000000000000	17669.823480057341	7538.8691497758855	6110.3278201409821	1428.5413296349022	10130.954330281456	4174.5698259242072	-1	5956.3845043572492	-1	Error
3.0000000000000000	11009.807542858252	4916.2123234571973	3870.0175010812454	1046.1948223759516	6093.5952194010542	2514.8022814975702	-1	3578.7929379034840	-1	Error
3.2500000000000000	7099.9940397129103	3294.3445781724013	2531.0417560806954	763.30282209170548	3805.6494615405086	1573.0062539755922	-1	2232.6432075649163	-1	Error
3.5000000000000000	4720.3438169106857	2261.1436074910744	1701.8295760895664	559.31403140150758	2459.2002094196114	1014.4397724996171	-1	1444.7604369199944	-1	Error
3.7500000000000000	3217.6730071047173	1585.3013184360111	1172.2372250807925	413.06409335521829	1632.3716886687062	669.09082108227972	-1	963.28086758642644	-1	Error
4.0000000000000000	2243.1208253945192	1132.6754224337230	824.74874051982874	307.92668191389436	1110.4454029607962	454.94611295875910	-1	655.49929000203701	-1	OK
4.2500000000000000	1596.1699868140995	823.04283506421802	591.24090648268952	231.80192858152847	773.12715174988136	316.11623868366053	-1	457.01091306622084	-1	OK
4.5000000000000000	1155.4488539497715	607.19601623324729	430.98798970696487	176.20802652628240	548.25283771652425	223.88275148651107	-1	324.37008623001316	-1	OK
4.7500000000000000	849.79227351597888	454.15234792920762	318.91813443332558	135.23421349588213	395.63992558677126	161.15332611228030	-1	234.48659947449096	-1	OK
5.0000000000000000	633.86558626336432	343.93714489973161	239.20179366089965	104.73535123883197	289.92844136363271	117.88061142098321	-1	172.04782994264951	-1	OK
5.2500000000000000	478.88444895176195	263.44495181697664	181.62440378790677	81.820548029069897	215.43949713478531	87.434788528888490	-1	128.00470860589684	-1	OK
5.5000000000000000	365.97663161026219	203.90033159346075	139.45411395656814	64.446217636892527	162.07630001680141	65.670508046237003	-1	96.405791970564408	-1	OK
5.7500000000000000	282.68258465517607	159.32303167415495	108.17104577182222	51.151985902332711	123.35955298102112	49.893688367142175	-1	73.465864613878949	-1	OK
6.0000000000000000	220.44366582023278	125.58611998321973	84.692749180524928	40.893370802694790	94.857545837013049	38.305525334575627	-1	56.552020502437422	-1	OK
6.2500000000000000	173.42706986393762	99.798794593314071	66.883131592349685	32.915663000964372	73.628275270623533	29.694971246683352	-1	43.933304023940181	-1	OK
6.5000000000000000	137.51799774180040	79.903235019293533	53.239410024043472	26.663824995250078	57.614762722506882	23.224499458294368	-1	34.390263264212514	-1	OK
6.7500000000000000	109.92911126753160	64.420399920047203	42.691406000667058	21.728993919380148	45.508711347484386	18.314895249850064	-1	27.193816097634322	-1	OK
7.0000000000000000	88.493046306048484	52.275461143559809	34.467674428096423	17.807786715463390	36.217585162488682	14.545527205339399	-1	21.672057957149285	-1	OK
7.2500000000000000	71.707923333325368	42.677871038169869	28.005493300399987	14.672377737769885	29.030052295155500	11.639104189463065	-1	17.390948105692434	-1	OK
7.5000000000000000	58.458306179879557	35.039733777667180	22.890024412293091	12.149709365374092	23.418572402212373	9.3520100752400364	-1	14.066562326972337	-1	OK
7.7500000000000000	47.931234041672234	28.921212993260038	18.812834221169219	10.108378772090823	19.010021048412195	7.5800142217147251	-1	11.430006826697470	-1	OK
8.0000000000000000	39.491533559281649	23.990151897940692	15.542352315919091	8.4477995820216076	15.501381661340954	6.1795877887831017	-1	9.3217938725578513	-1	OK
8.2500000000000000	32.726372407048608	19.993239879216887	12.903147956875191	7.0900919223417054	12.733132527831721	5.0648092290255500	-1	7.6683232988061709	-1	OK
8.5000000000000000	27.236849960363859	16.735682303097054	10.761226328300035	5.9744559747970163	10.501167657266805	4.1715998571400510	-1	6.3295678001267541	-1	OK
8.7500000000000000	22.763329928604101	14.066998849792071	9.0136022128599667	5.0533966369321055	8.6963310788120278	3.4522653864792332	-1	5.2440656923327946	-1	OK
9.0000000000000000	19.111728150784025	11.870256567193117	7.5805533718501348	4.2897031953429847	7.2414715835909087	2.8697862765367121	-1	4.3716853070541966	-1	OK
9.2500000000000000	16.109953866975363	10.053860276337012	6.3999055088982768	3.6539547674387354	6.0560935906383513	2.3955700540599798	-1	3.6605235365783715	-1	OK
9.5000000000000000	13.630165501955002	8.5454138242875288	5.4228247421164077	3.1225890821711211	5.0847516776674730	2.0077925163783794	-1	3.0769591612890936	-1	OK
9.7500000000000000	11.571168064193504	7.2874843354440539	4.6107568821435541	2.6767274533005030	4.2836837287494500	1.6891862599420699	-1	2.5944974688073801	-1	OK
10.000000000000000	9.8579370592463036	6.2344183291720938	3.9331259893083947	2.3012923398637004	3.6235187300742102	1.4262763156943028	-1	2.1972424143799074	-1	OK
10.250000000000000	8.4237362992141716	5.3496052804144103	3.3655201064988667	1.9840851739155416	3.0741310187997608	1.2083660933206364	-1	1.8657649254791244	-1	OK
10.500000000000000	7.2211080805434316	4.6035555188442663	2.8883459425530025	1.7152095762912638	2.6175525616991653	1.0271808809379890	-1	1.5903716807611763	-1	OK
10.750000000000000	6.2078975511696948	3.9724013724104763	2.4858063036303188	1.4865950687801568	2.2354961787592185	0.87592010192393344	-1	1.3595760768352849	-1	OK
11.000000000000000	5.3517736197136081	3.4366998876135835	2.1451006095298091	1.2915992780837755	1.9150737321000244	0.74913614880360135	-1	1.1659375832964232	-1	OK
11.250000000000000	4.6254729132286716	2.9806361614305152	1.8558257881146347	1.1248103733158801	1.6448367517981564	0.64249919893685148	-1	1.0023375528613050	-1	OK
11.500000000000000	4.0078696280266373	2.5912557058040875	1.6094857528821607	0.98176995292192692	1.4166139222225500	0.55250455128089992	-1	0.86410937094165008	-1	OK
11.750000000000000	3.4810345255440294	2.2578669103231128	1.3991027983040722	0.85876411201904101	1.2231676152209165	0.47633896488045380	-1	0.74682865034046275	-1	OK
12.000000000000000	3.0306767656766267	1.9716696712657866	1.2189377760043141	0.75273189526147244	1.0590070944108403	0.41167822458518194	-1	0.64732886982565829	-1	OK
12.250000000000000	2.6438856259158068	1.7253361058117789	1.0642410326741967	0.66109507313758209	0.91854952010402791	0.35663390068766321	-1	0.56191561941636470	-1	OK
12.500000000000000	2.3116562523891577	1.5127983545982768	0.93107946725966539	0.58171888733861110	0.79885789779088101	0.30963865337205282	-1	0.48921924441882819	-1	OK
12.750000000000000	2.0252667684757224	1.3289870044285916	0.81617849697964151	0.51280850744895012	0.69627976404713077	0.26903542368030969	-1	0.42724434036682107	-1	OK
13.000000000000000	1.7777398744852109	1.1696645073350229	0.71680618829494114	0.45285831904008139	0.60807536715018806	0.23440620700630069	-1	0.37366916014388740	-1	OK
13.250000000000000	1.5634219072560089	1.0312658119729521	0.63067238616799792	0.40059342580495416	0.53215609528305696	0.20477627306628343	-1	0.32737982221677353	-1	OK
13.500000000000000	1.3774016664061584	0.91079692923835032	0.55585494243853262	0.35494198679981742	0.46660473716780798	0.17922353398457647	-1	0.28738120318323152	-1	OK
13.750000000000000	1.2154923444063725	0.80571633592519432	0.49073147581038212	0.31498486011481208	0.40977600848117829	0.15715358104180371	-1	0.25262242743937458	-1	OK
14.000000000000000	1.0744747691892220	0.71388447108547859	0.43393517479822796	0.27994929628725068	0.36059029810374343	0.13805007078827145	-1	0.22254022731547199	-1	OK
14.250000000000000	0.95099478436178608	0.63347838896360320	0.38430617780012899	0.24917221116347416	0.31751639539818294	0.12147337637114528	-1	0.19604301902703766	-1	OK
14.500000000000000	0.84336759490997570	0.56295312105577322	0.34086136412827228	0.22209175692750083	0.28041447385420243	0.10706637157906206	-1	0.17334810227514036	-1	OK
14.750000000000000	0.74880697995042833	0.50098532138470531	0.30276244820540782	0.19822287317929732	0.24782165856572305	9.43947797920797749E-002	-1	0.15342687877364328	-1	OK
15.000000000000000	0.66590968381932658	0.44644708440522429	0.26929502843532677	0.17715205596989764	0.21946259941410229	8.34605686809879593E-002	-1	0.13600203073311434	-1	OK
15.250000000000000	0.59300205775164738	0.39836995799291486	0.23984755260456006	0.15852240538835477	0.19463209975873250	7.38957679077612284E-002	-1	0.12073633185097127	-1	OK
15.500000000000000	0.52866541912386711	0.35592084522363077	0.21389570032502717	0.14202514489860366	0.17274457390023634	6.55209641689612210E-002	-1	0.10722360973127512	-1	OK
15.750000000000000	0.47200660577001496	0.31838468962516248	0.19098954655577907	0.12739514306938332	0.15362191614485249	5.81753443787490082E-002	-1	9.54465717661034802E-002	-1	OK
16.000000000000000	0.42188609743791228	0.28514532930796932	0.17074179451155136	0.11440353479641796	0.13674076812994293	5.17226622707612493E-002	-1	8.50181058591816807E-002	-1	OK
16.250000000000000	0.37756423584042653	0.25566829615127851	0.15281808731545862	0.10285020883581981	0.12189593968914804	4.60449841810791280E-002	-1	7.58509555080689180E-002	-1	OK
16.500000000000000	0.33826021865899725	0.22949330533697843	0.13692985626056031	9.25634490764181139E-002	0.10876691332201883	4.10411816454922113E-002	-1	6.77257316765266237E-002	-1	OK
16.750000000000000	0.30340766767577643	0.20621804692719820	0.12282673482885383	8.33913120983443557E-002	9.71896207485782038E-002	3.66223487502563214E-002	-1	6.05672719983218824E-002	-1	OK
17.000000000000000	0.27245455470302649	0.18549630763149966	0.11029225372843242	7.52040539030672528E-002	8.69582470715268285E-002	3.27155815734510788E-002	-1	5.42426654980757497E-002	-1	OK
17.250000000000000	0.24485482453834845	0.16702435273863872	9.91376783411050955E-002	6.78866743975335973E-002	7.78304717997097273E-002	2.92147382297689821E-002	-1	4.86157335699407417E-002	-1	OK
17.500000000000000	0.22032531982196951	0.15053782436141566	8.91990172295545891E-002	6.13388071318610728E-002	6.97874954605538500E-002	2.61546165624157029E-002	-1	4.36328788981381471E-002	-1	OK
17.750000000000000	0.19844136970106774	0.13580702689293078	8.03334052437677804E-002	5.54736216491630157E-002	6.26343428081369558E-002	2.34396530179654984E-002	-1	3.91946897901714608E-002	-1	OK
18.000000000000000	0.17902844689794067	0.12262901816498514	7.24157179925482702E-002	5.02133001724368658E-002	5.63994287329555172E-002	2.10292139153438994E-002	-1	3.53702148176116143E-002	-1	OK
18.250000000000000	0.16156004624056997	0.11082842741061158	6.53370355455504398E-002	4.54913918650611607E-002	5.07316188299583928E-002	1.88850044521458350E-002	-1	3.18466143778125543E-002	-1	OK
18.500000000000000	0.14593063579403714	0.10024923383840076	5.90013996435729896E-002	4.12478341948277899E-002	4.56814019556363929E-002	1.69768931396361948E-002	-1	2.87045088160001981E-002	-1	OK
18.750000000000000	0.13190520756550517	9.07551377765626055E-002	5.33249358961868439E-002	3.74302018803757547E-002	4.11500697889425615E-002	1.51820347622926687E-002	-1	2.59680350266498911E-002	-1	OK
19.000000000000000	0.11933152804572458	8.22269822324424859E-002	4.82340009364831124E-002	3.39929812959593874E-002	3.71045458132820971E-002	1.36715766287652408E-002	-1	2.34329691845168581E-002	-1	OK
19.250000000000000	0.10804498504839131	7.45583287009672080E-002	4.36635511061682566E-002	3.08947775947989549E-002	3.34866563474241069E-002	1.23220438862570256E-002	-1	2.11646124611670830E-002	-1	OK
19.500000000000000	9.79096152692032068E-002	6.76563348603570064E-002	3.95565215251330038E-002	2.80998133352240061E-002	3.02532804088462004E-002	1.11631029236010145E-002	-1	1.90901774852451842E-002	-1	OK
19.750000000000000	8.87842763421048814E-002	6.14384155239550006E-002	3.58624450709787504E-002	2.55759704529762398E-002	2.73458608181498808E-002	1.00778423757290504E-002	-1	1.72680184424208322E-002	-1	OK
20.000000000000000	8.05683225640356632E-002	5.58318417624249289E-002	3.25368366155495900E-002	2.32950051468753458E-002	2.47364808016107343E-002	9.10566187401633774E-003	-1	1.56308189275943948E-002	-1	OK
20.250000000000000	7.31649030558409325E-002	5.07724325743882099E-002	2.95403655818598232E-002	2.12320669925283902E-002	2.23924704814527191E-002	8.23360729565827260E-003	-1	1.41588631857944465E-002	-1	OK
20.500000000000000	6.64988216754166667E-002	4.62025555673384047E-002	2.68380738417159995E-002	1.93644817256224018E-002	2.02962661080782619E-002	7.42466245953234388E-003	-1	1.28716036485459172E-002	-1	OK
20.750000000000000	6.04671894152630368E-002	4.20716324801130234E-002	2.43991015389696184E-002	1.76725309411434085E-002	1.83955569351500099E-002	6.70126358578829705E-003	-1	1.16942933493617129E-002	-1	OK
21.000000000000000	5.50209880889123426E-002	3.83344872030627892E-002	2.21960146263954113E-002	1.61384725766673814E-002	1.66865008858495534E-002	6.07153863846870284E-003	-1	1.06149622473808505E-002	-1	OK
21.250000000000000	5.00980367059207926E-002	3.49508729142071484E-002	2.02044360050703323E-002	1.47464369091368248E-002	1.51471637917136442E-002	5.50512471390522500E-003	-1	9.64203907780841925E-003	-1	OK
21.500000000000000	4.56400013294512991E-002	3.18850772226766735E-002	1.84026928361088957E-002	1.34823843865677778E-002	1.37549241067746273E-002	4.99488317581205966E-003	-1	8.76004093096256764E-003	-1	OK
21.750000000000000	4.16079426406391548E-002	2.91051883095136202E-002	1.67714795806577187E-002	1.23337087288558998E-002	1.25027543311255363E-002	4.53186580603457019E-003	-1	7.97088852509096613E-003	-1	OK
22.000000000000000	3.79541634104442610E-002	2.65827145019508423E-002	1.52935938538639841E-002	1.12891206480868547E-002	1.13714489084934169E-002	4.11658221993912998E-003	-1	7.25486668855428694E-003	-1	OK
22.250000000000000	3.46451207530417832E-002	2.42923963176602392E-002	1.39537123606391731E-002	1.03386839570210678E-002	1.03527244353815457E-002	3.73992468905498749E-003	-1	6.61279974632655865E-003	-1	OK
22.500000000000000	3.16378642251227554E-002	2.22113223314997291E-002	1.27380833373967692E-002	9.47323899410296676E-003	9.42654189362302809E-003	3.40126784336299264E-003	-1	6.02527405026003545E-003	-1	OK
22.750000000000000	2.89084348332004845E-002	2.03191113855421129E-002	1.16344494020717906E-002	8.68466198347032058E-003	8.58932344765837158E-003	3.09073920451526443E-003	-1	5.49858424314310715E-003	-1	OK
23.000000000000000	2.64311037144421765E-002	1.85975300701322899E-002	1.06318438603570427E-002	7.96568620977524712E-003	7.83357364430988488E-003	2.81414797613714976E-003	-1	5.01942566817273512E-003	-1	OK
23.250000000000000	2.41783474697375156E-002	1.70301537064240158E-002	9.72043199976488359E-003	7.30972170665913478E-003	7.14819376331349808E-003	2.56371852402375840E-003	-1	4.58447523928974011E-003	-1	OK
23.500000000000000	2.21225743016703336E-002	1.56022838800767560E-002	8.89141127139324652E-003	6.71087260868350952E-003	6.52029042159357579E-003	2.33768361082214819E-003	-1	4.18260681077142760E-003	-1	OK
23.750000000000000	2.02565942655095303E-002	1.43008408860848188E-002	8.13690815609474129E-003	6.16393272999007230E-003	5.95575337942471066E-003	2.12947481081072511E-003	-1	3.82627856861398555E-003	-1	OK
24.000000000000000	1.85547552148628385E-002	1.31138595879359068E-002	7.44980069978048737E-003	5.66405888815541859E-003	5.44089562692693252E-003	1.94307603444182240E-003	-1	3.49781959248511012E-003	-1	OK
24.250000000000000	1.70007445411176766E-002	1.20306925202093139E-002	6.82372698406816160E-003	5.20696553614115234E-003	4.97005202090836356E-003	1.77382931441179867E-003	-1	3.19622270649656468E-003	-1	OK
24.500000000000000	1.55869219605534650E-002	1.10417749429305087E-002	6.25295771484122524E-003	4.78881722808928434E-003	4.54514701762295630E-003	1.62008101913129702E-003	-1	2.92506599849165928E-003	-1	OK
24.750000000000000	1.42966318031395902E-002	1.01383153196010403E-002	5.73230130173925205E-003	4.40601401786178560E-003	4.15831648353855079E-003	1.47856544200116119E-003	-1	2.67975104153738959E-003	-1	OK
25.000000000000000	1.31182491119642107E-002	9.31252580025508474E-003	5.25711928315509940E-003	4.05540651709998621E-003	3.80572331170912683E-003	1.34986288068923168E-003	-1	2.45586043101989494E-003	-1	OK
25.250000000000000	1.20431674421857312E-002	8.55735487214618305E-003	4.82321799167571407E-003	3.73413688047046725E-003	3.48581257003954771E-003	1.23451219681664881E-003	-1	2.25130037322289912E-003	-1	OK
25.500000000000000	1.10558642303407173E-002	7.86637625651498591E-003	4.42680585295819086E-003	3.43957040355679722E-003	3.18948797382573096E-003	1.12954484693313052E-003	-1	2.05994312689260044E-003	-1	OK
25.750000000000000	1.01564321854949631E-002	7.23386819825463760E-003	4.06448054316456333E-003	3.16938765509007427E-003	2.92256398724032463E-003	1.03391928552130832E-003	-1	1.88864470171901631E-003	-1	OK
26.000000000000000	9.33284663412190137E-003	6.65463801596011088E-003	3.73315744172040024E-003	2.92148057423971107E-003	2.67820861816179005E-003	9.46729844548038378E-004	-1	1.73147877361375167E-003	-1	OK
26.250000000000000	8.57929186104865876E-003	6.12391564805568438E-003	3.43003588524667252E-003	2.69387976280901229E-003	2.45537621299297525E-003	8.66165091929115482E-004	-1	1.58921112106385977E-003	-1	OK
26.500000000000000	7.88957934146005194E-003	5.63743374183047017E-003	3.15259522553429502E-003	2.48483851629617601E-003	2.25214559962958177E-003	7.92628385420479685E-004	-1	1.45951721420910208E-003	-1	OK
26.750000000000000	7.25780076865339789E-003	5.19131489076714477E-003	2.89854818715569234E-003	2.29276670361145242E-003	2.06648587788625313E-003	7.26577708434421321E-004	-1	1.33990816945183180E-003	-1	OK
27.000000000000000	6.67898664146853067E-003	4.78201045657611346E-003	2.66581784306180831E-003	2.11619261351430428E-003	1.89697618489241722E-003	6.66254235346100594E-004	-1	1.23072194954631673E-003	-1	OK
27.250000000000000	6.14788110310963802E-003	4.40633974041720888E-003	2.45253103671638729E-003	1.95380870370082203E-003	1.74154136269242870E-003	6.10976918795313215E-004	-1	1.13056444389711538E-003	-1	OK
27.500000000000000	5.66166944419604218E-003	4.06139223394961797E-003	2.25698226245267053E-003	1.80440997149694743E-003	1.60027721024642378E-003	5.59846057560354289E-004	-1	1.04043115268606960E-003	-1	OK
27.750000000000000	5.21426082257730843E-003	3.74452763609211181E-003	2.07762692492953266E-003	1.66690071116257937E-003	1.46973318648519705E-003	5.13850560031870536E-004	-1	9.55882626453326517E-004	-1	OK
28.000000000000000	4.80497923528104380E-003	3.45337509666006175E-003	1.91306671494366454E-003	1.54030838171639720E-003	1.35160413862098249E-003	4.71782735372288037E-004	-1	8.79821403248694451E-004	-1	OK
28.250000000000000	4.42724348176370790E-003	3.18573778448178260E-003	1.76202191058949281E-003	1.42371587389228936E-003	1.24150569728192508E-003	4.32784375915581509E-004	-1	8.08721321366343568E-004	-1	OK
28.500000000000000	4.08197525764125713E-003	2.93961983862673802E-003	1.62333084697957467E-003	1.31628899164716292E-003	1.14235541901451933E-003	3.97007762371075017E-004	-1	7.45347656643444308E-004	-1	OK
28.750000000000000	3.76448659602949100E-003	2.71321570817525297E-003	1.49593958605649950E-003	1.21727612211875390E-003	1.05127088785423803E-003	3.64821190539784074E-004	-1	6.86449697314454009E-004	-1	OK
29.000000000000000	3.47210730250004269E-003	2.50487588230456464E-003	1.37888688240235904E-003	1.12598899990220560E-003	9.67231420195477950E-004	3.35340662122545592E-004	-1	6.31890758072932305E-004	-1	OK
29.250000000000000	3.20322144522865778E-003	2.31308398907968758E-003	1.27129571669029736E-003	1.04178827238938978E-003	8.90137456148970313E-004	3.07901459845645522E-004	-1	5.82235996303324737E-004	-1	OK
29.500000000000000	2.95583954995511100E-003	2.13647226494458400E-003	1.17237068385161905E-003	9.64101581092965390E-004	8.19367285010526780E-004	2.83165456058066518E-004	-1	5.36201828952460316E-004	-1	OK
29.750000000000000	2.72890982044019827E-003	1.97378766641339654E-003	1.08138502250930977E-003	8.92402643904086448E-004	7.55122154026801836E-004	2.60482417843499740E-004	-1	4.94639736183302096E-004	-1	OK
30.000000000000000	2.51980197919121109E-003	1.82388896626890285E-003	9.97676737523770646E-004	8.26212228745132424E-004	6.95913012922308124E-004	2.39281226396206918E-004	-1	4.56631786526101179E-004	-1	OK
30.250000000000000	2.32714164766854078E-003	1.68573312717258737E-003	9.20641528083456125E-004	7.65091599089131246E-004	6.41408520495953191E-004	2.20216501402375532E-004	-1	4.21192019093577659E-004	-1	OK
30.500000000000000	2.14964415963880655E-003	1.55836089204692456E-003	8.49726095738876220E-004	7.08634796308048450E-004	5.91283267591881769E-004	2.02533005730792868E-004	-1	3.88750261861088900E-004	-1	OK
30.750000000000000	1.98588360812396170E-003	1.44089489843938633E-003	7.84425465624518812E-004	6.56469432814867299E-004	5.44988709684575477E-004	1.86312878375356880E-004	-1	3.58675831309218597E-004	-1	OK
31.000000000000000	1.83479457021327075E-003	1.33253532019985462E-003	7.24279028572689010E-004	6.08256291627165394E-004	5.02259250013416128E-004	1.71415777831078421E-004	-1	3.30843472182337707E-004	-1	OK
31.250000000000000	1.69582679192467438E-003	1.23255463183088412E-003	6.68865787712380282E-004	5.63688844118503951E-004	4.63272160093790362E-004	1.57762221020738480E-004	-1	3.05509939073051883E-004	-1	OK
31.500000000000000	1.56764199933903886E-003	1.14026827265597229E-003	6.17797708018446722E-004	5.22470564637525568E-004	4.27373726683066466E-004	1.45515575589037619E-004	-1	2.81858151094028847E-004	-1	OK
31.750000000000000	1.44956516770658374E-003	1.05506822461969648E-003	5.70723863118851758E-004	4.84344361500844880E-004	3.94496943086887215E-004	1.33976321464470799E-004	-1	2.60520621622416389E-004	-1	OK
32.000000000000000	1.34018055442039312E-003	9.76395519444351700E-004	5.27322297246029647E-004	4.49073222198321728E-004	3.63785034976041527E-004	1.23372829587027394E-004	-1	2.40412205389014134E-004	-1	OK
32.250000000000000	1.23947916700853215E-003	9.03731613802764757E-004	4.87296581576741482E-004	4.16435032226023221E-004	3.35747553205767392E-004	1.13602435383121117E-004	-1	2.22145117822646261E-004	-1	OK
32.500000000000000	1.14606619394322330E-003	8.36600400430710135E-004	4.50375594245614505E-004	3.86224806185095576E-004	3.09465793512513055E-004	1.04657138221424972E-004	-1	2.04808655291088083E-004	-1	OK
32.750000000000000	1.06030444233713044E-003	7.74567769477719267E-004	4.16311158516568895E-004	3.58256610961150154E-004	2.85736672859411176E-004	9.64382712699319195E-005	-1	1.89298401589479243E-004	-1	OK
33.000000000000000	9.81222077939752435E-004	7.17235887056217637E-004	3.84875845436996415E-004	3.32360041619221168E-004	2.63986190883534798E-004	8.89525865215440179E-005	-1	1.75033604361990794E-004	-1	OK
33.250000000000000	9.08083954166883593E-004	6.64234361607350925E-004	3.55860119606219837E-004	3.08374242001131088E-004	2.43849592559532694E-004	8.20616189153731745E-005	-1	1.61787973644159533E-004	-1	OK
33.500000000000000	8.40337803404985688E-004	6.15228350681896715E-004	3.29072787728559488E-004	2.86155562953337226E-004	2.25109452723089000E-004	7.57151538134900507E-005	-1	1.49394298909598963E-004	-1	OK
33.750000000000000	7.77890034149651580E-004	5.69903647740946893E-004	3.04337087715077725E-004	2.65566560025869277E-004	2.07986386408704686E-004	6.97857079185257035E-005	-1	1.38200678490178969E-004	-1	OK
34.000000000000000	7.20197371216271809E-004	5.27976341873471360E-004	2.81491967072321507E-004	2.46484374801150016E-004	1.92221029342800476E-004	6.44068877036450273E-005	-1	1.27814141639155448E-004	-1	OK
34.250000000000000	6.66821796097150392E-004	4.89188165675369683E-004	2.60389907496689913E-004	2.28798258178679933E-004	1.77633630421780708E-004	5.94507832388770777E-005	-1	1.18182847182903624E-004	-1	OK
34.500000000000000	6.17549826346508153E-004	4.53297624797742698E-004	2.40894412232144566E-004	2.12403212565598104E-004	1.64252201548765455E-004	5.48048529344278109E-005	-1	1.09447348614337645E-004	-1	OK
34.750000000000000	5.71795534536448792E-004	4.20081604789123992E-004	2.22879920236069521E-004	1.97201684553054553E-004	1.51713929747324773E-004	5.06288645095778067E-005	-1	1.01085065237746966E-004	-1	OK
35.000000000000000	5.29671857582634576E-004	3.89335339703796924E-004	2.06231236249280526E-004	1.83104103454516452E-004	1.40336517878837652E-004	4.66896686371065178E-005	-1	9.36468492417311278E-005	-1	OK
35.250000000000000	4.90679489731882159E-004	3.60873013549510417E-004	1.90843060237968641E-004	1.70029953311541803E-004	1.29806476182371742E-004	4.31185581947157739E-005	-1	8.66879179876559752E-005	-1	OK
35.500000000000000	4.54540943517322237E-004	3.34520214939689083E-004	1.76617615948334797E-004	1.57902598991354259E-004	1.20020728577633140E-004	3.98252745402487355E-005	-1	8.01954540373844046E-005	-1	OK
35.750000000000000	4.21050321218327073E-004	3.10116190897496578E-004	1.63464938429733165E-004	1.46651252467763332E-004	1.10934130320830508E-004	3.66658805598916608E-005	-1	7.42682497609388470E-005	-1	OK
36.000000000000000	3.90157748011065331E-004	2.87512891549954110E-004	1.51302359884027902E-004	1.36210531665926208E-004	1.02644856461111194E-004	3.38699544254181169E-005	-1	6.87749020356930772E-005	-1	OK
36.250000000000000	3.61494309140719932E-004	2.66574331755731122E-004	1.40053862801443635E-004	1.26520468954287459E-004	9.49199773849888375E-005	3.13428656182781663E-005	-1	6.35771117667106780E-005	-1	OK
36.500000000000000	3.34962111364933018E-004	2.47176981373893113E-004	1.29649804566577280E-004	1.17527176807315833E-004	8.77851299910398919E-005	2.89349101582915491E-005	-1	5.88502198327483394E-005	-1	OK
36.750000000000000	3.10452331298930579E-004	2.29204976969943255E-004	1.20025569999417854E-004	1.09179406970525414E-004	8.12473543289873510E-005	2.66746560780766614E-005	-1	5.45726982509106895E-005	-1	OK
37.000000000000000	2.87754375640968943E-004	2.12551902764596617E-004	1.11121726718502739E-004	1.01430176046093891E-004	7.52024728763723259E-005	2.46249948756814201E-005	-1	5.05774780006909092E-005	-1	OK
37.250000000000000	2.66669671936173129E-004	1.97118697751378247E-004	1.02883310545119565E-004	9.42353872062586553E-005	6.95509741847948683E-005	2.27371470253268761E-005	-1	4.68138271594679956E-005	-1	OK
37.500000000000000	2.47172574377485499E-004	1.82814598688122191E-004	9.52598873817920883E-005	8.75547113063301165E-005	6.43579756893633217E-005	2.10149483539387265E-005	-1	4.33430273354245952E-005	-1	OK
37.750000000000000	2.29066586371612336E-004	1.69556211663693423E-004	8.82049207634518504E-005	8.13512909002415453E-005	5.95103747079189267E-005	1.94244952979867937E-005	-1	4.00858794099321296E-005	-1	OK
38.000000000000000	2.12322553085945781E-004	1.57265761703471421E-004	8.16753317649221953E-005	7.55904299385492260E-005	5.50567913824743526E-005	1.79555362506120273E-005	-1	3.71012551318623286E-005	-1	OK
38.250000000000000	1.96781135149935228E-004	1.45870161788725386E-004	7.56311828218299894E-005	7.02389789668954507E-005	5.09109733612098553E-005	1.65774503262722242E-005	-1	3.43335230349376311E-005	-1	OK
38.500000000000000	1.82401335615893587E-004	1.35303529016856148E-004	7.00360150449962326E-005	6.52675139718599152E-005	4.70978065990374395E-005	1.53258198499955841E-005	-1	3.17719867490418555E-005	-1	OK
38.750000000000000	1.69100153100157379E-004	1.25505426232148438E-004	6.48562388088118271E-005	6.06491874233366110E-005	4.35947268680089277E-005	1.41422974804224478E-005	-1	2.94524293875864799E-005	-1	OK
39.000000000000000	1.56760271598192650E-004	1.16419652383176138E-004	6.00607121171579570E-005	5.63589402660181606E-005	4.03406192150165252E-005	1.30381419841045370E-005	-1	2.73024772309119882E-005	-1	OK
39.250000000000000	1.45353473309678345E-004	1.07993575922832557E-004	5.56205728184729181E-005	5.23730031043596528E-005	3.73598973868457878E-005	1.20538502088703642E-005	-1	2.53060471779754253E-005	-1	OK
39.500000000000000	1.34745568311035979E-004	1.00178753626869150E-004	5.15091995957720299E-005	4.86695540310971069E-005	3.45668146841668217E-005	1.11443087978402683E-005	-1	2.34225058863265534E-005	-1	OK
39.750000000000000	1.24934426012909296E-004	9.29301563565585934E-005	4.77019956716902947E-005	4.52281606848683055E-005	3.20042696563507161E-005	1.03038130579200825E-005	-1	2.17004565984306336E-005	-1	OK
40.000000000000000	1.15837574561863563E-004	8.62067638311587992E-005	4.41763432196102290E-005	4.20304206115485498E-005	2.96308107307047711E-005	9.52700612275011415E-006	-1	2.01038046079546586E-005	-1	OK
40.250000000000000	1.07384328291411444E-004	7.99702845342092179E-005	4.09112339215431280E-005	3.90590506126660696E-005	2.74140437572022264E-005	8.80903838259057801E-006	-1	1.86050053746116467E-005	-1	OK
40.500000000000000	9.95360806943554983E-005	7.41845196746455536E-005	3.78871368020977582E-005	3.62973828725478089E-005	2.53515610197099379E-005	8.14134157345378712E-006	-1	1.72102194462561491E-005	-1	OK
40.750000000000000	9.22615811135472593E-005	6.88163043181568690E-005	3.50861030443350979E-005	3.37302012738217711E-005	2.34452767953903869E-005	7.52815536271762563E-006	-1	1.59171214326727621E-005	-1	OK
41.000000000000000	8.55423022398808976E-005	6.38357085572359705E-005	3.24916796729113271E-005	3.13440288843246231E-005	2.17065936826449271E-005	6.95293207165525361E-006	-1	1.47536616109896735E-005	-1	OK
41.250000000000000	7.93091736826906076E-005	5.92148362309647422E-005	3.00886083173402334E-005	2.91262279136245088E-005	2.00943374517258654E-005	6.42844023303496709E-006	-1	1.36658972186908991E-005	-1	OK
41.500000000000000	7.35272558226108191E-005	5.49275517124700119E-005	2.78627068791230139E-005	2.70648448333469912E-005	1.85997041101408106E-005	5.93746419428787414E-006	-1	1.26622399158529365E-005	-1	OK
41.750000000000000	6.81644503297371032E-005	5.09497806696399246E-005	2.58008848797370742E-005	2.51488957899028539E-005	1.72146696600971752E-005	5.49071193639163998E-006	-1	1.17239577237055352E-005	-1	OK
42.000000000000000	6.31943972463212377E-005	4.72590094814993354E-005	2.38909735760431312E-005	2.33680359054562042E-005	1.59353877648219057E-005	5.07756812639989706E-006	-1	1.08578196384220087E-005	-1	OK
42.250000000000000	5.85838200752368082E-005	4.38342971431125386E-005	2.21217383522979461E-005	2.17125587908145925E-005	1.47495229321242662E-005	4.68936339377514868E-006	-1	1.00601595383491167E-005	-1	OK
42.500000000000000	5.43115961905956871E-005	4.06567020539680659E-005	2.04828464368763099E-005	2.01738556170917526E-005	1.36548941366276245E-005	4.33035614871154562E-006	-1	9.32453798791607808E-006	-1	OK
42.750000000000000	5.03467436340004421E-005	3.77083051033236943E-005	1.89646498940088341E-005	1.87436552093148636E-005	1.26384385306767512E-005	4.00442118388869724E-006	-1	8.63401734678805391E-006	-1	OK
43.000000000000000	4.66665755228008270E-005	3.49721512750220803E-005	1.75581688957770945E-005	1.74139823792449858E-005	1.16944242477787483E-005	3.69332641247344013E-006	-1	8.00109783530530733E-006	-1	OK
43.250000000000000	4.32512102434249880E-005	3.24327942168879793E-005	1.62551781486023316E-005	1.61776160682856510E-005	1.08184160265370104E-005	3.41521688821953293E-006	-1	7.40319913831747786E-006	-1	OK
43.500000000000000	4.00961655046105017E-005	3.00764804448419047E-005	1.50481520593134056E-005	1.50283283855284974E-005	1.00196850597685969E-005	3.15797593564587378E-006	-1	6.86170912412272274E-006	-1	OK
43.750000000000000	3.71605018088914607E-005	2.78900506849423702E-005	1.39300365409190117E-005	1.39600141440233584E-005	9.27045112394909222E-006	2.91675553736827228E-006	-1	6.35369558658082036E-006	-1	OK
44.000000000000000	3.44342015080470541E-005	2.58612700107005101E-005	1.28942954419124478E-005	1.29669745687880606E-005	8.57293149734654735E-006	2.69327155256159581E-006	-1	5.87965994478495154E-006	-1	OK
44.250000000000000	3.19101601028935191E-005	2.39787806808554441E-005	1.19348702646771465E-005	1.20439104161782993E-005	7.93137942203807846E-006	2.48825851127795589E-006	-1	5.44312091076012257E-006	-1	OK
44.500000000000000	2.95757781018840693E-005	2.22320904185299664E-005	1.10461573059347617E-005	1.11859331125952081E-005	7.34368768335410381E-006	2.30118085180445449E-006	-1	5.04250683154964932E-006	-1	OK
44.750000000000000	2.74059689188822161E-005	2.06114368099777248E-005	1.02229633610647114E-005	1.03884734489130100E-005	6.79453210890449050E-006	2.12439723051226589E-006	-1	4.67013487839222461E-006	-1	OK
45.000000000000000	2.53964266829643026E-005	1.91077603639437664E-005	9.46047507533658442E-006	9.64728528860718873E-006	6.28866631902053709E-006	1.96396982511871959E-006	-1	4.32469649390181751E-006	-1	OK
45.250000000000000	2.35323672812396057E-005	1.77125483913247204E-005	8.75421082139418218E-006	8.95833756993053988E-006	5.81981888991488534E-006	1.81085501927325144E-006	-1	4.00896387064163390E-006	-1	OK
45.500000000000000	2.18024676336918259E-005	1.64179576500326841E-005	8.10003313750022609E-006	8.31792451253245634E-006	5.38450998365914174E-006	1.67298676175288190E-006	-1	3.71152322190625984E-006	-1	OK
45.750000000000000	2.01990500011315252E-005	1.52167514066723466E-005	7.49412691599030886E-006	7.72262449068203609E-006	4.98229859445918028E-006	1.54643178507259848E-006	-1	3.43586680938658180E-006	-1	OK
46.000000000000000	1.87103564964460605E-005	1.41022962549774894E-005	6.93296995793249065E-006	7.16932629704499874E-006	4.60806024146857107E-006	1.42790505178269034E-006	-1	3.18015518968588073E-006	-1	OK
46.250000000000000	1.73300409518258318E-005	1.30684102765477522E-005	6.41329330349657479E-006	6.65511697305117739E-006	4.26163067527807963E-006	1.31819254090454265E-006	-1	2.94343813437353698E-006	-1	OK
46.500000000000000	1.60516619083431240E-005	1.21093869293439292E-005	5.93206823026637628E-006	6.17731869907755379E-006	3.94227497899919650E-006	1.21813607977351657E-006	-1	2.72413889922567972E-006	-1	OK
46.750000000000000	1.48653685941916380E-005	1.12198324606638063E-005	5.48646334614889201E-006	5.73336911451491176E-006	3.64553613352783257E-006	1.12458636080341040E-006	-1	2.52094977272442196E-006	-1	OK
47.000000000000000	1.37668126539714427E-005	1.03946894759860080E-005	5.07385162577583897E-006	5.32083785021017071E-006	3.37212317798543557E-006	1.03715174258769821E-006	-1	2.33497143539773736E-006	-1	OK
47.250000000000000	1.27456784805493945E-005	9.62935150661972205E-006	4.69181846231583822E-006	4.93753304430388468E-006	3.11632697392967291E-006	9.56705901536698501E-007	-1	2.15962107239297441E-006	-1	OK
47.500000000000000	1.17980126793075122E-005	8.91960108078489780E-006	4.33812972357957420E-006	4.58147135720532360E-006	2.87841159852261486E-006	8.83804411706974064E-007	-1	1.99460718681564101E-006	-1	OK
47.750000000000000	1.09196968222106253E-005	8.26130978923385122E-006	4.01067231276850275E-006	4.25063747646534678E-006	2.65838703297677447E-006	8.16385834904285170E-007	-1	1.84200119807248930E-006	-1	OK
48.000000000000000	1.01092626863583164E-005	7.65074764746938586E-006	3.70751639287437711E-006	3.94323125459500918E-006	2.45851503888893098E-006	7.53443237396280015E-007	-1	1.70507180149265096E-006	-1	OK
48.250000000000000	9.35720323110066852E-006	7.08450760389825244E-006	3.42688694398384140E-006	3.65762065991441062E-006	2.27269562720241566E-006	6.95036691344870969E-007	-1	1.57765893585754458E-006	-1	OK
48.500000000000000	8.66010835519088843E-006	6.55948583884037963E-006	3.16714572435238813E-006	3.39234011448799065E-006	2.10062251635050922E-006	6.41288137724616423E-007	-1	1.45933437862589269E-006	-1	OK
48.750000000000000	8.01413106177899500E-006	6.07268879328170262E-006	2.92675190019899904E-006	3.14593689308270273E-006	1.94144226849729322E-006	5.90630682472693646E-007	-1	1.35081158602459968E-006	-1	OK
49.000000000000000	7.41608607210969194E-006	5.62141564538420735E-006	2.70429290314345845E-006	2.91712274224075017E-006	1.79467042672548438E-006	5.45022505375368130E-007	-1	1.24964792135011636E-006	-1	OK
49.250000000000000	6.86213923540077283E-006	5.20310246786026016E-006	2.49844441333779477E-006	2.70465805452246454E-006	1.65903676754051267E-006	5.03337443190464670E-007	-1	1.15569932435004811E-006	-1	OK
49.500000000000000	6.34918868061698784E-006	4.81536080510324961E-006	2.30797958399922562E-006	2.50738122110402357E-006	1.53382787551373823E-006	4.63371574175383563E-007	-1	1.07045630133835466E-006	-1	OK
49.750000000000000	5.87367880517404353E-006	4.45596883994457761E-006	2.13176147615249482E-006	2.32420736379208194E-006	1.41770996522946571E-006	4.28129463455112411E-007	-1	9.89580501774353406E-007	-1	OK
50.000000000000000	5.43288519693281640E-006	4.12291990427929317E-006	1.96874531450821568E-006	2.15417458977107622E-006	1.30996529265352366E-006	3.94613694990182327E-007	-1	9.15351597663341382E-007	-1	OK
50.250000000000000	5.02336266157654994E-006	3.81426454461462508E-006	1.81794350586935581E-006	1.99632103874526843E-006	1.20909811696192443E-006	3.63669891431088050E-007	-1	8.45428225530836382E-007	-1	OK
50.500000000000000	4.64452793819141386E-006	3.52818052141936889E-006	1.67844525219442914E-006	1.84973526922494017E-006	1.11634741677204540E-006	3.35381587328264246E-007	-1	7.80965829443781150E-007	-1	OK
50.750000000000000	4.29277121184696907E-006	3.26309104413576864E-006	1.54942836495404002E-006	1.71366267918172863E-006	1.02968016771120043E-006	3.08518907211410654E-007	-1	7.21161260499789724E-007	-1	OK
51.000000000000000	3.96826137734433557E-006	3.01750957936503693E-006	1.43012544629630574E-006	1.58738413306873119E-006	9.50751797979298433E-007	2.84568928423431918E-007	-1	6.66182869555866515E-007	-1	OK
51.250000000000000	3.66733509243247835E-006	2.79003466123315029E-006	1.31981828163712165E-006	1.47021637959602801E-006	8.77300431199327846E-007	2.62437376917409550E-007	-1	6.14863054281918243E-007	-1	OK
51.500000000000000	3.38916676085369593E-006	2.57934245997010089E-006	1.21783796259474744E-006	1.36150449737535303E-006	8.09824300883595246E-007	2.39669452584944859E-007	-1	5.70154848298650440E-007	-1	OK
51.750000000000000	3.13119776616978175E-006	2.38421557062370246E-006	1.12356638550313869E-006	1.26064918512056313E-006	7.46982195546079286E-007	2.20992972828719516E-007	-1	5.25989222717359823E-007	-1	OK
52.000000000000000	2.89299592903616834E-006	2.20353522813530975E-006	1.03643363372850368E-006	1.16710159440680565E-006	6.89460700900858588E-007	2.03615615149296487E-007	-1	4.85845085751562101E-007	-1	OK
52.250000000000000	2.67243214461917362E-006	2.03625052901883621E-006	9.55907155428804756E-007	1.08034337359003188E-006	6.36181615600337306E-007	1.88356683222134852E-007	-1	4.47824932378202427E-007	-1	OK
52.500000000000000	2.46820825770269274E-006	1.88136664858665400E-006	8.81491330663303607E-007	9.99875317923350917E-007	5.86841609116038636E-007	1.72898092714445908E-007	-1	4.13943516401592728E-007	-1	OK
52.750000000000000	2.27908029309575316E-006	1.73798261453983713E-006	8.12730499306691528E-007	9.25252115233145500E-007	5.41097678555916130E-007	1.59285920554293108E-007	-1	3.81811758001622995E-007	-1	OK
53.000000000000000	2.10422648597061415E-006	1.60524720237906950E-006	7.49200938939937824E-007	8.56046263439131674E-007	4.98979283591544654E-007	1.46720218287141419E-007	-1	3.52259065304403262E-007	-1	OK
53.250000000000000	1.94237698597645839E-006	1.48238398429257335E-006	6.90512629646796650E-007	7.91871354645776487E-007	4.59993001683884937E-007	1.35125805893570071E-007	-1	3.24867195790314839E-007	-1	OK
53.500000000000000	1.79245942962182689E-006	1.36867474989376366E-006	6.36306406837461155E-007	7.32368343056302714E-007	4.23784679728063285E-007	1.24194004768194504E-007	-1	2.99590674959868755E-007	-1	OK
53.750000000000000	1.65419075746815681E-006	1.26348214895813476E-006	5.86253265543460452E-007	6.77228883414674199E-007	3.90708608510021952E-007	1.13617648931961380E-007	-1	2.77090959578060586E-007	-1	OK
54.000000000000000	1.52612305643719360E-006	1.16618205016545524E-006	5.40040967132076230E-007	6.26141083033379112E-007	3.59941006271738310E-007	1.04950669865113767E-007	-1	2.54990336406624556E-007	-1	OK
54.250000000000000	1.40761927239782417E-006	1.07619027071135376E-006	4.97379542437095051E-007	5.78810728274258495E-007	3.31429001686470361E-007	9.62144241995034766E-008	-1	2.35214577486966897E-007	-1	OK
54.500000000000000	1.29734302589004164E-006	9.92954360686761708E-007	4.57999506565597628E-007	5.34954854121164134E-007	3.04388665203279929E-007	8.85296773541536129E-008	-1	2.15858987849126316E-007	-1	OK
54.750000000000000	1.19618871963221981E-006	9.15991877653245009E-007	4.21656565423763237E-007	4.94335312229481931E-007	2.80196841978974697E-007	8.16604846613239647E-008	-1	1.98536357317650745E-007	-1	OK
55.000000000000000	1.10292364139600967E-006	8.44841714433493103E-007	3.88121445598530962E-007	4.56720268834962406E-007	2.58081926962516669E-007	7.50141865955775310E-008	-1	1.83067740366939138E-007	-1	OK
55.250000000000000	1.01660668642512588E-006	7.79063829093602285E-007	3.57179228177492609E-007	4.21884600916109834E-007	2.37542857331523622E-007	6.88224536075565842E-008	-1	1.68720403723967025E-007	-1	OK
55.500000000000000	9.36758867197594838E-007	7.18253039698707819E-007	3.28632666619458258E-007	3.89620373079249667E-007	2.18505827498887019E-007	6.30331426278888792E-008	-1	1.55472684870998153E-007	-1	OK
55.750000000000000	8.63233314871475445E-007	6.62040217589771423E-007	3.02300918978150572E-007	3.59739298611620904E-007	2.01193097281704049E-007	5.79420555781159127E-008	-1	1.43251041703588136E-007	-1	OK
56.000000000000000	7.95108724573804055E-007	6.10100274052822277E-007	2.78019540690043354E-007	3.32080733362779028E-007	1.85008450520981752E-007	5.32500449437919539E-008	-1	1.31758405577189791E-007	-1	OK
56.250000000000000	7.32212231090954884E-007	5.62122624048918902E-007	2.55634045441143682E-007	3.06488578607775273E-007	1.70089607042035956E-007	4.89272421108360376E-008	-1	1.21162364931199918E-007	-1	OK
56.500000000000000	6.74190888246146420E-007	5.17809488580907846E-007	2.34999245746252849E-007	2.82810242834654944E-007	1.56381399665238574E-007	4.49450657486085135E-008	-1	1.11436333916630054E-007	-1	OK
56.750000000000000	6.20625228740195484E-007	4.76889202499528093E-007	2.15981920683974508E-007	2.60907281815553453E-007	1.43736026240667418E-007	4.12772629187494638E-008	-1	1.02458763321917960E-007	-1	OK
57.000000000000000	5.71143984621643214E-007	4.39106962107429464E-007	1.98458271887099505E-007	2.40648690220329985E-007	1.32037022514213698E-007	3.78727897425543184E-008	-1	9.41642327716593795E-008	-1	OK
57.250000000000000	5.25572934797353052E-007	4.04230171272748684E-007	1.82314004968885322E-007	2.21916166303863309E-007	1.21342763524604394E-007	3.47256838764464088E-008	-1	8.66170796481579850E-008	-1	OK
57.500000000000000	4.83548264851323448E-007	3.72038737315864422E-007	1.67442974162356719E-007	2.04595763153507650E-007	1.11509527535459053E-007	3.18304120424125875E-008	-1	7.96791154930464720E-008	-1	OK
57.750000000000000	4.44660657111497872E-007	3.42330452525138160E-007	1.53746974936292689E-007	1.88583477588845524E-007	1.02330204586359712E-007	2.91644088044411098E-008	-1	7.31657957819186053E-008	-1	OK
58.000000000000000	4.08851468973929643E-007	3.14916011774223953E-007	1.41135387019423154E-007	1.73780624754800852E-007	9.39354571997056632E-008	2.67162785348560744E-008	-1	6.72191786648495921E-008	-1	OK
58.250000000000000	3.75798045998357467E-007	2.89624702196020396E-007	1.29524682938510786E-007	1.60100019257509584E-007	8.61733438023370438E-008	2.44376139318271947E-008	-1	6.17357298705098557E-008	-1	OK
58.500000000000000	3.45385065358451575E-007	2.66290739653951011E-007	1.18837017645889068E-007	1.47453722008061916E-007	7.90943257045005636E-008	2.24037549054665319E-008	-1	5.66905707990340285E-008	-1	OK
58.750000000000000	3.17308676258744467E-007	2.44777214923328544E-007	1.09003457506962788E-007	1.35773757416365716E-007	7.25314613354159225E-008	2.04922095274683865E-008	-1	5.20392518079475360E-008	-1	OK
59.000000000000000	2.91425237739622172E-007	2.24948274598761554E-007	9.99578067226677171E-008	1.24990467876093837E-007	6.64769631408606048E-008	1.87691723519293776E-008	-1	4.77077907889312238E-008	-1	OK
59.250000000000000	2.67616335837723423E-007	2.06671345162365462E-007	9.16377513618234375E-008	1.15033593800542064E-007	6.09449906753579615E-008	1.71637120185406131E-008	-1	4.37812786568173484E-008	-1	OK
59.500000000000000	2.45623504657962227E-007	1.89828236213794511E-007	8.39869093320611455E-008	1.05841326881733405E-007	5.57952684441676964E-008	1.56812039444674831E-008	-1	4.01140644997002100E-008	-1	OK
59.750000000000000	2.25436765796742222E-007	1.74313170426637779E-007	7.69536918665248756E-008	9.73594785601128766E-008	5.11235953701044305E-008	1.43454665368907219E-008	-1	3.67781288332137119E-008	-1	OK
60.000000000000000	2.06900810934529922E-007	1.60022750907350768E-007	7.04892264886642022E-008	8.95335244186865528E-008	4.68780600271791537E-008	1.31022157376741293E-008	-1	3.37758442895050227E-008	-1	OK
60.250000000000000	1.89768391285690764E-007	1.46861056864143726E-007	6.45485117456059043E-008	8.23125451185377689E-008	4.29073344215470316E-008	1.19762978371448182E-008	-1	3.09310365844022151E-008	-1	OK
60.500000000000000	1.74012497993640387E-007	1.34743050920047346E-007	5.90907472210326172E-008	7.56523036990147160E-008	3.92694470735930342E-008	1.09329211237740880E-008	-1	2.83365259498189479E-008	-1	OK
60.750000000000000	1.59506425424413566E-007	1.23589011905691563E-007	5.40779396176397690E-008	6.95110722880517808E-008	3.59174135187220034E-008	9.97506887947287496E-009	-1	2.59423446392491268E-008	-1	OK
61.000000000000000	1.46153179198452129E-007	1.13321823630635147E-007	4.94744266573504143E-008	6.38473969732847133E-008	3.28313555678169754E-008	9.10355009567654251E-009	-1	2.37278054721404329E-008	-1	OK
61.250000000000000	1.33889663664496591E-007	1.03874815033337218E-007	4.52484432703554813E-008	5.86263717629817430E-008	3.00148486311593800E-008	8.30787435089733826E-009	-1	2.17069742802620417E-008	-1	OK
61.500000000000000	1.22620505842418975E-007	9.51877664755816466E-008	4.13705328435208278E-008	5.38172336320608056E-008	2.74327393668373180E-008	7.57679212969695414E-009	-1	1.98559472371403622E-008	-1	OK
61.750000000000000	1.12257513152956063E-007	8.71999516238516316E-008	3.78125979942333535E-008	4.93873536296182848E-008	2.50575615291044319E-008	6.90886545430993953E-009	-1	1.81486960747944932E-008	-1	OK
62.000000000000000	1.02733788125262710E-007	7.98557693179564679E-008	3.45489410227783289E-008	4.53068282951781258E-008	2.28780188073062390E-008	6.29503783127296836E-009	-1	1.65829809760332698E-008	-1	OK
62.250000000000000	9.39691889151909551E-008	7.31051522997697914E-008	3.15561893344480398E-008	4.15489629653217516E-008	2.08640366154211637E-008	5.73881919371742551E-009	-1	1.51252174217037382E-008	-1	OK
62.500000000000000	8.59479354677396392E-008	6.69051284692697825E-008	2.88131928844985410E-008	3.80919355847712415E-008	1.90428069984698600E-008	5.22889934605112186E-009	-1	1.38139076524187373E-008	-1	OK
62.750000000000000	7.85788795227776868E-008	6.12095962034604312E-008	2.62992321805518562E-008	3.49103640229085783E-008	1.73692833193172523E-008	4.76021579639026346E-009	-1	1.26090675229269888E-008	-1	OK
63.000000000000000	7.18374874689919286E-008	5.59778208059366182E-008	2.39957609637544694E-008	3.19820598421821521E-008	1.58596666630553170E-008	4.33204282339402836E-009	-1	1.15276238396612887E-008	-1	OK
63.250000000000000	6.56295519312188622E-008	5.11763689431588644E-008	2.18863848399477895E-008	2.92899841032110683E-008	1.44531829880599928E-008	3.93806153082798250E-009	-1	1.05151214572320103E-008	-1	OK
63.500000000000000	5.99307669051532187E-008	4.67710210846879083E-008	1.99552662966964420E-008	2.68157547879914729E-008	1.31597458204653137E-008	3.58077650475003983E-009	-1	9.57896931571527466E-009	-1	OK
63.750000000000000	5.47250274690287192E-008	4.27292995587505753E-008	1.81876974896279145E-008	2.45416020691226542E-008	1.19957279102781456E-008	3.23678727602527290E-009	-1	8.75894063425287267E-009	-1	OK
64.000000000000000	4.99324777258052973E-008	3.90222400601250661E-008	1.65703700183395183E-008	2.24518700417855478E-008	1.09102376656802278E-008	2.94135849536992001E-009	-1	7.96887917031030865E-009	-1	OK
64.250000000000000	4.55473060022903398E-008	3.56248315701118359E-008	1.50912968600628660E-008	2.05335347100489666E-008	9.92247443217850220E-009	2.67446136834589023E-009	-1	7.24801306383261198E-009	-1	OK
64.500000000000000	4.15408422034768193E-008	3.25115959451989309E-008	1.37389076740526678E-008	1.87726882711462696E-008	9.02924625827789176E-009	2.42687004578764015E-009	-1	6.60237621249025120E-009	-1	OK
64.750000000000000	3.78610898103003933E-008	2.96583587330999831E-008	1.25024918589007170E-008	1.71558668741992611E-008	8.20273107720041023E-009	2.20856331195776873E-009	-1	5.99416776524264109E-009	-1	OK
65.000000000000000	3.44940914305704352E-008	2.70438152339947123E-008	1.13724678109285062E-008	1.56713474230662061E-008	7.45027619657572049E-009	2.00369073037446330E-009	-1	5.44658546620125719E-009	-1	OK
65.250000000000000	3.14241625042981872E-008	2.46494881315588425E-008	1.03401660970433474E-008	1.43093220345155001E-008	6.77467437273934546E-009	1.81612314591370534E-009	-1	4.95855122682564012E-009	-1	OK
65.500000000000000	2.86078687045407550E-008	2.24574295056880646E-008	9.39746060601937938E-009	1.30599688996686836E-008	6.15043919885268877E-009	1.64503837932436586E-009	-1	4.50540081952832311E-009	-1	OK
65.750000000000000	2.60308424281962372E-008	2.04511658976799409E-008	8.53689020008148591E-009	1.19142756975984583E-008	5.57967653051629632E-009	1.49148109327806279E-009	-1	4.08819543723823373E-009	-1	OK
66.000000000000000	2.36813436258732988E-008	1.86159509501826410E-008	7.75169022864045311E-009	1.08642607215421879E-008	5.06539267569065698E-009	1.34899054300695770E-009	-1	3.71640213268369928E-009	-1	OK
66.250000000000000	2.15333938860697522E-008	1.69380823324892629E-008	7.03557209393491424E-009	9.90251023855435278E-009	4.59531155358049016E-009	1.21894532530294805E-009	-1	3.37636622827754232E-009	-1	OK
66.500000000000000	1.95609319109820688E-008	1.54046671987502867E-008	6.38274374813263334E-009	9.02192345061765004E-009	4.15626471223178289E-009	1.10190156514440395E-009	-1	3.05436314708737915E-009	-1	OK
66.750000000000000	1.77727700292721642E-008	1.40042502538374335E-008	5.78791993868121245E-009	8.21633031515622025E-009	3.76851977543473145E-009	9.95938445179026055E-010	-1	2.77258133025570540E-009	-1	OK
67.000000000000000	1.61413405761086133E-008	1.27258474537926623E-008	5.24615412896683499E-009	7.47969332482582727E-009	3.41549312231594938E-009	9.00570365130293143E-010	-1	2.51492275718565624E-009	-1	OK
67.250000000000000	1.46412922436687562E-008	1.15589180522998059E-008	4.75283767360635161E-009	6.80608037869345516E-009	3.08237419136894982E-009	8.13184823492779695E-010	-1	2.26918936787616992E-009	-1	OK
67.500000000000000	1.32833033571991767E-008	1.04943094461480827E-008	4.30384235183425008E-009	6.19046709431383177E-009	2.78899391105109442E-009	7.33634109572776088E-010	-1	2.05535980147831833E-009	-1	OK
67.750000000000000	1.20484859575072613E-008	9.52297030472451397E-009	3.89525410685940374E-009	5.62771619786510775E-009	2.52551565278274688E-009	6.55276827365100819E-010	-1	1.87023882541764596E-009	-1	OK
68.000000000000000	1.09190783480185759E-008	8.63719173442362883E-009	3.52362429335448432E-009	5.11356744106914327E-009	2.28188661359494624E-009	5.95357372305946664E-010	-1	1.68652924128899957E-009	-1	OK
68.250000000000000	9.88743985113255241E-009	7.82967802811015277E-009	3.18574927364463878E-009	4.64392875446551440E-009	2.05776182302240006E-009	5.36268608722472237E-010	-1	1.52149321429992793E-009	-1	OK
68.500000000000000	8.95200925736332209E-009	7.09381523561744378E-009	2.87869288046054575E-009	4.21512235515689638E-009	1.85819402174587851E-009	4.83026424492804213E-010	-1	1.37516759725307420E-009	-1	OK
68.750000000000000	8.10000544115151563E-009	6.42349066836296449E-009	2.59977570333590998E-009	3.82371496502705368E-009	1.67651477278855115E-009	4.35144895399967570E-010	-1	1.24136987738858347E-009	-1	OK
69.000000000000000	7.32343192759762465E-009	5.81332457906224196E-009	2.34657706006860606E-009	3.46674751899363548E-009	1.51010734853538227E-009	3.91413034851175651E-010	-1	1.11869431368420657E-009	-1	OK
69.250000000000000	6.61883936590589453E-009	5.25821467870294766E-009	2.11684844632297715E-009	3.14136623237996968E-009	1.36062468720294667E-009	3.48771770998350339E-010	-1	1.01185291620459628E-009	-1	OK
69.500000000000000	5.97769103647299363E-009	4.75331883369400813E-009	1.90850009083262756E-009	2.84481874286138139E-009	1.22437220277898509E-009	3.15057707039773426E-010	-1	9.09314495739211714E-010	-1	OK
69.750000000000000	5.39446837962604416E-009	4.29467771587845770E-009	1.71970461681759017E-009	2.57497309906086794E-009	1.09979066374758605E-009	2.83467146307301008E-010	-1	8.16323517440285040E-010	-1	OK
70.000000000000000	4.86847261189195902E-009	3.87808428596515917E-009	1.54867446293079873E-009	2.32940982303436044E-009	9.90388325926799641E-010	2.54160628459855453E-010	-1	7.36227697466944188E-010	-1	OK
70.250000000000000	4.38904422456246868E-009	3.49987317421994388E-009	1.39382337386022069E-009	2.10604980035972360E-009	8.89171050342524909E-010	2.27634866353243730E-010	-1	6.61536183989281179E-010	-1	OK
70.500000000000000	3.95394869088309279E-009	3.15677213823831795E-009	1.25370780515424690E-009	1.90306433308407084E-009	7.97176552644775042E-010	2.04200248494070758E-010	-1	5.92976304150704232E-010	-1	OK
70.750000000000000	3.56187018149409850E-009	2.84565062752402272E-009	1.12697897408189286E-009	1.71867165344212986E-009	7.16219553970075576E-010	1.80950613211457005E-010	-1	5.35268940758618596E-010	-1	OK
71.000000000000000	3.20485347543186275E-009	2.56354527641681858E-009	1.01239883181353362E-009	1.55114644460328495E-009	6.41308199015044070E-010	1.61320069207198946E-010	-1	4.79988129807845176E-010	-1	OK
71.250000000000000	2.88281145556772948E-009	2.30787387432207442E-009	9.08863074601154034E-010	1.39901079972092080E-009	5.74937581245655168E-010	1.44193939247224382E-010	-1	4.30743641998430812E-010	-1	OK
71.500000000000000	2.59101983173469233E-009	2.07641703797194235E-009	8.15383675957187415E-010	1.26103336201475453E-009	5.14602793762750082E-010	1.28855084879975687E-010	-1	3.85747708882774369E-010	-1	OK
71.750000000000000	2.32787397732499436E-009	1.86692319669628095E-009	7.31014120231683769E-010	1.13590907646459728E-009	4.60950780628713365E-010	1.16218617668380246E-010	-1	3.44732162960333119E-010	-1	OK
72.000000000000000	2.08931649447320773E-009	1.67734275217349437E-009	6.54905433329847378E-010	1.02243731884364709E-009	4.11973742299713258E-010	1.03645636189874140E-010	-1	3.08328106109839131E-010	-1	OK
72.250000000000000	1.87372155408902477E-009	1.50601554543353202E-009	5.86315657035313960E-010	9.19699888398218370E-010	3.67706008655492696E-010	9.23337626724521554E-011	-1	2.75372245983040541E-010	-1	OK
72.500000000000000	1.67954721030958789E-009	1.35124873749454441E-009	5.24531065961108738E-010	8.26717671533435254E-010	3.28298472815043382E-010	8.14923713733646163E-011	-1	2.46806101441678765E-010	-1	OK
72.750000000000000	1.50426780828980262E-009	1.21147308722403860E-009	4.68904849334793758E-010	7.42568237889244941E-010	2.92794721065763970E-010	7.24133620265060987E-011	-1	2.20381359039257871E-010	-1	OK
73.000000000000000	1.34631804762924325E-009	1.08538216321846933E-009	4.18870392480297916E-010	6.66511770738171566E-010	2.60935884410773868E-010	6.42833569890167369E-011	-1	1.96652527421757118E-010	-1	OK
73.250000000000000	1.20415953219777596E-009	9.71723716572810250E-010	3.73894006215571475E-010	5.97829710357238982E-010	2.32435815624965735E-010	5.77966289212799314E-011	-1	1.74639186703685816E-010	-1	OK
73.500000000000000	1.07644456325304958E-009	8.69289589000933156E-010	3.33482400188007876E-010	5.35807188812925332E-010	2.07154974252116475E-010	5.12242188343108679E-011	-1	1.55930755417805620E-010	-1	OK
73.750000000000000	9.60658436701263221E-010	7.77018685487045088E-010	2.97198668231840423E-010	4.79820017255204820E-010	1.83639751214218211E-010	4.53189545825164027E-011	-1	1.38320796631701821E-010	-1	OK
74.000000000000000	8.57237665583855477E-010	6.94039515646507021E-010	2.64657511895201236E-010	4.29382003751305785E-010	1.63198149937348456E-010	4.01208024659922857E-011	-1	1.23077347471356157E-010	-1	OK
74.250000000000000	7.64082845015093223E-010	6.19441756510653012E-010	2.35485275234638025E-010	3.83956481276014986E-010	1.44641088504440237E-010	3.55082174350841940E-011	-1	1.09132871069356043E-010	-1	OK
74.500000000000000	6.81026649317484531E-010	5.52339192095915807E-010	2.09339865161754074E-010	3.42999326934161681E-010	1.28687457221568724E-010	3.13809064390864930E-011	-1	9.73065507824822376E-011	-1	OK
74.750000000000000	6.05994699238668178E-010	4.92121886263994711E-010	1.85944512294454662E-010	3.06177373969540126E-010	1.13872812974673454E-010	2.77119565570620389E-011	-1	8.61608564176114180E-011	-1	OK
75.000000000000000	5.38842170113763102E-010	4.38125555023812633E-010	1.65022495896935062E-010	2.73103059126877622E-010	1.00716615089950508E-010	2.44801912441975360E-011	-1	7.62364238457529722E-011	-1	OK
75.250000000000000	4.78592789353734560E-010	3.89667694442876206E-010	1.46314230893647220E-010	2.43353463549229090E-010	8.89250949108583538E-011	2.15669822780180330E-011	-1	6.73581126328403272E-011	-1	OK
75.500000000000000	4.24756099058534963E-010	3.46259495281918896E-010	1.29609734613608750E-010	2.16649760668310068E-010	7.84966037766160802E-011	1.89665638347319541E-011	-1	5.95300399418841229E-011	-1	OK
75.750000000000000	3.76633155382964113E-010	3.07429715592426304E-010	1.14708759090878390E-010	1.92720956501547953E-010	6.92034397905378092E-011	1.65443862517305772E-011	-1	5.26590535388072320E-011	-1	OK
76.000000000000000	3.33760197497988653E-010	2.72692418481756610E-010	1.01421711804544721E-010	1.71270706677211863E-010	6.10677790162320426E-011	1.45478976088927769E-011	-1	4.65198814073392641E-011	-1	OK
76.250000000000000	2.95281072475507553E-010	2.41633178074628321E-010	8.95834945926749896E-011	1.52049683481953358E-010	5.36478944008792312E-011	1.26914093321177942E-011	-1	4.09564850687614370E-011	-1	OK
76.500000000000000	2.61102476959831602E-010	2.13910968350669085E-010	7.90500396376449360E-011	1.34860928713024162E-010	4.71915086091625043E-011	1.11360904583038383E-011	-1	3.60554181508586676E-011	-1	OK
76.750000000000000	2.30634702244284526E-010	1.89184804539452086E-010	6.96842803111740769E-011	1.19500524228278035E-010	4.14498977048324461E-011	9.79201933979972743E-012	-1	3.16578783650327170E-011	-1	OK
77.000000000000000	2.03515263272326984E-010	1.67141301365077558E-010	6.13631201994856424E-011	1.05778181165591903E-010	3.63739619072494389E-011	8.64917671482576514E-012	-1	2.77247851924236737E-011	-1	OK
77.250000000000000	1.79398821211597719E-010	1.47508273215948754E-010	5.39774557529750428E-011	9.35308174629737375E-011	3.18905479956489643E-011	7.54945542805136973E-012	-1	2.43410925675975945E-011	-1	OK
77.500000000000000	1.57953254999798303E-010	1.30045639137914895E-010	4.74295413759188578E-011	8.26160977619960374E-011	2.79076158618834179E-011	6.57366464668546178E-012	-1	2.13339512151979561E-011	-1	OK
77.750000000000000	1.38880663397431557E-010	1.14527879044138901E-010	4.16299018997893477E-011	7.28979771443495473E-011	2.43527843532926555E-011	5.73933869522394933E-012	-1	1.86134456580687053E-011	-1	OK
78.000000000000000	1.22005675423491185E-010	1.00745442328632337E-010	3.64970049788662976E-011	6.42484373497660393E-011	2.12602330948588543E-011	4.94998633019924848E-012	-1	1.63102467646596067E-011	-1	OK
78.250000000000000	1.07049163402180393E-010	8.85202442105340809E-011	3.19596733615304639E-011	5.65605708490036493E-011	1.85289191916463152E-011	4.33327794076903829E-012	-1	1.41956412508772761E-011	-1	OK
78.500000000000000	9.38230782541870561E-011	7.76870326255963204E-011	2.79529538046100069E-011	4.97340788209862973E-011	1.61360456285907357E-011	3.75867083788275264E-012	-1	1.23773747907079831E-011	-1	OK
78.750000000000000	8.21272573700106752E-011	6.80993301642728905E-011	2.44189718243877651E-011	4.36803583398851253E-011	1.40279272057377880E-011	3.22429809645215694E-012	-1	1.08036291092856310E-011	-1	OK
79.000000000000000	7.18131392798513746E-011	5.96212527557798383E-011	2.13050197779761897E-011	3.83162329778036422E-011	1.21918865240715395E-011	2.79624308758673681E-012	-1	9.39564343648480271E-012	-1	OK
79.250000000000000	6.26980018274493075E-011	5.21335253287066129E-011	1.85644898918008425E-011	3.35690354369057736E-011	1.05644764987426930E-011	2.44027799994283996E-012	-1	8.12419849879985342E-012	-1	OK
79.500000000000000	5.46721109153237768E-011	4.55282441998540522E-011	1.61553618172511459E-011	2.93728823826028998E-011	9.14386671546972462E-012	2.10327281061136268E-012	-1	7.04059390485836235E-012	-1	OK
79.750000000000000	4.76078536969378641E-011	3.97075803326363401E-011	1.40400074259372144E-011	2.56675729066991370E-011	7.90027336430152399E-012	1.79898471383381154E-012	-1	6.10128865046771265E-012	-1	OK
80.000000000000000	4.14006695830155192E-011	3.45828168628941569E-011	1.21846126101468392E-011	2.23982042527473128E-011	6.81785272012135906E-012	1.54549729451163208E-012	-1	5.27235542560972677E-012	-1	OK
80.250000000000000	3.59515983434718481E-011	3.00795876946700025E-011	1.05599009229920324E-011	1.95196867716779766E-011	5.87201064880184555E-012	1.32789022090224866E-012	-1	4.54412042789959689E-012	-1	OK
80.500000000000000	3.11762352517997371E-011	2.61261228863104184E-011	9.13861266130718647E-012	1.69875102250032254E-011	5.05011236548931716E-012	1.14019827373306015E-012	-1	3.90991409175625722E-012	-1	OK
80.750000000000000	2.69991999226360049E-011	2.26574376449638739E-011	7.89662196613847616E-012	1.47608156788253961E-011	4.34176227767213020E-012	9.76359981140806788E-013	-1	3.36540229653132341E-012	-1	OK
81.000000000000000	2.33432919667591662E-011	1.96209448607324521E-011	6.81326883403691531E-012	1.28076760266955368E-011	3.72234710602671488E-012	8.36671667133950467E-013	-1	2.88567543889276462E-012	-1	OK
81.250000000000000	2.01481290187531235E-011	1.69653177457408476E-011	5.86936913691695840E-012	1.10959486088238860E-011	3.18281127301227668E-012	7.11259705070152238E-013	-1	2.47155156794212465E-012	-1	OK
81.500000000000000	1.73644829160874722E-011	1.46451557671896364E-011	5.04805974525910646E-012	9.59709602193052752E-012	2.71932714889783662E-012	6.08831107228175279E-013	-1	2.11049604166966124E-012	-1	OK
81.750000000000000	1.49444583961581021E-011	1.26238449082798764E-011	4.33493070300039571E-012	8.28891420527948316E-012	2.32061348787822686E-012	5.18528822420226063E-013	-1	1.80208466545800090E-012	-1	OK
82.000000000000000	1.28349718452471624E-011	1.08633361640119600E-011	3.71625797381811017E-012	7.14707819019385063E-012	1.97163568123520203E-012	4.39507757229771736E-013	-1	1.53212792400543029E-012	-1	OK
82.250000000000000	1.10082859630007236E-011	9.33283600516834297E-012	3.18046239025920646E-012	6.15237361490913933E-012	1.67544995783238002E-012	3.67774105529090947E-013	-1	1.30767585230328903E-012	-1	OK
82.500000000000000	9.42575360483430801E-012	8.00452412490352992E-012	2.71713411718713827E-012	5.28739000771639246E-012	1.42122947993077748E-012	3.10775849399521545E-013	-1	1.11045363053125583E-012	-1	OK
82.750000000000000	8.05507263114903028E-012	6.85147310886651007E-012	2.31682644370926428E-012	4.53464666515724780E-012	1.20359952228252061E-012	2.64941014015903549E-013	-1	9.38658508266617166E-013	-1	OK
83.000000000000000	6.86910523572458493E-012	5.85391603513174505E-012	1.97188299366742834E-012	3.88203304146431630E-012	1.01518920059283948E-012	2.25041675622748383E-013	-1	7.90147524970091045E-013	-1	OK
83.250000000000000	5.84863298508805200E-012	4.99273166764306010E-012	1.67517056762894282E-012	3.31756110001411668E-012	8.55901317444991592E-013	1.86856527426653791E-013	-1	6.69044790018337826E-013	-1	OK
83.500000000000000	4.96648971382510377E-012	4.24952786434247852E-012	1.42023009244660059E-012	2.82929777189587793E-012	7.16961849482625451E-013	1.56396908078798795E-013	-1	5.60564941403826606E-013	-1	OK
83.750000000000000	4.21310828636990551E-012	3.60973962207688358E-012	1.20167066816482409E-012	2.40806895391205948E-012	6.03368664293022341E-013	1.30635363422628880E-013	-1	4.72733300870393461E-013	-1	OK
84.000000000000000	3.56472149769527795E-012	3.06011826800537357E-012	1.01466419169501783E-012	2.04545407631035573E-012	5.04603229689904283E-013	1.09492173133533252E-013	-1	3.95111056556371032E-013	-1	OK
84.250000000000000	3.00959642275867454E-012	2.58887670084152368E-012	8.54973587740430760E-013	1.73390311310109302E-012	4.20719721917150708E-013	9.12170768009150512E-014	-1	3.29502645116235670E-013	-1	OK
84.500000000000000	2.53573113480589697E-012	2.18595053150309919E-012	7.18917764734036869E-013	1.46703276676906161E-012	3.49780603302797580E-013	7.57810279503522858E-014	-1	2.73999575352445282E-013	-1	OK
84.750000000000000	2.13180923553337885E-012	1.84163209499036288E-012	6.03126705166604931E-013	1.23850538982375825E-012	2.90177140543015866E-013	6.29617284578691655E-014	-1	2.27215412085146701E-013	-1	OK
85.000000000000000	1.78786903950471663E-012	1.54762889235406012E-012	5.04741339921218331E-013	1.04288755243284199E-012	2.40240147150656453E-013	5.18956094002878586E-014	-1	1.88344537750368601E-013	-1	OK
85.250000000000000	1.49546483105534147E-012	1.29726382130539058E-012	4.21356539390015666E-013	8.75907281915375115E-013	1.98201009749950996E-013	4.18790622958151203E-014	-1	1.56321947454135882E-013	-1	OK
85.500000000000000	1.24783374603512853E-012	1.08473366087317753E-012	3.50888207870465356E-013	7.33845453002712018E-013	1.63100085161951059E-013	3.49397766646119898E-014	-1	1.28160308497339063E-013	-1	OK
85.750000000000000	1.03871864190725714E-012	9.04899590684688551E-013	2.91497162593100276E-013	6.13402428091588426E-013	1.33819051222568665E-013	2.83372399720568591E-014	-1	1.05481811250511809E-013	-1	OK
86.000000000000000	8.62406628451034198E-013	7.53088839192602385E-013	2.41551009813831374E-013	5.11537829378770860E-013	1.09317789258431825E-013	2.32168368547537809E-014	-1	8.61009524036780475E-014	-1	OK
86.250000000000000	7.14330924850168809E-013	6.25021683000408140E-013	1.99611677575255511E-013	4.25410005425152553E-013	8.93092418497606432E-014	1.88332801301051976E-014	-1	7.04759617196554456E-014	-1	OK
86.500000000000000	5.89662258243156838E-013	5.17295185744923553E-013	1.64491389231839111E-013	3.52803796513084341E-013	7.23670724982332721E-014	1.52564453016984070E-014	-1	5.71106271965348652E-014	-1	OK
86.750000000000000	4.85462810493308747E-013	4.26886527422646795E-013	1.35155494857590549E-013	2.91731032565056271E-013	5.85762830706619900E-014	1.21787657178455227E-014	-1	4.63975173528164704E-014	-1	OK
87.000000000000000	3.98527215882122437E-013	3.51261976177036853E-013	1.10725668085394568E-013	2.40536308091642248E-013	4.72652397050855706E-014	9.72864210282073612E-015	-1	3.75365976022648361E-014	-1	OK
87.250000000000000	3.26109197260976440E-013	2.88145335671782589E-013	9.04322189105383367E-014	1.97713116761244253E-013	3.79638615891938446E-014	7.72717517008000898E-015	-1	3.02366864191138372E-014	-1	OK
87.500000000000000	2.65990949500135779E-013	2.35648412302102090E-013	7.36292107661817991E-014	1.62019201535920228E-013	3.03425371980336892E-014	6.26079455957719706E-015	-1	2.40817426384564913E-014	-1	OK
87.750000000000000	2.16325149364975403E-013	1.92114002321580726E-013	5.97547639281928049E-014	1.32359238393387946E-013	2.42111470433946739E-014	4.97853664859980073E-015	-1	1.92326103947948724E-014	-1	OK
88.000000000000000	1.75288380434527853E-013	1.56078116512747434E-013	4.83273600471722630E-014	1.07750756465575216E-013	1.92102639217804125E-014	3.92757540615128318E-015	-1	1.52826885156291309E-014	-1	OK
88.250000000000000	1.41574089658511181E-013	1.26360302241970713E-013	3.89480866816678582E-014	8.74122155603028487E-014	1.52137874165404682E-014	3.08925743558333671E-015	-1	1.21245299809571311E-014	-1	OK
88.500000000000000	1.13867975920237110E-013	1.01925290748107004E-013	3.12744945542749972E-014	7.06507961938320000E-014	1.19426851721300949E-014	2.41854147053021923E-015	-1	9.52414370159987490E-015	-1	OK
88.750000000000000	9.13085805701242861E-014	8.19182598281265868E-014	2.50201691346796679E-014	5.68980906934469094E-014	9.39032074199770088E-015	1.88393866950586566E-015	-1	7.50638207249183561E-015	-1	OK
89.000000000000000	7.28987064694567319E-014	6.55839339719483665E-014	1.99395584424338367E-014	4.56443755295145299E-014	7.31477249750836378E-015	1.46338572294968669E-015	-1	5.85138677455867689E-015	-1	OK
89.250000000000000	5.79617127234609355E-014	5.23093514896571626E-014	1.58280948409865111E-014	3.64812566486706484E-014	5.65236123380377052E-015	1.12748375070215192E-015	-1	4.52487748310161879E-015	-1	OK
89.500000000000000	4.59085982780912123E-014	4.15517505631566654E-014	1.25126903993189954E-014	2.90390601638376637E-014	4.35684771493454841E-015	8.66246383210706962E-016	-1	3.49060133172384145E-015	-1	OK
89.750000000000000	3.62119010698031236E-014	3.28690743446692510E-014	9.84846411233512999E-015	2.30206102323341210E-014	3.34282672513387455E-015	6.61143527032353480E-016	-1	2.68168319810152107E-015	-1	OK
90.000000000000000	2.84106703607584848E-014	2.58627371470397750E-014	7.71321250918714362E-015	1.81495246378526298E-014	2.54793321371871021E-015	5.03169161621483083E-016	-1	2.04476405209722713E-015	-1	OK
90.250000000000000	2.21951340980325760E-014	2.02610709545303792E-014	6.01413563821056719E-015	1.42469353163198112E-014	1.93406314350219802E-015	3.79131550594657034E-016	-1	1.55493159290754104E-015	-1	OK
90.500000000000000	1.72584301384777216E-014	1.58047436084495024E-014	4.66795637873959757E-015	1.11367872297099056E-014	1.45368653002821952E-015	2.84833690633321755E-016	-1	1.16885283939489787E-015	-1	OK
90.750000000000000	1.33587528261015834E-014	1.22688944272823738E-014	3.60463784783344848E-015	8.66425657944892694E-015	1.08985839881921014E-015	2.11790392144076525E-016	-1	8.78068006675133562E-016	-1	OK
91.000000000000000	1.02778903410751490E-014	9.46785584517026926E-015	2.76779578752506615E-015	6.70006005764520074E-015	8.10034495904879615E-016	1.56750101838371230E-016	-1	6.53284394066508385E-016	-1	OK
91.250000000000000	7.86587194642055844E-015	7.26854239167226278E-015	2.11382957642799715E-015	5.15471281524426603E-015	5.97329554748296047E-016	1.15018898797279806E-016	-1	4.82310655951016217E-016	-1	OK
91.500000000000000	5.98368592356977305E-015	5.54691742763615176E-015	1.60491182969415739E-015	3.94200559794199476E-015	4.36768495933621339E-016	8.37796515117619740E-017	-1	3.52988844421859377E-016	-1	OK
91.750000000000000	4.52734012271102138E-015	4.20916906663365194E-015	1.21141654275148639E-015	2.99775252388216496E-015	3.18171056077369731E-016	5.97372208585865142E-017	-1	2.58433835218783216E-016	-1	OK
92.000000000000000	3.40488102630382184E-015	3.17452145198530365E-015	9.08702268813899646E-016	2.26581918317140381E-015	2.30359574318518287E-016	4.34412699803370589E-017	-1	1.86918304338181222E-016	-1	OK
92.250000000000000	2.54373296300075537E-015	2.38002744513398074E-015	6.77247261900555948E-016	1.70278018323342528E-015	1.63705517866774439E-016	3.08951285150038545E-017	-1	1.32810389351770572E-016	-1	OK
92.500000000000000	1.88685811126087820E-015	1.77036581764508353E-015	5.00945888340738406E-016	1.26941992930434502E-015	1.16492293615794818E-016	2.17635804337307025E-017	-1	9.47287131820641128E-017	-1	OK
92.750000000000000	1.38947206728938133E-015	1.30803200660966171E-015	3.67936738350394930E-016	9.40095268259266883E-016	8.14400606797196813E-017	1.46039100866943693E-017	-1	6.68361505930253181E-017	-1	OK
93.000000000000000	1.01552609337337026E-015	9.58967447011697216E-016	2.68143320454604367E-016	6.90824126557092702E-016	5.65586463616730462E-017	1.04602583398856177E-017	-1	4.60983880217874300E-017	-1	OK
93.250000000000000	7.35823188572736753E-016	6.97010142720015411E-016	1.93795896873766900E-016	5.03214245846248536E-016	3.88130458527213428E-017	7.03097173005323149E-018	-1	3.17820741226681143E-017	-1	OK
93.500000000000000	5.29696357947016684E-016	5.03348606170727110E-016	1.39011676315335318E-016	3.64336929855391817E-016	2.63477517762895980E-017	4.83704124163259710E-018	-1	2.15107105346570009E-017	-1	OK
93.750000000000000	3.78094698958264740E-016	3.60363042368910001E-016	9.87979851183451876E-017	2.61565057250564875E-016	1.77316565893547337E-017	3.16180388495632233E-018	-1	1.45698527043984125E-017	-1	OK
94.000000000000000	2.67010953444496407E-016	2.55276457640254219E-016	6.94906839697554069E-017	1.85785773670498824E-016	1.17344958042421933E-017	2.12026115358582022E-018	-1	9.61423465065637387E-018	-1	OK
94.250000000000000	1.86709466481760213E-016	1.79040770764638419E-016	4.83783930118812993E-017	1.30662377752757175E-016	7.66869571712180591E-018	1.31484516981927856E-018	-1	6.35385054730252736E-018	-1	OK
94.500000000000000	1.28978642919917415E-016	1.24046314853371600E-016	3.32952890227892081E-017	9.07510258305823739E-017	4.93232806654581819E-018	8.36563096850990938E-019	-1	4.09576496969482705E-018	-1	OK
94.750000000000000	8.82369215474864532E-017	8.51136914712644941E-017	2.26776007012566816E-017	6.24360907700078064E-017	3.12323007622195323E-018	5.38191025427185055E-019	-1	2.58503905079476827E-018	-1	OK
95.000000000000000	5.98130535135220172E-017	5.78689175009265435E-017	1.52791408179605014E-017	4.25897766829660637E-017	1.94413601259546866E-018	3.39162926026923208E-019	-1	1.60497308656854536E-018	-1	OK
95.250000000000000	4.01042405807498782E-017	3.89118051947399737E-017	1.01605160387396054E-017	2.87512891560003683E-017	1.19243538600990302E-018	2.05896338147366130E-019	-1	9.86539047862536842E-019	-1	OK
95.500000000000000	2.64189363986532695E-017	2.57024129235800993E-017	6.64104094515820378E-018	1.90613719784218970E-017	7.16523475073169622E-019	1.17333439023883996E-019	-1	5.99190036049285650E-019	-1	OK
95.750000000000000	1.70765434057172578E-017	1.66579524955946567E-017	4.26648709546092536E-018	1.23914654001337282E-017	4.18590910122600461E-019	7.15175125948045604E-020	-1	3.47073397527795888E-019	-1	OK
96.000000000000000	1.08635762438885091E-017	1.06239340336150438E-017	2.69906440929624864E-018	7.92486962431879675E-018	2.39642210273465161E-019	4.02388635271841301E-020	-1	1.99403346746281043E-019	-1	OK
96.250000000000000	6.84122212759327202E-018	6.70758779207159822E-018	1.68590836910814386E-018	5.02167942296345474E-018	1.33634335521673560E-019	2.23506759265809111E-020	-1	1.11283659595092661E-019	-1	OK
96.500000000000000	4.26500239820329604E-018	4.19216663401976572E-018	1.03650631885668252E-018	3.15566031516308340E-018	7.28357641835305136E-020	1.15244801817298082E-020	-1	6.13112840018007054E-020	-1	OK
96.750000000000000	2.60393264207274007E-018	2.56529638000408039E-018	6.21611198220796365E-019	1.94368518178328344E-018	3.86362620686595400E-020	6.00325970776802076E-021	-1	3.26330023608915207E-020	-1	OK
97.000000000000000	1.52908316624561724E-018	1.50963438204387231E-018	3.59810183921391619E-019	1.14982419812248093E-018	1.94487842017449539E-020	2.99014609186479959E-021	-1	1.64586381098801532E-020	-1	OK
97.250000000000000	8.63012335041944198E-019	8.53801598739850848E-019	2.01743935060683966E-019	6.52057663679166810E-019	9.21073630209332363E-021	1.39260100956323701E-021	-1	7.81813529253008662E-021	-1	OK
97.500000000000000	4.79669851795727260E-019	4.75502890035387094E-019	1.11488731784990590E-019	3.64014158250396576E-019	4.16696176034012778E-021	6.26715341552114188E-022	-1	3.54024641878801341E-021	-1	OK
97.750000000000000	2.68434848240146717E-019	2.66569252664568885E-019	6.12807851221311503E-020	2.05288467542437735E-019	1.86559557557785218E-021	2.74877226296625284E-022	-1	1.59071834928122690E-021	-1	OK
98.000000000000000	1.49147531059726204E-019	1.48331453305380569E-019	3.28146419366733987E-020	1.15516811368707170E-019	8.16077754345632024E-022	1.14809092425080607E-022	-1	7.01268661920551369E-022	-1	OK
98.250000000000000	7.68090824017819125E-020	7.65063037945516847E-020	1.62160846444809837E-020	6.02902191500707070E-020	3.02778607230228224E-022	3.98977442269748375E-023	-1	2.62880863003253404E-022	-1	OK
98.500000000000000	3.42377113813050476E-020	3.41644116826992671E-020	7.14116450624999561E-021	2.70232471764492685E-020	7.32996986057792022E-023	8.79791245042763258E-024	-1	6.45017861553515711E-023	-1	OK
98.750000000000000	1.43400917484791301E-020	1.43348685401734397E-020	3.06366732174991423E-021	1.12712012184235250E-020	5.22320830569019794E-024	5.45904074240847995E-025	-1	4.67730423144934986E-024	-1	OK
