#pt	totcs	totdirect	directLO	directNLO	totfrag	fragLO	err_fragLO	fragNLO	err_fragNLO	errmess
0.50000000000000000	101721864.23850693	-12760336.137664869	7545848.0519445147	-20306184.189609401	114482200.37617180	42931896.641149059	-1	71550303.735022739	-1	Error
0.75000000000000000	20297773.276393589	755682.44775601011	1316748.0255544239	-561065.57779841218	19542090.828637578	7133985.6003026925	-1	12408105.228334885	-1	Error
1.0000000000000000	4859422.4164013565	511349.79267719691	563703.52114853950	-52353.728471342911	4348072.6237241598	1705679.5801101252	-1	2642393.0436140345	-1	Error
1.2500000000000000	1493120.1089371741	261917.91782618419	245003.78113691197	16914.136689272222	1231202.1911109900	506273.83706334414	-1	724928.35404764581	-1	Error
1.5000000000000000	561578.55532876821	134333.12683436176	115082.42549130351	19250.701343058201	427245.42849440646	182474.02981875127	-1	244771.39867565519	-1	Error
1.7500000000000000	245169.59771473749	71983.645445721573	58333.671734428535	13649.973711293027	173185.95226901592	75820.220946547808	-1	97365.731322468113	-1	Error
2.0000000000000000	119523.52350535270	40512.964799876128	31589.161630430164	8923.8031694459714	79010.558705476564	35181.712677419040	-1	43828.846028057524	-1	Error
2.2500000000000000	63281.646025915179	23836.370861553591	18064.389032397474	5771.9818291561187	39445.275164361592	17765.581498697957	-1	21679.693665663635	-1	Error
2.5000000000000000	35734.614055471313	14570.969329501702	10802.418284302303	3768.5510451993987	21163.644725969611	9603.0628574633665	-1	11560.581868506244	-1	Error
2.7500000000000000	21216.454036743224	9220.6454375180801	6717.5567661665027	2503.0886713515720	11995.808599225144	5488.5986504595903	-1	6507.2099487655532	-1	Error
3.0000000000000000	13166.632727048549	6019.7172910262871	4323.9655535382217	1695.7517374880645	7146.9154360222610	3279.5609581438862	-1	3867.3544778783748	-1	Error
3.2500000000000000	8469.3677193145941	4038.3358714723349	2867.0249237816024	1171.3109476907332	4431.0318478422596	2043.0374556013605	-1	2387.9943922408993	-1	Error
3.5000000000000000	5619.0543212025777	2774.3513128792456	1950.3972030157645	823.95410986348134	2844.7030083233321	1312.9446494756257	-1	1531.7583588477064	-1	Error
3.7500000000000000	3828.8409303535391	1946.6091862684443	1357.0774318719214	589.53175439652341	1882.2317440850948	870.85610247902935	-1	1011.3756416060654	-1	Error
4.0000000000000000	2665.3354213976882	1391.7476834991817	963.27302991306249	428.47465358611953	1273.5877378985065	588.69259727909105	-1	684.89514061941543	-1	OK
4.2500000000000000	1895.7710859709650	1011.8659120233370	695.95572461389986	315.91018740943719	883.90517394762810	408.62192647579093	-1	475.28324747183717	-1	OK
4.5000000000000000	1371.5453532168999	746.85059074876608	510.85306345980121	235.99752728896510	624.69476246813372	289.02312069999277	-1	335.67164176814094	-1	OK
4.7500000000000000	1008.6926436156787	558.82383215145762	380.37487546621361	178.44895668524393	449.86881146422098	208.07823214052681	-1	241.79057932369417	-1	OK
5.0000000000000000	752.60790226816289	423.34803746332221	286.90580623806210	136.44223122526000	329.25986480484062	152.15945368427830	-1	177.10041112056231	-1	OK
5.2500000000000000	568.81857189870618	324.36470023536287	218.96343103305793	105.40126920230500	244.45387166334334	112.81825586701920	-1	131.63561579632415	-1	OK
5.5000000000000000	434.91718280364285	251.11242452328290	168.91254209851806	82.199882424764837	183.80475828035992	84.665595094060734	-1	99.139163186299186	-1	OK
5.7500000000000000	336.10857688823990	196.25371900420453	131.58546892542472	64.668250078779792	139.85485788403537	64.331067059887104	-1	75.523790824148264	-1	OK
6.0000000000000000	262.25324869901795	154.72458052159749	103.43486760199326	51.289712919604213	107.52866817742046	49.399344031308502	-1	58.129324146111955	-1	OK
6.2500000000000000	206.47394960788597	122.97336231467776	81.985438322872824	40.987923991804941	83.500587293208227	38.304815684512278	-1	45.195771608695949	-1	OK
6.5000000000000000	163.86450537692406	98.471903402705323	65.485429383974477	32.986474018730867	65.392601974218721	29.971748979817644	-1	35.420852994401073	-1	OK
6.7500000000000000	131.00911372452228	79.401800480229923	52.680329081138503	26.721471399091428	51.607313244292364	23.647540970507514	-1	27.959772273784850	-1	OK
7.0000000000000000	105.53247841391592	64.440864737143386	42.661162549006733	21.779702188136660	41.091613676772539	18.791578852576716	-1	22.300034824195823	-1	OK
7.2500000000000000	85.557042811325346	52.616349554867092	34.761781711808823	17.854567843058266	32.940693256458246	15.047351422843837	-1	17.893341833614407	-1	OK
7.5000000000000000	69.786778717543655	43.204983767263748	28.489006512001971	14.715977255261768	26.581794950279910	12.128244398568924	-1	14.453550551710986	-1	OK
7.7500000000000000	57.248616002469618	35.665184765580477	23.474553225884907	12.190631539695559	21.583431236889137	9.8357671734403187	-1	11.747664063448818	-1	OK
8.0000000000000000	47.196169741290447	29.587803027732150	19.440857677631385	10.146945350100761	17.608366713558294	8.0025653768521501	-1	9.6058013367061434	-1	OK
8.2500000000000000	39.122795611238175	24.661094866667881	16.177045085788798	8.4840497808790811	14.461700744570290	6.5633215520452941	-1	7.8983791925249962	-1	OK
8.5000000000000000	32.557450333578913	20.645384288589092	13.521525903422576	7.1238583851665123	11.912066044989821	5.4098056844929010	-1	6.5022603604969200	-1	OK
8.7500000000000000	27.234294842968385	17.355384338271161	11.349669050990215	6.0057152872809434	9.8789105046972239	4.4803871184291157	-1	5.3985233862681081	-1	OK
9.0000000000000000	22.876769591484951	14.647008935938736	9.5646821655211678	5.0823267704175654	8.2297606555462135	3.7275021706770892	-1	4.5022584848691238	-1	OK
9.2500000000000000	19.292674660970128	12.407377232652767	8.0908654245112253	4.3165118081415423	6.8852974283173625	3.1145142133214483	-1	3.7707832149959142	-1	OK
9.5000000000000000	16.328343391610844	10.547303216010395	6.8686081879164123	3.6786950280939803	5.7810401756004497	2.6128036001094479	-1	3.1682365754910018	-1	OK
9.7500000000000000	13.870912216429335	8.9960301563534113	5.8507277559550284	3.1453024003983829	4.8748820600759233	2.1998331485253568	-1	2.6750489115505665	-1	OK
10.000000000000000	11.821243228458595	7.6972869535222159	4.9997113167793605	2.6975756367428532	4.1239562749363792	1.8586577229645678	-1	2.2652985519718114	-1	OK
10.250000000000000	10.108179165497575	6.6059523349652771	4.2855396288601808	2.3204127061050959	3.5022268305322974	1.5757913540083412	-1	1.9264354765239562	-1	OK
10.500000000000000	8.6698241113538277	5.6856801903214000	3.6840659714024313	2.0016142189189678	2.9841439210324272	1.3402891249240609	-1	1.6438547961083663	-1	OK
10.750000000000000	7.4576969380117006	4.9070518517707011	3.1757807896624128	1.7312710621082896	2.5506450862409995	1.1435896008061397	-1	1.4070554854348598	-1	OK
11.000000000000000	6.4321439556942872	4.2461117067011660	2.7448445666382293	1.5012671400629365	2.1860322489931212	0.97865980070326064	-1	1.2073724482898607	-1	OK
11.250000000000000	5.5623760001257807	3.6833618209783747	2.3783574177414519	1.3050044032369237	1.8790141791474064	0.83987816030699369	-1	1.0391360188404128	-1	OK
11.500000000000000	4.8221851181535591	3.2028294188876005	2.0657647245681372	1.1370646943194629	1.6193556992659586	0.72267313098099029	-1	0.89668256828496828	-1	OK
11.750000000000000	4.1897862551069380	2.7913427497104699	1.7983845579378692	0.99295819177260070	1.3984435053964683	0.62345442672347673	-1	0.77498907867299160	-1	OK
12.000000000000000	3.6495032841279369	2.4380524765592275	1.5690621315402618	0.86899034501896644	1.2114508075687094	0.53921622314031170	-1	0.67223458442839767	-1	OK
12.250000000000000	3.1857918778560848	2.1339299679254196	1.3718667750191187	0.76206319290630076	1.0518619099306654	0.46746269258602091	-1	0.58439921734464451	-1	OK
12.500000000000000	2.7868949455114533	1.8714937891837380	1.2018786056073052	0.66961518357643268	0.91540115632771546	0.40617125595066256	-1	0.50922990037705285	-1	OK
12.750000000000000	2.4429121015439494	1.6444948142007418	1.0549950824469001	0.58949973175384174	0.79841728734320749	0.35364312361188660	-1	0.44477416373132089	-1	OK
13.000000000000000	2.1454514761004910	1.4477077169395181	0.92778763425394029	0.51992008268557788	0.69774375916097320	0.30810154770089343	-1	0.38964221146007977	-1	OK
13.250000000000000	1.8876367113487764	1.2767371215643708	0.81737778031057606	0.45935934125379457	0.61089958978440573	0.26914968688836366	-1	0.34174990289604207	-1	OK
13.500000000000000	1.6638279637693438	1.1278901127678058	0.72134623996457115	0.40654387280323462	0.53593785100153812	0.23573830604204410	-1	0.30019954495949402	-1	OK
13.750000000000000	1.4691202617336976	0.99803394309946225	0.63764852653543003	0.36038541656403239	0.47108631863423528	0.20685609227748072	-1	0.26423022635675453	-1	OK
14.000000000000000	1.2989237151484374	0.88452921437452692	0.56455946441999039	0.31996974995453636	0.41439450077391049	0.18182674668269500	-1	0.23256775409121550	-1	OK
14.250000000000000	1.1506386149565817	0.78512810534661570	0.50061331821540211	0.28451478713121375	0.36551050960996601	0.16009698107991507	-1	0.20541352853005093	-1	OK
14.500000000000000	1.0208308394539340	0.69792455158586075	0.44456588414326154	0.25335866744259938	0.32290628786807324	0.14119329636282679	-1	0.18171299150524645	-1	OK
14.750000000000000	0.90697847887591854	0.62128638562651994	0.39535498782243222	0.22593139780408780	0.28569209324939854	0.12454530950528354	-1	0.16114678374411501	-1	OK
15.000000000000000	0.80685405808662480	0.55382213751065190	0.35207425265416875	0.20174788485648298	0.25303192057597296	0.11018347106828115	-1	0.14284844950769182	-1	OK
15.250000000000000	0.71889130606318985	0.49433698376883817	0.31394684075740148	0.18039014301143669	0.22455432229435168	9.76244001816985729E-002	-1	0.12692992211265311	-1	OK
15.500000000000000	0.64131704217429097	0.44180358621637672	0.28030600718743037	0.16149757902894640	0.19951345595791425	8.66189248741471990E-002	-1	0.11289453108376706	-1	OK
15.750000000000000	0.57280793859615275	0.39533939528450485	0.25057877709734239	0.14476061818716235	0.17746854331164791	7.69598471828625980E-002	-1	0.10050869612878531	-1	OK
16.000000000000000	0.51222335841675115	0.35418397041373656	0.22427140559561540	0.12991256481812119	0.15803938800301462	6.84715607357537781E-002	-1	8.95678272672608411E-002	-1	OK
16.250000000000000	0.45859733033807315	0.31767779520538880	0.20095715680208939	0.11672063840329940	0.14091953513268435	6.09931727549645475E-002	-1	7.99263623777198007E-002	-1	OK
16.500000000000000	0.41118609735985401	0.28525265672762135	0.18026732479240723	0.10498533193521413	0.12593344063223269	5.43956304235153829E-002	-1	7.15378102087173007E-002	-1	OK
16.750000000000000	0.36898734585974324	0.25641243942190406	0.16188185415604239	9.45305852658616524E-002	0.11257490643783921	4.85696901354309707E-002	-1	6.40052163024082410E-002	-1	OK
17.000000000000000	0.33146087192514140	0.23072947285689999	0.14552351964175250	8.52059532151475257E-002	0.10073139906824140	4.34172372284789970E-002	-1	5.73141618397624009E-002	-1	OK
17.250000000000000	0.29814066938652339	0.20782889714727412	0.13095036064122120	7.68785365060528914E-002	9.03117722392492717E-002	3.88551550786212369E-002	-1	5.14566171606280348E-002	-1	OK
17.500000000000000	0.26839600963719434	0.18738423246169941	0.11795188436291067	6.94323480987887459E-002	8.10117771754949451E-002	3.47585695440776124E-002	-1	4.62532076314173327E-002	-1	OK
17.750000000000000	0.24187759773413064	0.16911168842265109	0.10634451283084526	6.27671755918058488E-002	7.27659093114795541E-002	3.11717939063400687E-002	-1	4.15941154051394854E-002	-1	OK
18.000000000000000	0.21819062459091521	0.15276072432835289	9.59673315866947513E-002	5.67933927416581427E-002	6.54299002625623322E-002	2.79821428162492190E-002	-1	3.74477574463131097E-002	-1	OK
18.250000000000000	0.19700152212840158	0.13811450145007345	8.66800759087496681E-002	5.14344255413237972E-002	5.88870206783281350E-002	2.51429644157418926E-002	-1	3.37440562625862389E-002	-1	OK
18.500000000000000	0.17803225950582824	0.12498038148693806	7.83590911914211485E-002	4.66212902955169470E-002	5.30518780188901848E-002	2.26131238502153796E-002	-1	3.04387541686748052E-002	-1	OK
18.750000000000000	0.16112143897159503	0.11318989396163459	7.08961596896530710E-002	4.22937342719815271E-002	4.79315450099604551E-002	2.02316861481572352E-002	-1	2.76998588618032199E-002	-1	OK
19.000000000000000	0.14584979427043712	0.10259565846871435	6.41961639729352607E-002	3.83994944957790699E-002	4.32541358017227637E-002	1.82295892780900796E-002	-1	2.50245465236326840E-002	-1	OK
19.250000000000000	0.13212581835213100	9.30662101226489014E-002	5.81750422401053485E-002	3.48911678825435598E-002	3.90596082294820957E-002	1.64401050467533408E-002	-1	2.26195031827287549E-002	-1	OK
19.500000000000000	0.11978606552234222	8.44867026436220137E-002	5.27589494270937140E-002	3.17277532165283135E-002	3.52993628787202085E-002	1.49037782194276231E-002	-1	2.03955846592925871E-002	-1	OK
19.750000000000000	0.10869457483320777	7.67550586587083528E-002	4.78825304940554974E-002	2.88725281646528796E-002	3.19395161744994091E-002	1.34640640028163942E-002	-1	1.84754521716830149E-002	-1	OK
20.000000000000000	9.86908735347096500E-002	6.97812919658228337E-002	4.34881074665240883E-002	2.62931844992987419E-002	2.89095815688868232E-002	1.21725871747078180E-002	-1	1.67369943941790070E-002	-1	OK
20.250000000000000	8.96709573597108262E-002	6.34859565920854046E-002	3.95246370149831203E-002	2.39613195771022913E-002	2.61850007676254180E-002	1.10132299400766548E-002	-1	1.51717708275487632E-002	-1	OK
20.500000000000000	8.15322989706080831E-002	5.77978043244164880E-002	3.59467242625524444E-002	2.18510800618640470E-002	2.37344946461915916E-002	9.97240926553133976E-003	-1	1.37620853806602519E-002	-1	OK
20.750000000000000	7.41914240984586915E-002	5.26542083117404261E-002	3.27142428838111191E-002	1.99399654279292932E-002	2.15372157867182688E-002	8.97612018391944280E-003	-1	1.25610956027988260E-002	-1	OK
21.000000000000000	6.75478462378723693E-002	4.79992209072127377E-002	2.97914671720161950E-002	1.82077537351965427E-002	1.95486253306596282E-002	8.13896894900989314E-003	-1	1.14096563816497350E-002	-1	OK
21.250000000000000	6.15321913592809661E-002	4.37830320158766120E-002	2.71466515170993399E-002	1.66363804987772687E-002	1.77491593434043506E-002	7.38473725935114532E-003	-1	1.03644220840532052E-002	-1	OK
21.500000000000000	5.60999368284213762E-002	3.99614201101022581E-002	2.47515495210419954E-002	1.52098705890602575E-002	1.61385167183191215E-002	6.70450221437096216E-003	-1	9.43401450394815849E-003	-1	OK
21.750000000000000	5.11717360674052782E-002	3.64948684656662761E-002	2.25809775480747751E-002	1.39138909175915010E-002	1.46768676017390038E-002	6.09093166310507080E-003	-1	8.58593593863393387E-003	-1	OK
22.000000000000000	4.67115076852243349E-002	3.33480883900515307E-002	2.06124762089312241E-002	1.27356121811203048E-002	1.33634192951728008E-002	5.53675561364480075E-003	-1	7.82666368152800003E-003	-1	OK
22.250000000000000	4.26584260403378851E-002	3.04897655177586505E-002	1.88260192419160144E-002	1.16637462758426465E-002	1.21686605225792381E-002	5.03292678682433579E-003	-1	7.13573373575490232E-003	-1	OK
22.500000000000000	3.89850550163905601E-002	2.78915312909639376E-002	1.72036229076365822E-002	1.06879083833273467E-002	1.10935237254266260E-002	4.57366487851586321E-003	-1	6.51985884691076278E-003	-1	OK
22.750000000000000	3.56444412890637857E-002	2.55281282231715895E-002	1.57292429183364078E-002	9.79888530483517990E-003	1.01163130658921997E-002	4.16447165822649880E-003	-1	5.95184140766570093E-003	-1	OK
23.000000000000000	3.26062422702686622E-002	2.33769565244817852E-002	1.43885112019072649E-002	8.98844532257451687E-003	9.22928574578687697E-003	3.79395488535641057E-003	-1	5.43533086043046683E-003	-1	OK
23.250000000000000	2.98427833547098564E-002	2.14176556372613035E-002	1.31685302620308323E-002	8.24912537523047294E-003	8.42512771744855470E-003	3.45849234494528075E-003	-1	4.96663537250327351E-003	-1	OK
23.500000000000000	2.73258022076701447E-002	1.96319911806504370E-002	1.20577453283927435E-002	7.57424585225769786E-003	7.69381102701970770E-003	3.15559536747483851E-003	-1	4.53821565954486920E-003	-1	OK
23.750000000000000	2.50370613773358980E-002	1.80037212446162477E-002	1.10458103392255553E-002	6.95791090539068461E-003	7.03334013271964941E-003	2.87605935590862010E-003	-1	4.15728077681102974E-003	-1	OK
24.000000000000000	2.29439793691815774E-002	1.65180147955099887E-002	1.01233635486700693E-002	6.39465124683991516E-003	6.42596457367159042E-003	2.62577468562173299E-003	-1	3.80018988804985743E-003	-1	OK
24.250000000000000	2.10396137313409899E-002	1.51616439430746867E-002	9.28203043280567686E-003	5.87961351026900642E-003	5.87796978826630231E-003	2.39847286027267516E-003	-1	3.47949692799362715E-003	-1	OK
24.500000000000000	1.93020120295316344E-002	1.39227309475049681E-002	8.51426493737116388E-003	5.40846601013380418E-003	5.37928108202666549E-003	2.18926594474897103E-003	-1	3.19001513727769446E-003	-1	OK
24.750000000000000	1.77156234448542782E-002	1.27903765629362350E-002	7.81322625802790584E-003	4.97715030490832738E-003	4.92524688191804411E-003	2.00174378311613298E-003	-1	2.92350309880191114E-003	-1	OK
25.000000000000000	1.62646663494218219E-002	1.17548974853707387E-002	7.17279219444426352E-003	4.58210529092647600E-003	4.50976886405108236E-003	1.82861150546621549E-003	-1	2.68115735858486665E-003	-1	OK
25.250000000000000	1.49408507563589237E-002	1.08075301354287109E-002	6.58742431795872677E-003	4.22010581746998324E-003	4.13332062093021285E-003	1.67319822775309729E-003	-1	2.46012239317711535E-003	-1	OK
25.500000000000000	1.37253708542719871E-002	9.94029329372913238E-003	6.05211226802488539E-003	3.88818102570424613E-003	3.78507756054285559E-003	1.53187705757795983E-003	-1	2.25320050296489577E-003	-1	OK
25.750000000000000	1.26162564733448123E-002	9.14606983412104280E-003	5.56235674799082820E-003	3.58371308613021373E-003	3.47018663922376907E-003	1.40304622050218338E-003	-1	2.06714041872158548E-003	-1	OK
26.000000000000000	1.15988621243082405E-002	8.41840566824403683E-003	5.11407829435232743E-003	3.30432737389170939E-003	3.18045645606420324E-003	1.28404210673623096E-003	-1	1.89641434932797228E-003	-1	OK
26.250000000000000	1.06706323795242985E-002	7.75137038973417944E-003	4.70356524416089012E-003	3.04780514557329019E-003	2.91926198979011947E-003	1.17701233131398543E-003	-1	1.74224965847613405E-003	-1	OK
26.500000000000000	9.81865132904845457E-003	7.13965018262906464E-003	4.32747287732232911E-003	2.81217730530673640E-003	2.67900114641939037E-003	1.07785430317012252E-003	-1	1.60114684324926784E-003	-1	OK
26.750000000000000	9.03826442428603757E-003	6.57841650882433002E-003	3.98276374404663274E-003	2.59565276477769728E-003	2.45984791546170669E-003	9.88743257713592047E-004	-1	1.47110465774811464E-003	-1	OK
27.000000000000000	8.32515671635172122E-003	6.06325117314503344E-003	3.66667755998567645E-003	2.39657361315935655E-003	2.26190554320668778E-003	9.07288392451432264E-004	-1	1.35461715075525552E-003	-1	OK
27.250000000000000	7.66720104847170777E-003	5.59018866664088773E-003	3.37672219506192622E-003	2.21346647157896108E-003	2.07701238183081961E-003	8.32565915128812310E-004	-1	1.24444646670200730E-003	-1	OK
27.500000000000000	7.06522637771858468E-003	5.15560284928082667E-003	3.11062739807585129E-003	2.04497545120497668E-003	1.90962352843775844E-003	7.63401608030178972E-004	-1	1.14622192040757936E-003	-1	OK
27.750000000000000	6.51148865324286622E-003	4.75620069619375144E-003	2.86633471020220380E-003	1.88986598599154699E-003	1.75528795704911499E-003	7.01154301929801421E-004	-1	1.05413365511931346E-003	-1	OK
28.000000000000000	6.00353626058491591E-003	4.38902020054342604E-003	2.64197842593578069E-003	1.74704177460764513E-003	1.61451606004148988E-003	6.44193426723218979E-004	-1	9.70322633318270898E-004	-1	OK
28.250000000000000	5.53734588332189994E-003	4.05132347557911592E-003	2.43585117868852941E-003	1.61547229689058738E-003	1.48602240774278424E-003	5.90490073715625881E-004	-1	8.95532334027158354E-004	-1	OK
28.500000000000000	5.10903520763050963E-003	3.74062032250513420E-003	2.24640142904360216E-003	1.49421889346153247E-003	1.36841488512537586E-003	5.42824959133214602E-004	-1	8.25589925992161258E-004	-1	OK
28.750000000000000	4.71364494400837615E-003	3.45465570624556382E-003	2.07221984105706528E-003	1.38243586518849875E-003	1.25898923776281255E-003	4.99156212221932467E-004	-1	7.59833025540880081E-004	-1	OK
29.000000000000000	4.35071560195249112E-003	3.19136923608510665E-003	1.91202010462343292E-003	1.27934913146167438E-003	1.15934636586738403E-003	4.59125763948936777E-004	-1	7.00220601918447256E-004	-1	OK
29.250000000000000	4.01678339365817670E-003	2.94886778245839840E-003	1.76462802635763034E-003	1.18423975610076827E-003	1.06791561119977808E-003	4.21855567881210106E-004	-1	6.46060043318567975E-004	-1	OK
29.500000000000000	3.70994196845424607E-003	2.72544145707649069E-003	1.62897741678445459E-003	1.09646404029203632E-003	9.84500511377755594E-004	3.88223062751340731E-004	-1	5.96277448626414863E-004	-1	OK
29.750000000000000	3.42725776413633967E-003	2.51952336696969125E-003	1.50409324252016386E-003	1.01543012444952740E-003	9.07734397166648521E-004	3.56993916768040336E-004	-1	5.50740480398608130E-004	-1	OK
30.000000000000000	3.16643284690507152E-003	2.32968462829678683E-003	1.38908635582445615E-003	9.40598272472330352E-004	8.36748218608284909E-004	3.28522149782710523E-004	-1	5.08226068825574440E-004	-1	OK
30.250000000000000	2.92654151956945902E-003	2.15462031243115679E-003	1.28314488114569542E-003	8.71475431285461581E-004	7.71921207138302453E-004	3.02269357159530171E-004	-1	4.69651849978772282E-004	-1	OK
30.500000000000000	2.70512861770403918E-003	1.99313024965720688E-003	1.18552482536592022E-003	8.07605424291286977E-004	7.11998368046832522E-004	2.78176414226404575E-004	-1	4.33821953820427947E-004	-1	OK
30.750000000000000	2.50059884256463843E-003	1.84411600117167845E-003	1.09554650372547645E-003	7.48569497446202104E-004	6.56482841392960086E-004	2.56037574756850270E-004	-1	4.00445266636109817E-004	-1	OK
31.000000000000000	2.31253411038943261E-003	1.70657552280004967E-003	1.01258935303392300E-003	6.93986169766126889E-004	6.05958587589383157E-004	2.35744986051602699E-004	-1	3.70213601537780458E-004	-1	OK
31.250000000000000	2.13871076094763763E-003	1.57959665782997491E-003	9.36085691597619471E-004	6.43510966232355326E-004	5.59114103117662941E-004	2.17123296620120448E-004	-1	3.41990806497542493E-004	-1	OK
31.500000000000000	1.97818601069009795E-003	1.46232326318845407E-003	8.65512295642488602E-004	5.96810967545965466E-004	5.15862747501643877E-004	2.00563000464812634E-004	-1	3.15299747036831271E-004	-1	OK
31.750000000000000	1.83043696146750518E-003	1.35399182688285204E-003	8.00394999872669640E-004	5.53596827010181965E-004	4.76445134584653138E-004	1.84784216134506842E-004	-1	2.91660918450146296E-004	-1	OK
32.000000000000000	1.69387216058521865E-003	1.25390018963998390E-003	7.40298397203774448E-004	5.13601792436209565E-004	4.39971970945234633E-004	1.70076462574064599E-004	-1	2.69895508371170061E-004	-1	OK
32.250000000000000	1.56710444653679793E-003	1.16139759217781264E-003	6.84821491449934955E-004	4.76576100727877901E-004	4.05706854358985341E-004	1.56898064389592631E-004	-1	2.48808789969392737E-004	-1	OK
32.500000000000000	1.45087518735896636E-003	1.07588652124982961E-003	6.33597253018734394E-004	4.42289268231094894E-004	3.74988666109136743E-004	1.44640534782181101E-004	-1	2.30348131326955642E-004	-1	OK
32.750000000000000	1.34325939449015286E-003	9.96821646085449846E-004	5.86289369252511960E-004	4.10532276832937832E-004	3.46437748404702960E-004	1.33371338663806845E-004	-1	2.13066409740896116E-004	-1	OK
33.000000000000000	1.24401363551189547E-003	9.23702696025041734E-004	5.42589291335901914E-004	3.81113404689139711E-004	3.20310939486853792E-004	1.23100625369458567E-004	-1	1.97210314117395226E-004	-1	OK
33.250000000000000	1.15190415575334168E-003	8.56064428600240932E-004	5.02212651839747145E-004	3.53851776760493570E-004	2.95839727153100805E-004	1.13640035336652390E-004	-1	1.82199691816448416E-004	-1	OK
33.500000000000000	1.06704264213373836E-003	7.93485500594548802E-004	4.64899675266952335E-004	3.28585825327596466E-004	2.73557141539189559E-004	1.04922825679166392E-004	-1	1.68634315860023167E-004	-1	OK
33.750000000000000	9.88487688609586586E-004	7.35571399270043428E-004	4.30410152533662507E-004	3.05161246736381029E-004	2.52916289339543104E-004	9.67725915914455508E-005	-1	1.56143697748097553E-004	-1	OK
34.000000000000000	9.15876716430593816E-004	6.81964419634322914E-004	3.98524807196471483E-004	2.83439612437851377E-004	2.33912296796270956E-004	8.93762729825033211E-005	-1	1.44536023813767649E-004	-1	OK
34.250000000000000	8.48666005892501855E-004	6.32338577080803800E-004	3.69042524865332059E-004	2.63296052215471687E-004	2.16327428811698109E-004	8.24383291222945347E-005	-1	1.33889099689403588E-004	-1	OK
34.500000000000000	7.86530618018016882E-004	5.86389746946876299E-004	3.41777258993873905E-004	2.44612487953002340E-004	2.00140871071140584E-004	7.61957512698374081E-005	-1	1.23945119801303189E-004	-1	OK
34.750000000000000	7.28929649916393936E-004	5.43836848577099337E-004	3.16557699819451166E-004	2.27279148757648279E-004	1.85092801339294599E-004	7.04008963212395097E-005	-1	1.14691905018055089E-004	-1	OK
35.000000000000000	6.75739119154603897E-004	5.04421552516883388E-004	2.93226464581609187E-004	2.11195087935274147E-004	1.71317566637720482E-004	6.49690078738014313E-005	-1	1.06348558763919051E-004	-1	OK
35.250000000000000	6.26432438975902837E-004	4.67908680796464999E-004	2.71639275862923548E-004	1.96269404933541478E-004	1.58523758179437784E-004	6.00423124666420437E-005	-1	9.84814457127957402E-005	-1	OK
35.500000000000000	5.80760657576215094E-004	4.34078271467988836E-004	2.51662430176252411E-004	1.82415841291736505E-004	1.46682386108226286E-004	5.54473399436655425E-005	-1	9.12350461645607434E-005	-1	OK
35.750000000000000	5.38496676140206069E-004	4.02727562829676929E-004	2.33172831820057654E-004	1.69554731009619275E-004	1.35769113310529112E-004	5.11294313835355531E-005	-1	8.46396819269935657E-005	-1	OK
36.000000000000000	4.99381721766221790E-004	3.73669833877657330E-004	2.16057284800086694E-004	1.57612549077570610E-004	1.25711887888564432E-004	4.73386909340051728E-005	-1	7.83731969545592596E-005	-1	OK
36.250000000000000	4.63073212957165997E-004	3.46733216289014153E-004	2.00211530372938599E-004	1.46521685916075418E-004	1.16339996668151857E-004	4.37275512913709555E-005	-1	7.26124453767808947E-005	-1	OK
36.500000000000000	4.29474002420633519E-004	3.21761135262493587E-004	1.85539895163205578E-004	1.36221240099288008E-004	1.07712867158139919E-004	4.03880129274289436E-005	-1	6.73248542307109689E-005	-1	OK
36.750000000000000	3.98293400031842154E-004	2.98607116497519147E-004	1.71953640598030701E-004	1.26653475899488418E-004	9.96862835343229943E-005	3.72974253400020284E-005	-1	6.23888581943209727E-005	-1	OK
37.000000000000000	3.69382774094106057E-004	2.77136488498867805E-004	1.59371046630316798E-004	1.17765441868550953E-004	9.22462855952382383E-005	3.44552371391266757E-005	-1	5.77910484561115626E-005	-1	OK
37.250000000000000	3.42600699752116853E-004	2.57223885747895115E-004	1.47716484226375082E-004	1.09507401521520033E-004	8.53768140042217381E-005	3.18361884745099703E-005	-1	5.35406255297117678E-005	-1	OK
37.500000000000000	3.17786505455019822E-004	2.38754256300346680E-004	1.36920463000193317E-004	1.01833793300153404E-004	7.90322491546731283E-005	2.94458153028847852E-005	-1	4.95864338517883397E-005	-1	OK
37.750000000000000	2.94773097350756435E-004	2.21621862003771529E-004	1.26918814777960819E-004	9.47030472258106689E-005	7.31512353469849065E-005	2.72366978651064532E-005	-1	4.59145374818784567E-005	-1	OK
38.000000000000000	2.73479818546852615E-004	2.05728132503152161E-004	1.17652102320106724E-004	8.80760301830454365E-005	6.77516860437004683E-005	2.51620635466349958E-005	-1	4.25896224970654725E-005	-1	OK
38.250000000000000	2.53712485237088045E-004	1.90980547664536108E-004	1.09065206071273530E-004	8.19153415932625780E-005	6.27319375725519642E-005	2.32770855729608988E-005	-1	3.94548519995910688E-005	-1	OK
38.500000000000000	2.35344387257035049E-004	1.77295401204111711E-004	1.01107695511878768E-004	7.61877056922329287E-005	5.80489860529233447E-005	2.15344513373537017E-005	-1	3.65145347155696430E-005	-1	OK
38.750000000000000	2.18355740137672253E-004	1.64595750929867623E-004	9.37330379430289731E-005	7.08627129868386366E-005	5.37599892078046226E-005	1.98864955074234216E-005	-1	3.38734937003812010E-005	-1	OK
39.000000000000000	2.02618921255777451E-004	1.52810107786886264E-004	8.68980785651655703E-005	6.59120292217206939E-005	4.98088134688911871E-005	1.83477301090026126E-005	-1	3.14610833598885745E-005	-1	OK
39.250000000000000	1.88035634504621720E-004	1.41871549065799999E-004	8.05628008899117681E-005	6.13087481758882306E-005	4.61640854388217149E-005	1.69757377510579771E-005	-1	2.91883476877637378E-005	-1	OK
39.500000000000000	1.74472493460393321E-004	1.31718409418959389E-004	7.46902538865204410E-005	5.70281555324389280E-005	4.27540840414339455E-005	1.57070107590415803E-005	-1	2.70470732823923652E-005	-1	OK
39.750000000000000	1.61901922350381558E-004	1.22293391050989838E-004	6.92462713011565830E-005	5.30471197498332681E-005	3.96085312993917134E-005	1.45335722153329913E-005	-1	2.50749590840587238E-005	-1	OK
40.000000000000000	1.50230517969523016E-004	1.13544164568180232E-004	6.41993825566076890E-005	4.93447820115725365E-005	3.66863534013427703E-005	1.34475340514563241E-005	-1	2.32388193498864445E-005	-1	OK
40.250000000000000	1.39402197846155696E-004	1.05421913677382511E-004	5.95203471648458475E-005	4.59015665125366766E-005	3.39802841687731987E-005	1.24369119893008530E-005	-1	2.15433721794723473E-005	-1	OK
40.500000000000000	1.29358069960314848E-004	9.78805661398483986E-005	5.51819771889759287E-005	4.26985889508724767E-005	3.14775038204664429E-005	1.15080545116696878E-005	-1	1.99694493087967568E-005	-1	OK
40.750000000000000	1.20043570723976829E-004	9.08778437909680365E-005	5.11592466140220462E-005	3.97185971769459768E-005	2.91657269330087993E-005	1.06360090921858541E-005	-1	1.85297178408229452E-005	-1	OK
41.000000000000000	1.11353997414510687E-004	8.43754284535147911E-005	4.74291595419545540E-005	3.69462689115602236E-005	2.69785689609958994E-005	9.84198774691799247E-006	-1	1.71365812140779069E-005	-1	OK
41.250000000000000	1.03314537123815891E-004	7.83375866372781757E-005	4.39703739486817065E-005	3.43672126885964625E-005	2.49769504865377186E-005	9.09504261394806582E-006	-1	1.58819078725896528E-005	-1	OK
41.500000000000000	9.58777714327594321E-005	7.27309439693709758E-005	4.07630725972615789E-005	3.19678713721093901E-005	2.31468274633884529E-005	8.41623860483987960E-006	-1	1.47305888585485733E-005	-1	OK
41.750000000000000	8.89701249711742615E-005	6.75247479415153485E-005	3.77889639423141781E-005	2.97357839992011907E-005	2.14453770296589197E-005	7.78806953188098090E-006	-1	1.36573074977779388E-005	-1	OK
42.000000000000000	8.25555080657961382E-005	6.26901735051835527E-005	3.50309868644448807E-005	2.76591866407386687E-005	1.98653345606125821E-005	7.19734106518334948E-006	-1	1.26679934954292326E-005	-1	OK
42.250000000000000	7.65937281097790968E-005	5.82003656818127913E-005	3.24733656306545090E-005	2.57270000511582789E-005	1.83933624279663021E-005	6.65102040483138258E-006	-1	1.17423420231349187E-005	-1	OK
42.500000000000000	7.10715010209416647E-005	5.40309873731208349E-005	3.01015701348772553E-005	2.39294172382435796E-005	1.70405136478208366E-005	6.15491700643809412E-006	-1	1.08855966413827416E-005	-1	OK
42.750000000000000	6.59375202364392030E-005	5.01590524103029978E-005	2.79020341759391798E-005	2.22570182343638146E-005	1.57784678261361984E-005	5.68086835321912232E-006	-1	1.00975994729170753E-005	-1	OK
43.000000000000000	6.11787416449310450E-005	4.65628323477268268E-005	2.58621254386283640E-005	2.07007069090984695E-005	1.46159092972042114E-005	5.25699263436687282E-006	-1	9.35891666283733862E-006	-1	OK
43.250000000000000	5.67600578873917510E-005	4.32224670236645129E-005	2.39702468350526950E-005	1.92522201886118111E-005	1.35375908637272398E-005	4.86466609993270285E-006	-1	8.67292476379453696E-006	-1	OK
43.500000000000000	5.26617273792280734E-005	4.01201998135440290E-005	2.22157626005864931E-005	1.79044372129575461E-005	1.25415275656840427E-005	4.49717140941415491E-006	-1	8.04435615626988777E-006	-1	OK
43.750000000000000	4.88522334781839969E-005	3.72390721342046361E-005	2.05887053566367734E-005	1.66503667775678593E-005	1.16131613439793642E-005	4.16021589901237406E-006	-1	7.45294544496699010E-006	-1	OK
44.000000000000000	4.53206369012055895E-005	3.45633168842633237E-005	1.90798327644846711E-005	1.54834841197786458E-005	1.07573200169422641E-005	3.83938032661567016E-006	-1	6.91793969032659394E-006	-1	OK
44.250000000000000	4.20369775950141177E-005	3.20782877978588546E-005	1.76805707366920347E-005	1.43977170611668216E-005	9.95868979715526303E-006	3.55475724384157959E-006	-1	6.40393255331368386E-006	-1	OK
44.500000000000000	3.89915449397060170E-005	2.97704588298063409E-005	1.63829816522229590E-005	1.33874771775833836E-005	9.22108610989967606E-006	3.28495191499259021E-006	-1	5.93613419490708585E-006	-1	OK
44.750000000000000	3.61670401751384722E-005	2.76272182214910160E-005	1.51796984877938662E-005	1.24475197336971464E-005	8.53982195364745449E-006	3.03911706517639949E-006	-1	5.50070488847105499E-006	-1	OK
45.000000000000000	3.35464197533917472E-005	2.56368551109753620E-005	1.40638877405900526E-005	1.15729673703853127E-005	7.90956464241638351E-006	2.80818935610975429E-006	-1	5.10137528630662964E-006	-1	OK
45.250000000000000	3.11127459045507543E-005	2.37883860933984191E-005	1.30291865325005748E-005	1.07591995608978510E-005	7.32435981115233435E-006	2.59258915071842475E-006	-1	4.73177066043390960E-006	-1	OK
45.500000000000000	2.88567843476017869E-005	2.20716808584400545E-005	1.20697120938092701E-005	1.00019687646307896E-005	6.78510348916173152E-006	2.39821168569907631E-006	-1	4.38689180346265564E-006	-1	OK
45.750000000000000	2.67572426362837335E-005	2.04773580844444617E-005	1.11800280129999801E-005	9.29733007144447994E-006	6.27988455183927346E-006	2.21829279049825009E-006	-1	4.06159176134102338E-006	-1	OK
46.000000000000000	2.48140614288818515E-005	1.89967997030135460E-005	1.03551080920078565E-005	8.64169161100568777E-006	5.81726172586830549E-006	2.04977201578386977E-006	-1	3.76748971008443571E-006	-1	OK
46.250000000000000	2.30039848653854152E-005	1.76219806611203152E-005	9.59028541670976865E-006	8.03169524441054651E-006	5.38200420426510172E-006	1.89379422642269612E-006	-1	3.48820997784240560E-006	-1	OK
46.500000000000000	2.13265296079797370E-005	1.63454905650895136E-005	8.88123185818885948E-006	7.46425870690065074E-006	4.98103904289022167E-006	1.74994908373967049E-006	-1	3.23108995915055118E-006	-1	OK
46.750000000000000	1.97685560357340080E-005	1.51603273939042831E-005	8.22389982615057128E-006	6.93642756775371526E-006	4.60822864182972321E-006	1.61689127634356275E-006	-1	2.99133736548616046E-006	-1	OK
47.000000000000000	1.83281668205071809E-005	1.40599243859049172E-005	7.61453021040172719E-006	6.44539417550318912E-006	4.26824243460226292E-006	1.49136199279654450E-006	-1	2.77688044180571821E-006	-1	OK
47.250000000000000	1.69885040624314335E-005	1.30382826981745734E-005	7.04966130793961191E-006	5.98862139023495976E-006	3.95022136425685924E-006	1.37887794540214158E-006	-1	2.57134341885471766E-006	-1	OK
47.500000000000000	1.57367347597481986E-005	1.20899096722064283E-005	6.52608755255126410E-006	5.56382211965516503E-006	3.64682508754176991E-006	1.27477877762018868E-006	-1	2.37204630992158124E-006	-1	OK
47.750000000000000	1.45852526073551402E-005	1.12094448791948579E-005	6.04077890090779141E-006	5.16866597828706560E-006	3.37580772816028279E-006	1.17709596687611678E-006	-1	2.19871176128416601E-006	-1	OK
48.000000000000000	1.35161608492471439E-005	1.03920297613620198E-005	5.59096143840593165E-006	4.80106832295608986E-006	3.12413108788512411E-006	1.08716559077987917E-006	-1	2.03696549710524493E-006	-1	OK
48.250000000000000	1.25233819016082532E-005	9.63320734732539619E-006	5.17407773717219859E-006	4.45912961015319846E-006	2.89017455428285787E-006	1.00351289379062932E-006	-1	1.88666166049222855E-006	-1	OK
48.500000000000000	1.16038717209059618E-005	8.92891315806486139E-006	4.78776475891227014E-006	4.14114839915259125E-006	2.67495856284109995E-006	9.26636883866775711E-007	-1	1.74832167897432413E-006	-1	OK
48.750000000000000	1.07487033982197626E-005	8.27523652303428495E-006	4.42980054127634162E-006	3.84543598175794248E-006	2.47346687518547854E-006	8.56255493386916685E-007	-1	1.61721138179856196E-006	-1	OK
49.000000000000000	9.95675669932343599E-006	7.66863854131304949E-006	4.09814400500940466E-006	3.57049453630364314E-006	2.28811815801038692E-006	7.90125478364199659E-007	-1	1.49799267964618715E-006	-1	OK
49.250000000000000	9.22280740458917006E-006	7.10576419046590509E-006	3.79088139465236915E-006	3.31488279581353509E-006	2.11704321412326539E-006	7.28952447819993440E-007	-1	1.38809076630327195E-006	-1	OK
49.500000000000000	8.54244479768525677E-006	6.58348558088444337E-006	3.50623779493351297E-006	3.07724778595092955E-006	1.95895921680081425E-006	6.72514625196426967E-007	-1	1.28644459160438739E-006	-1	OK
49.750000000000000	7.91094266278172152E-006	6.09888964907259009E-006	3.24256641182708607E-006	2.85632323724550317E-006	1.81205301370913186E-006	6.21091309098708345E-007	-1	1.19096170461042351E-006	-1	OK
50.000000000000000	7.32344398434173072E-006	5.64933977769825504E-006	2.99835142964077264E-006	2.65098834805748240E-006	1.67410420664347526E-006	5.72794291125116279E-007	-1	1.10130991551835898E-006	-1	OK
50.250000000000000	6.77954126336240000E-006	5.23228213517643184E-006	2.77216063258752305E-006	2.46012150258890879E-006	1.54725912818596837E-006	5.28118406759837399E-007	-1	1.01914072142613097E-006	-1	OK
50.500000000000000	6.27444416733191434E-006	4.84532564028322225E-006	2.56267117217150646E-006	2.28265446811171621E-006	1.42911852704869188E-006	4.87748125623856162E-007	-1	9.41370401424835718E-007	-1	OK
50.750000000000000	5.80636013426814228E-006	4.48638713266226230E-006	2.36868440421129369E-006	2.11770272845096861E-006	1.31997300160587998E-006	4.49506422154992680E-007	-1	8.70466579450887248E-007	-1	OK
51.000000000000000	5.37299014012476739E-006	4.15350363563098097E-006	2.18908118580866338E-006	1.96442244982231758E-006	1.21948650449378600E-006	4.14940979301283835E-007	-1	8.04545525192502168E-007	-1	OK
51.250000000000000	4.97150675144508976E-006	3.84482677440758288E-006	2.02281374433162591E-006	1.82201303007595760E-006	1.12667997703750667E-006	3.82501220035376830E-007	-1	7.44178757002129786E-007	-1	OK
51.500000000000000	4.59923190352138790E-006	3.55861016601849744E-006	1.86890553247826801E-006	1.68970463354023006E-006	1.04062173750289025E-006	3.49980251403151497E-007	-1	6.90641486099738698E-007	-1	OK
51.750000000000000	4.25486537757890530E-006	3.29324521643805388E-006	1.72645292268283563E-006	1.56679229375521804E-006	9.61620161140851632E-007	3.23339662130690752E-007	-1	6.38280499010160880E-007	-1	OK
52.000000000000000	3.93497225362027763E-006	3.04725268837369689E-006	1.59462169763303831E-006	1.45263099074065836E-006	8.87719565246580418E-007	2.98864731311315922E-007	-1	5.88854833935264496E-007	-1	OK
52.250000000000000	3.63898852364575483E-006	2.81924305710185980E-006	1.47263177805925182E-006	1.34661127904260840E-006	8.19745466543894926E-007	2.74692535437055466E-007	-1	5.45052931106839460E-007	-1	OK
52.500000000000000	3.36447102455531783E-006	2.60789958612136800E-006	1.35975649481311312E-006	1.24814309130825508E-006	7.56571438433950046E-007	2.53313354062250013E-007	-1	5.03258084371699980E-007	-1	OK
52.750000000000000	3.11040764754037928E-006	2.41202872207191411E-006	1.25532677432757877E-006	1.15670194774433533E-006	6.98378925468465073E-007	2.33559926960965765E-007	-1	4.64818998507499334E-007	-1	OK
53.000000000000000	2.87545267946475069E-006	2.23050248069808873E-006	1.15871981215764521E-006	1.07178266854044352E-006	6.44950198766662059E-007	2.15311675061061283E-007	-1	4.29638523705600749E-007	-1	OK
53.250000000000000	2.65735608299878895E-006	2.06228809402391465E-006	1.06936110016154634E-006	9.92926993862368091E-007	5.95067988974874202E-007	1.98456121111171145E-007	-1	3.96611867863703084E-007	-1	OK
53.500000000000000	2.45526693520640969E-006	1.90642830992882580E-006	9.86720768099797386E-007	9.19707541829028304E-007	5.48838625277583892E-007	1.82563815513973753E-007	-1	3.66274809763610139E-007	-1	OK
53.750000000000000	2.26822859359267489E-006	1.76207222586561386E-006	9.10312563828620711E-007	8.51759662036992936E-007	5.06156367727060925E-007	1.67064561855279147E-007	-1	3.39091805871781752E-007	-1	OK
54.000000000000000	2.09481554763248671E-006	1.62838895563493590E-006	8.39675316899679236E-007	7.88713638735256350E-007	4.66426591997550911E-007	1.53892034468443687E-007	-1	3.12534557529107250E-007	-1	OK
54.250000000000000	1.93428265688713364E-006	1.50460009216862401E-006	7.74380278182916321E-007	7.30219813985707481E-007	4.29682564718509624E-007	1.41739118593571970E-007	-1	2.87943446124937654E-007	-1	OK
54.500000000000000	1.78541308333723771E-006	1.38996907374341008E-006	7.14028659163477837E-007	6.75940414579932459E-007	3.95444009593827678E-007	1.30520883687424418E-007	-1	2.64923125906403259E-007	-1	OK
54.750000000000000	1.64816127398225961E-006	1.28385007011269523E-006	6.58257894259947691E-007	6.25592175852747859E-007	3.64311203869564322E-007	1.20328859909803207E-007	-1	2.43982343959761089E-007	-1	OK
55.000000000000000	1.52157233856900708E-006	1.18562662371178004E-006	6.06727680335028830E-007	5.78898943376751632E-007	3.35945714857227099E-007	1.10783046789814087E-007	-1	2.25162668067412999E-007	-1	OK
55.250000000000000	1.40392193801257926E-006	1.09471098296593763E-006	5.59118921807044730E-007	5.35592061158892798E-007	3.09210955046641681E-007	1.01311820469827070E-007	-1	2.07899134576814598E-007	-1	OK
55.500000000000000	1.29555563542281432E-006	1.01056036171298914E-006	5.15138126081993607E-007	4.95422235630995639E-007	2.84995273709825233E-007	9.32260165219301437E-008	-1	1.91769257187895076E-007	-1	OK
55.750000000000000	1.19517156323898006E-006	9.32678734113667822E-007	4.74515697953049865E-007	4.58163036160617904E-007	2.62492829125312180E-007	8.57677376257798844E-008	-1	1.76725091499532283E-007	-1	OK
56.000000000000000	1.10215344641686040E-006	8.60628512978311249E-007	4.37005919510916549E-007	4.23622593467394647E-007	2.41524933438549094E-007	7.88900063143811841E-008	-1	1.62634927124167910E-007	-1	OK
56.250000000000000	1.01625906623343494E-006	7.93990949915371810E-007	4.02377753430285202E-007	3.91613196485086660E-007	2.22268116318063187E-007	7.25501077903631895E-008	-1	1.49718008527700011E-007	-1	OK
56.500000000000000	9.36919753026849838E-007	7.32365233757577221E-007	3.70414137061470469E-007	3.61951096696106857E-007	2.04554519269272617E-007	6.67047966415421606E-008	-1	1.37849722627730457E-007	-1	OK
56.750000000000000	8.63663759723831393E-007	6.75385484722855791E-007	3.40915582921067676E-007	3.34469901801788327E-007	1.88278275000975655E-007	6.13162815004294259E-008	-1	1.26961993500546229E-007	-1	OK
57.000000000000000	7.95737438186557128E-007	6.22708372270370977E-007	3.13696524320854281E-007	3.09011847949516855E-007	1.73029065916186178E-007	5.63086091962526462E-008	-1	1.16720456719933525E-007	-1	OK
57.250000000000000	7.33334772207069872E-007	5.74019527808570060E-007	2.88585319368002125E-007	2.85434208440568041E-007	1.59315244398499864E-007	5.16744996947122633E-008	-1	1.07640744703787608E-007	-1	OK
57.500000000000000	6.75405961007793177E-007	5.29021396215385804E-007	2.65422437592696908E-007	2.63598958622688896E-007	1.46384564792407372E-007	4.74076661474963844E-008	-1	9.89768986449109815E-008	-1	OK
57.750000000000000	6.21949964563086125E-007	4.87440716959793129E-007	2.44060135346329051E-007	2.43380581613464078E-007	1.34509247603292996E-007	4.34183629133484951E-008	-1	9.10908846899445008E-008	-1	OK
58.000000000000000	5.72635805223496208E-007	4.49021140845245165E-007	2.24361847546790507E-007	2.24659293298454578E-007	1.23614664378251097E-007	3.98146253460467202E-008	-1	8.38000390322043831E-008	-1	OK
58.250000000000000	5.27075291154599444E-007	4.13530845111442662E-007	2.06201472051291921E-007	2.07329373060150794E-007	1.13544446043156783E-007	3.64933984519511537E-008	-1	7.70510475912056290E-008	-1	OK
58.500000000000000	4.85057988840282926E-007	3.80744763024715442E-007	1.89461413538994322E-007	1.91283349485721199E-007	1.04313225815567471E-007	3.34862270529072089E-008	-1	7.08269987626602557E-008	-1	OK
58.750000000000000	4.46187988409811753E-007	3.50475576122807593E-007	1.74037043128700260E-007	1.76438532994107280E-007	9.57124122870041466E-008	3.06565131128316192E-008	-1	6.50558991741725274E-008	-1	OK
59.000000000000000	4.10356602230421429E-007	3.22538452570910925E-007	1.59828082419379882E-007	1.62710370151531042E-007	8.78181496595105172E-008	2.80801323867153303E-008	-1	5.97380172727951902E-008	-1	OK
59.250000000000000	3.77330698218948113E-007	2.96753149808984275E-007	1.46740129608086376E-007	1.50013020200897899E-007	8.05775484099638374E-008	2.56833374828780851E-008	-1	5.48942109270857490E-008	-1	OK
59.500000000000000	3.46835697911291152E-007	2.72958247867769079E-007	1.34687495025011999E-007	1.38270752842757107E-007	7.38774500435220863E-008	2.35228346543830937E-008	-1	5.03546153891389893E-008	-1	OK
59.750000000000000	3.18803648023692803E-007	2.51009040577935855E-007	1.23591634404519809E-007	1.27417406173415966E-007	6.77946074457569744E-008	2.15175851637652454E-008	-1	4.62770222819917324E-008	-1	OK
60.000000000000000	2.92862781272600792E-007	2.30764359151668124E-007	1.13378167165473360E-007	1.17386191986194777E-007	6.20984221209326675E-008	1.96657776439134313E-008	-1	4.24326444770192362E-008	-1	OK
60.250000000000000	2.69050948110925517E-007	2.12092931473034688E-007	1.03978492374744943E-007	1.08114439098289732E-007	5.69580166378908094E-008	1.79914406793050415E-008	-1	3.89665759585857712E-008	-1	OK
60.500000000000000	2.47032611793658282E-007	1.94878003830494911E-007	9.53302369610554170E-008	9.95477668694394674E-008	5.21546079631633646E-008	1.64425963067548056E-008	-1	3.57120116564085623E-008	-1	OK
60.750000000000000	2.26786316331630695E-007	1.79010100428704079E-007	8.73752765721510443E-008	9.16348238565530213E-008	4.77762159029266095E-008	1.50321081047879347E-008	-1	3.27441077981386747E-008	-1	OK
61.000000000000000	2.08066797845021043E-007	1.64383475435476949E-007	8.00590523834994533E-008	8.43244230519774824E-008	4.36833224095440877E-008	1.37308221945347385E-008	-1	2.99525002150093508E-008	-1	OK
61.250000000000000	1.90901571146879857E-007	1.50905909141762983E-007	7.33327427148699360E-008	7.75731664268929943E-008	3.99956620051168741E-008	1.25270101486800408E-008	-1	2.74686518564368333E-008	-1	OK
61.500000000000000	1.75084755843109908E-007	1.38494248006398377E-007	6.71510520219947923E-008	7.13431959844035843E-008	3.65905078367115248E-008	1.14490755794803520E-008	-1	2.51414322572311728E-008	-1	OK
61.750000000000000	1.60545603456853073E-007	1.27064946761608797E-007	6.14708140233557509E-008	6.55941327382530196E-008	3.34806566952442692E-008	1.04497633298870297E-008	-1	2.30308933653572379E-008	-1	OK
62.000000000000000	1.47109507909777558E-007	1.16541094023829586E-007	5.62523999663371718E-008	6.02886940574924074E-008	3.05684138859479657E-008	9.53051675488406485E-009	-1	2.10378971310638992E-008	-1	OK
62.250000000000000	1.34766149977658122E-007	1.06853375434485465E-007	5.14597543435189894E-008	5.53936210909664494E-008	2.79127745431726530E-008	8.69174245363837126E-009	-1	1.92210320895342818E-008	-1	OK
62.500000000000000	1.23457542410338387E-007	9.79421086100516037E-008	4.70601579290884298E-008	5.08819506809631871E-008	2.55154338002867800E-008	7.92516829063370211E-009	-1	1.75902655096530763E-008	-1	OK
62.750000000000000	1.13043865496487214E-007	8.97436735353837620E-008	4.30216525408996441E-008	4.67220209944841047E-008	2.33001919611034515E-008	7.21875396638735218E-009	-1	1.60814379947161001E-008	-1	OK
63.000000000000000	1.03493805124052628E-007	8.22015386277776239E-008	3.93155267391899769E-008	4.28860118885876470E-008	2.12922664962750074E-008	6.57541293248532429E-009	-1	1.47168535637896840E-008	-1	OK
63.250000000000000	9.46820883920434709E-008	7.52689765388896960E-008	3.59162814966067240E-008	3.93526950422829786E-008	1.94131118531537782E-008	5.98442105321728614E-009	-1	1.34286907999364921E-008	-1	OK
63.500000000000000	8.65919683766710403E-008	6.88983855754110469E-008	3.27993273140929357E-008	3.60990582613180980E-008	1.76935828012599901E-008	5.45368567591092260E-009	-1	1.22398971253490667E-008	-1	OK
63.750000000000000	7.91800695075782307E-008	6.30445514217224898E-008	2.99418068244191549E-008	3.31027445973033416E-008	1.61355180858557376E-008	4.93326973422082029E-009	-1	1.12022483516349181E-008	-1	OK
64.000000000000000	7.23715160171308434E-008	5.76670148618873316E-008	2.73229806502235643E-008	3.03440342116637607E-008	1.47045011552435167E-008	4.48716665422600960E-009	-1	1.02173345010175071E-008	-1	OK
64.250000000000000	6.61323972789459063E-008	5.27306975609173973E-008	2.49241104590870671E-008	2.78065871018303302E-008	1.34016997180285140E-008	4.08413500129475974E-009	-1	9.31756471673375427E-009	-1	OK
64.500000000000000	6.03923868809013476E-008	4.82000059336851190E-008	2.27271392854054787E-008	2.54728666482796336E-008	1.21923809472162286E-008	3.70976282990677117E-009	-1	8.48261811730945704E-009	-1	OK
64.750000000000000	5.51478529140978175E-008	4.40411545249594752E-008	2.07153343873208081E-008	2.33258201376386672E-008	1.11066983891383456E-008	3.38155240000599180E-009	-1	7.72514598913235378E-009	-1	OK
65.000000000000000	5.03131898083128669E-008	4.02241875219218102E-008	1.88736713736219004E-008	2.13505161482999032E-008	1.00890022863910601E-008	3.06861643566767541E-009	-1	7.02038585072338507E-009	-1	OK
65.250000000000000	4.59120089188018871E-008	3.67230962402126227E-008	1.71885258161169230E-008	1.95345704240957030E-008	9.18891267858926436E-009	2.78417281695133493E-009	-1	6.40473986163792902E-009	-1	OK
65.500000000000000	4.18647951814696378E-008	3.35126085163243032E-008	1.56471187625499628E-008	1.78654897537743371E-008	8.35218666514533461E-009	2.52438462461400914E-009	-1	5.82780204053132547E-009	-1	OK
65.750000000000000	3.81469916941090279E-008	3.05694838931759661E-008	1.42376968108918949E-008	1.63317870822840811E-008	7.57750780093306174E-009	2.29097983979806949E-009	-1	5.28652796113499226E-009	-1	OK
66.000000000000000	3.47626719781825287E-008	2.78728441387115456E-008	1.29495764668723702E-008	1.49232676718391770E-008	6.88982783947098478E-009	2.07418160634991573E-009	-1	4.81564623312106905E-009	-1	OK
66.250000000000000	3.16534400786133134E-008	2.54033082775647673E-008	1.17728174456094555E-008	1.36304908319553167E-008	6.25013180104854444E-009	1.87612202213420977E-009	-1	4.37400977891433468E-009	-1	OK
66.500000000000000	2.88077334117894479E-008	2.31425865581482358E-008	1.06982484311833747E-008	1.24443381269648661E-008	5.66514685364121127E-009	1.69789373226800835E-009	-1	3.96725312137320271E-009	-1	OK
66.750000000000000	2.62123168347336631E-008	2.10744146519312232E-008	9.71748489793627303E-009	1.13569297539949551E-008	5.13790218280243829E-009	1.53618325952024932E-009	-1	3.60171892328218897E-009	-1	OK
67.000000000000000	2.38421162404135996E-008	1.91831841751918207E-008	8.82267453172807689E-009	1.03605096434637471E-008	4.65893206522177886E-009	1.38977695551269762E-009	-1	3.26915510970908124E-009	-1	OK
67.250000000000000	2.16706567557190026E-008	1.74539148466175746E-008	8.00649451845036398E-009	9.44742032816721391E-009	4.21674190910142966E-009	1.25694745439301117E-009	-1	2.95979445470841828E-009	-1	OK
67.500000000000000	1.96964873617483491E-008	1.58735373189190170E-008	7.26236410008654728E-009	8.61117321883246809E-009	3.82295004282933374E-009	1.13379988197394022E-009	-1	2.68915016085539352E-009	-1	OK
67.750000000000000	1.78879939789507341E-008	1.44291812362241709E-008	6.58405102891893167E-009	7.84513020730524086E-009	3.45881274272656491E-009	1.02218744288208268E-009	-1	2.43662529984448202E-009	-1	OK
68.000000000000000	1.62423610340000250E-008	1.31097885416233231E-008	5.96603462827859751E-009	7.14375391334472477E-009	3.13257249237670103E-009	9.23033184466518951E-010	-1	2.20953930791018219E-009	-1	OK
68.250000000000000	1.47351305094941602E-008	1.19048884891371405E-008	5.40318277717080855E-009	6.50170571196633280E-009	2.83024202035701885E-009	8.32336977980803767E-010	-1	1.99790504237621487E-009	-1	OK
68.500000000000000	1.33610529542572893E-008	1.08049940110445829E-008	4.89078678145874619E-009	5.91420722958583838E-009	2.55605894321270559E-009	7.50489235936144148E-010	-1	1.80556970727656134E-009	-1	OK
68.750000000000000	1.21095281520774673E-008	9.80132120527656465E-009	4.42454132752130411E-009	5.37677987775525888E-009	2.30820694680090307E-009	6.76829978119438422E-010	-1	1.63137696868146475E-009	-1	OK
69.000000000000000	1.09694938420129143E-008	8.88609367199606610E-009	4.00054270452442520E-009	4.88555096747164091E-009	2.08340017001684780E-009	6.09466215845765354E-010	-1	1.47393395417108235E-009	-1	OK
69.250000000000000	9.93081710669739123E-009	8.05194668879342931E-009	3.61516448923647683E-009	4.43678219955695248E-009	1.87887041790396150E-009	5.43742270795878243E-010	-1	1.33512814710808326E-009	-1	OK
69.500000000000000	8.98333520491692642E-009	7.29190097166682311E-009	3.26503547070592753E-009	4.02686550096089641E-009	1.69143423325010269E-009	4.91605649956770383E-010	-1	1.19982858329333220E-009	-1	OK
69.750000000000000	8.12475409355594969E-009	6.60019559203193445E-009	2.94719026379063204E-009	3.65300532824130241E-009	1.52455850152401586E-009	4.43031475818578063E-010	-1	1.08152702570543779E-009	-1	OK
70.000000000000000	7.34334922719558141E-009	5.97076859600939785E-009	2.65874193387808118E-009	3.31202666213131832E-009	1.37258063118618335E-009	3.97672885084545574E-010	-1	9.74907746101637777E-010	-1	OK
70.250000000000000	6.63023416107775480E-009	5.39830435266490958E-009	2.39711638691321749E-009	3.00118796575169127E-009	1.23192980841284563E-009	3.56563192603539708E-010	-1	8.75366615809305926E-010	-1	OK
70.500000000000000	5.98622185892681096E-009	4.87802480552446174E-009	2.15996117140268997E-009	2.71806363412177260E-009	1.10819705340234942E-009	3.17062951119240249E-010	-1	7.91134102283109171E-010	-1	OK
70.750000000000000	5.40133968798466455E-009	4.40537220928983709E-009	1.94507858708332993E-009	2.46029362220650758E-009	9.95967478694827454E-010	2.84070529962065255E-010	-1	7.11896948732762251E-010	-1	OK
71.000000000000000	4.86916847904006920E-009	3.97602448292844952E-009	1.75044837708204999E-009	2.22557610584639933E-009	8.93143996111619995E-010	2.53619544675652751E-010	-1	6.39524451435967192E-010	-1	OK
71.250000000000000	4.38805621414468908E-009	3.58619582431489324E-009	1.57426192415354721E-009	2.01193390016134623E-009	8.01860389829795740E-010	2.26951085276661724E-010	-1	5.74909304553134015E-010	-1	OK
71.500000000000000	3.95093850876296813E-009	3.23261553963002272E-009	1.41489574993735206E-009	1.81771978969267087E-009	7.18322969132945407E-010	2.03053236223746740E-010	-1	5.15269732909198616E-010	-1	OK
71.750000000000000	3.55635949631439189E-009	2.91198903637889306E-009	1.27079816193671133E-009	1.64119087444218193E-009	6.44370459935498731E-010	1.83263674750349115E-010	-1	4.61106785185149617E-010	-1	OK
72.000000000000000	3.19813893586418060E-009	2.62130039786831519E-009	1.14057234759191371E-009	1.48072805027640190E-009	5.76838537995865510E-010	1.63436328566515199E-010	-1	4.13402209429350285E-010	-1	OK
72.250000000000000	2.87497054182372312E-009	2.35808586473455377E-009	1.02299162926339755E-009	1.33509423547115601E-009	5.16884677089169147E-010	1.45942477324806314E-010	-1	3.70942199764362859E-010	-1	OK
72.500000000000000	2.58065489548163146E-009	2.11985557282861284E-009	9.16879345720760642E-010	1.20297622710785219E-009	4.60799322653018469E-010	1.28792987065575416E-010	-1	3.32006335587443079E-010	-1	OK
72.750000000000000	2.31567714132344937E-009	1.90428943383982203E-009	8.21165908690828015E-010	1.08312352514899318E-009	4.11387707483627393E-010	1.14732564481858073E-010	-1	2.96655143001769321E-010	-1	OK
73.000000000000000	2.07676465270974402E-009	1.70943879315825150E-009	7.34909678647640783E-010	9.74529114510610824E-010	3.67325859551492411E-010	1.02021158693205629E-010	-1	2.65304700858286794E-010	-1	OK
73.250000000000000	1.86111119597825052E-009	1.53345208595453913E-009	6.57225572310898746E-010	8.76226513643640484E-010	3.27659110023711442E-010	9.17502866081965558E-011	-1	2.35908823415514860E-010	-1	OK
73.500000000000000	1.66696505743365974E-009	1.37453442359338224E-009	5.87293639263673936E-010	7.87240784329708092E-010	2.92430633840277507E-010	8.14170405044215737E-011	-1	2.11013593335855934E-010	-1	OK
73.750000000000000	1.49054690882536039E-009	1.23109894006820544E-009	5.24384886805252668E-010	7.06714053262952770E-010	2.59447968757155001E-010	7.20902012804642589E-011	-1	1.87357767476690742E-010	-1	OK
74.000000000000000	1.33258791926949973E-009	1.10184054790818861E-009	4.67854432225201128E-010	6.33986115682987379E-010	2.30747371361311166E-010	6.39260300547829845E-011	-1	1.66821341306528181E-010	-1	OK
74.250000000000000	1.19063458413015993E-009	9.85403082524321343E-010	4.17078229460981708E-010	5.68324853063339687E-010	2.05231501605838641E-010	5.66468950382994935E-011	-1	1.48584606567539141E-010	-1	OK
74.500000000000000	1.06309577722723723E-009	8.80458755033371479E-010	3.71483628352790612E-010	5.08975126680580815E-010	1.82637022193865650E-010	5.01652100351862798E-011	-1	1.32471812158679370E-010	-1	OK
74.750000000000000	9.47897838422370011E-010	7.86081761204487904E-010	3.30603184134831943E-010	4.55478577069655961E-010	1.61816077217882081E-010	4.43186935889981979E-011	-1	1.17497383628883890E-010	-1	OK
75.000000000000000	8.44609720480140849E-010	7.01276893800860569E-010	2.93971799086915620E-010	4.07305094713944794E-010	1.43332826679280280E-010	3.92004583214058257E-011	-1	1.04132368357874448E-010	-1	OK
75.250000000000000	7.51826618619025603E-010	6.25017194629393714E-010	2.61152839524267397E-010	3.63864355105126317E-010	1.26809423989631914E-010	3.45549036897750878E-011	-1	9.22545202998568266E-011	-1	OK
75.500000000000000	6.68628186769529661E-010	5.56558424470941384E-010	2.31790025687436141E-010	3.24768398783505140E-010	1.12069762298588225E-010	3.04898581471463239E-011	-1	8.15799041514418943E-011	-1	OK
75.750000000000000	5.94091353484444956E-010	4.95187535379170807E-010	2.05544124874932739E-010	2.89643410504238017E-010	9.89038181052741224E-011	2.65992338295826033E-011	-1	7.23045842756915255E-011	-1	OK
76.000000000000000	5.27593314797425037E-010	4.40168801871344422E-010	1.82094009333190647E-010	2.58074792538153775E-010	8.74245129260806149E-011	2.34173777383470915E-011	-1	6.40071351877335265E-011	-1	OK
76.250000000000000	4.67802562014566956E-010	3.90870697051770493E-010	1.61158837952880280E-010	2.29711859098890264E-010	7.69318649627964761E-011	2.04700433163580659E-011	-1	5.64618216464384070E-011	-1	OK
76.500000000000000	4.14552537494173095E-010	3.46772108136008071E-010	1.42492632881563096E-010	2.04279475254444872E-010	6.77804293581649979E-011	1.79797918354444613E-011	-1	4.98006375227205398E-011	-1	OK
76.750000000000000	3.66983147581700131E-010	3.07352879510840165E-010	1.25861505333352367E-010	1.81491374177487772E-010	5.96302680708599407E-011	1.57539646188327812E-011	-1	4.38763034520271595E-011	-1	OK
77.000000000000000	3.24538980544513355E-010	2.72133383133202512E-010	1.11054937956446757E-010	1.61078445176755832E-010	5.24055974113108496E-011	1.40133268961840541E-011	-1	3.83922705151267922E-011	-1	OK
77.250000000000000	2.86726937785937527E-010	2.40695953687391680E-010	9.78857801429797628E-011	1.42810173544411956E-010	4.60309840985458336E-011	1.22429932078314039E-011	-1	3.37879908907144265E-011	-1	OK
77.500000000000000	2.52983858822073321E-010	2.12670493667422640E-010	8.61858495518076272E-011	1.26484644115615013E-010	4.03133651546506743E-011	1.06806317636948863E-011	-1	2.96327333909557880E-011	-1	OK
77.750000000000000	2.22989865683592388E-010	1.87709911160361445E-010	7.58011305149438991E-011	1.11908780645417533E-010	3.52799545232309437E-011	9.32980769045932678E-012	-1	2.59501468327716153E-011	-1	OK
78.000000000000000	1.96302801902186240E-010	1.65490692951052668E-010	6.65909762497858694E-011	9.88997167012667983E-011	3.08121089511335855E-011	8.05874575894477464E-012	-1	2.27533631921888124E-011	-1	OK
78.250000000000000	1.72631051949187577E-010	1.45736688306737654E-010	5.84321605264070322E-011	8.73045277803306351E-011	2.68943636424499160E-011	7.06966626571419967E-012	-1	1.98246973767357164E-011	-1	OK
78.500000000000000	1.51657649080308720E-010	1.28191386389680377E-010	5.12120762801019926E-011	7.69793101095784037E-011	2.34662626906283395E-011	6.13580947776665297E-012	-1	1.73304532128616857E-011	-1	OK
78.750000000000000	1.33060766517235772E-010	1.12627096934056361E-010	4.48301623988724933E-011	6.77969345351838807E-011	2.04336695831794239E-011	5.27341627997394469E-012	-1	1.51602533032054800E-011	-1	OK
79.000000000000000	1.16617825384569177E-010	9.88318702478659531E-011	3.91946452050675302E-011	5.96372250427984358E-011	1.77859551367032141E-011	4.57981310356690764E-012	-1	1.32061420331363073E-011	-1	OK
79.250000000000000	1.02044673887430930E-010	8.66192929404036203E-011	3.42241706027108093E-011	5.23951223376928174E-011	1.54253809470273096E-011	4.00701120978660505E-012	-1	1.14183697372407053E-011	-1	OK
79.500000000000000	8.92087993537652370E-011	7.58204556388683713E-011	2.98452344626292120E-011	4.59752211762391464E-011	1.33883437148968657E-011	3.45824049611380441E-012	-1	9.93010321878306128E-012	-1	OK
79.750000000000000	7.78775547609011409E-011	6.62815600697769484E-011	2.59918473146192596E-011	4.02897127551576920E-011	1.15959946911241941E-011	2.95912593168490718E-012	-1	8.63686875943928656E-012	-1	OK
80.000000000000000	6.78802696205427103E-011	5.78628892137583933E-011	2.26045981849299775E-011	3.52582910288283997E-011	1.00173804067843186E-011	2.54737383895300664E-012	-1	7.47000656783131277E-012	-1	OK
80.250000000000000	5.90919850973109248E-011	5.04470862554536930E-011	1.96318784140761289E-011	3.08152078413775609E-011	8.64489884185722536E-012	2.19320850183099624E-012	-1	6.45169034002622872E-012	-1	OK
80.500000000000000	5.13670041474091317E-011	4.39207086377753455E-011	1.70255832308819009E-011	2.68951254068934414E-011	7.44629550963378780E-012	1.88425438719366760E-012	-1	5.56204112244012020E-012	-1	OK
80.750000000000000	4.45953430452992471E-011	3.81806812772849547E-011	1.47430443785584367E-011	2.34376368987265180E-011	6.41466176801429400E-012	1.61639810721708094E-012	-1	4.79826366079721265E-012	-1	OK
81.000000000000000	3.86534726269468802E-011	3.31432733951250797E-011	1.27475541945187488E-011	2.03957192006063357E-011	5.51019923182180218E-012	1.38703515760787024E-012	-1	4.12316407421393235E-012	-1	OK
81.250000000000000	3.34496641156138304E-011	2.87266654123163556E-011	1.10050148691153206E-011	1.77216505432010367E-011	4.72299870329747799E-012	1.18208744249207640E-012	-1	3.54091126080540139E-012	-1	OK
81.500000000000000	2.88989322391475043E-011	2.48584222244027222E-011	9.48539642557463396E-012	1.53730257988280914E-011	4.04051001474478211E-012	1.01270991682943887E-012	-1	3.02780009791534304E-012	-1	OK
81.750000000000000	2.49334742364006810E-011	2.14796984915834116E-011	8.16288803849183746E-012	1.33168104530915725E-011	3.45377574481727061E-012	8.63847158746764883E-013	-1	2.58992858607050553E-012	-1	OK
82.000000000000000	2.14681697875686302E-011	1.85294514730311555E-011	7.01294374141211551E-012	1.15165077316190367E-011	2.93871831453747515E-012	7.33456919577579486E-013	-1	2.20526139495989587E-012	-1	OK
82.250000000000000	1.84603171319737931E-011	1.59580446378432622E-011	6.01475907108956382E-012	9.94328556675369511E-012	2.50227249413053098E-012	6.15452314823920704E-013	-1	1.88682017930661037E-012	-1	OK
82.500000000000000	1.58484436216177404E-011	1.37205322162832401E-011	5.14959161333368759E-012	8.57094060294955256E-012	2.12791140533450147E-012	5.20490522591973472E-013	-1	1.60742088274252800E-012	-1	OK
82.750000000000000	1.35771852808260555E-011	1.17733837074288511E-011	4.40042510138887630E-012	7.37295860603997561E-012	1.80380157339720443E-012	4.39326932340898103E-013	-1	1.36447464105630632E-012	-1	OK
83.000000000000000	1.16087335015182657E-011	1.00843287515827004E-011	3.75336197754589189E-012	6.33096677403680693E-012	1.52440474993556611E-012	3.72653766778555401E-013	-1	1.15175098315701076E-012	-1	OK
83.250000000000000	9.90790566162281561E-012	8.62225440643582631E-012	3.19546609084484423E-012	5.42678831559098450E-012	1.28565125518698951E-012	3.09846808305225563E-013	-1	9.75804446881763842E-013	-1	OK
83.500000000000000	8.43984957652319977E-012	7.35720799598453408E-012	2.71501382251980470E-012	4.64219417346472655E-012	1.08264158053866529E-012	2.63547679233527181E-013	-1	8.19093901305138057E-013	-1	OK
83.750000000000000	7.17700050257258431E-012	6.26529055393282958E-012	2.30216545487126771E-012	3.96312509906156147E-012	9.11709948639754727E-013	2.21647448254203951E-013	-1	6.90062500385550801E-013	-1	OK
84.000000000000000	6.08911050288050823E-012	5.32476971284754993E-012	1.94809691230698377E-012	3.37667280054056616E-012	7.64340790032958204E-013	1.84360292448443274E-013	-1	5.79980497584514880E-013	-1	OK
84.250000000000000	5.15422761660035709E-012	4.51619859004362731E-012	1.64503631046373712E-012	2.87116227957989040E-012	6.38029026556729781E-013	1.53580857708982520E-013	-1	4.84448168847747236E-013	-1	OK
84.500000000000000	4.35506512216754896E-012	3.82291576773335081E-012	1.38621258983018060E-012	2.43670317790317062E-012	5.32149354434198243E-013	1.27533036201729198E-013	-1	4.04616318232469019E-013	-1	OK
84.750000000000000	3.67116031012841266E-012	3.22889857085534741E-012	1.16542945670192244E-012	2.06346911415342477E-012	4.42261739273064843E-013	1.05996095553031359E-013	-1	3.36265643720033484E-013	-1	OK
85.000000000000000	3.08784404314582414E-012	2.72034661740755502E-012	9.77405572804343619E-013	1.74294104460321241E-012	3.67497425738269225E-013	8.78068880432348145E-014	-1	2.79690537695034386E-013	-1	OK
85.250000000000000	2.58952841911318022E-012	2.28610446561895344E-012	8.17679884068408656E-013	1.46842458155054478E-012	3.03423953494226984E-013	7.15730697387676203E-014	-1	2.31850883755459364E-013	-1	OK
85.500000000000000	2.16666663497352199E-012	1.91645952166431847E-012	6.82378182065968667E-013	1.23408133959835011E-012	2.50207113309203369E-013	5.98125302769182344E-014	-1	1.90394583032285135E-013	-1	OK
85.750000000000000	1.80854082968588543E-012	1.60280174728918070E-012	5.68074645960060168E-013	1.03472710132912043E-012	2.05739082396704685E-013	4.89185975266806309E-014	-1	1.56820484870024061E-013	-1	OK
86.000000000000000	1.50575025002373809E-012	1.33728179834902380E-012	4.71722186593616525E-013	8.65559611755407372E-013	1.68468451674714242E-013	3.99170840399984947E-014	-1	1.28551367634715748E-013	-1	OK
86.250000000000000	1.25057807928209694E-012	1.11268926910282521E-012	3.90631251887627811E-013	7.22058017215197597E-013	1.37888810179271815E-013	3.24445877860204438E-014	-1	1.05444222393251365E-013	-1	OK
86.500000000000000	1.03530800871927289E-012	9.23246859035018503E-013	3.22568194537770056E-013	6.00678664497248245E-013	1.12061149684254370E-013	2.63169113873645428E-014	-1	8.57442382968898242E-014	-1	OK
86.750000000000000	8.54699909784647397E-013	7.63821772926609984E-013	2.65584911334635726E-013	4.98236861591974308E-013	9.08781368580373750E-014	2.12671984964805444E-014	-1	6.96109383615568274E-014	-1	OK
87.000000000000000	7.03614561793356805E-013	6.30091928119439246E-013	2.18021743832283050E-013	4.12070184287156070E-013	7.35226336739175963E-014	1.69144584964018597E-014	-1	5.66081751775157335E-014	-1	OK
87.250000000000000	5.77339321702006922E-013	5.18177251000277796E-013	1.78422561731533006E-013	3.39754689268744815E-013	5.91620707017291011E-014	1.34106343105683356E-014	-1	4.57514363911607639E-014	-1	OK
87.500000000000000	4.72272045471118633E-013	4.24831309766989065E-013	1.45559372534084934E-013	2.79271937232904105E-013	4.74407357041296121E-014	1.08912388303347082E-014	-1	3.65494968737949039E-014	-1	OK
87.750000000000000	3.85118722629034752E-013	3.47209074257978362E-013	1.18362779671684666E-013	2.28846294586293696E-013	3.79096483710563965E-014	8.67217918333466314E-015	-1	2.92374691877217318E-014	-1	OK
88.000000000000000	3.12943479295689693E-013	2.82780363612533680E-013	9.59131562013261302E-014	1.86867207411207537E-013	3.01631156831560007E-014	6.87940513560682217E-015	-1	2.32837105475491785E-014	-1	OK
88.250000000000000	2.53383092327322094E-013	2.29500042396798562E-013	7.74463614047848069E-014	1.52053680992013755E-013	2.38830499305235163E-014	5.40348193267187469E-015	-1	1.84795679978516409E-014	-1	OK
88.500000000000000	2.04405056581798818E-013	1.85572721968232622E-013	6.23052332122772394E-014	1.23267488755955421E-013	1.88323346135662016E-014	4.23893552407849630E-015	-1	1.45933990894877037E-014	-1	OK
88.750000000000000	1.64347990855995692E-013	1.49508395187979701E-013	4.99378881858765828E-014	9.95705070021030927E-014	1.48395956680159911E-014	3.31102742255807215E-015	-1	1.15285682454579186E-014	-1	OK
89.000000000000000	1.31574216965512118E-013	1.19984650936200122E-013	3.98700646574701696E-014	8.01145862787299591E-014	1.15895660293119936E-014	2.57793306657428583E-015	-1	9.01163296273770738E-015	-1	OK
89.250000000000000	1.04908926442505828E-013	9.59268454855461919E-014	3.17055223405925226E-014	6.42213231449536693E-014	8.98208095695963780E-015	1.99075993348735255E-015	-1	6.99132102347228565E-015	-1	OK
89.500000000000000	8.33197292228290698E-014	7.63774278325827333E-014	2.51080527319688881E-014	5.12693751006138357E-014	6.94230139024633815E-015	1.53095855824728083E-015	-1	5.41134283199905752E-015	-1	OK
89.750000000000000	6.58929924004007049E-014	6.05572466028936742E-014	1.97956835374540201E-014	4.07615630654396510E-014	5.33574579750702672E-015	1.17171643151567799E-015	-1	4.16402936599134893E-015	-1	OK
90.000000000000000	5.18342307621539189E-014	4.77599740589667987E-014	1.55300710826808343E-014	3.22299029762859739E-014	4.07425670318711941E-015	8.93206179759344443E-016	-1	3.18105052342777477E-015	-1	OK
90.250000000000000	4.06028783756735660E-014	3.75012092541339589E-014	1.21290564364846092E-014	2.53721528176493497E-014	3.10166912153960872E-015	6.74205774395832767E-016	-1	2.42746334714377605E-015	-1	OK
90.500000000000000	3.16551543195867214E-014	2.93185600722105496E-014	9.42914612262462040E-015	1.98894139495859214E-014	2.33659424737617171E-015	5.08026368837277359E-016	-1	1.82856787853889435E-015	-1	OK
90.750000000000000	2.45659591211162112E-014	2.28095699919423329E-014	7.29254872477721856E-015	1.55170212671651128E-014	1.75638912917387773E-015	3.78161046311279676E-016	-1	1.37822808286259801E-015	-1	OK
91.000000000000000	1.89490272853553612E-014	1.76405975376024095E-014	5.60806816097607413E-015	1.20325293766263393E-014	1.30842974775295287E-015	2.80444770919914670E-016	-1	1.02798497683303830E-015	-1	OK
91.250000000000000	1.45390608138281817E-014	1.35719133806040500E-014	4.28935385519996152E-015	9.28255952540408768E-015	9.67147433224131531E-016	2.06186655338991541E-016	-1	7.60960777885139941E-016	-1	OK
91.500000000000000	1.10892446516876467E-014	1.03796575904955584E-014	3.26143315042166277E-015	7.11822444007389567E-015	7.09587061192088435E-016	1.50387862080426829E-016	-1	5.59199199111661606E-016	-1	OK
91.750000000000000	8.41052141409891790E-015	7.89330079629382630E-015	2.46530171798385033E-015	5.42799907830997597E-015	5.17220617805091007E-016	1.07430323884226303E-016	-1	4.09790293920864704E-016	-1	OK
92.000000000000000	6.34110047377287356E-015	5.96565226786958469E-015	1.85182568280938686E-015	4.11382658506019705E-015	3.75448205903288773E-016	7.83282065517835935E-017	-1	2.97119999351505192E-016	-1	OK
92.250000000000000	4.74912317779444467E-015	4.48179106255664416E-015	1.38198768330188502E-015	3.09980337925475816E-015	2.67332115237800159E-016	5.57418305181491950E-017	-1	2.11590284719650964E-016	-1	OK
92.500000000000000	3.53122032692151071E-015	3.34060567290745065E-015	1.02358975064400670E-015	2.31701592226344455E-015	1.90614654014060075E-016	3.93122504754982671E-017	-1	1.51302403538561808E-016	-1	OK
92.750000000000000	2.60687819129752808E-015	2.47331337323955210E-015	7.52803988338899139E-016	1.72050938490065356E-015	1.33564818057976051E-016	2.64166077908831622E-017	-1	1.07148210267092885E-016	-1	OK
93.000000000000000	1.91001458834117975E-015	1.81716826672856959E-015	5.49359139613998007E-016	1.26780912711457178E-015	9.28463216126102484E-017	1.89457778271853336E-017	-1	7.39005437854249117E-017	-1	OK
93.250000000000000	1.38752816591075039E-015	1.32365814085204495E-015	3.97573690087706882E-016	9.26084450764338218E-016	6.38700250587055233E-017	1.27502061618218450E-017	-1	5.11198188968836767E-017	-1	OK
93.500000000000000	1.00130179081425039E-015	9.57902394112118718E-016	2.85551356623684819E-016	6.72351037488433800E-016	4.33993967021316938E-017	8.78069526158152369E-018	-1	3.46187014405501732E-017	-1	OK
93.750000000000000	7.16474547958317491E-016	6.87229922285787327E-016	2.03206626751642930E-016	4.84023295534144348E-016	2.92446256725301460E-017	5.74607916294537991E-018	-1	2.34985465095847661E-017	-1	OK
94.000000000000000	5.07282659109223932E-016	4.87887416392446189E-016	1.43119928357464203E-016	3.44767488034982134E-016	1.93952427167777271E-017	3.85550620629404559E-018	-1	1.55397365104836831E-017	-1	OK
94.250000000000000	3.55675906516705087E-016	3.42996232042607591E-016	9.97808196713758720E-017	2.43215412371231743E-016	1.26796744740975100E-017	2.39022340551671063E-018	-1	1.02894510685807998E-017	-1	OK
94.500000000000000	2.46420078675949680E-016	2.38257168190583102E-016	6.87783300302086867E-017	1.69478838160374428E-016	8.16291048536658571E-018	1.52326591605676224E-018	-1	6.63964456930982328E-018	-1	OK
94.750000000000000	1.69079765450613196E-016	1.63908392804649753E-016	4.69190006288031427E-017	1.16989392175846592E-016	5.17137264596343906E-018	9.78284396799906250E-019	-1	4.19308824916353281E-018	-1	OK
95.000000000000000	1.14948407667216537E-016	1.11727432049264637E-016	3.16611858591209022E-017	8.00662461901437469E-017	3.22097561795190703E-018	6.17958447136299550E-019	-1	2.60301717081560757E-018	-1	OK
95.250000000000000	7.73010491061966471E-017	7.53255036687571918E-017	2.10886034956679652E-017	5.42369001730891958E-017	1.97554543743945730E-018	3.74301987283585261E-019	-1	1.60124345015587199E-018	-1	OK
95.500000000000000	5.10934060563991665E-017	4.99063889279299902E-017	1.38098548370834486E-017	3.60965340908465385E-017	1.18701712846917437E-018	2.12931702719264211E-019	-1	9.74085425749910234E-019	-1	OK
95.750000000000000	3.31563371927023705E-017	3.24624745415236187E-017	8.89196168911316534E-018	2.35705128524104549E-017	6.93862651178754519E-019	1.29902027534213753E-019	-1	5.63960623644540718E-019	-1	OK
96.000000000000000	2.11842081115236243E-017	2.07873830440971534E-017	5.63924191167291414E-018	1.51481411324242378E-017	3.96825067426470850E-019	7.29472551386612630E-020	-1	3.23877812287809575E-019	-1	OK
96.250000000000000	1.33974916977550414E-017	1.31764124961318293E-017	3.53121940139361005E-018	9.64519309473822004E-018	2.21079201623211339E-019	4.04669341567498517E-020	-1	1.80612267466461481E-019	-1	OK
96.500000000000000	8.38656811930094919E-018	8.26615135512414300E-018	2.17640707034037062E-018	6.08974428478377276E-018	1.20416764176806248E-019	2.08100103095623897E-020	-1	9.96067538672438552E-020	-1	OK
96.750000000000000	5.14314787272128700E-018	5.07941624890404828E-018	1.30897787787681370E-018	3.77043837102723478E-018	6.37316238172389236E-020	1.09022037559756836E-020	-1	5.28294200612632430E-020	-1	OK
97.000000000000000	3.03845118291855846E-018	3.00636309736520884E-018	7.60693460519354443E-019	2.24566963684585421E-018	3.20880855533495684E-020	5.38057379262618993E-021	-1	2.67075117607233800E-020	-1	OK
97.250000000000000	1.72852609502262544E-018	1.71326763261877758E-018	4.28741767264624743E-019	1.28452586535415250E-018	1.52584624038478716E-020	2.50254603449262885E-021	-1	1.27559163693552428E-020	-1	OK
97.500000000000000	9.68479062604433747E-019	9.61609046291816413E-019	2.38209928892046892E-019	7.23399117399769281E-019	6.87001631261726259E-021	1.12493339493140146E-021	-1	5.74508291768586113E-021	-1	OK
97.750000000000000	5.45153654005907238E-019	5.42084049649095193E-019	1.31477574336855339E-019	4.10606475312239806E-019	3.06960435681200185E-021	4.93132330766611341E-022	-1	2.57647202604539051E-021	-1	OK
98.000000000000000	3.03997806223794702E-019	3.02649305310356311E-019	7.06180615141272364E-020	2.32031243796229039E-019	1.34850091343839510E-021	2.07579927877669771E-022	-1	1.14092098556072543E-021	-1	OK
98.250000000000000	1.57511270563373935E-019	1.57010014298003030E-019	3.50727963583610060E-020	1.21937217939642018E-019	5.01256265370901909E-022	7.19973569384666402E-023	-1	4.29258908432435245E-022	-1	OK
98.500000000000000	7.12696050249365473E-020	7.11467866520808252E-020	1.56176275475144204E-020	5.55291591045663777E-020	1.22818372855727342E-022	1.59095497202929044E-023	-1	1.06908823135434437E-022	-1	OK
98.750000000000000	3.04561268144324801E-020	3.04472733186701954E-020	6.78928495695879206E-021	2.36579883617113928E-020	8.85349576228739169E-024	9.85806885229173422E-025	-1	7.86768887705821845E-024	-1	OK
