#pt	totcs	totdirect	directLO	directNLO	totfrag	fragLO	err_fragLO	fragNLO	err_fragNLO	errmess
0.50000000000000000	190652715.98673707	-205491393.30659938	61258543.343300492	-266749936.64989987	396144109.29333645	280261817.88385421	-1	115882291.40948224	-1	Error
0.75000000000000000	49596020.713545352	-34218915.018664196	16185312.307153784	-50404227.325817980	83814935.732209548	55066346.602284141	-1	28748589.129925407	-1	Error
1.0000000000000000	16395702.863891900	-8525386.8202985153	5650981.1222785693	-14176367.942577085	24921089.684190415	16071769.081805343	-1	8849320.6023850720	-1	Error
1.2500000000000000	6519508.0859990362	-2716205.0493491297	2385926.5536241210	-5102131.6029732497	9235713.1353481654	6002019.7751981020	-1	3233693.3601500634	-1	Error
1.5000000000000000	3114750.3455401347	-1015456.5849343869	1149557.0051542053	-2165013.5900885924	4130206.9304745216	2633422.5638017165	-1	1496784.3666728050	-1	Error
1.7500000000000000	1643245.2235760684	-423253.44509178598	610190.83636761678	-1033444.2814594028	2066498.6686678543	1301280.9380532743	-1	765217.73061457998	-1	Error
2.0000000000000000	925014.21570266713	-190158.34815219161	348658.23386050278	-538816.58201269445	1115172.5638548587	702009.36857532058	-1	413163.19527953817	-1	Error
2.2500000000000000	555797.55200058548	-89765.894964638166	211154.32971880597	-300920.22468344407	645563.44696522364	404950.40052312455	-1	240613.04644209909	-1	Error
2.5000000000000000	350937.83709094441	-43543.050592649524	134027.64387096270	-177570.69446361216	394480.88768359390	246201.40846020618	-1	148279.47922338772	-1	Error
2.7500000000000000	231094.90175258386	-21189.691691620494	88428.981954268151	-109618.67364588867	252284.59344420437	156362.83997179795	-1	95921.753472406417	-1	Error
3.0000000000000000	157296.30403311638	-9995.7203598740598	60272.585866418354	-70268.306226292392	167292.02439299042	102972.80174774313	-1	64319.222645247297	-1	Error
3.2500000000000000	110017.05776097975	-4269.3716849571865	42236.061500553682	-46505.433185510876	114286.42944593694	69944.700359581373	-1	44341.729086355568	-1	Error
3.5000000000000000	78812.784891185700	-1322.6308283392718	30312.032364627124	-31634.663192966378	80135.415719524972	48789.373461670097	-1	31346.042257854875	-1	Error
3.7500000000000000	57705.432850280726	173.36805298682884	22211.254184892619	-22037.886131905791	57532.064797293897	34832.056155817198	-1	22700.008641476699	-1	Error
4.0000000000000000	43045.060014642389	898.86129652125965	16575.379840409412	-15676.518543888154	42146.198718121130	25379.068715948590	-1	16767.130002172540	-1	OK
4.2500000000000000	32641.568174243701	1212.2084007655576	12571.426828480295	-11359.218427714741	31429.359773478143	18827.708816516079	-1	12601.650956962065	-1	OK
4.5000000000000000	25113.616840518866	1306.4169532639007	9673.5956197674077	-8367.1786665035124	23807.199887254963	14194.369740627217	-1	9612.8301466277462	-1	OK
4.7500000000000000	19558.203280267091	1286.4719334568654	7541.0579699583604	-6254.5860365014951	18271.731346810226	10853.794155518730	-1	7417.9371912914958	-1	OK
5.0000000000000000	15415.509609763873	1210.1942567410515	5947.9823056259629	-4737.7880488849105	14205.315353022821	8406.5838725992144	-1	5798.7314804236066	-1	OK
5.2500000000000000	12287.306226762306	1109.4585542411396	4741.6436233118920	-3632.1850690707511	11177.847672521166	6587.2114800026156	-1	4590.6361925185502	-1	OK
5.5000000000000000	9888.9217374159307	1001.6300279594370	3816.8199404702809	-2815.1899125108448	8887.2917094564928	5217.0955285960263	-1	3670.1961808604665	-1	OK
5.7500000000000000	8020.0981268731402	895.92001072203584	3099.7881357462547	-2203.8681250242207	7124.1781161511044	4172.2431653605472	-1	2951.9349507905572	-1	OK
6.0000000000000000	6564.4095126136108	796.91734487081703	2538.0937302097718	-1741.1763853389546	5767.4921677427938	3366.4846110579529	-1	2401.0075566848409	-1	OK
6.2500000000000000	5413.3834358953591	706.60715213241701	2093.8866773806521	-1387.2795252482354	4706.7762837629416	2738.8735151235651	-1	1967.9027686393765	-1	OK
6.5000000000000000	4495.3759102077192	625.54401521663885	1739.5012644386463	-1113.9572492220070	3869.8318949910804	2245.3316118707630	-1	1624.5002831203174	-1	OK
6.7500000000000000	3757.3141833679874	553.52248946923214	1454.4734043935846	-900.95091492435233	3203.7916938987551	1859.7874242749842	-1	1344.0042696237708	-1	OK
7.0000000000000000	3156.9908985654965	489.92842245475094	1223.4926786658802	-733.56425621112919	2667.0624761107456	1544.7762644896691	-1	1122.2862116210765	-1	OK
7.2500000000000000	2675.8429004070867	433.98429075796162	1034.9904517757921	-601.00616101783055	2241.8586096491249	1288.3356578417081	-1	953.52295180741680	-1	OK
7.5000000000000000	2274.6717748719402	384.87168489865962	880.14205878934138	-495.27037389068170	1889.8000899732808	1082.6928428605413	-1	807.10724711273951	-1	OK
7.7500000000000000	1942.9659641554481	341.79580470029816	752.15550747717464	-410.35970277687676	1601.1701594551498	914.68108346363499	-1	686.48907599151482	-1	OK
8.0000000000000000	1667.2716970794681	304.01845087092317	645.75993648350345	-341.74148561258005	1363.2532462085451	776.63746674946776	-1	586.61577945907732	-1	OK
8.2500000000000000	1436.9224017113265	270.87317808281307	556.83305072294309	-285.95987264012990	1166.0492236285136	662.56060779826339	-1	503.48861583025018	-1	OK
8.5000000000000000	1242.8554588998800	241.76634981725272	482.12685268490821	-240.36050286765553	1001.0891090826273	567.73437946128377	-1	433.35472962134349	-1	OK
8.7500000000000000	1079.7046179472118	216.17553218187390	419.06457083498094	-202.88903865310709	863.52908576533787	488.53327747507467	-1	374.99580829026320	-1	OK
9.0000000000000000	941.45157134007695	193.64516925957952	365.58899554906628	-171.94382628948682	747.80640208049749	422.08752518145303	-1	325.71887689904446	-1	OK
9.2500000000000000	823.82335787153897	173.77881729378441	320.04730276455314	-146.26848547076881	650.04454057775456	366.04599810656612	-1	283.99854247118844	-1	OK
9.5000000000000000	723.27178509908015	156.23273720488987	281.10398347454958	-124.87124626965969	567.03904789419028	318.59273462047878	-1	248.44631327371150	-1	OK
9.7500000000000000	636.95873683054378	140.70954256961937	247.67390524342784	-106.96436267380842	496.24919426092441	278.24567246626685	-1	218.00352179465756	-1	OK
10.000000000000000	562.60043299241352	126.95207310085377	218.87085714561078	-91.918784044757004	435.64835989155978	243.78487612335078	-1	191.86348376820899	-1	OK
10.250000000000000	498.36072912463015	114.73776906353595	193.96736959239968	-79.229600528863671	383.62296006109420	214.25133572213096	-1	169.37162433896324	-1	OK
10.500000000000000	442.63882042807006	103.87469630673891	172.36358707404614	-68.488890767307225	338.76412412133112	188.83793745366839	-1	149.92618666766273	-1	OK
10.750000000000000	394.16242015415548	94.196064937778175	153.56237737470138	-59.366312436923209	299.96635521637734	166.90018551120542	-1	133.06616970517192	-1	OK
11.000000000000000	351.88366260310488	85.557863822866352	137.15042412316333	-51.592560300296974	266.32579878023853	147.90122991011913	-1	118.42456887011940	-1	OK
11.250000000000000	314.90730173670221	77.834464151483374	122.78235531404019	-44.947891162556786	237.07283758521882	131.40362547592545	-1	105.66921210929337	-1	OK
11.500000000000000	282.43234330694213	70.917371937299080	110.16866314078652	-39.251291203487490	211.51497136964304	117.02598433088428	-1	94.488987038758751	-1	OK
11.750000000000000	253.85587142471104	64.711819973548117	99.065563738722176	-34.353743765174016	189.14405145116291	104.46408639254653	-1	84.679965058616375	-1	OK
12.000000000000000	228.64649119112852	59.135467365868237	89.267166360071087	-30.131698994202836	169.51102382526028	93.458357655056261	-1	76.052666170204020	-1	OK
12.250000000000000	206.35257573609846	54.116391933733894	80.598930178117982	-26.482538244384102	152.23618380236456	83.791616928773777	-1	68.444566873590787	-1	OK
12.500000000000000	186.58925777466669	49.591707848726585	72.912417521810781	-23.320709673084203	136.99754992594009	75.280286682987850	-1	61.717263242952242	-1	OK
12.750000000000000	168.95695082126417	45.506417558007584	66.081004368429603	-20.574586810422009	123.45053326325657	67.770762790416924	-1	55.679770472839650	-1	OK
13.000000000000000	153.32892477686579	41.812251957541662	59.996327475696319	-18.184075518154653	111.51667281932414	61.126759220167102	-1	50.389913599157040	-1	OK
13.250000000000000	139.38474671604956	38.466836794327463	54.565394681698294	-16.098557887370831	100.91790992172210	55.235447832561285	-1	45.682462089160815	-1	OK
13.500000000000000	126.91830750536369	35.432852269833340	49.708155723919319	-14.275303454085968	91.485455235530338	49.999963157061870	-1	41.485492078468468	-1	OK
13.750000000000000	115.75152871468956	32.677408535467428	45.355542540525683	-12.678134005058260	83.074120179222120	45.337493951816541	-1	37.736626227405580	-1	OK
14.000000000000000	105.72667957060176	30.171531161859427	41.447791768221812	-11.276260606362378	75.555148408742340	41.177985954098261	-1	34.377162454644079	-1	OK
14.250000000000000	96.711615776606564	27.889514867171457	37.933059350744479	-10.043544483573022	68.822100909435107	37.460216521330288	-1	31.361884388104819	-1	OK
14.500000000000000	88.592965437032035	25.808682816468441	34.766281775763183	-8.9575989592947405	62.784282620563587	34.130634087482647	-1	28.653648533080940	-1	OK
14.750000000000000	81.268661406565556	23.908852258992187	31.908169386912558	-7.9993171279203699	57.359809147573372	31.142970172095072	-1	26.216838975478300	-1	OK
15.000000000000000	74.649745643473906	22.172129872458697	29.324411582036099	-7.1522817095774087	52.477615771015209	28.458172910495076	-1	24.019442860520133	-1	OK
15.250000000000000	68.659421214959735	20.582583568995986	26.984966118290760	-6.4023825492947752	48.076837645963749	26.038155039461483	-1	22.038682606502267	-1	OK
15.500000000000000	63.229127517534351	19.126006261001759	24.863475979101651	-5.7374697180998862	44.103121256532589	23.856042126683814	-1	20.247079129848775	-1	OK
15.750000000000000	58.299901156930545	17.789758285003384	22.936778220814034	-5.1470199358106585	40.510142871927165	21.884268149543093	-1	18.625874722384072	-1	OK
16.000000000000000	53.817602483187883	16.562498156242508	21.184458749694102	-4.6219605934515950	37.255104326945371	20.100894667423553	-1	17.154209659521818	-1	OK
16.250000000000000	49.738484038921413	15.434109558838511	19.588509858272229	-4.1544002994337186	34.304374480082899	18.485962293975604	-1	15.818412186107295	-1	OK
16.500000000000000	46.005539194525369	14.395517945805626	18.133006304949141	-3.7374883591435157	31.610021248719747	17.022218628127515	-1	14.587802620592232	-1	OK
16.750000000000000	42.612528401960382	13.438560553557842	16.803837488969624	-3.3652769354117753	29.173967848402540	15.692588574069191	-1	13.481379274333349	-1	OK
17.000000000000000	39.510342422864696	12.555947057478095	15.588491563868155	-3.0325445063900580	26.954395365386603	14.483228203819900	-1	12.471167161566703	-1	OK
17.250000000000000	36.671715583691203	11.741077218293469	14.475837238651314	-2.7347600203578488	24.930638365397733	13.381645474983639	-1	11.548992890414095	-1	OK
17.500000000000000	34.070887765975449	10.988017138711575	13.455968411521031	-2.4679512728094526	23.082870627263876	12.376873952775640	-1	10.705996674488237	-1	OK
17.750000000000000	31.676170234074498	10.291436635486367	12.520046406416515	-2.2286097709301500	21.384733598588131	11.459516152278352	-1	9.9252174463097784	-1	OK
18.000000000000000	29.485497835043361	9.6464739635015420	11.660172819665382	-2.0136988561638427	19.839023871541819	10.620808733498796	-1	9.2182151380430231	-1	OK
18.250000000000000	27.459291005406463	9.0487637272672838	10.869292320804924	-1.8205285935376423	18.410527278139181	9.8531545402951135	-1	8.5573727378440676	-1	OK
18.500000000000000	25.607280223827615	8.4943703484146678	10.141085842664431	-1.6467154942497637	17.112909875412946	9.1498002172454687	-1	7.9631096581674772	-1	OK
18.750000000000000	23.901127377286784	7.9796932002334202	9.4698778518770261	-1.4901846516436035	15.921434177053364	8.5044808196157167	-1	7.4169533574376469	-1	OK
19.000000000000000	22.327304273535479	7.5014819505834591	8.8505732384277120	-1.3490912878442569	14.825822322952019	7.9117602464146266	-1	6.9140620765373928	-1	OK
19.250000000000000	20.874157087574780	7.0567989329831047	8.2785897197217899	-1.2217907867386857	13.817358154591677	7.3668509513870184	-1	6.4505072032046584	-1	OK
19.500000000000000	19.531354251609329	6.6429441504803304	7.7497940766622957	-1.1068499261819655	12.888410101129001	6.8654855098192362	-1	6.0229245913097644	-1	OK
19.750000000000000	18.286155165927571	6.2574748592006015	7.2604619455018051	-1.0029870863012071	12.028680306726971	6.4035385959634112	-1	5.6251417107635593	-1	OK
20.000000000000000	17.137297945527628	5.8981786760040098	6.8072316684868532	-0.90905299248284310	11.239119269523620	5.9775739888217281	-1	5.2615452807018919	-1	OK
20.250000000000000	16.071797903117741	5.5630173312825715	6.3870585073966497	-0.82404117611407846	10.508780571835167	5.5844055433654809	-1	4.9243750284696866	-1	OK
20.500000000000000	15.083582205265461	5.2501367306065303	5.9971879710672846	-0.74705124046075411	9.8334454746589302	5.2211475061811097	-1	4.6122979684778205	-1	OK
20.750000000000000	14.166362953020226	4.9578535439139353	5.6351252695966432	-0.67727172568270699	9.2085094091062913	4.8852236505539075	-1	4.3232857585523838	-1	OK
21.000000000000000	13.314156504303728	4.6846120577329025	5.2986026409250186	-0.61399058319211275	8.6295444465708258	4.5743001455614625	-1	4.0552443010093633	-1	OK
21.250000000000000	12.521836020210138	4.4289909056259633	4.9855609262578326	-0.55657002063186978	8.0928451145841738	4.2862675257491496	-1	3.8065775888350242	-1	OK
21.500000000000000	11.784525897347129	4.1896942809690874	4.6941289680738247	-0.50443468710473804	7.5948316163780412	4.0192203300593183	-1	3.5756112863187228	-1	OK
21.750000000000000	11.097881580159791	3.9655307307586098	4.4226020987949282	-0.45707136803631870	7.1323508494011820	3.7714320524437626	-1	3.3609187969574195	-1	OK
22.000000000000000	10.457981613297337	3.7554023997003241	4.1694258158980038	-0.41402341619767935	6.7025792135970121	3.5413582374191974	-1	3.1612209761778147	-1	OK
22.250000000000000	9.8561188340585986	3.5583031275883483	3.9331828813149960	-0.37487975372664739	6.2978157064702511	3.3275383655816357	-1	2.9702773408886154	-1	OK
22.500000000000000	9.2994790157551748	3.3733127406465413	3.7125797480827316	-0.33926700743619004	5.9261662751086330	3.1286485834002997	-1	2.7975176917083333	-1	OK
22.750000000000000	8.7795490340165010	3.1995768555379827	3.5064324127247408	-0.30685555718675900	5.5799721784785188	2.9435070264582430	-1	2.6364651520202758	-1	OK
23.000000000000000	8.2859914510734161	3.0363111320623619	3.3136582218539488	-0.27734708979158612	5.2496803190110546	2.7709978965439057	-1	2.4786824224671489	-1	OK
23.250000000000000	7.8318914868924967	2.8827959702406698	3.1332662500543615	-0.25047027981369158	4.9490955166518269	2.6101847855624829	-1	2.3389107310893440	-1	OK
23.500000000000000	7.4068508624844256	2.7383653892154749	2.9643475625116684	-0.22598217329619413	4.6684854732689507	2.4601621869642298	-1	2.2083232863047209	-1	OK
23.750000000000000	7.0087212152214642	2.6024019017394675	2.8060677058602614	-0.20366580412079330	4.4063193134819967	2.3201352680038596	-1	2.0861840454781371	-1	OK
24.000000000000000	6.6326661162903466	2.4743386123277102	2.6576612470101475	-0.18332263468243776	4.1583275039626368	2.1893218207592771	-1	1.9690056832033598	-1	OK
24.250000000000000	6.2828185412031736	2.3536513865237128	2.5184244740511730	-0.16477308752746031	3.9291671546794609	2.0670277005933531	-1	1.8621394540861078	-1	OK
24.500000000000000	5.9544781998502039	2.2398527235938461	2.3877095755714732	-0.14785685197762813	3.7146254762563578	1.9526234820483912	-1	1.7620019942079665	-1	OK
24.750000000000000	5.6461460052611621	2.1324943411922126	2.2649207173333514	-0.13242637614113920	3.5136516640689495	1.8455409717904196	-1	1.6681106922785298	-1	OK
25.000000000000000	5.3564209962730631	2.0311581687074942	2.1495084257942265	-0.11835025708673180	3.3252628275655689	1.7452714635217708	-1	1.5799913640437981	-1	OK
25.250000000000000	5.0840167733444286	1.9354591712767626	2.0409665092182223	-0.10550733794145936	3.1485576020676658	1.6513082357110280	-1	1.4972493663566377	-1	OK
25.500000000000000	4.8277719784222946	1.8450383819297098	1.9388273581522713	-9.37889762225617846E-002	2.9827335964925852	1.5631975745108806	-1	1.4195360219817046	-1	OK
25.750000000000000	4.5866005841555433	1.7595620118500603	1.8426590833754324	-8.30970715253722680E-002	2.8270385723054829	1.4804846951771806	-1	1.3465538771283023	-1	OK
26.000000000000000	4.3594691385248581	1.6787201273483767	1.7520626500623666	-7.33425227139893887E-002	2.6807490111764811	1.4027963681184639	-1	1.2779526430580173	-1	OK
26.250000000000000	4.1454503018924749	1.6022259309200353	1.6666692093965660	-6.44432784765307382E-002	2.5432243709724398	1.3298044018814699	-1	1.2134199690909699	-1	OK
26.500000000000000	3.9436791353742398	1.5298112183212833	1.5861370432506678	-5.63258249293844965E-002	2.4138679170529564	1.2611938364153554	-1	1.1526740806376010	-1	OK
26.750000000000000	3.7533603474811121	1.4612261738214052	1.5101496963794736	-4.89235225580676655E-002	2.2921341736597070	1.1966765180786538	-1	1.0954576555810531	-1	OK
27.000000000000000	3.5737543357627626	1.3962396371690355	1.4384141441776825	-4.21745070086468957E-002	2.1775146985937273	1.1359387388719664	-1	1.0415759597217609	-1	OK
27.250000000000000	3.4041620658014171	1.3346354275114349	1.3706583871772573	-3.60229596658224321E-002	2.0695266382899824	1.0787641470535125	-1	0.99076249123646987	-1	OK
27.500000000000000	3.2439572200344005	1.2762114147435875	1.3066299987049776	-3.04185839613902859E-002	1.9677458052908132	1.0249202912649875	-1	0.94282551402582571	-1	OK
27.750000000000000	3.0931471452318480	1.2207802272737904	1.2460946998142772	-2.53144725404869098E-002	1.8723669179580575	0.97418325322000754	-1	0.89818366473805000	-1	OK
28.000000000000000	2.9499667682145803	1.1681663201966535	1.1888346276685566	-2.06683074719035027E-002	1.7818004480179268	0.92634886668336580	-1	0.85545158133456101	-1	OK
28.250000000000000	2.8145196949138707	1.1182055872627461	1.1346472014069005	-1.64416141441543484E-002	1.6963141076511246	0.88122950601204697	-1	0.81508460163907759	-1	OK
28.500000000000000	2.6863302048543871	1.0707450604092195	1.0833440203005169	-1.25989598912974454E-002	1.6155851444451677	0.83865046399338816	-1	0.77693468045177949	-1	OK
28.750000000000000	2.5649435453334659	1.0256413014219756	1.0347495812962648	-9.10827987428916228E-003	1.5393022439114905	0.79845423554643591	-1	0.74084800836505460	-1	OK
29.000000000000000	2.4499455301781703	0.98276076721148042	0.98870046004441992	-5.93969283294026266E-003	1.4671847629666901	0.76048078923247520	-1	0.70670397373421490	-1	OK
29.250000000000000	2.3409436275188904	0.94197762799967566	0.94504417296256860	-3.06654496289299715E-003	1.3989659995192150	0.72459814256825072	-1	0.67436785695096424	-1	OK
29.500000000000000	2.2376006367719121	0.90317462143974114	0.90363865270391730	-4.64031264176426885E-004	1.3344260153321712	0.69067372526023652	-1	0.64375229007193469	-1	OK
29.750000000000000	2.1395735637836406	0.86624148749338270	0.86435124673360941	1.89024075977326888E-003	1.2733320762902578	0.65858547824912905	-1	0.61474659804112874	-1	OK
30.000000000000000	2.0465511110167474	0.83107547642045598	0.82705819299587779	4.01728342457842794E-003	1.2154756345962914	0.62822201989044857	-1	0.58725361470584281	-1	OK
30.250000000000000	1.9582454580643123	0.79757990869524553	0.79164375489008099	5.93615380516448240E-003	1.1606655493690667	0.59947680292860528	-1	0.56118874644046146	-1	OK
30.500000000000000	1.8743875391181706	0.76566371645050080	0.75799971873090122	7.66399771959944999E-003	1.1087238226676699	0.57225146874859123	-1	0.53647235391907866	-1	OK
30.750000000000000	1.7947137645521547	0.73524169428649777	0.72602492846630917	9.21676582018866007E-003	1.0594720702656568	0.54645545750524172	-1	0.51301661276041510	-1	OK
31.000000000000000	1.7189855393951665	0.70623375304116798	0.69562468071055095	1.06090723306170361E-002	1.0127517863539985	0.52200326542412145	-1	0.49074852092987709	-1	OK
31.250000000000000	1.6469772073489781	0.67856449839576449	0.66671022211503472	1.18542762807296587E-002	0.96841270895321352	0.49881550411912240	-1	0.46959720483409112	-1	OK
31.500000000000000	1.5784832146723629	0.65216325787792973	0.63919854115565122	1.29647167222783685E-002	0.92631995679443324	0.47682293445399626	-1	0.44949702234043698	-1	OK
31.750000000000000	1.5133054644139130	0.62696323806292242	0.61301179644196979	1.39514416209527148E-002	0.88634222635099047	0.45595246581272281	-1	0.43038976053826766	-1	OK
32.000000000000000	1.4512607654218390	0.60290213034581930	0.58807712469105833	1.48250056547608727E-002	0.84835863507601972	0.43613821390488611	-1	0.41222042117113361	-1	OK
32.250000000000000	1.3921812590143623	0.57992101724232703	0.56432610300567121	1.55949142366560330E-002	0.81226024177203515	0.41731520752623369	-1	0.39494503424580146	-1	OK
32.500000000000000	1.3358991633702542	0.55796419772331496	0.54169447678545890	1.62697209378560928E-002	0.77793496564693909	0.39943217449391361	-1	0.37850279115302549	-1	OK
32.750000000000000	1.2822745249745366	0.53697929215239859	0.52012193298363851	1.68573591687599077E-002	0.74529523282213805	0.38243450911644344	-1	0.36286072370569461	-1	OK
33.000000000000000	1.2311570450300144	0.51691712844213766	0.49955185072995101	1.73652777121867594E-002	0.71423991658787689	0.36627107412117854	-1	0.34796884246669835	-1	OK
33.250000000000000	1.1824153802928461	0.49773149300900255	0.47993102760926420	1.78004653997384452E-002	0.68468388728384355	0.35089669643060939	-1	0.33378719085323416	-1	OK
33.500000000000000	1.1359263942413238	0.47937848066950667	0.46120937040309157	1.81691102664149826E-002	0.65654791357181708	0.33627026268928123	-1	0.32027765088253585	-1	OK
33.750000000000000	1.0915670674625961	0.46181660940285463	0.44333976901166711	1.84768403911874310E-002	0.62975045805974150	0.32234919725645905	-1	0.30740126080328245	-1	OK
34.000000000000000	1.0492334234723093	0.44500675010736668	0.42627790546241351	1.87288446449531756E-002	0.60422667336494251	0.30909409919880748	-1	0.29513257416613503	-1	OK
34.250000000000000	1.0088075122166411	0.42891208615380350	0.40998207329245956	1.89300128613437146E-002	0.57989542606283750	0.29646869461656422	-1	0.28342673144627328	-1	OK
34.500000000000000	0.97019425394446990	0.41349787768843277	0.39441297916319129	1.90848985252414019E-002	0.55669637625603718	0.28443894193505542	-1	0.27225743432098176	-1	OK
34.750000000000000	0.93330098990836841	0.39873130547519070	0.37953359739586889	1.91977080793219283E-002	0.53456968443317765	0.27297306416174655	-1	0.26159662027143110	-1	OK
35.000000000000000	0.89804668432978796	0.38458116187022751	0.36530899558413893	1.92721662860885837E-002	0.51346552245956045	0.26204107458720716	-1	0.25142444787235330	-1	OK
35.250000000000000	0.86434856345651689	0.37101796483804683	0.35170624395099137	1.93117208870554856E-002	0.49333059861847006	0.25161473903921533	-1	0.24171585957925473	-1	OK
35.500000000000000	0.83212249868261745	0.35801351411126625	0.33869421852738585	1.93192955838806177E-002	0.47410898457135120	0.24166774291101994	-1	0.23244124166033125	-1	OK
35.750000000000000	0.80129070709198902	0.34554157732472501	0.32624365593127297	1.92979213934520409E-002	0.45574912976726401	0.23217500649815462	-1	0.22357412326910939	-1	OK
36.000000000000000	0.77178783682770979	0.33357758631012208	0.31432693666618444	1.92506496439375473E-002	0.43821025051758777	0.22311296432225372	-1	0.21509728619533405	-1	OK
36.250000000000000	0.74355082870734990	0.32209773907107098	0.30291786722107172	1.91798718499991694E-002	0.42145308963627892	0.21445944362368471	-1	0.20699364601259421	-1	OK
36.500000000000000	0.71651139324496216	0.31107952063009942	0.29199173175706195	1.90877888730374423E-002	0.40543187261486274	0.20619322769045750	-1	0.19923864492440524	-1	OK
36.750000000000000	0.69062032562097087	0.30050172516776619	0.28152517852360348	1.89765466441626091E-002	0.39011860045320468	0.19829522318800438	-1	0.19182337726520030	-1	OK
37.000000000000000	0.66581840202397891	0.29034403083037608	0.27149609123669549	1.88479395936807237E-002	0.37547437119360283	0.19074361374760626	-1	0.18473075744599657	-1	OK
37.250000000000000	0.64205277419244866	0.28058749736130689	0.26188361755140405	1.87038798099028146E-002	0.36146527683114177	0.18352404705437542	-1	0.17794122977676635	-1	OK
37.500000000000000	0.61927388446961618	0.27121410110627309	0.25266800325461020	1.85460978516629113E-002	0.34805978336334314	0.17662002733670740	-1	0.17143975602663575	-1	OK
37.750000000000000	0.59743527692728748	0.26220671747007329	0.24383053325248494	1.83761842175883885E-002	0.33522855945721414	0.17001659807467584	-1	0.16521196138253830	-1	OK
38.000000000000000	0.57649279854903945	0.25354886588824355	0.23535344892675647	1.81954169614870764E-002	0.32294393266079591	0.16369797936755281	-1	0.15924595329324309	-1	OK
38.250000000000000	0.55620426568500470	0.24522492256308423	0.22721994205891935	1.80049805041649254E-002	0.31097934312192044	0.15765045939100147	-1	0.15332888373091896	-1	OK
38.500000000000000	0.53708187266585727	0.23722006378630536	0.21941409513111981	1.78059686551855674E-002	0.29986180887955194	0.15154429714993323	-1	0.14831751172961871	-1	OK
38.750000000000000	0.51858733804045032	0.22952040092475287	0.21192084716932896	1.75995537554238107E-002	0.28906693711569748	0.14601210906057216	-1	0.14305482805512532	-1	OK
39.000000000000000	0.50083393726005010	0.22211263252025282	0.20472590595517898	1.73867265650738262E-002	0.27872130473979723	0.14071265434032329	-1	0.13800865039947394	-1	OK
39.250000000000000	0.48397892054612279	0.21498419599494417	0.19781572275921278	1.71684732357313824E-002	0.26899472455117862	0.13563524060440446	-1	0.13335948394677416	-1	OK
39.500000000000000	0.46760341250718707	0.20812303183502295	0.19117741420008699	1.69456176349360513E-002	0.25948038067216411	0.13076956216739871	-1	0.12871081850476540	-1	OK
39.750000000000000	0.45187047702716965	0.20151759414964232	0.18479874741646626	1.67188467331760675E-002	0.25035288287752733	0.12610585469057861	-1	0.12424702818694872	-1	OK
40.000000000000000	0.43671384325386775	0.19515691980476507	0.17866810963428550	1.64888101704796057E-002	0.24155692344910265	0.12163436016266985	-1	0.11992256328643280	-1	OK
40.250000000000000	0.42218653210657447	0.18903064078047715	0.17277448720313307	1.62561535773440499E-002	0.23315589132609732	0.11734637485863199	-1	0.11580951646746533	-1	OK
40.500000000000000	0.40822228023682305	0.18312894935663715	0.16710742551160046	1.60215238450367066E-002	0.22509333088018593	0.11323399303947282	-1	0.11185933784071311	-1	OK
40.750000000000000	0.39479537388283181	0.17744236504668243	0.16165697090722059	1.57853941394618218E-002	0.21735300883614939	0.10928782639035212	-1	0.10806518244579727	-1	OK
41.000000000000000	0.38174838785738097	0.17196199972270954	0.15641368254661786	1.55483171760917114E-002	0.20978638813467143	0.10550008388493086	-1	0.10428630424974057	-1	OK
41.250000000000000	0.36922658846581252	0.16667932374013275	0.15136856701895265	1.53107567211801399E-002	0.20254726472567977	0.10186687033662116	-1	0.10068039438905861	-1	OK
41.500000000000000	0.35728421750711692	0.16158610542465429	0.14651305127133443	1.50730541533198713E-002	0.19569811208246260	9.83780478958472260E-002	-1	9.73200641866153737E-002	-1	OK
41.750000000000000	0.34566023911352828	0.15667449691042695	0.14183898442552861	1.48355124848983388E-002	0.18898574220310130	9.50272907029924285E-002	-1	9.39584515001088694E-002	-1	OK
42.000000000000000	0.33460100511631014	0.15193711683825367	0.13733863016554912	1.45984866727045127E-002	0.18266388827805646	9.18091496288419434E-002	-1	9.08547386492145198E-002	-1	OK
42.250000000000000	0.32395275596729944	0.14736692643547200	0.13300461788167242	1.43623085537995764E-002	0.17658582953182744	8.87168459918169644E-002	-1	8.78689835400104785E-002	-1	OK
42.500000000000000	0.31369859841418690	0.14295713668224469	0.12882992385855938	1.41272128236853284E-002	0.17074146173194218	8.57447827605416768E-002	-1	8.49966789714005078E-002	-1	OK
42.750000000000000	0.30382120758302211	0.13870137380432640	0.12480787458703382	1.38934992172925972E-002	0.16511983377869574	8.28876581042288785E-002	-1	8.22321756744668619E-002	-1	OK
43.000000000000000	0.29430423533491612	0.13459351870195108	0.12093209823561300	1.36614204663380520E-002	0.15971071663296507	8.01405163886389355E-002	-1	7.95702002443261364E-002	-1	OK
43.250000000000000	0.28513473738557704	0.13062764968861493	0.11719651015641629	1.34311395321986288E-002	0.15450708769696211	7.74984712972286438E-002	-1	7.70086163997334705E-002	-1	OK
43.500000000000000	0.27629802134056602	0.12679810120928370	0.11359530950612523	1.32027917031584813E-002	0.14949992013128230	7.49571454913889185E-002	-1	7.45427746398933805E-002	-1	OK
43.750000000000000	0.26777967682547799	0.12309948416770083	0.11012297239019406	1.29765117775067409E-002	0.14468019265777718	7.25115807371220084E-002	-1	7.21686119206551707E-002	-1	OK
44.000000000000000	0.25956689515689546	0.11952671582467732	0.10677424240758400	1.27524734170933098E-002	0.14004017933221816	7.01568231144666238E-002	-1	6.98833562177515327E-002	-1	OK
44.250000000000000	0.25164687299600091	0.11607493184473287	0.10354410095507172	1.25308308896611431E-002	0.13557194115126803	6.78906968472171995E-002	-1	6.76812443040508277E-002	-1	OK
44.500000000000000	0.24400821263783806	0.11273942705384357	0.10042775123075309	1.23116758230904511E-002	0.13126878558399449	6.57093756898962100E-002	-1	6.55594098940982806E-002	-1	OK
44.750000000000000	0.23663882199221639	0.10951572729730469	9.74206184112850898E-002	1.20951088860196086E-002	0.12712309469491170	6.36097091718316882E-002	-1	6.35133855230800154E-002	-1	OK
45.000000000000000	0.22952772843524488	0.10639957416635867	9.45183373103343633E-002	1.18812368560243260E-002	0.12312815426888622	6.15878101023269522E-002	-1	6.15403441665592701E-002	-1	OK
45.250000000000000	0.22266498292562892	0.10338688428865325	9.17167367779829767E-002	1.16701475106702843E-002	0.11927809863697567	5.94975730439406617E-002	-1	5.97805255930350041E-002	-1	OK
45.500000000000000	0.21604085019791780	0.10047371676334649	8.90118249630080377E-002	1.14618918003384397E-002	0.11556713343457133	5.76241270655189139E-002	-1	5.79430063690524119E-002	-1	OK
45.750000000000000	0.20964595503065817	9.76562672476361249E-002	8.63997847979529054E-002	1.12564824496832177E-002	0.11198968778302204	5.58189070393399142E-002	-1	5.61707807436821263E-002	-1	OK
46.000000000000000	0.20347133394867428	9.49309657536253210E-002	8.38769817362603060E-002	1.10539840173649907E-002	0.10854036819504896	5.40785679278063050E-002	-1	5.44618002672426563E-002	-1	OK
46.250000000000000	0.19750727466864137	9.22943889147762320E-002	8.14399381926946969E-002	1.08544507220815541E-002	0.10521288575386513	5.24005630577831227E-002	-1	5.28123226960820064E-002	-1	OK
46.500000000000000	0.19174713420438705	8.97432162146685058E-002	7.90853233676808015E-002	1.06578928469877113E-002	0.10200391798971856	5.07825791976526039E-002	-1	5.12213387920659527E-002	-1	OK
46.750000000000000	0.18618227771110926	8.72743011264096313E-002	7.68099588363128638E-002	1.04643422900967693E-002	9.89079765846996306E-002	4.92222001839670298E-002	-1	4.96857764007326008E-002	-1	OK
47.000000000000000	0.18080514001902553	8.48846445208679967E-002	7.46108042507922925E-002	1.02738402700756643E-002	9.59204954981575236E-002	4.77171005450489558E-002	-1	4.82033949531085679E-002	-1	OK
47.250000000000000	0.17560851115982709	8.25713144196043303E-002	7.24849399298298919E-002	1.00863744897744610E-002	9.30371967402227606E-002	4.62651277584633439E-002	-1	4.67720689817594168E-002	-1	OK
47.500000000000000	0.17058378415356446	8.03314895801092860E-002	7.04295707703981172E-002	9.90191880971117572E-003	9.02522945734551690E-002	4.48642007021302497E-002	-1	4.53880938713249193E-002	-1	OK
47.750000000000000	0.16572774704822799	7.81624807756227391E-002	6.84420257925313219E-002	9.72045498309142587E-003	8.75652662726052466E-002	4.35121285633669058E-002	-1	4.40531377092383408E-002	-1	OK
48.000000000000000	0.16103231275785207	7.60617424023750377E-002	6.65197537002252814E-002	9.54198870214973023E-003	8.49705703554770320E-002	4.22069032188719453E-002	-1	4.27636671366050866E-002	-1	OK
48.250000000000000	0.15649149551678321	7.40268348517015562E-002	6.46603103426406367E-002	9.36652450906092990E-003	8.24646606650816516E-002	4.09467435527249846E-002	-1	4.15179171123566670E-002	-1	OK
48.500000000000000	0.15209412913725501	7.20553849714970912E-002	6.28613496817029827E-002	9.19403528979413631E-003	8.00387441657579302E-002	3.97299521545565956E-002	-1	4.03087920112013345E-002	-1	OK
48.750000000000000	0.14784506875911857	7.01451451060702419E-002	6.11206299058703537E-002	9.02451520019987088E-003	7.76999236530483278E-002	3.85548382604803952E-002	-1	3.91450853925679326E-002	-1	OK
49.000000000000000	0.14373402961170609	6.82939582870497192E-002	5.94360013598514356E-002	8.85795692719827665E-003	7.54400713246563687E-002	3.74197851234520859E-002	-1	3.80202862012042828E-002	-1	OK
49.250000000000000	0.13975593506703859	6.64997310739068870E-002	5.78053997885390053E-002	8.69433128536789557E-003	7.32562039931317216E-002	3.63232435275559762E-002	-1	3.69329604655757454E-002	-1	OK
49.500000000000000	0.13580427909813686	6.47604560446168043E-002	5.62268457202712638E-002	8.53361032434553531E-003	7.10438230535200693E-002	3.52637357974920074E-002	-1	3.57800872560280619E-002	-1	OK
49.750000000000000	0.13208034686750636	6.30741919063739775E-002	5.46984397833222002E-002	8.37575212305178250E-003	6.90061549611323960E-002	3.42397850508257343E-002	-1	3.47663699103066617E-002	-1	OK
50.000000000000000	0.12847451658309283	6.14390943197852535E-002	5.32183645292498841E-002	8.22072979053537628E-003	6.70354222633075952E-002	3.32500439571939144E-002	-1	3.37853783061136809E-002	-1	OK
50.250000000000000	0.12498312775753970	5.98533860759019529E-002	5.17848742428175246E-002	8.06851183308441786E-003	6.51297416816377372E-002	3.22932733071100223E-002	-1	3.28364683745277150E-002	-1	OK
50.500000000000000	0.12160127306149167	5.83153480989453271E-002	5.03962941041197626E-002	7.91905399482555929E-003	6.32859249625463416E-002	3.13682299841553242E-002	-1	3.19176949783910174E-002	-1	OK
50.750000000000000	0.11829916929484480	5.68233552502288020E-002	4.90510222959718023E-002	7.77233295425699966E-003	6.14758140446159951E-002	3.04737231195775400E-002	-1	3.10020909250384551E-002	-1	OK
51.000000000000000	0.11512723046633391	5.53758556562854304E-002	4.77475208723489516E-002	7.62833478393649869E-003	5.97513748100484757E-002	2.96086119933185767E-002	-1	3.01427628167298990E-002	-1	OK
51.250000000000000	0.11205421746151062	5.39713220655783643E-002	4.64843073911543475E-002	7.48701467442400553E-003	5.80828953959322547E-002	2.87718386956055464E-002	-1	2.93110567003267083E-002	-1	OK
51.500000000000000	0.10907644284941181	5.26082958010644502E-002	4.52599609840308933E-002	7.34833481703354476E-003	5.64681470483473710E-002	2.79624815795905049E-002	-1	2.85056654687568661E-002	-1	OK
51.750000000000000	0.10619056596071777	5.12853766093403635E-002	4.40731166531475801E-002	7.21225995619277898E-003	5.49051893513774064E-002	2.71793629128049101E-002	-1	2.77258264385724963E-002	-1	OK
52.000000000000000	0.10339356825744545	5.00011968834148668E-002	4.29224605276259594E-002	7.07873635578891523E-003	5.33923713740305783E-002	2.64215442312507355E-002	-1	2.69708271427798428E-002	-1	OK
52.250000000000000	0.10068986653055033	4.87544576316972095E-002	4.18067330053752892E-002	6.94772462632190380E-003	5.19354088988531193E-002	2.56880840999984469E-002	-1	2.62473247988546723E-002	-1	OK
52.500000000000000	9.80606867593392800E-002	4.75439145599005283E-002	4.07247252328674855E-002	6.81918932703304628E-003	5.05167721994387517E-002	2.49780956596584898E-002	-1	2.55386765397802619E-002	-1	OK
52.750000000000000	9.55111710574735873E-002	4.63683708829273483E-002	3.96752763801516764E-002	6.69309450277566585E-003	4.91428001745462389E-002	2.42907124655771176E-002	-1	2.48520877089691214E-002	-1	OK
53.000000000000000	9.30385975337609528E-002	4.52266836534546413E-002	3.86572708939492138E-002	6.56941275950543354E-003	4.78119138803063115E-002	2.36251193636656046E-002	-1	2.41867945166407070E-002	-1	OK
53.250000000000000	9.06403214225436904E-002	4.41177343794360646E-002	3.76696323265276745E-002	6.44810205290838930E-003	4.65225870431076188E-002	2.29804017834468848E-002	-1	2.35421852596607341E-002	-1	OK
53.500000000000000	8.83135757516777531E-002	4.30404388673215205E-002	3.67113260100577141E-002	6.32911285726381074E-003	4.52731368843562257E-002	2.23559464815892076E-002	-1	2.29171904027670181E-002	-1	OK
53.750000000000000	8.60561154049417909E-002	4.19937762440155057E-002	3.57813610458333209E-002	6.21241519818219266E-003	4.40623391609262852E-002	2.17510507856843241E-002	-1	2.23112883752419611E-002	-1	OK
54.000000000000000	8.38655760324293620E-002	4.09767526747343361E-002	3.48787809841623955E-002	6.09797169057195443E-003	4.28888233576950259E-002	2.11650430700404055E-002	-1	2.17237802876546204E-002	-1	OK
54.250000000000000	8.17397053880883351E-002	3.99884038821690796E-002	3.40026651731799717E-002	5.98573870898910614E-003	4.17513015059192624E-002	2.05972232110740450E-002	-1	2.11540782948452175E-002	-1	OK
54.500000000000000	7.96763373101789379E-002	3.90278075245241163E-002	3.31521293436988912E-002	5.87567818082523115E-003	4.06485297856548217E-002	2.00469449428687663E-002	-1	2.06015848427860554E-002	-1	OK
54.750000000000000	7.76734573908074433E-002	3.80940824254115754E-002	3.23263229920884437E-002	5.76775943332314290E-003	3.95793749653958749E-002	1.95135934977436129E-002	-1	2.00657814676522619E-002	-1	OK
55.000000000000000	7.57289934305451079E-002	3.71863684122976587E-002	3.15244253306206437E-002	5.66194308167701239E-003	3.85426250182474492E-002	1.89965763175865554E-002	-1	1.95460487006608938E-002	-1	OK
55.250000000000000	7.38410119939945514E-002	3.63038345791456829E-002	3.07456460389126870E-002	5.55818854023298458E-003	3.75371774148488685E-002	1.84953360942810424E-002	-1	1.90418413205678261E-002	-1	OK
55.500000000000000	7.20075622791811060E-002	3.54456845009074040E-002	2.99892254758740637E-002	5.45645902503334983E-003	3.65618777782737020E-002	1.80093241345486606E-002	-1	1.85525536437250414E-002	-1	OK
55.750000000000000	7.02269255912494061E-002	3.46111477883024460E-002	2.92544319430314489E-002	5.35671584527099790E-003	3.56157778029469532E-002	1.75380029674505229E-002	-1	1.80777748354964303E-002	-1	OK
56.000000000000000	6.84973669895237447E-002	3.37994919112020453E-002	2.85405620684438428E-002	5.25892984275819989E-003	3.46978750783217063E-002	1.70808852385564668E-002	-1	1.76169898397652396E-002	-1	OK
56.250000000000000	6.68173144169064009E-002	3.30100034269515466E-002	2.78469362522860871E-002	5.16306717466546300E-003	3.38073109899548543E-002	1.66374679278444883E-002	-1	1.71698430621103661E-002	-1	OK
56.500000000000000	6.51850878271323791E-002	3.22419856292977328E-002	2.71728986848596525E-002	5.06908694443807505E-003	3.29431021978346464E-002	1.62073000567932481E-002	-1	1.67358021410413983E-002	-1	OK
56.750000000000000	6.35989134038945358E-002	3.14947715762540215E-002	2.65178183773703662E-002	4.97695319888365271E-003	3.21041418276405213E-002	1.57899413444275022E-002	-1	1.63142004832130191E-002	-1	OK
57.000000000000000	6.20573706353801449E-002	3.07677190317947324E-002	2.58810870036319078E-002	4.88663202816283504E-003	3.12896516035854125E-002	1.53849780914432094E-002	-1	1.59046735121422048E-002	-1	OK
57.250000000000000	6.05591773421003884E-002	3.00601986819143061E-002	2.52621168044994161E-002	4.79808187741489426E-003	3.04989786601860824E-002	1.49919856214560578E-002	-1	1.55069930387300246E-002	-1	OK
57.500000000000000	5.91032261854640140E-002	2.93716073561825358E-002	2.46603417329871732E-002	4.71126562319536171E-003	2.97316188292814747E-002	1.46105458539064568E-002	-1	1.51210729753750179E-002	-1	OK
57.750000000000000	5.76748767690134154E-002	2.87013697613877905E-002	2.40752166925615046E-002	4.62615306882628238E-003	2.89735070076256249E-002	1.42403308122272636E-002	-1	1.47331761953983613E-002	-1	OK
58.000000000000000	5.62991842947252186E-002	2.80489225017501176E-002	2.35062155762004732E-002	4.54270692554963398E-003	2.82502617929751010E-002	1.38809989910511581E-002	-1	1.43692628019239429E-002	-1	OK
58.250000000000000	5.49615213849566908E-002	2.74137287754268738E-002	2.29528324956806452E-002	4.46089627974622337E-003	2.75477926095298135E-002	1.35321040436136592E-002	-1	1.40156885659161543E-002	-1	OK
58.500000000000000	5.36605753086233928E-002	2.67952692113090883E-002	2.24145789190535773E-002	4.38069029225550324E-003	2.68653060973143010E-002	1.31933024552454998E-002	-1	1.36720036420688012E-002	-1	OK
58.750000000000000	5.23953727169573918E-002	2.61930410129086674E-002	2.18909833079213960E-002	4.30205770498727144E-003	2.62023317040487209E-002	1.28642634341200168E-002	-1	1.33380682699287042E-002	-1	OK
59.000000000000000	5.11648786934816996E-002	2.56065576704659556E-002	2.13815903270301172E-002	4.22496734343583581E-003	2.55583210230157440E-002	1.25446683964453003E-002	-1	1.30136526265704437E-002	-1	OK
59.250000000000000	4.99678857101255938E-002	2.50353503143744063E-002	2.08859608557366051E-002	4.14938945863780814E-003	2.49325353957511875E-002	1.22342102742758179E-002	-1	1.26983251214753696E-002	-1	OK
59.500000000000000	4.87997975881842849E-002	2.44789613786673133E-002	2.04036699113444610E-002	4.07529146732284794E-003	2.43208362095169717E-002	1.19325927758891122E-002	-1	1.23882434336278595E-002	-1	OK
59.750000000000000	4.76540008670061771E-002	2.39369455635507697E-002	1.99343070423095396E-002	4.00263852124122920E-003	2.37170553034554039E-002	1.16395276933028390E-002	-1	1.20775276101525650E-002	-1	OK
60.000000000000000	4.65517443138070280E-002	2.34088775506538296E-002	1.94774772131224051E-002	3.93140033753142711E-003	2.31428667631532019E-002	1.13547513475033886E-002	-1	1.17881154156498132E-002	-1	OK
60.250000000000000	4.54790350113848246E-002	2.28943508583175914E-002	1.90327997481639609E-002	3.86155111015363010E-003	2.25846841530672332E-002	1.10779938934753904E-002	-1	1.15066902595918428E-002	-1	OK
60.500000000000000	4.44350204101869595E-002	2.23929701022631648E-002	1.85999066113081354E-002	3.79306349095503374E-003	2.20420503079237946E-002	1.08089974976361344E-002	-1	1.12330528102876602E-002	-1	OK
60.750000000000000	4.34187985033853210E-002	2.19043530199595909E-002	1.81784422096043403E-002	3.72591081035526100E-003	2.15144454834257301E-002	1.05475242943871197E-002	-1	1.09669211890386104E-002	-1	OK
61.000000000000000	4.24295461966990722E-002	2.14281311367749312E-002	1.77680630729699328E-002	3.66006806380499757E-003	2.10014150599241410E-002	1.02932945339510064E-002	-1	1.07081205259731346E-002	-1	OK
61.250000000000000	4.14664302576057478E-002	2.09639461954843516E-002	1.73684369669229073E-002	3.59550922856144472E-003	2.05024840621213962E-002	1.00460950613710572E-002	-1	1.04563890007503390E-002	-1	OK
61.500000000000000	4.05286426262844862E-002	2.05114505741875730E-002	1.69792425182036071E-002	3.53220805598396552E-003	2.00171920520969132E-002	9.80572461907998870E-003	-1	1.02114674330169245E-002	-1	OK
61.750000000000000	3.96154150054035051E-002	2.00703066387817874E-002	1.66001689593333127E-002	3.47013767944847349E-003	1.95451083666217176E-002	9.57196965011648457E-003	-1	9.97313871650523306E-003	-1	OK
62.000000000000000	3.87260211537520938E-002	1.96401894820367393E-002	1.62309162520946765E-002	3.40927322994206538E-003	1.90858316717153510E-002	9.34462440501932640E-003	-1	9.74120726669602463E-003	-1	OK
62.250000000000000	3.78551470664504203E-002	1.92207821235418110E-002	1.58711941083907668E-002	3.34958801515104158E-003	1.86343649429086128E-002	9.12349489500823702E-003	-1	9.51087004790037577E-003	-1	OK
62.500000000000000	3.70114546052388443E-002	1.88117793779767131E-002	1.55207223228055087E-002	3.29105705517120485E-003	1.81996752272621277E-002	8.90837960680513491E-003	-1	9.29129562045699284E-003	-1	OK
62.750000000000000	3.61895662502872834E-002	1.84128891491080401E-002	1.51792304023260546E-002	3.23365874678199295E-003	1.77766771011792397E-002	8.69907576201261849E-003	-1	9.07760133916662125E-003	-1	OK
63.000000000000000	3.53888457894392383E-002	1.80238260703412395E-002	1.48464562993726578E-002	3.17736977096857868E-003	1.73650197190979953E-002	8.49538454576465735E-003	-1	8.86963517333333798E-003	-1	OK
63.250000000000000	3.46086532824838172E-002	1.76443168510033652E-002	1.45221468046811877E-002	3.12217004632217576E-003	1.69643364314804486E-002	8.29717787646663298E-003	-1	8.66715855501381562E-003	-1	OK
63.500000000000000	3.38407940099077209E-002	1.72740934554509173E-002	1.42060563840826007E-002	3.06803707136831883E-003	1.65667005544568001E-002	8.10428885591357728E-003	-1	8.46241169854322281E-003	-1	OK
63.750000000000000	3.31000709105433444E-002	1.69128943926319560E-002	1.38979474008305154E-002	3.01494699180144491E-003	1.61871765179113919E-002	7.91655589020898859E-003	-1	8.27062062770240330E-003	-1	OK
64.000000000000000	3.23781411331026600E-002	1.65604703499242015E-002	1.35975904912799990E-002	2.96287985864420247E-003	1.58176707831784585E-002	7.73382337564808026E-003	-1	8.08384740753037914E-003	-1	OK
64.250000000000000	3.16744420293680398E-002	1.62165770542881393E-002	1.33047631797162027E-002	2.91181387457193014E-003	1.54578649750799005E-002	7.55594072107571620E-003	-1	7.90192425400418341E-003	-1	OK
64.500000000000000	3.09884875189035923E-002	1.58809788854772371E-002	1.30192504528622594E-002	2.86172843261497988E-003	1.51075086334263552E-002	7.38276329969780876E-003	-1	7.72474533372854641E-003	-1	OK
64.750000000000000	3.03197323034776305E-002	1.55534487877703950E-002	1.27408444659582090E-002	2.81260432181218390E-003	1.47662835157072354E-002	7.21415268549156947E-003	-1	7.55213083021566596E-003	-1	OK
65.000000000000000	2.96676962165737246E-002	1.52337639690061748E-002	1.24693436261426420E-002	2.76442034286353711E-003	1.44339322475675515E-002	7.04995807094189152E-003	-1	7.38397417662566002E-003	-1	OK
65.250000000000000	2.90237880996150159E-002	1.49217117652256353E-002	1.22045531429218635E-002	2.71715862230377048E-003	1.41020763343893806E-002	6.89002579108181305E-003	-1	7.21205054330756757E-003	-1	OK
65.500000000000000	2.84039481304289264E-002	1.46170857715149788E-002	1.19462841357504679E-002	2.67080163576451091E-003	1.37868623589139476E-002	6.73426554584502773E-003	-1	7.05259681306891987E-003	-1	OK
65.750000000000000	2.77994571937946119E-002	1.43196850902832552E-002	1.16943536856668421E-002	2.62533140461641357E-003	1.34797721035113584E-002	6.58258074212021791E-003	-1	6.89719136139114054E-003	-1	OK
66.000000000000000	2.72099233905247345E-002	1.40293143513664283E-002	1.14485845272104345E-002	2.58072982415599598E-003	1.31806090391583079E-002	6.43482893292128544E-003	-1	6.74578010623702248E-003	-1	OK
66.250000000000000	2.66348377465167457E-002	1.37457814725774896E-002	1.12088045029820980E-002	2.53697696959538990E-003	1.28890562739392544E-002	6.29089021690985243E-003	-1	6.59816605702940196E-003	-1	OK
66.500000000000000	2.60737997464913634E-002	1.34689023201337646E-002	1.09748472376933158E-002	2.49405508244044749E-003	1.26048974263575971E-002	6.15065331003394195E-003	-1	6.45424411632365518E-003	-1	OK
66.750000000000000	2.55264568000555213E-002	1.31984969181597397E-002	1.07465514348046385E-002	2.45194548335510255E-003	1.23279598818957815E-002	6.01401046940447381E-003	-1	6.31394941249130773E-003	-1	OK
67.000000000000000	2.49924306679704285E-002	1.29343911730532540E-002	1.05237609838271032E-002	2.41063018922615079E-003	1.20580394949171745E-002	5.88085751471800582E-003	-1	6.17718198019916870E-003	-1	OK
67.250000000000000	2.44713546855186044E-002	1.26764220491740569E-002	1.03063255921204654E-002	2.37009645705359021E-003	1.17949326363445475E-002	5.75109407151863303E-003	-1	6.04383856482591450E-003	-1	OK
67.500000000000000	2.39628259562915634E-002	1.24244297641336390E-002	1.00940990084353189E-002	2.33033075569831841E-003	1.15383961921579244E-002	5.62462272796943833E-003	-1	5.91377346418848603E-003	-1	OK
67.750000000000000	2.34665311438704144E-002	1.21782557624881965E-002	9.88693903642071450E-003	2.29131672606748158E-003	1.12882753813822179E-002	5.50130865630159283E-003	-1	5.78696672508062504E-003	-1	OK
68.000000000000000	2.29821370257168520E-002	1.19377466998534312E-002	9.68470788439706153E-003	2.25303881545636797E-003	1.10443903258634190E-002	5.38109919005413072E-003	-1	5.66329113580928828E-003	-1	OK
68.250000000000000	2.25093177223427247E-002	1.17027546059193348E-002	9.48727195576380515E-003	2.21548265015552399E-003	1.08065631164233900E-002	5.26391255800796962E-003	-1	5.54265055841542034E-003	-1	OK
68.500000000000000	2.20477613771279043E-002	1.14731350884627742E-002	9.29450163186794527E-003	2.17863345659483065E-003	1.05746262886651319E-002	5.14965898370485335E-003	-1	5.42496730496027854E-003	-1	OK
68.750000000000000	2.15971563821541444E-002	1.12487464012004969E-002	9.10627088664577727E-003	2.14247551455472394E-003	1.03484099809536476E-002	5.03426384418484418E-003	-1	5.31414613676880337E-003	-1	OK
69.000000000000000	2.11572207984134716E-002	1.10294498438669227E-002	8.92245746246703511E-003	2.10699238139988717E-003	1.01277709545465507E-002	4.92572064642181947E-003	-1	5.20205030812473119E-003	-1	OK
69.250000000000000	2.07276529847528999E-002	1.08151129727311508E-002	8.74294326790408041E-003	2.07216970482706868E-003	9.91254001202174911E-003	4.81986971129170182E-003	-1	5.09267030073004730E-003	-1	OK
69.500000000000000	2.03081743909302448E-002	1.06056089023160716E-002	8.56761407169972546E-003	2.03799483061634697E-003	9.70256548861417496E-003	4.71661620892978740E-003	-1	4.98594927968438757E-003	-1	OK
69.750000000000000	1.98984898100226272E-002	1.04008127491601859E-002	8.39635875637254232E-003	2.00445399278764008E-003	9.49767706086244133E-003	4.61589876003911867E-003	-1	4.88177830082332266E-003	-1	OK
70.000000000000000	1.94983808444098156E-002	1.02006047946189109E-002	8.22906984900559010E-003	1.97153494561332337E-003	9.29777604979090296E-003	4.51765244218214380E-003	-1	4.78012360760875915E-003	-1	OK
70.250000000000000	1.91076024885322993E-002	1.00048709332963559E-002	8.06564315949558769E-003	1.93922777380076562E-003	9.10273155523594335E-003	4.42180869343391202E-003	-1	4.68092286180203133E-003	-1	OK
70.500000000000000	1.87258929559683956E-002	9.81349673397749478E-003	7.90597706156243377E-003	1.90751967241505884E-003	8.91239622199089913E-003	4.32830109867891194E-003	-1	4.58409512331198719E-003	-1	OK
70.750000000000000	1.83530079424545287E-002	9.62637078640157795E-003	7.74997291472938332E-003	1.87639787167219593E-003	8.72663715605295071E-003	4.23706508257479936E-003	-1	4.48957207347815135E-003	-1	OK
71.000000000000000	1.79887165297107389E-002	9.44338489962308174E-003	7.59753495509947127E-003	1.84584994452361025E-003	8.54533163008765716E-003	4.14803587511837057E-003	-1	4.39729575496928659E-003	-1	OK
71.250000000000000	1.76328133748935231E-002	9.26443412365452260E-003	7.44857021943433166E-003	1.81586390422018812E-003	8.36837925123900053E-003	4.06115527800189613E-003	-1	4.30722397323710440E-003	-1	OK
71.500000000000000	1.72851000635441052E-002	9.08941685230496739E-003	7.30298853074556626E-003	1.78642832155939896E-003	8.19568321123913777E-003	3.97636484679498615E-003	-1	4.21931836444415162E-003	-1	OK
71.750000000000000	1.69453194002706850E-002	8.91823421606028309E-003	7.16070232088008088E-003	1.75753189518020026E-003	8.02708518421040018E-003	3.89360775277389519E-003	-1	4.13347743143650456E-003	-1	OK
72.000000000000000	1.66132610765209604E-002	8.75078979713341323E-003	7.02162657954800637E-003	1.72916321758540947E-003	7.86247127938754890E-003	3.81282884477072547E-003	-1	4.04964243461682343E-003	-1	OK
72.250000000000000	1.62887306053508506E-002	8.58699100510322208E-003	6.88567895899174550E-003	1.70131204611147615E-003	7.70173960024762936E-003	3.73398103887709765E-003	-1	3.96775856137053171E-003	-1	OK
72.500000000000000	1.59715589498493418E-002	8.42674681472746490E-003	6.75277932010592830E-003	1.67396749462153422E-003	7.54481213512187606E-003	3.65702553391870650E-003	-1	3.88778660120316956E-003	-1	OK
72.750000000000000	1.56615250759278082E-002	8.26996847845198890E-003	6.62284984610431345E-003	1.64711863234767893E-003	7.39155659747581933E-003	3.58189161462485082E-003	-1	3.80966498285096851E-003	-1	OK
73.000000000000000	1.53584561389094910E-002	8.11657137909394498E-003	6.49581518240164267E-003	1.62075619669230144E-003	7.24188475981554520E-003	3.50853019112566797E-003	-1	3.73335456868987723E-003	-1	OK
73.250000000000000	1.50621643655997131E-002	7.96647454465767083E-003	6.37160223666328584E-003	1.59487230799438585E-003	7.09568982094204142E-003	3.43689512357113697E-003	-1	3.65879469737090445E-003	-1	OK
73.500000000000000	1.47724848764084447E-002	7.81959704731617633E-003	6.25013963075846633E-003	1.56945741655771130E-003	6.95288782909226927E-003	3.36694582429993656E-003	-1	3.58594200479233271E-003	-1	OK
73.750000000000000	1.44892389135665919E-002	7.67585984522778375E-003	6.13135795870684529E-003	1.54450188652093911E-003	6.81337906833880732E-003	3.29863103818885638E-003	-1	3.51474803014995094E-003	-1	OK
74.000000000000000	1.42122595626378370E-002	7.53518560360505636E-003	6.01518971533112484E-003	1.51999588827393260E-003	6.67707395903278066E-003	3.23190758602247318E-003	-1	3.44516637301030748E-003	-1	OK
74.250000000000000	1.39413941318844679E-002	7.39749893136596674E-003	5.90156926807545654E-003	1.49592966329051107E-003	6.54389520051850207E-003	3.16673371306047799E-003	-1	3.37716148745802408E-003	-1	OK
74.500000000000000	1.36764609970237427E-002	7.26272786820150208E-003	5.79043313332359630E-003	1.47229473487790622E-003	6.41373312882224152E-003	3.10307132663812301E-003	-1	3.31066180218411851E-003	-1	OK
74.750000000000000	1.34173392396066873E-002	7.13080239678887465E-003	5.68171955122590607E-003	1.44908284556296836E-003	6.28653684281781262E-003	3.04087877132743238E-003	-1	3.24565807149038025E-003	-1	OK
75.000000000000000	1.31638934248952295E-002	7.00165365656950540E-003	5.57536840306328395E-003	1.42628525350622058E-003	6.16223976832572500E-003	2.98011731548267992E-003	-1	3.18212245284304508E-003	-1	OK
75.250000000000000	1.29159839562779689E-002	6.87521585746280264E-003	5.47132135263586356E-003	1.40389450482693930E-003	6.04076809881516717E-003	2.92074958772700231E-003	-1	3.12001851108816486E-003	-1	OK
75.500000000000000	1.26734801441557542E-002	6.75142380387374740E-003	5.36952153909251665E-003	1.38190226478123314E-003	5.92205634028200676E-003	2.86273943791122594E-003	-1	3.05931690237078082E-003	-1	OK
75.750000000000000	1.24362416428051951E-002	6.63021337781353852E-003	5.26991363767694357E-003	1.36029974013659820E-003	5.80602826499165576E-003	2.80605179200806368E-003	-1	2.99997647298359208E-003	-1	OK
76.000000000000000	1.22041363329099921E-002	6.51152316234525092E-003	5.17244404468268550E-003	1.33907911766256217E-003	5.69261317056474203E-003	2.75065013348744841E-003	-1	2.94196303707729362E-003	-1	OK
76.250000000000000	1.19770398284068710E-002	6.39529573776029866E-003	5.07706092305254715E-003	1.31823481470775346E-003	5.58174409064657231E-003	2.69650258109611646E-003	-1	2.88524150955045584E-003	-1	OK
76.500000000000000	1.17548309680112779E-002	6.28147363503330294E-003	4.98371352063242852E-003	1.29776011440087204E-003	5.47335733297797493E-003	2.64357970042667853E-003	-1	2.82977763255129640E-003	-1	OK
76.750000000000000	1.15373793636804230E-002	6.16999999831289656E-003	4.89235235236322279E-003	1.27764764594967420E-003	5.36737936536752641E-003	2.59184890924163500E-003	-1	2.77553045612589141E-003	-1	OK
77.000000000000000	1.13245975618898841E-002	6.06081929348340886E-003	4.80292924163510868E-003	1.25789005184829866E-003	5.26377826840647434E-003	2.54128400390356800E-003	-1	2.72249426450290634E-003	-1	OK
77.250000000000000	1.11163623220325823E-002	5.95387716845356164E-003	4.71539731149510800E-003	1.23847985695845278E-003	5.16248515357901980E-003	2.49185508094303078E-003	-1	2.67063007263598903E-003	-1	OK
77.500000000000000	1.09125490798428308E-002	5.84912024754221695E-003	4.62971090218633127E-003	1.21940934535588502E-003	5.06342883230061474E-003	2.44352948610803431E-003	-1	2.61989934619258043E-003	-1	OK
77.750000000000000	1.07130522062220991E-002	5.74649796174779657E-003	4.54582580200073305E-003	1.20067215974706330E-003	4.96655424447430341E-003	2.39628106082237675E-003	-1	2.57027318365192665E-003	-1	OK
78.000000000000000	1.05177683109816088E-002	5.64596094203409071E-003	4.46369902926497392E-003	1.18226191276911787E-003	4.87180736894751807E-003	2.35007953592452929E-003	-1	2.52172783302298878E-003	-1	OK
78.250000000000000	1.03265944390764156E-002	5.54746154609831940E-003	4.38328875010710484E-003	1.16417279599121608E-003	4.77913289297809702E-003	2.30489210395843106E-003	-1	2.47424078901966596E-003	-1	OK
78.500000000000000	1.01394333791203668E-002	5.45095350922021864E-003	4.30455430751886924E-003	1.14639920170135005E-003	4.68847986990014905E-003	2.26070165724626950E-003	-1	2.42777821265387954E-003	-1	OK
78.750000000000000	9.95619525253998300E-003	5.35639189775979907E-003	4.22745606872546465E-003	1.12893582903433594E-003	4.59980335478018393E-003	2.21748305500314453E-003	-1	2.38232029977703940E-003	-1	OK
79.000000000000000	9.77678379876088625E-003	5.26373139162349124E-003	4.15195520868898073E-003	1.11177618293451007E-003	4.51305240713739501E-003	2.17521193391946545E-003	-1	2.33784047321792957E-003	-1	OK
79.250000000000000	9.60110975164183388E-003	5.17292756478348464E-003	4.07801391904891435E-003	1.09491364573456899E-003	4.42818218685834923E-003	2.13386530127414927E-003	-1	2.29431688558419996E-003	-1	OK
79.500000000000000	9.42908413776940776E-003	5.08393779985250559E-003	4.00559551402899627E-003	1.07834228582350997E-003	4.34514633791690304E-003	2.09342027370893738E-003	-1	2.25172606420796567E-003	-1	OK
79.750000000000000	9.26061812795449246E-003	4.99672077128441184E-003	3.93466431436306774E-003	1.06205645692134193E-003	4.26389735667008062E-003	2.05385474835736992E-003	-1	2.21004260831271070E-003	-1	OK
80.000000000000000	9.09562628923472200E-003	4.91123647557183043E-003	3.86518563733041689E-003	1.04605083824141267E-003	4.18438981366289244E-003	2.01514781199523202E-003	-1	2.16924200166766041E-003	-1	OK
80.250000000000000	8.93402953329766256E-003	4.82744597827353648E-003	3.79712568608025483E-003	1.03032029219328231E-003	4.10658355502412607E-003	1.97727764359338079E-003	-1	2.12930591143074529E-003	-1	OK
80.500000000000000	8.77574044184113722E-003	4.74531072789822605E-003	3.73045146355061074E-003	1.01485926434761553E-003	4.03042971394291204E-003	1.94022274355246387E-003	-1	2.09020697039044839E-003	-1	OK
80.750000000000000	8.62068470147325967E-003	4.66479329419031748E-003	3.66513083945827238E-003	9.99662454732043806E-004	3.95589140728294219E-003	1.90395102613277723E-003	-1	2.05194038115016474E-003	-1	OK
81.000000000000000	8.46879959424966244E-003	4.58585747897411692E-003	3.60113259740527537E-003	9.84724881568842638E-004	3.88294211527554596E-003	1.86845687935866369E-003	-1	2.01448523591688227E-003	-1	OK
81.250000000000000	8.32005959545472837E-003	4.50848586497389590E-003	3.53843815421132782E-003	9.70047710762568516E-004	3.81157373048083290E-003	1.83373043327338353E-003	-1	1.97784329720744959E-003	-1	OK
81.500000000000000	8.17428528153620743E-003	4.43260695503849660E-003	3.47699388310754092E-003	9.55613071930954154E-004	3.74167832649770996E-003	1.79973219617846070E-003	-1	1.94194613031924927E-003	-1	OK
81.750000000000000	8.03145986344727496E-003	4.35820670726343087E-003	3.41678312696718422E-003	9.41423580296245560E-004	3.67325315618384409E-003	1.76645689203252902E-003	-1	1.90679626415131507E-003	-1	OK
82.000000000000000	7.89151372604642194E-003	4.28525278705321148E-003	3.35777775016371299E-003	9.27475036889498380E-004	3.60626093899321090E-003	1.73388896768361645E-003	-1	1.87237197130959445E-003	-1	OK
82.250000000000000	7.75438354702152020E-003	4.21371266614676328E-003	3.29995021169725029E-003	9.13762454449511263E-004	3.54067088087475735E-003	1.70201021247435224E-003	-1	1.83866066840040511E-003	-1	OK
82.500000000000000	7.62000188179817219E-003	4.14355481474045374E-003	3.24327372306627533E-003	9.00281091674178186E-004	3.47644706705771802E-003	1.67080349828757982E-003	-1	1.80564356877013820E-003	-1	OK
82.750000000000000	7.48830815973498647E-003	4.07474852452388223E-003	3.18772221358870752E-003	8.87026310935175354E-004	3.41355963521110424E-003	1.64025282227452064E-003	-1	1.77330681293658360E-003	-1	OK
83.000000000000000	7.35924299638572067E-003	4.00726458434383717E-003	3.13327039184382785E-003	8.73994192500009105E-004	3.35197841204188350E-003	1.61034261000617455E-003	-1	1.74163580203570896E-003	-1	OK
83.250000000000000	7.23274528918859457E-003	3.94107381815935257E-003	3.07989348000523239E-003	8.61180338154119416E-004	3.29167147102924201E-003	1.58105763898416514E-003	-1	1.71061383204507687E-003	-1	OK
83.500000000000000	7.10875742073060167E-003	3.87614862415775613E-003	3.02756745074131244E-003	8.48581173416442392E-004	3.23260879657284511E-003	1.55238857471507374E-003	-1	1.68022022185777137E-003	-1	OK
83.750000000000000	6.98722401526223180E-003	3.81246177718046111E-003	2.97626881646648536E-003	8.36192960713976396E-004	3.17476223808177069E-003	1.52431680357727087E-003	-1	1.65044543450449982E-003	-1	OK
84.000000000000000	6.86808587825248149E-003	3.74998617126879024E-003	2.92597459281376208E-003	8.24011578455028813E-004	3.11809970698369125E-003	1.49682689570138821E-003	-1	1.62127281128230305E-003	-1	OK
84.250000000000000	6.75129266136151665E-003	3.68869505584738019E-003	2.87666231561973336E-003	8.12032740227646072E-004	3.06259760551413603E-003	1.46990500954913500E-003	-1	1.59269259596500103E-003	-1	OK
84.500000000000000	6.63679076881189614E-003	3.62856238521858587E-003	2.82831011068852573E-003	8.00252274530060355E-004	3.00822838359330984E-003	1.44352994553736155E-003	-1	1.56469843805594829E-003	-1	OK
84.750000000000000	6.52452950857327664E-003	3.56956312088631223E-003	2.78089673226584013E-003	7.88666388620472541E-004	2.95496638768696484E-003	1.41769766730299855E-003	-1	1.53726872038396629E-003	-1	OK
85.000000000000000	6.41445238937934838E-003	3.51167293241211667E-003	2.73440146769660976E-003	7.77271464715506046E-004	2.90277945696723171E-003	1.39239606856194774E-003	-1	1.51038338840528397E-003	-1	OK
85.250000000000000	6.30651768346287764E-003	3.45486867564735603E-003	2.68880420675849351E-003	7.66064468888862636E-004	2.85164900781552160E-003	1.36761171942991876E-003	-1	1.48403728838560284E-003	-1	OK
85.500000000000000	6.20068261681267548E-003	3.39912773344674176E-003	2.64408531077244859E-003	7.55042422674292958E-004	2.80155488336593372E-003	1.34333227155598194E-003	-1	1.45822261180995178E-003	-1	OK
85.750000000000000	6.09690557295810773E-003	3.34442749650380299E-003	2.60022553791857151E-003	7.44201958585231807E-004	2.75247807645430474E-003	1.31954663969146408E-003	-1	1.43293143676284066E-003	-1	OK
86.000000000000000	5.99513230753137821E-003	3.29074542919376330E-003	2.55720605156584341E-003	7.33539377627919777E-004	2.70438687833761491E-003	1.29624346757922933E-003	-1	1.40814341075838558E-003	-1	OK
86.250000000000000	5.89531964304844738E-003	3.23805962515825259E-003	2.51500850127660573E-003	7.23051123881647074E-004	2.65726001789019436E-003	1.27341170893408994E-003	-1	1.38384830895610443E-003	-1	OK
86.500000000000000	5.79741998485586163E-003	3.18634892365113765E-003	2.47361501801154947E-003	7.12733905639587203E-004	2.61107106120472398E-003	1.25104063328578571E-003	-1	1.36003042791893827E-003	-1	OK
86.750000000000000	5.70139704910550479E-003	3.13559265003818559E-003	2.43300818764859497E-003	7.02584462389589854E-004	2.56580439906731878E-003	1.22912016393802114E-003	-1	1.33668423512929764E-003	-1	OK
87.000000000000000	5.60720818835016774E-003	3.08577087280200325E-003	2.39317104847903668E-003	6.92599824322966563E-004	2.52143731554816493E-003	1.20764053146132314E-003	-1	1.31379678408684178E-003	-1	OK
87.250000000000000	5.51482223926299652E-003	3.03686408988201656E-003	2.35408706579292790E-003	6.82777024089088877E-004	2.47795814938097997E-003	1.18659102509774341E-003	-1	1.29136712428323656E-003	-1	OK
87.500000000000000	5.42419490128465132E-003	2.98885381926323719E-003	2.31574015059958201E-003	6.73113668663655727E-004	2.43534108202141369E-003	1.16596167735088987E-003	-1	1.26937940467052382E-003	-1	OK
87.750000000000000	5.33528513301233763E-003	2.94172127215927125E-003	2.27811446452187791E-003	6.63606807637393339E-004	2.39356386085306638E-003	1.14574290864844354E-003	-1	1.24782095220462284E-003	-1	OK
88.000000000000000	5.24805604272972955E-003	2.89544788836693752E-003	2.24119452857101048E-003	6.54253359795927683E-004	2.35260815436279204E-003	1.12592565220054753E-003	-1	1.22668250216224450E-003	-1	OK
88.250000000000000	5.16247156028417677E-003	2.85001541160759004E-003	2.20496521987633169E-003	6.45050191731257484E-004	2.31245614867658673E-003	1.10650066992667713E-003	-1	1.20595547874990960E-003	-1	OK
88.500000000000000	5.07831653931803927E-003	2.80540620479047004E-003	2.16941183580721814E-003	6.35994368983252667E-004	2.27291033452756922E-003	1.08745930706857915E-003	-1	1.18545102745899007E-003	-1	OK
88.750000000000000	4.99591964229182620E-003	2.76160357349942553E-003	2.13452010229382792E-003	6.27083471205598262E-004	2.23431606879240068E-003	1.06879316134939192E-003	-1	1.16552290744300876E-003	-1	OK
89.000000000000000	4.91506530564882714E-003	2.71859126484343561E-003	2.10027608923200057E-003	6.18315175611435690E-004	2.19647404080539196E-003	1.05049390992192513E-003	-1	1.14598013088346683E-003	-1	OK
89.250000000000000	4.83572030358823002E-003	2.67635305872043414E-003	2.06666612800841809E-003	6.09686930712015612E-004	2.15936724486779589E-003	1.03255339300349722E-003	-1	1.12681385186429867E-003	-1	OK
89.500000000000000	4.75785221382122193E-003	2.63487303479252718E-003	2.03367688008481828E-003	6.01196154707708472E-004	2.12297917902869475E-003	1.01496366408923978E-003	-1	1.10801551493945496E-003	-1	OK
89.750000000000000	4.68142934857345913E-003	2.59413564251760468E-003	2.00129529942301041E-003	5.92840343094594695E-004	2.08729370605585489E-003	9.97716974900597804E-004	-1	1.08957673115525708E-003	-1	OK
90.000000000000000	4.60642806062322181E-003	2.55412565814134261E-003	1.96950868948314074E-003	5.84616968658202086E-004	2.05230240248187919E-003	9.80805661021971276E-004	-1	1.07149674145990792E-003	-1	OK
90.250000000000000	4.53280787259347125E-003	2.51482834128780898E-003	1.93830463892819883E-003	5.76523702359609609E-004	2.01797953130566183E-003	9.64222398521458386E-004	-1	1.05375713278420356E-003	-1	OK
90.500000000000000	4.46054422805115640E-003	2.47622931145450795E-003	1.90767104709019990E-003	5.68558264364308046E-004	1.98431491659664888E-003	9.47960090740671457E-004	-1	1.03635482585597754E-003	-1	OK
90.750000000000000	4.38960923108117334E-003	2.43831482748870995E-003	1.87759613433715927E-003	5.60718693151550569E-004	1.95129440359246360E-003	9.32011730342054254E-004	-1	1.01928267325040924E-003	-1	OK
91.000000000000000	4.31997520967901220E-003	2.40107116271819250E-003	1.84806833142318861E-003	5.53002831295003675E-004	1.91890404696081949E-003	9.16370124933121150E-004	-1	1.00253392202769845E-003	-1	OK
91.250000000000000	4.25161539037796979E-003	2.36448467756991861E-003	1.81907630625240862E-003	5.45408371317510207E-004	1.88713071280805097E-003	9.01028917750921381E-004	-1	9.86101795057129586E-004	-1	OK
91.500000000000000	4.18450262843673634E-003	2.32854220584491995E-003	1.79060901240651318E-003	5.37933193438406448E-004	1.85596042259181661E-003	8.85981642121186938E-004	-1	9.69978780470629669E-004	-1	OK
91.750000000000000	4.11861040712547047E-003	2.29323082182335313E-003	1.76265565916524551E-003	5.30575162658107721E-004	1.82537958530211734E-003	8.71221920406956528E-004	-1	9.54157664895160813E-004	-1	OK
92.000000000000000	4.05391257797399138E-003	2.25853771292658856E-003	1.73520566652334723E-003	5.23332046403241326E-004	1.79537486504740239E-003	8.56743185348230667E-004	-1	9.38631679699171721E-004	-1	OK
92.250000000000000	3.99038501057761771E-003	2.22445049702860208E-003	1.70824875500728401E-003	5.16201742021318074E-004	1.76593451354901607E-003	8.42539799842634079E-004	-1	9.23394713706381987E-004	-1	OK
92.500000000000000	3.92800327017303781E-003	2.19095735824132278E-003	1.68177488617971146E-003	5.09182472061611865E-004	1.73704591193171525E-003	8.28605853069421037E-004	-1	9.08440058862294213E-004	-1	OK
92.750000000000000	3.86674533431508993E-003	2.15804647233651826E-003	1.65577423459599068E-003	5.02272237740527248E-004	1.70869886197857188E-003	8.14935574616963742E-004	-1	8.93763287361608143E-004	-1	OK
93.000000000000000	3.80658839798612893E-003	2.12570645433298247E-003	1.63023722970132489E-003	4.95469224631657902E-004	1.68088194365314646E-003	8.01523334065323205E-004	-1	8.79358609587823259E-004	-1	OK
93.250000000000000	3.74751006145777497E-003	2.09392605243931707E-003	1.60515449829289622E-003	4.88771554146420306E-004	1.65358400901845790E-003	7.88363647902713726E-004	-1	8.65220361115744173E-004	-1	OK
93.500000000000000	3.68948980444748324E-003	2.06269452967021080E-003	1.58051690684949515E-003	4.82177622820715874E-004	1.62679527477727244E-003	7.75451143710501425E-004	-1	8.51344131066771015E-004	-1	OK
93.750000000000000	3.63250607714519797E-003	2.03200124340197725E-003	1.55631550133529875E-003	4.75685742066678881E-004	1.60050483374322094E-003	7.62780596041424020E-004	-1	8.37724237701796917E-004	-1	OK
94.000000000000000	3.57653670645591629E-003	2.00183560998025509E-003	1.53254149744104441E-003	4.69294112539210355E-004	1.57470109647566141E-003	7.50346922613072355E-004	-1	8.24354173862589055E-004	-1	OK
94.250000000000000	3.52156105354897459E-003	1.97218717035885661E-003	1.50918629776022580E-003	4.63000872598630809E-004	1.54937388319011820E-003	7.38145145322227289E-004	-1	8.11228737867890912E-004	-1	OK
94.500000000000000	3.46755872483060041E-003	1.94304567655915810E-003	1.48624150376891430E-003	4.56804172790243972E-004	1.52451304827144231E-003	7.26170357533139211E-004	-1	7.98342690738303097E-004	-1	OK
94.750000000000000	3.41425869934841716E-003	1.91440146772410970E-003	1.46369895401309903E-003	4.50702513711010561E-004	1.49985723162430746E-003	7.14417797348725525E-004	-1	7.85439434275581939E-004	-1	OK
95.000000000000000	3.36214845427295142E-003	1.88624483016595380E-003	1.44155062900397520E-003	4.44694201161977898E-004	1.47590362410699762E-003	7.02882823529709646E-004	-1	7.73020800577287970E-004	-1	OK
95.250000000000000	3.31095363920147229E-003	1.85856640665136544E-003	1.41978871434872617E-003	4.38777692302639427E-004	1.45238723255010685E-003	6.91560892795369344E-004	-1	7.60826339754737510E-004	-1	OK
95.500000000000000	3.26065708387937320E-003	1.83135689850965526E-003	1.39840554032110657E-003	4.32951358188548804E-004	1.42930018536971794E-003	6.80447577698961191E-004	-1	7.48852607670756750E-004	-1	OK
95.750000000000000	3.21124110045218746E-003	1.80460723267676822E-003	1.37739361298624876E-003	4.27213619690520162E-004	1.40663386777541946E-003	6.69538549398072296E-004	-1	7.37095318377347167E-004	-1	OK
96.000000000000000	3.16268786233160713E-003	1.77830863910143945E-003	1.35674562767769597E-003	4.21563011423743694E-004	1.38437922323016746E-003	6.58829860603048884E-004	-1	7.25549362627118575E-004	-1	OK
96.250000000000000	3.11498019470551500E-003	1.75245248336495445E-003	1.33645441228140752E-003	4.15998071083547140E-004	1.36252771134056055E-003	6.48317877308721038E-004	-1	7.14209834031839515E-004	-1	OK
96.500000000000000	3.06810127664004176E-003	1.72703020186465482E-003	1.31651296136380143E-003	4.10517240500852306E-004	1.34107107477538716E-003	6.37997958472560716E-004	-1	7.03073116302826442E-004	-1	OK
96.750000000000000	3.02203499037081730E-003	1.70203349053539088E-003	1.29691442224969368E-003	4.05119068285697255E-004	1.32000149983542664E-003	6.27865975318526700E-004	-1	6.92135524516899938E-004	-1	OK
97.000000000000000	2.97676519402542694E-003	1.67745413011664542E-003	1.27765209088545259E-003	3.99802039231192830E-004	1.29931106390878130E-003	6.17918003449762030E-004	-1	6.81393060459019274E-004	-1	OK
97.250000000000000	2.93227648239598876E-003	1.65328443140403498E-003	1.25871945717347458E-003	3.94564974230560237E-004	1.27899205099195399E-003	6.08150320401431633E-004	-1	6.70841730590522362E-004	-1	OK
97.500000000000000	2.88855355914781169E-003	1.62951657397227955E-003	1.24011009088073544E-003	3.89406483091543837E-004	1.25903698517553192E-003	5.98558983784421884E-004	-1	6.60478001391110034E-004	-1	OK
97.750000000000000	2.84558105589221514E-003	1.60614284303282635E-003	1.22181771179330836E-003	3.84325131239517169E-004	1.23943821285938879E-003	5.89144314459094502E-004	-1	6.50293898400294292E-004	-1	OK
98.000000000000000	2.80334452065209017E-003	1.58315580840943807E-003	1.20383618275522199E-003	3.79319625654215480E-004	1.22018871224265231E-003	5.79899105258517979E-004	-1	6.40289606984134336E-004	-1	OK
98.250000000000000	2.76183107409458395E-003	1.56054803407464169E-003	1.18615949054804077E-003	3.74388543526600918E-004	1.20128304001994204E-003	5.70819770105598727E-004	-1	6.30463269914343315E-004	-1	OK
98.500000000000000	2.72102685414610636E-003	1.53831250137804847E-003	1.16878179169419331E-003	3.69530709683854510E-004	1.18271435276805790E-003	5.61902950987753472E-004	-1	6.20811401780304423E-004	-1	OK
98.750000000000000	2.68091646734982571E-003	1.51644218154265483E-003	1.15169733558067515E-003	3.64744845961980008E-004	1.16447428580717088E-003	5.53145367366044273E-004	-1	6.11328918441126604E-004	-1	OK
99.000000000000000	2.64148673841007545E-003	1.49493040839675673E-003	1.13490054661837371E-003	3.60029861778383129E-004	1.14655633001331872E-003	5.44543813691151981E-004	-1	6.02012516322166739E-004	-1	OK
99.250000000000000	2.60272486630795099E-003	1.47377071010160545E-003	1.11838594695744991E-003	3.55384763144155709E-004	1.12895415620634554E-003	5.36095156152873072E-004	-1	5.92859000053472468E-004	-1	OK
99.500000000000000	2.56461795487056710E-003	1.45295648445753446E-003	1.10214815116685297E-003	3.50808333290681112E-004	1.11166147041303265E-003	5.27796331004339904E-004	-1	5.83865139408692741E-004	-1	OK
99.750000000000000	2.52715341063171339E-003	1.43248137670799573E-003	1.08618189973761739E-003	3.46299476970378395E-004	1.09467203392371744E-003	5.19644345137841796E-004	-1	5.75027688785875648E-004	-1	OK
100.00000000000000	2.49031873816860398E-003	1.41233900179142538E-003	1.07048202376988210E-003	3.41856978021542904E-004	1.07797973637717859E-003	5.11636269839867782E-004	-1	5.66343466537310813E-004	-1	OK
