#pt	totcs	totdirect	directLO	directNLO	totfrag	fragLO	err_fragLO	fragNLO	err_fragNLO	errmess
0.50000000000000000	115516866.26175673	-62085384.425261244	13836261.336982097	-75921645.762243345	177602250.68701798	122752181.40572089	-1	54850069.281297088	-1	Error
0.75000000000000000	51220402.974958748	-13125345.719403870	6336425.9446207406	-19461771.664024610	64345748.694362618	35147395.274019718	-1	29198353.420342900	-1	Error
1.0000000000000000	17839878.794372059	-3536491.2470562402	2798481.6576876873	-6334972.9047439294	21376370.041428301	11841687.924095450	-1	9534682.1173328515	-1	Error
1.2500000000000000	7247262.9794868901	-1126714.2870626529	1343351.7695862304	-2470066.0566488821	8373977.2665495425	4730835.0603517964	-1	3643142.2061977461	-1	Error
1.5000000000000000	3339665.1863155495	-397821.58307684632	701196.69256726105	-1099018.2756441075	3737486.7693923959	2149023.4687601700	-1	1588463.3006322258	-1	Error
1.7500000000000000	1696581.6305960612	-148309.67055705923	394903.20626731776	-543212.87682437699	1844891.3011531204	1090441.6006377430	-1	754449.70051537734	-1	Error
2.0000000000000000	946789.40291147307	-54560.376887541963	236175.87591994801	-290736.25280749000	1001349.7797990150	601998.01849777589	-1	399351.76130123914	-1	Error
2.2500000000000000	562742.82019078685	-17351.059059714258	148345.53980789045	-165696.59886760480	580093.87925050117	351425.91918613453	-1	228667.96006436663	-1	Error
2.5000000000000000	353377.26267948328	-2323.4856842072913	97032.973392439744	-99356.459076646977	355700.74836369057	216088.64958901351	-1	139612.09877467706	-1	Error
2.7500000000000000	231252.94539027405	3530.0895333832304	65658.574320574422	-62128.484787191221	227722.85585689082	138856.54564554198	-1	88866.310211348842	-1	Error
3.0000000000000000	156775.14777162339	5490.6252994354145	45733.483927552414	-40242.858628116992	151284.52247218799	92409.079390907544	-1	58875.443081280449	-1	Error
3.2500000000000000	109297.29197989238	5797.3622866295555	32658.139134022415	-26860.776847392877	103499.92969326282	63408.707476743148	-1	40091.222216519673	-1	Error
3.5000000000000000	78128.668862820632	5431.6609020658434	23830.383536253164	-18398.722634187321	72697.007960754796	44660.164149928954	-1	28036.843810825842	-1	Error
3.7500000000000000	57077.442958375665	4831.2173092858648	17721.083675073394	-12889.866365787540	52246.225649089800	32167.136478814522	-1	20079.089170275278	-1	Error
4.0000000000000000	42512.381873673905	4189.4649985209144	13400.644965186111	-9211.1799666651950	38322.916875152994	23622.278225570561	-1	14700.638649582434	-1	OK
4.2500000000000000	32175.362800481817	3587.3868763045975	10286.178585372563	-6698.7917090679684	28587.975924177219	17636.167872292375	-1	10951.808051884844	-1	OK
4.5000000000000000	24701.317081956753	3053.5519924774944	8001.9743860277622	-4948.4223935502714	21647.765089479257	13368.844021968329	-1	8278.9210675109280	-1	OK
4.7500000000000000	19238.930580370044	2593.5032983672609	6300.5526086842056	-3707.0493103169433	16645.427282002784	10272.235045933205	-1	6373.1922360695789	-1	OK
5.0000000000000000	15167.331130790597	2202.9383449146717	5015.3881876483047	-2812.4498427336293	12964.392785875925	7990.2090252049547	-1	4974.1837606709705	-1	OK
5.2500000000000000	12092.877918113998	1873.9005868987724	4032.2569221086915	-2158.3563352099195	10218.977331215225	6283.4887340673658	-1	3935.4885971478589	-1	OK
5.5000000000000000	9736.0511598959529	1597.6514738683918	3271.4356878960266	-1673.7842140276359	8138.3996860275611	4995.4633474882467	-1	3142.9363385393144	-1	OK
5.7500000000000000	7908.0339585790462	1365.9831462231264	2676.4219411855943	-1310.4387949624695	6542.0508123559193	4009.1963203074833	-1	2532.8544920484360	-1	OK
6.0000000000000000	6472.0294005603446	1171.5761734152770	2206.5428385967912	-1034.9666651815141	5300.4532271450680	3245.9047787156692	-1	2054.5484484293988	-1	OK
6.2500000000000000	5338.7873895987232	1008.1362928869553	1832.1333701778358	-823.99707729087982	4330.6510967117683	2649.0201151692672	-1	1681.6309815425011	-1	OK
6.5000000000000000	4436.7585246560266	870.39399524789542	1531.3085041088027	-660.91450886090718	3566.3645294081307	2177.8763072896500	-1	1388.4882221184807	-1	OK
6.7500000000000000	3710.6962935518195	753.98041897242456	1287.7376485307477	-533.75722955832339	2956.7158745793949	1802.8558847888594	-1	1153.8599897905356	-1	OK
7.0000000000000000	3122.0284703218304	655.28993952550422	1089.1062237707561	-433.81628424525150	2466.7385307963259	1502.2655936039762	-1	964.47293719234972	-1	OK
7.2500000000000000	2639.1645832483782	571.35741294488116	926.03724148332117	-354.67982853843995	2067.8071703034971	1259.2122387389870	-1	808.59493156451003	-1	OK
7.5000000000000000	2245.0173859893644	499.74411519415719	791.32523777471988	-291.58112258056275	1745.2732707952071	1061.2887266345870	-1	683.98454416062009	-1	OK
7.7500000000000000	1918.9414978074738	438.44263225357770	679.38594873070986	-240.94331647713210	1480.4988655538959	899.16669364515917	-1	581.33217190873677	-1	OK
8.0000000000000000	1647.6977706180442	385.79838995916737	585.85724004907991	-200.05885008991231	1261.8993806588767	768.68505002701386	-1	493.21433063186282	-1	OK
8.2500000000000000	1421.0103245781729	340.44569628647480	507.30621611599827	-166.86051982952358	1080.5646282916980	657.47444704458405	-1	423.09018124711395	-1	OK
8.5000000000000000	1230.8568492261734	301.25491327073780	441.01242911644789	-139.75751584571015	929.60193595543547	564.77423980416222	-1	364.82769615127324	-1	OK
8.7500000000000000	1069.6295335928160	267.28619389047418	384.80499900985546	-117.51880511938128	802.34333970234184	487.13162572273251	-1	315.21171397960933	-1	OK
9.0000000000000000	933.44907765447351	237.75644904713909	336.94124334177013	-99.184794294631061	695.69262860733443	421.78910969011014	-1	273.90351891722429	-1	OK
9.2500000000000000	818.35709365186267	212.01165048388458	296.01399553353417	-84.002345049649563	606.34544316797815	366.53213934014946	-1	239.81330382782869	-1	OK
9.5000000000000000	719.07608990947006	189.50404383029326	260.88074534525543	-71.376701514962306	529.57204607917674	319.60200911136826	-1	209.97003696780848	-1	OK
9.7500000000000000	633.76512741614920	169.77356014460105	230.60887639151213	-60.835316246911120	463.99156727154815	279.59237619003534	-1	184.39919108151281	-1	OK
10.000000000000000	560.21595382066801	152.43249488702395	204.43334545255925	-52.000850565535359	407.78345893364406	245.36866425102355	-1	162.41479468262051	-1	OK
10.250000000000000	496.60647481128899	137.15297657968097	181.72346993751052	-44.570493357829534	359.45349823160802	215.98618514583694	-1	143.46731308577108	-1	OK
10.500000000000000	441.42029459830042	123.65738679090015	161.95709027367676	-38.299703482776593	317.76290780740027	190.66804851685114	-1	127.09485929054912	-1	OK
10.750000000000000	393.37419410643543	111.70919967854886	144.69983921935938	-32.990639540810498	281.66499442788654	168.78719204747745	-1	112.87780238040909	-1	OK
11.000000000000000	351.42038500107071	101.10722447362190	129.58907374180421	-28.481849268182319	250.31316052744884	149.81063834137996	-1	100.50252218606889	-1	OK
11.250000000000000	314.66209295982412	91.678909477461744	116.32065130967695	-24.641741832215256	222.98318348236236	133.29896067620061	-1	89.684222806161756	-1	OK
11.500000000000000	282.36927036124877	83.276729401864216	104.63870048580573	-21.361971083941551	199.09254095938454	118.89267750465554	-1	80.199863454728998	-1	OK
11.750000000000000	253.94179663741988	75.773565310813169	94.327027830361217	-18.553462519548052	178.16823132660673	106.28473089896683	-1	71.883500427639902	-1	OK
12.000000000000000	228.85375180795461	69.060000963434902	85.202432678556818	-16.142431715121916	159.79375084451971	95.221000147556509	-1	64.572750696963197	-1	OK
12.250000000000000	206.65997102696662	63.041423699479353	77.109109420713068	-14.067685721233685	143.61854732748728	85.484684704372398	-1	58.133862623114879	-1	OK
12.500000000000000	186.97924761951154	57.635868883645912	69.914142268582935	-12.278273384937044	129.34337873586563	76.900030788828161	-1	52.443347947037466	-1	OK
12.750000000000000	169.48592643865908	52.772212090164032	63.503802310366375	-10.731590220202332	116.71371434849503	69.312838050031417	-1	47.400876298463615	-1	OK
13.000000000000000	153.90010798671264	48.388531751104118	57.780452474373774	-9.3919207232696671	105.51157623560852	62.457850410437494	-1	43.053725825171021	-1	OK
13.250000000000000	139.98502029673881	44.430830936265252	52.660057653747515	-8.2292267174822484	95.554189360473558	56.505341591423523	-1	39.048847769050035	-1	OK
13.500000000000000	127.53674243667294	40.851864783303647	48.070117781003688	-7.2182529977000440	86.684877653369284	51.209661506331550	-1	35.475216147037735	-1	OK
13.750000000000000	116.33690014548236	37.610253795914893	43.947911159259405	-6.3376573633445110	78.726646349567460	46.488792643550141	-1	32.237853706017319	-1	OK
14.000000000000000	106.32074620562605	34.669720992047594	40.239024536631725	-5.5693035445841250	71.651025213578464	42.272415011966956	-1	29.378610201611508	-1	OK
14.250000000000000	97.312545486973889	31.998299492010148	36.896137478544198	-4.8978379865340642	65.314245994963741	38.499754128107703	-1	26.814491866856038	-1	OK
14.500000000000000	89.200744996334748	29.567890140665362	33.878014772844871	-4.3101246321795141	59.632854855669393	35.116934346575441	-1	24.515920509093952	-1	OK
14.750000000000000	81.874634202436425	27.353633007649009	31.148620584669203	-3.7949875770201960	54.521001194787409	32.078183052320320	-1	22.442818142467090	-1	OK
15.000000000000000	75.247967346901603	25.333569965230812	28.676410962547198	-3.3428409973163906	49.914397381670788	29.351287044752702	-1	20.563110336918086	-1	OK
15.250000000000000	69.252952689727707	23.488235429306886	26.433703581361694	-2.9454681520548167	45.764717260420824	26.885595886151922	-1	18.879121374268902	-1	OK
15.500000000000000	63.814610538692108	21.800344161856586	24.396158063373822	-2.5958139015172370	42.014266376835522	24.659883784419502	-1	17.354382592416020	-1	OK
15.750000000000000	58.877538325861572	20.254556210966420	22.542336302694519	-2.2877800917281035	38.622982114895152	22.647160156800524	-1	15.975821958094627	-1	OK
16.000000000000000	54.386548929403695	18.837175421062824	20.853305627745179	-2.0161302066823565	35.549373508340871	20.825144054610401	-1	14.724229453730469	-1	OK
16.250000000000000	50.294754451629601	17.536010061038748	19.312329550975299	-1.7763194899365500	32.758744390590849	19.173196570305489	-1	13.585547820285360	-1	OK
16.500000000000000	46.561328142573259	16.340163098367146	17.904577531807316	-1.5644144334401704	30.221165044206113	17.672543150534459	-1	12.548621893671655	-1	OK
16.750000000000000	43.151574635974491	15.239869761517438	16.616883121865069	-1.3770133603476298	27.911704874457051	16.307842156852953	-1	11.603862717604098	-1	OK
17.000000000000000	40.033492182119979	14.226414898538790	15.437548046791575	-1.2111331482527814	25.807077283581190	15.064425779903464	-1	10.742651503677726	-1	OK
17.250000000000000	37.178825965612447	13.291947262389700	14.356146399527809	-1.0641991371381019	23.886878703222749	13.930267121318019	-1	9.9566115819047294	-1	OK
17.500000000000000	34.561998960511659	12.429421063541117	13.363382320916369	-0.93396125737525570	22.132577896970538	12.895009819812355	-1	9.2375680771581834	-1	OK
17.750000000000000	32.150457547779581	11.632516392615718	12.450953182564666	-0.81843678994894586	20.517941155163861	11.949099112392764	-1	8.5688420427710970	-1	OK
18.000000000000000	29.944208615733039	10.895499721010202	11.611422161268186	-0.71592244025798280	19.048708894722836	11.083643399049233	-1	7.9650654956736027	-1	OK
18.250000000000000	27.914856211017955	10.213220122153697	10.838130930560331	-0.62491080840663404	17.701636088864259	10.290778180318796	-1	7.4108579085454629	-1	OK
18.500000000000000	26.046021620042847	9.5810366088054764	10.125105846984768	-0.54406923817929165	16.464985011237371	9.5637499555999987	-1	6.9012350556373718	-1	OK
18.750000000000000	24.323227108156750	8.9947261404746328	9.4669735204186694	-0.47224737994403593	15.328500967682118	8.8965837834957604	-1	6.4319171841863572	-1	OK
19.000000000000000	22.733422019002511	8.4504766188132976	8.8589016754353604	-0.40842505662206346	14.282945400189213	8.2833350447802108	-1	5.9996103554090023	-1	OK
19.250000000000000	21.264874453653594	7.9448434825872232	8.2965373660857455	-0.35169388349852110	13.320030971066371	7.7190119532722088	-1	5.6010190177941626	-1	OK
19.500000000000000	19.897349753295487	7.4746779473301999	7.7759487883475433	-0.30127084101734225	12.422671805965287	7.1992908224774634	-1	5.2233809834878233	-1	OK
19.750000000000000	18.641478829040274	7.0371302656666694	7.2935871134080807	-0.25645684774141253	11.604348563373605	6.7201659985631315	-1	4.8841825648104740	-1	OK
20.000000000000000	17.478799864762991	6.6296186130424433	6.8462440848089763	-0.21662547176653357	10.849181251720548	6.2779733071471711	-1	4.5712079445733771	-1	OK
20.250000000000000	16.400043381308429	6.2497761104373097	6.4310102315032989	-0.18123412106598813	10.150267270871117	5.8694776364243273	-1	4.2807896344467897	-1	OK
20.500000000000000	15.398979066163918	5.8954501951210450	6.0452493074105123	-0.14979911228946644	9.5035288710428727	5.4917512121056955	-1	4.0117776589371772	-1	OK
20.750000000000000	14.469319835924441	5.5646847351327180	5.6865697180383279	-0.12188498290560638	8.9046351007917224	5.1420961222173931	-1	3.7625389785743293	-1	OK
21.000000000000000	13.605064370368360	5.2556786314033070	5.3527921501440590	-9.71135187407518169E-002	8.3493857389650525	4.8181380336606638	-1	3.5312477053043887	-1	OK
21.250000000000000	12.801070687236503	4.9667889819736679	5.0419375018479098	-7.51485198742416899E-002	7.8342817052628364	4.5178186206859863	-1	3.3164630845768501	-1	OK
21.500000000000000	12.052518403825870	4.6965178859778778	4.7522055963618275	-5.56877103839497206E-002	7.3560005178479919	4.2391805907771127	-1	3.1168199270708792	-1	OK
21.750000000000000	11.354976969012430	4.4434913279120982	4.4819543783580915	-3.84630504459915479E-002	6.9114856411003309	3.9804706719955791	-1	2.9310149691047518	-1	OK
22.000000000000000	10.704472710959347	4.2064460077545771	4.2296845652994302	-2.32385575448514556E-002	6.4980267032047712	3.7400858327683109	-1	2.7579408704364603	-1	OK
22.250000000000000	10.097567109419705	3.9842242746551078	3.9940273612231585	-9.80308656805109827E-003	6.1133428347645973	3.5165796298466194	-1	2.5967632049179779	-1	OK
22.500000000000000	9.5308941981341491	3.7757668662407067	3.7737317706954832	2.03509554522283889E-003	5.7551273318934415	3.3085205783412288	-1	2.4466067535522127	-1	OK
22.750000000000000	9.0013201473448934	3.5800944147949383	3.5676514941742301	1.24429206207069924E-002	5.4212257325499547	3.1146909039470190	-1	2.3065348286029357	-1	OK
23.000000000000000	8.5061064190520561	3.3963075389590900	3.3747369560218261	2.15705829372640143E-002	5.1097988800929661	2.9340142324252603	-1	2.1757846476677059	-1	OK
23.250000000000000	8.0426987469587594	3.2235806655566388	3.1940262805354656	2.95543850211728923E-002	4.8191180814021211	2.7654559597546688	-1	2.0536621216474522	-1	OK
23.500000000000000	7.6088040225097515	3.0611513436240041	3.0246361841085356	3.65151595154688050E-002	4.5476526788857479	2.6081400459624695	-1	1.9395126329232784	-1	OK
23.750000000000000	7.2022699182246219	2.9083142909295958	2.8657548680371856	4.25594228924101592E-002	4.2939556272950261	2.4612030428699017	-1	1.8327525844251245	-1	OK
24.000000000000000	6.8210524500132141	2.7644211842920199	2.7166367046785007	4.77844796135191222E-002	4.0566312657211938	2.3238510590387955	-1	1.7327802066823983	-1	OK
24.250000000000000	6.4633878839312642	2.6288731011678741	2.5765954360252405	5.22776651426346203E-002	3.8345147827633901	2.1953741545868066	-1	1.6391406281765835	-1	OK
24.500000000000000	6.1276323054646165	2.5011144596927082	2.4449986602901106	5.61157994025974910E-002	3.6265178457719083	2.0751212519115767	-1	1.5513965938603316	-1	OK
24.750000000000000	5.8122554498707348	2.3806335993448675	2.3212639965144168	5.93696028304509515E-002	3.4316218505258669	1.9624977971684512	-1	1.4691240533574157	-1	OK
25.000000000000000	5.5133859455685652	2.2669546348416327	2.2048538649090283	6.21007699326049378E-002	3.2464313107269320	1.8569554449368280	-1	1.3894758657901041	-1	OK
25.250000000000000	5.2347466922307362	2.1596386949025468	2.0952724324133878	6.43662624891589569E-002	3.0751079973281898	1.7579844105539495	-1	1.3171235867742404	-1	OK
25.500000000000000	4.9725665533006165	2.0582776196419630	1.9920612320446922	6.62163875972711230E-002	2.9142889336586535	1.6651312987512816	-1	1.2491576349073719	-1	OK
25.750000000000000	4.7257182737576890	1.9624921667912825	1.8947963836457553	6.76957831455270720E-002	2.7632261069664064	1.5779612538788146	-1	1.1852648530875918	-1	OK
26.000000000000000	4.4931853409900899	1.8719304170159201	1.8030858300318551	6.88445869840647595E-002	2.6212549239741700	1.4960803776208003	-1	1.1251745463533698	-1	OK
26.250000000000000	4.2740096894384791	1.7862665439649452	1.7165667783014513	6.96997656634944923E-002	2.4877431454735341	1.4191281615603446	-1	1.0686149839131895	-1	OK
26.500000000000000	4.0673115462218741	1.7051965591617069	1.6349028214738985	7.02937376878087078E-002	2.3621149870601674	1.3467735725515562	-1	1.0153414145086113	-1	OK
26.750000000000000	3.8722756431557572	1.6284374879228196	1.5577821121099649	7.06553758128547621E-002	2.2438381552329378	1.2786812643800760	-1	0.96515689085286183	-1	OK
27.000000000000000	3.6869865055160389	1.5557271037135429	1.4849155693709599	7.08115343425831517E-002	2.1312594018024962	1.2145746795585424	-1	0.91668472224395381	-1	OK
27.250000000000000	3.5131430031334645	1.4868206184694146	1.4160346265163708	7.07859919530445247E-002	2.0263223846640499	1.1541832505627523	-1	0.87213913410129762	-1	OK
27.500000000000000	3.3488711367769475	1.4214895094295448	1.3508898028708789	7.05997065586656813E-002	1.9273816273474027	1.0972668761478657	-1	0.83011475119953704	-1	OK
27.750000000000000	3.1935803369159035	1.3595216641277013	1.2892493136143257	7.02723505133755338E-002	1.8340586727882022	1.0435979782539793	-1	0.79046069453422296	-1	OK
28.000000000000000	3.0466697026987335	1.3007185979331144	1.2308974368725718	6.98211610605420918E-002	1.7459511047656191	0.99296731483635325	-1	0.75298378992926585	-1	OK
28.250000000000000	2.9076607332970088	1.2448948727711548	1.1756333970317059	6.92614757394487829E-002	1.6627658605258542	0.94516837882446658	-1	0.71759748170138760	-1	OK
28.500000000000000	2.7760637503661716	1.1918777135990404	1.1232702929743033	6.86074206247374169E-002	1.5841860367671312	0.90000294816241566	-1	0.68418308860471555	-1	OK
28.750000000000000	2.6514192447680598	1.1415052934542487	1.0736338705028916	6.78714229513572159E-002	1.5099139513138111	0.85734103924072746	-1	0.65257291207308366	-1	OK
29.000000000000000	2.5332817680017463	1.0936267460196969	1.0265617188956437	6.70650271240533780E-002	1.4396550219820496	0.81701785343300137	-1	0.62263716854904827	-1	OK
29.250000000000000	2.4212647110869461	1.0481002358563305	0.98190218611685487	6.61980497394755174E-002	1.3731644752306156	0.77888538383533612	-1	0.59427909139527946	-1	OK
29.500000000000000	2.3150591477633515	1.0047934837668642	0.93951383927831633	6.52796444885479776E-002	1.3102656639964876	0.74279941651170256	-1	0.56746624748478502	-1	OK
29.750000000000000	2.2143464196634985	0.96358233525540171	0.89926451559363452	6.43178196617671671E-002	1.2507640844080967	0.70863180293153394	-1	0.54213228147656278	-1	OK
30.000000000000000	2.1185215403174515	0.92435093712947614	0.86103079222046308	6.33201449090127488E-002	1.1941706031879755	0.67628240381102422	-1	0.51788819937695130	-1	OK
30.250000000000000	2.0276995856451174	0.88699037958820626	0.82469716993546061	6.22932096527455126E-002	1.1407092060569111	0.64563846819011217	-1	0.49507073786679889	-1	OK
30.500000000000000	1.9414195456640324	0.85139822035641788	0.79015557188955043	6.12426484668674234E-002	1.0900213253076145	0.61659947791844916	-1	0.47342184738916537	-1	OK
30.750000000000000	1.8594186281157632	0.81747856060663926	0.75730488043062893	6.01736801760101928E-002	1.0419400675091239	0.58907090499926995	-1	0.45286916250985398	-1	OK
31.000000000000000	1.7814581484521712	0.78514141483204181	0.72605041561868633	5.90909992133559075E-002	0.99631673362012951	0.56296359001753160	-1	0.43335314360259791	-1	OK
31.250000000000000	1.7073141562240761	0.75430223655015327	0.69630345958545659	5.79987769646968729E-002	0.95301191967392274	0.53819252392771222	-1	0.41481939574621052	-1	OK
31.500000000000000	1.6367732174477401	0.72488154000522043	0.66798081804968445	5.69007219555356797E-002	0.91189167744251964	0.51468224645082861	-1	0.39720943099169104	-1	OK
31.750000000000000	1.5696288658770428	0.69680432253540725	0.64100441577783374	5.57999067575733823E-002	0.87282454334163551	0.49235970739099028	-1	0.38046483595064523	-1	OK
32.000000000000000	1.5056956108613528	0.67000049507396342	0.61530110278455918	5.46993922894038545E-002	0.83569511578738931	0.47116198783960184	-1	0.36453312794778747	-1	OK
32.250000000000000	1.4448067047281685	0.64440390005515968	0.59080214325237479	5.36017568027850472E-002	0.80040280467300873	0.45102058118348193	-1	0.34938222348952680	-1	OK
32.500000000000000	1.3867609610433089	0.61995208599733720	0.56744294491396374	5.25091410833733174E-002	0.76680887504597173	0.43187178975585938	-1	0.33493708529011235	-1	OK
32.750000000000000	1.3314628241364925	0.59658628719395757	0.54516283188825554	5.14234553057019081E-002	0.73487653694253507	0.41366296413678588	-1	0.32121357280574919	-1	OK
33.000000000000000	1.2787380321272348	0.57425128807344528	0.52390479645994648	5.03464916134987658E-002	0.70448674405378964	0.39634197725659298	-1	0.30814476679719666	-1	OK
33.250000000000000	1.2280486074514338	0.55289517735313809	0.50361523186731483	4.92799454858232622E-002	0.67515343009829587	0.37985687313081390	-1	0.29529655696748197	-1	OK
33.500000000000000	1.1800857768955071	0.53246874814690504	0.48424363716568053	4.82251109812244852E-002	0.64761702874860216	0.36416271991382804	-1	0.28345430883477413	-1	OK
33.750000000000000	1.1343085896971354	0.51292553096664073	0.46574248584146200	4.71830451251787630E-002	0.62138305873049471	0.34921550574258575	-1	0.27216755298790896	-1	OK
34.000000000000000	1.0906031673141203	0.49422170506174629	0.44806703537484133	4.61546696869051531E-002	0.59638146225237398	0.33497743705568561	-1	0.26140402519668837	-1	OK
34.250000000000000	1.0488617786233314	0.47631601129454526	0.43117514828740572	4.51408630071397365E-002	0.57254576732878615	0.32141046104199178	-1	0.25113530628679437	-1	OK
34.500000000000000	1.0089843820803819	0.45916950004008256	0.41502709843885383	4.41424016012285439E-002	0.54981488204029938	0.30847893150899397	-1	0.24133595053130541	-1	OK
34.750000000000000	0.97087440031682459	0.44274537405909237	0.39958542744682440	4.31599466122679354E-002	0.52812902625773228	0.29615356006248639	-1	0.23197546619524589	-1	OK
35.000000000000000	0.93444208168320930	0.42700869394599444	0.38481475596863851	4.21939379773559470E-002	0.50743338773721491	0.28439868392340528	-1	0.22303470381380963	-1	OK
35.250000000000000	0.89923525621759226	0.41192637721839959	0.37068164298638356	4.12447342320161059E-002	0.48730887899919267	0.27318188279330563	-1	0.21412699620588704	-1	OK
35.500000000000000	0.86592773846133497	0.39746696415271354	0.35715454943674801	4.03124147159656110E-002	0.46846077430862143	0.26247620273790756	-1	0.20598457157071387	-1	OK
35.750000000000000	0.83405902114984098	0.38360107811340183	0.34420379976632420	3.93972783470776661E-002	0.45045794303643916	0.25225501100145320	-1	0.19820293203498596	-1	OK
36.000000000000000	0.80355655313323238	0.37030113657037184	0.33180136546214084	3.84997711082309541E-002	0.43325541656286054	0.24249329099683731	-1	0.19076212556602323	-1	OK
36.250000000000000	0.77435274848823810	0.35754057419202762	0.31992066181752438	3.76199123745031352E-002	0.41681217429621048	0.23316697855619889	-1	0.18364519574001159	-1	OK
36.500000000000000	0.74638563656107437	0.34529425683020898	0.30853658419241808	3.67576726377909502E-002	0.40109137973086534	0.22425676579786294	-1	0.17683461393300240	-1	OK
36.750000000000000	0.71959585868176656	0.33353848880236719	0.29762539712381242	3.59130916785547621E-002	0.38605736987939931	0.21574189133977992	-1	0.17031547853961940	-1	OK
37.000000000000000	0.69392645301460676	0.32225061467161586	0.28716460992214954	3.50860047494663194E-002	0.37167583834299089	0.20760067783780944	-1	0.16407516050518145	-1	OK
37.250000000000000	0.66932469328826727	0.31140944016835620	0.27713299577367456	3.42764443946816516E-002	0.35791525311991101	0.19981460806157383	-1	0.15810064505833718	-1	OK
37.500000000000000	0.64573910989694738	0.30099480656597088	0.26751043631910471	3.34843702468661797E-002	0.34474430333097650	0.19236596906363324	-1	0.15237833426734326	-1	OK
37.750000000000000	0.62312055103588060	0.29098756772924050	0.25827786193967861	3.27097057895618729E-002	0.33213298330664004	0.18523815885900757	-1	0.14689482444763247	-1	OK
38.000000000000000	0.60142427108470242	0.28136936859736084	0.24941717166840974	3.19521969289509530E-002	0.32005490248734153	0.17841735588578078	-1	0.14163754660156075	-1	OK
38.250000000000000	0.58022178044577410	0.27212280472987227	0.24091122141500926	3.12115833148630013E-002	0.30809897571590178	0.17188506204628684	-1	0.13621391366961494	-1	OK
38.500000000000000	0.56053157964577582	0.26323136066792963	0.23274376434149238	3.04875963264372163E-002	0.29730021897784620	0.16562906881980083	-1	0.13167115015804537	-1	OK
38.750000000000000	0.54135134599400048	0.25467951180822701	0.22489941419582793	2.97800976123991853E-002	0.28667183418577347	0.15963663421585009	-1	0.12703519996992338	-1	OK
39.000000000000000	0.52293572479011385	0.24645241496820852	0.21736356432097778	2.90888506472307302E-002	0.27648330982190528	0.15389438871373479	-1	0.12258892110817049	-1	OK
39.250000000000000	0.50524938377840467	0.23853602963880638	0.21012235888902592	2.84136707497803960E-002	0.26671335413959829	0.14839045624321559	-1	0.11832289789638270	-1	OK
39.500000000000000	0.48826025773287052	0.23091691386429755	0.20316261865470286	2.77542952095947322E-002	0.25734334386857294	0.14311221521107978	-1	0.11423112865749316	-1	OK
39.750000000000000	0.47193653565396432	0.22358222253884952	0.19647182345151229	2.71103990873372523E-002	0.24835431311511483	0.13805082796501389	-1	0.11030348515010094	-1	OK
40.000000000000000	0.45624882727721339	0.21651975116928254	0.19003808038400435	2.64816707852781608E-002	0.23972907610793087	0.13319550589964421	-1	0.10653357020828666	-1	OK
40.250000000000000	0.44116888213735939	0.20971793680524559	0.18385010121821818	2.58678355870274601E-002	0.23145094533211377	0.12853712404893483	-1	0.10291382128317894	-1	OK
40.500000000000000	0.42666968872575556	0.20316582958449048	0.17789716407976894	2.52686655047214340E-002	0.22350385914126508	0.12406690484070855	-1	9.94369543005565321E-002	-1	OK
40.750000000000000	0.41272545963658680	0.19685288262964890	0.17216905803415627	2.46838245954925789E-002	0.21587257700693788	0.11977622764761145	-1	9.60963493593264273E-002	-1	OK
41.000000000000000	0.39931205658667401	0.19076917075615943	0.16665609050436359	2.41130802517958848E-002	0.20854288583051461	0.11565672151499834	-1	9.28861643155162731E-002	-1	OK
41.250000000000000	0.38640624779263288	0.18490519052511553	0.16134902565179426	2.35561648733212288E-002	0.20150105726751733	0.11170077163023290	-1	8.98002856372844271E-002	-1	OK
41.500000000000000	0.37398604226387833	0.17925179295817062	0.15623905652322964	2.30127364349409641E-002	0.19473424930570768	0.10790118902390820	-1	8.68330602817994762E-002	-1	OK
41.750000000000000	0.36197935459360625	0.17380025502809160	0.15131780450496657	2.24824505231249923E-002	0.18817909956551465	0.10425104116287869	-1	8.39280584026359661E-002	-1	OK
42.000000000000000	0.35033627889395136	0.16854235000001025	0.14657730997356669	2.19650400264436267E-002	0.18179392889394114	0.10074348116428417	-1	8.10504477296569714E-002	-1	OK
42.250000000000000	0.33916926172496986	0.16347023432392360	0.14200998640937806	2.14602479145455417E-002	0.17569902740104623	9.73722095156802636E-002	-1	7.83268178853659680E-002	-1	OK
42.500000000000000	0.32850238101558604	0.15857635804825793	0.13760860169365194	2.09677563546059390E-002	0.16992602296732814	9.39345459985785336E-002	-1	7.59914769687496106E-002	-1	OK
42.750000000000000	0.31810218855279471	0.15385360759074113	0.13336627880512142	2.04873287856196483E-002	0.16424858096205358	9.08260313241055772E-002	-1	7.34225496379480036E-002	-1	OK
43.000000000000000	0.30820372584747513	0.14929516365382101	0.12927644988774822	2.00187137660727578E-002	0.15890856219365410	8.78364814398582688E-002	-1	7.10720807537958271E-002	-1	OK
43.250000000000000	0.29866499709217098	0.14489444944210964	0.12533284160655342	1.95616078355562023E-002	0.15377054765006137	8.49605391949993238E-002	-1	6.88100084550620494E-002	-1	OK
43.500000000000000	0.28946842524147914	0.14064517433301124	0.12152946993208760	1.91157044009236422E-002	0.14882325090846790	8.21933284427041194E-002	-1	6.66299224657637829E-002	-1	OK
43.750000000000000	0.28060103692758165	0.13654134709118504	0.11786063254735749	1.86807145438275916E-002	0.14405968983639664	7.95301444393849422E-002	-1	6.45295453970116950E-002	-1	OK
44.000000000000000	0.27204971188964805	0.13257730013895896	0.11432089913647664	1.82564010024823149E-002	0.13947241175068908	7.69672341116801884E-002	-1	6.25051776390088965E-002	-1	OK
44.250000000000000	0.26380165837432068	0.12874761439145033	0.11090508315698364	1.78425312344667117E-002	0.13505404398287033	7.45013913369833164E-002	-1	6.05526526458870090E-002	-1	OK
44.500000000000000	0.25584450333810249	0.12504706306331284	0.10760822610949217	1.74388369538206710E-002	0.13079744027478968	7.21267661169286284E-002	-1	5.86706741578610497E-002	-1	OK
44.750000000000000	0.24816672250452493	0.12147066704449774	0.10442559599708130	1.70450710474164789E-002	0.12669605546002718	6.98395203631616834E-002	-1	5.68565350968655014E-002	-1	OK
45.000000000000000	0.24075708439097954	0.11801368337657567	0.10135267534667655	1.66610080298990916E-002	0.12274340101440387	6.76360110880716570E-002	-1	5.51073899263322120E-002	-1	OK
45.250000000000000	0.23360489934491588	0.11467156732676352	9.83851456864085760E-002	1.62864216403549693E-002	0.11893333201815236	6.55128127090775225E-002	-1	5.34205193090748348E-002	-1	OK
45.500000000000000	0.22669990757527231	0.11143994045785295	9.55188730807614017E-002	1.59210673770915738E-002	0.11525996711741936	6.34665062633818083E-002	-1	5.17934608540375485E-002	-1	OK
45.750000000000000	0.22003222467061040	0.10831458418750942	9.27499031112399008E-002	1.55646810762695379E-002	0.11171764048310100	6.14940437705670459E-002	-1	5.02235967125339508E-002	-1	OK
46.000000000000000	0.21359266886667788	0.10529152238793979	9.00744669833434819E-002	1.52170554045963167E-002	0.10830114647873808	5.95925084087487802E-002	-1	4.87086380699892976E-002	-1	OK
46.250000000000000	0.20737214954245953	0.10236694577606145	8.74889575382409163E-002	1.48779882378205029E-002	0.10500520376639809	5.77587910095629584E-002	-1	4.72464127568351308E-002	-1	OK
46.500000000000000	0.20136221135621557	9.95371696541806072E-002	8.49899190845983116E-002	1.45472505695823286E-002	0.10182504170203495	5.59901041661442986E-002	-1	4.58349375358906505E-002	-1	OK
46.750000000000000	0.19555506097305222	9.67986910693699742E-002	8.25740516985155604E-002	1.42246393708544451E-002	9.87563699036822507E-002	5.42838376092402569E-002	-1	4.44725322944419937E-002	-1	OK
47.000000000000000	0.18995215369859325	9.41481683991322871E-002	8.02381974218878274E-002	1.39099709772444718E-002	9.58039852994609642E-002	5.26375715258223173E-002	-1	4.31664137736386469E-002	-1	OK
47.250000000000000	0.18451754537349241	9.15823508325764313E-002	7.79793235780660982E-002	1.36030272545103366E-002	9.29351945409159913E-002	5.10489291627248543E-002	-1	4.18862653781911370E-002	-1	OK
47.500000000000000	0.17927283202597116	8.90981139130259669E-002	7.57945257699436797E-002	1.33035881430822768E-002	9.01747181129451819E-002	4.95155837566970958E-002	-1	4.06591343562480861E-002	-1	OK
47.750000000000000	0.17420106412378733	8.66924747178451360E-002	7.36810267796640245E-002	1.30114479381810959E-002	8.75085894059422081E-002	4.80358962224487554E-002	-1	3.94726931834934527E-002	-1	OK
48.000000000000000	0.16929588526209371	8.43626000684873090E-002	7.16361717434508549E-002	1.27264283250364714E-002	8.49332851936063921E-002	4.64789269240244024E-002	-1	3.84543582695819897E-002	-1	OK
48.250000000000000	0.16455918074726561	8.21057760456806174E-002	6.96574163149723535E-002	1.24483597307082725E-002	8.24534047015850063E-002	4.51021884890791605E-002	-1	3.73512162125058458E-002	-1	OK
48.500000000000000	0.15996492886787217	7.99193702319590249E-002	6.77423179099459899E-002	1.21770523220130281E-002	8.00455586359131444E-002	4.37724474063079586E-002	-1	3.62731112296051858E-002	-1	OK
48.750000000000000	0.15551586511585522	7.78008809196253370E-002	6.58885408405643219E-002	1.19123400790610394E-002	7.77149841962298804E-002	4.24876983537670477E-002	-1	3.52272858424628327E-002	-1	OK
49.000000000000000	0.15121717716693889	7.57479087062665479E-002	6.40938446451976840E-002	1.16540640610688518E-002	7.54692684606723535E-002	4.12462295414956007E-002	-1	3.42230389191767528E-002	-1	OK
49.250000000000000	0.14705651071938830	7.37581305871534143E-002	6.23560775108367715E-002	1.14020530763166636E-002	7.32983801322348721E-002	4.00466799141651966E-002	-1	3.32517002180696755E-002	-1	OK
49.500000000000000	0.14302885511301236	7.18293192674271386E-002	6.06731752356265280E-002	1.11561440318005880E-002	7.11995358455852212E-002	3.88874145035949179E-002	-1	3.23121213419903033E-002	-1	OK
49.750000000000000	0.13912910605187828	6.99593233041551354E-002	5.90431564051741575E-002	1.09161668989809918E-002	6.91697827477231603E-002	3.77669512125941090E-002	-1	3.14028315351290513E-002	-1	OK
50.000000000000000	0.13535289597059638	6.81460930402552068E-002	5.74641236775673414E-002	1.06819693626878549E-002	6.72068029303411751E-002	3.66836885220560779E-002	-1	3.05231144082850972E-002	-1	OK
50.250000000000000	0.13169604712851957	6.63876557804715939E-002	5.59342541449786984E-002	1.04534016354928885E-002	6.53083913480479866E-002	3.56361648019145605E-002	-1	2.96722265461334261E-002	-1	OK
50.500000000000000	0.12815408372948309	6.46821062034538818E-002	5.44517982887262192E-002	1.02303079147276575E-002	6.34719775260292052E-002	3.46231457127379877E-002	-1	2.88488318132912175E-002	-1	OK
50.750000000000000	0.12472290795439903	6.30276356305574381E-002	5.30150814875277807E-002	1.00125541430296280E-002	6.16952723238415948E-002	3.36433365726384950E-002	-1	2.80519357512030998E-002	-1	OK
51.000000000000000	0.12137046100131925	6.14225148392045853E-002	5.16224953261039676E-002	9.80001951310063499E-003	5.99479461621146639E-002	3.26956210657314353E-002	-1	2.72523250963832286E-002	-1	OK
51.250000000000000	0.11814982474732531	5.98650513850841337E-002	5.02724896323098955E-002	9.59256175277422088E-003	5.82847733622411796E-002	3.17786984897213895E-002	-1	2.65060748725197901E-002	-1	OK
51.500000000000000	0.11503385418976517	5.83536262516538978E-002	4.89635777867576186E-002	9.39004846489628793E-003	5.66802279381112620E-002	3.08914216432052656E-002	-1	2.57888062949059964E-002	-1	OK
51.750000000000000	0.11200820361014750	5.68866858876193593E-002	4.76943311082920485E-002	9.19235477932729347E-003	5.51215177225281433E-002	3.00327064702946150E-002	-1	2.50888112522335283E-002	-1	OK
52.000000000000000	0.10907500046115062	5.54627168565458711E-002	4.64633741651672288E-002	8.99934269137863362E-003	5.36122836046047518E-002	2.92015113789045044E-002	-1	2.44107722257002474E-002	-1	OK
52.250000000000000	0.10623096148780917	5.40802769865132010E-002	4.52693874162516247E-002	8.81088957026156597E-003	5.21506845012959727E-002	2.83968369608186590E-002	-1	2.37538475404773138E-002	-1	OK
52.500000000000000	0.10347309916752324	5.27379843247091154E-002	4.41111038284291920E-002	8.62688049627991123E-003	5.07351148428141288E-002	2.76177257709019769E-002	-1	2.31173890719121519E-002	-1	OK
52.750000000000000	0.10079841276380415	5.14345097044331956E-002	4.29873062086146979E-002	8.44720349581849946E-003	4.93639030593709532E-002	2.68632561011867901E-002	-1	2.25006469581841631E-002	-1	OK
53.000000000000000	9.82040277190789623E-002	5.01685811393129677E-002	4.18968243700634513E-002	8.27175676924952683E-003	4.80354465797659946E-002	2.61327022423095794E-002	-1	2.19027443374564153E-002	-1	OK
53.250000000000000	9.56871723482463077E-002	4.89389583957925006E-002	4.08385291717188736E-002	8.10042922407363045E-003	4.67482139524538071E-002	2.54250252312802384E-002	-1	2.13231887211735686E-002	-1	OK
53.500000000000000	9.32452178527179293E-002	4.77444408207732957E-002	3.98113349483052506E-002	7.93310587246806066E-003	4.55007770319446336E-002	2.47394354024935460E-002	-1	2.07613416294510876E-002	-1	OK
53.750000000000000	9.08757351004348679E-002	4.65838932646538625E-002	3.88142010471492632E-002	7.76969221750458544E-003	4.42918418357810054E-002	2.40751535100543305E-002	-1	2.02166883257266748E-002	-1	OK
54.000000000000000	8.85706407879343488E-002	4.54562132630486893E-002	3.78461229514418865E-002	7.61009031160679843E-003	4.31144275248856595E-002	2.34314347523352402E-002	-1	1.96829927725504193E-002	-1	OK
54.250000000000000	8.63387864073053152E-002	4.43603319073776897E-002	3.69061334214081244E-002	7.45419848596955668E-003	4.19784544999276255E-002	2.28076125452850893E-002	-1	1.91708419546425361E-002	-1	OK
54.500000000000000	8.41722720002212182E-002	4.32952253321897823E-002	3.59933029727237189E-002	7.30192235946606257E-003	4.08770466680314359E-002	2.22029248962773845E-002	-1	1.86741217717540514E-002	-1	OK
54.750000000000000	8.20690791102948736E-002	4.22599138739225069E-002	3.51067371587975574E-002	7.15317671512493997E-003	3.98091652363723736E-002	2.16167113047306819E-002	-1	1.81924539316416917E-002	-1	OK
55.000000000000000	8.00318796340563632E-002	4.12534433688903426E-002	3.42455727446013061E-002	7.00787062428903477E-003	3.87784362651660136E-002	2.10484634923908294E-002	-1	1.77299727727751842E-002	-1	OK
55.250000000000000	7.80491228129005232E-002	4.02748925652447465E-002	3.34089782932057711E-002	6.86591427203896675E-003	3.77742302476557698E-002	2.04973559459535569E-002	-1	1.72768743017022129E-002	-1	OK
55.500000000000000	7.61234133095821941E-002	3.93233785419218468E-002	3.25961542898065004E-002	6.72722425211535937E-003	3.68000347676603543E-002	1.99628711411552404E-002	-1	1.68371636265051139E-002	-1	OK
55.750000000000000	7.42529453737066358E-002	3.83980469734554880E-002	3.18063303288251761E-002	6.59171664463031447E-003	3.58548984002511478E-002	1.94444393421369481E-002	-1	1.64104590581141997E-002	-1	OK
56.000000000000000	7.24314905897938122E-002	3.74980826545616430E-002	3.10387653168863256E-002	6.45931733767531394E-003	3.49334079352321622E-002	1.89415155487693346E-002	-1	1.59918923864628276E-002	-1	OK
56.250000000000000	7.06663492177347641E-002	3.66226934947832053E-002	3.02927432364842320E-002	6.32995025829897855E-003	3.40436557229515657E-002	1.84535742570058406E-002	-1	1.55900814659457251E-002	-1	OK
56.500000000000000	6.89511562552483082E-002	3.57711080839677384E-002	2.95675730249765484E-002	6.20353505899118481E-003	3.31800481712805698E-002	1.79801098933186944E-002	-1	1.51999382779618754E-002	-1	OK
56.750000000000000	6.72842722210704181E-002	3.49425869212482004E-002	2.88625894711270273E-002	6.07999745012117055E-003	3.23416852998222176E-002	1.75205404432228137E-002	-1	1.48211448565994039E-002	-1	OK
57.000000000000000	6.56641498482781194E-002	3.41364175231440442E-002	2.81771510298544844E-002	5.95926649328955022E-003	3.15277323251340683E-002	1.70744458912655932E-002	-1	1.44532864338684751E-002	-1	OK
57.250000000000000	6.40892797707087736E-002	3.33519037577945099E-002	2.75106378106827337E-002	5.84126594711178310E-003	3.07373760129142602E-002	1.66414037003421826E-002	-1	1.40959723125720776E-002	-1	OK
57.500000000000000	6.25424011701016386E-002	3.25883782761686794E-002	2.68624531445807412E-002	5.72592513158793216E-003	2.99540228939329627E-002	1.62210104327418572E-002	-1	1.37330124611911054E-002	-1	OK
57.750000000000000	6.10542117762829933E-002	3.18452042992495091E-002	2.62320227217770381E-002	5.61318157747246575E-003	2.92090074770334808E-002	1.58128475518196573E-002	-1	1.33961599252138235E-002	-1	OK
58.000000000000000	5.96070874064669465E-002	3.11217579810770528E-002	2.56187909199630422E-002	5.50296706111400545E-003	2.84853294253898902E-002	1.54165117525267067E-002	-1	1.30688176728631835E-002	-1	OK
58.250000000000000	5.81997185158021763E-002	3.04174428937301136E-002	2.50222230284316213E-002	5.39521986529849229E-003	2.77822756220720661E-002	1.50316148400249545E-002	-1	1.27506607820471116E-002	-1	OK
58.500000000000000	5.68308624013666233E-002	2.97316823576793364E-002	2.44418025898273418E-002	5.28987976785198852E-003	2.70991800436872869E-002	1.46577860304253765E-002	-1	1.24413940132619104E-002	-1	OK
58.750000000000000	5.54993738526431898E-002	2.90639183472886781E-002	2.38770309669021283E-002	5.18688738038655586E-003	2.64354555053545118E-002	1.42946572979238441E-002	-1	1.21407982074306676E-002	-1	OK
59.000000000000000	5.42040888044643121E-002	2.84136111484386139E-002	2.33274265511831391E-002	5.08618459725547565E-003	2.57904776560256947E-002	1.39418739271538542E-002	-1	1.18486037288718406E-002	-1	OK
59.250000000000000	5.29438863503579604E-002	2.77802406061936728E-002	2.27925247324263953E-002	4.98771587376727749E-003	2.51636457441642911E-002	1.35991236017775786E-002	-1	1.15645221423867125E-002	-1	OK
59.500000000000000	5.17149374119464794E-002	2.71633000968967177E-002	2.22718758410827486E-002	4.89142425581396735E-003	2.45516373150497583E-002	1.32660930008760263E-002	-1	1.12855443141737320E-002	-1	OK
59.750000000000000	5.05219780382033662E-002	2.65622970738500774E-002	2.17650454651689279E-002	4.79725160868114953E-003	2.39596809643532922E-002	1.29424518819770216E-002	-1	1.10172290823762706E-002	-1	OK
60.000000000000000	4.93609447976592272E-002	2.59767597890412059E-002	2.12716152059346936E-002	4.70514458310651064E-003	2.33841850086180213E-002	1.26279004909010395E-002	-1	1.07562845177169818E-002	-1	OK
60.250000000000000	4.82271910516740426E-002	2.54062368388925965E-002	2.07911816935276335E-002	4.61505514536495777E-003	2.28209542127814496E-002	1.23221496795387769E-002	-1	1.04988045332426727E-002	-1	OK
60.500000000000000	4.71271975172667945E-002	2.48502894818080911E-002	2.03233548867783956E-002	4.52693459502970501E-003	2.22769080354587069E-002	1.20249366008312614E-002	-1	1.02519714346274455E-002	-1	OK
60.750000000000000	4.60563357488042793E-002	2.43084932436182163E-002	1.98677577826407367E-002	4.44073546097747528E-003	2.17478425051860630E-002	1.17359971819959163E-002	-1	1.00118453231901466E-002	-1	OK
61.000000000000000	4.50136570934092442E-002	2.37804387587315924E-002	1.94240261133850380E-002	4.35641264534655879E-003	2.12332183346776518E-002	1.14550514226877519E-002	-1	9.77816691198989986E-003	-1	OK
61.250000000000000	4.39983035217571261E-002	2.32657285051789328E-002	1.89918074807598446E-002	4.27392102441908825E-003	2.07325750165781933E-002	1.11818497403238532E-002	-1	9.55072527625434008E-003	-1	OK
61.500000000000000	4.30095423455526538E-002	2.27639771969262196E-002	1.85707609431071050E-002	4.19321625381911030E-003	2.02455651486264342E-002	1.09161366609696678E-002	-1	9.32942848765676638E-003	-1	OK
61.750000000000000	4.20466070865253422E-002	2.22748105954400991E-002	1.81605565683953495E-002	4.11425402704475481E-003	1.97717964910852396E-002	1.06576884157247864E-002	-1	9.11410807536045323E-003	-1	OK
62.000000000000000	4.11087243768955765E-002	2.17978665216477449E-002	1.77608747196144195E-002	4.03699180203331842E-003	1.93108578552478316E-002	1.04062813565481450E-002	-1	8.90457649869968657E-003	-1	OK
62.250000000000000	4.01928202007252183E-002	2.13327939872174216E-002	1.73714071110320743E-002	3.96138687618534640E-003	1.88600262135077967E-002	1.01616984328961671E-002	-1	8.69832778061162964E-003	-1	OK
62.500000000000000	3.93027980913388669E-002	2.08792549821699841E-002	1.69918562001865198E-002	3.88739878198346434E-003	1.84235431091688794E-002	9.92372999459370866E-003	-1	8.49981311457517069E-003	-1	OK
62.750000000000000	3.84356459669007097E-002	2.04369253546321517E-002	1.66219346192687141E-002	3.81499073536343408E-003	1.79987206122685581E-002	9.69217354697785201E-003	-1	8.30654706529070606E-003	-1	OK
63.000000000000000	3.75815616350630988E-002	2.00054886786925866E-002	1.62613639377407679E-002	3.74412474095182175E-003	1.75760729563705087E-002	9.46683369007451578E-003	-1	8.10923926629599293E-003	-1	OK
63.250000000000000	3.67583354998751444E-002	1.95846412130572557E-002	1.59098749845861254E-002	3.67476622847112732E-003	1.71736942868178886E-002	9.24752814249503972E-003	-1	7.92616614432284892E-003	-1	OK
63.500000000000000	3.59557916031052610E-002	1.91740859343269912E-002	1.55672067598909003E-002	3.60687917443609568E-003	1.67817056687782733E-002	9.03407931483902853E-003	-1	7.74762635393924474E-003	-1	OK
63.750000000000000	3.51739180688874081E-002	1.87735334876659582E-002	1.52331066089504141E-002	3.54042687871554277E-003	1.64003845812214534E-002	8.82629889004662820E-003	-1	7.57408569117482521E-003	-1	OK
64.000000000000000	3.44115306018801595E-002	1.83827072045616227E-002	1.49073305175447604E-002	3.47537668701685797E-003	1.60288233973185368E-002	8.62399544294509615E-003	-1	7.40482795437344063E-003	-1	OK
64.250000000000000	3.36681075932963592E-002	1.80013367318951137E-002	1.45896418151349270E-002	3.41169491676018366E-003	1.56667708614012420E-002	8.42700302191847113E-003	-1	7.23976783948277088E-003	-1	OK
64.500000000000000	3.29334315974945877E-002	1.76291608113048372E-002	1.42798116491776091E-002	3.34934916212722934E-003	1.53042707861897505E-002	8.23518656037632024E-003	-1	7.06908422581343024E-003	-1	OK
64.750000000000000	3.22270857969742322E-002	1.72659277187112159E-002	1.39776187351498618E-002	3.28830898356135453E-003	1.49611580782630146E-002	8.04839302964212820E-003	-1	6.91276504862088637E-003	-1	OK
65.000000000000000	3.15382324743741782E-002	1.69113909018700041E-002	1.36828484253329209E-002	3.22854247653708501E-003	1.46268415725041706E-002	7.86647359905602930E-003	-1	6.76036797344814130E-003	-1	OK
65.250000000000000	3.08664341183781804E-002	1.65653142674794425E-002	1.33952931625063634E-002	3.17002110497307957E-003	1.43011198508987396E-002	7.68928456667299608E-003	-1	6.61183528422574357E-003	-1	OK
65.500000000000000	3.02112373787962601E-002	1.62274687580358165E-002	1.31147516724214614E-002	3.11271708561435337E-003	1.39837686207604454E-002	7.51668355783699678E-003	-1	6.46708506292344859E-003	-1	OK
65.750000000000000	2.95721897532222125E-002	1.58976315767663176E-002	1.28410289989976754E-002	3.05660257776864614E-003	1.36745581764558949E-002	7.34853256935331500E-003	-1	6.32602560710257989E-003	-1	OK
66.000000000000000	2.89488174040544929E-002	1.55755862412246295E-002	1.25739361732054768E-002	3.00165006801915175E-003	1.33732311628298635E-002	7.18468547521261634E-003	-1	6.18854568761724715E-003	-1	OK
66.250000000000000	2.83406901518673954E-002	1.52611203735935133E-002	1.23132896803981786E-002	2.94783069319533384E-003	1.30795697782738838E-002	7.02502576519826224E-003	-1	6.05454401307562156E-003	-1	OK
66.500000000000000	2.77473683292869394E-002	1.49540299387998614E-002	1.20589120730487439E-002	2.89511786575112184E-003	1.27933383904870780E-002	6.86944667036765589E-003	-1	5.92389172011942213E-003	-1	OK
66.750000000000000	2.71684364169819670E-002	1.46541158941451838E-002	1.18106312927930574E-002	2.84348460135213071E-003	1.25143205228367832E-002	6.71782959801005362E-003	-1	5.79649092482672958E-003	-1	OK
67.000000000000000	2.66044841854988015E-002	1.43611856272614653E-002	1.15682807411760496E-002	2.79290488608541741E-003	1.22432985582373345E-002	6.57006055616416330E-003	-1	5.67323800207317121E-003	-1	OK
67.250000000000000	2.60531244641961576E-002	1.40750573499998019E-002	1.13316998398830387E-002	2.74335751011676185E-003	1.19780671141963540E-002	6.42603176136232260E-003	-1	5.55203535283403139E-003	-1	OK
67.500000000000000	2.55150024829077018E-002	1.37955534415193995E-002	1.11007323757485541E-002	2.69482106577085016E-003	1.17194490413883023E-002	6.28564174872324813E-003	-1	5.43380729266505422E-003	-1	OK
67.750000000000000	2.49882216247441363E-002	1.35224984201712979E-002	1.08752265041267490E-002	2.64727191604454890E-003	1.14657232045728367E-002	6.14881620953465404E-003	-1	5.31690699503818264E-003	-1	OK
68.000000000000000	2.44755251733834375E-002	1.32557223951129052E-002	1.06550350118464893E-002	2.60068738326641857E-003	1.12198027782705340E-002	6.01540336287149143E-003	-1	5.20439941539904260E-003	-1	OK
68.250000000000000	2.39750210096781081E-002	1.29950613432841464E-002	1.04400151310532225E-002	2.55504621223092776E-003	1.09799596663939618E-002	5.88531713518186325E-003	-1	5.09464253121209854E-003	-1	OK
68.500000000000000	2.34863902094604102E-002	1.27403553388197120E-002	1.02300283337010134E-002	2.51032700511869726E-003	1.07460348706406982E-002	5.75846547095833477E-003	-1	4.98756939968236345E-003	-1	OK
68.750000000000000	2.30092919626320516E-002	1.24914476635607005E-002	1.00249399317931098E-002	2.46650773176759200E-003	1.05178442990713494E-002	5.63475638069574868E-003	-1	4.88308791837560076E-003	-1	OK
69.000000000000000	2.25434135114128131E-002	1.22481851482487900E-002	9.82461923384916197E-003	2.42356591439962235E-003	1.02952283631640214E-002	5.51410254051075844E-003	-1	4.78112582265326300E-003	-1	OK
69.250000000000000	2.20884674256340147E-002	1.20104210367875733E-002	9.62893991124811124E-003	2.38148112553946377E-003	1.00780463888464414E-002	5.39641867416265023E-003	-1	4.68162771468379115E-003	-1	OK
69.500000000000000	2.16441381132193023E-002	1.17780144491322555E-002	9.43777969963236277E-003	2.34023474949989190E-003	9.86612366408704672E-003	5.28162207381813967E-003	-1	4.58450159026890704E-003	-1	OK
69.750000000000000	2.12101523836693978E-002	1.15508271928235137E-002	9.25101968144396644E-003	2.29980751137954771E-003	9.65932519084588236E-003	5.16963259499021287E-003	-1	4.48969259585566948E-003	-1	OK
70.000000000000000	2.07862339691145398E-002	1.13287263694679327E-002	9.06854474995293092E-003	2.26018161951500006E-003	9.45750759964660882E-003	5.06037533471926423E-003	-1	4.39713226492734460E-003	-1	OK
70.250000000000000	2.03721263387055679E-002	1.11115849160568648E-002	8.89024327030133593E-003	2.22134164575552798E-003	9.26054142264870310E-003	4.95377173430941106E-003	-1	4.30676968833929204E-003	-1	OK
70.500000000000000	1.99675748322526714E-002	1.08992761836615888E-002	8.71600641243220828E-003	2.18326977122937794E-003	9.06829864859108256E-003	4.84975188279459807E-003	-1	4.21854676579648449E-003	-1	OK
70.750000000000000	1.95723266984206244E-002	1.06916768913902279E-002	8.54572851784111617E-003	2.14594837354911347E-003	8.88064980703039651E-003	4.74824373848132305E-003	-1	4.13240606854907346E-003	-1	OK
71.000000000000000	1.91861438843894429E-002	1.04886672753469502E-002	8.37930696975235090E-003	2.10936030559459977E-003	8.69747660904249265E-003	4.64917719300091820E-003	-1	4.04829941604157445E-003	-1	OK
71.250000000000000	1.88088016867457644E-002	1.02901311700040136E-002	8.21664213356486546E-003	2.07348903643914855E-003	8.51867051674174910E-003	4.55248948134562032E-003	-1	3.96618103539612878E-003	-1	OK
71.500000000000000	1.84383826481319853E-002	1.00959560322554653E-002	8.05763733106738475E-003	2.03831870118808016E-003	8.34242661587651993E-003	4.45811228289966655E-003	-1	3.88431433297685338E-003	-1	OK
71.750000000000000	1.80765288472703178E-002	9.90603239017592493E-003	7.90219866224938297E-003	2.00383372792654326E-003	8.17049645709439117E-003	4.36598024138311856E-003	-1	3.80451621571127260E-003	-1	OK
72.000000000000000	1.77243034583107056E-002	9.72025347390596817E-003	7.75023494424049737E-003	1.97001852966546863E-003	8.00404998440473747E-003	4.27603601215529889E-003	-1	3.72801397224943858E-003	-1	OK
72.250000000000000	1.73799770462528293E-002	9.53851647718290292E-003	7.60165779938611844E-003	1.93685867779678448E-003	7.84146056906992635E-003	4.18487967330808449E-003	-1	3.65658089576184186E-003	-1	OK
72.500000000000000	1.70433909591257184E-002	9.36072064688594357E-003	7.45638122968891870E-003	1.90433941719702206E-003	7.68267031223977565E-003	4.09920191844024683E-003	-1	3.58346839379952882E-003	-1	OK
72.750000000000000	1.67143465091872355E-002	9.18676781608159312E-003	7.31432170503453806E-003	1.87244611104705506E-003	7.52757869310564150E-003	4.01554111119354403E-003	-1	3.51203758191209747E-003	-1	OK
73.000000000000000	1.63926509111171209E-002	9.01656398108685066E-003	7.17539827678262236E-003	1.84116570430422743E-003	7.37608693003026852E-003	3.93384186827372157E-003	-1	3.44224506175654695E-003	-1	OK
73.250000000000000	1.60733640057571514E-002	8.85001898279757539E-003	7.03953239361860324E-003	1.81048658917897344E-003	7.22334502295957689E-003	3.85405234314852236E-003	-1	3.36929267981105453E-003	-1	OK
73.500000000000000	1.57658247566843344E-002	8.68704315573773887E-003	6.90664739016750000E-003	1.78039576557023735E-003	7.07878160094659471E-003	3.77612234108057419E-003	-1	3.30265925986602052E-003	-1	OK
73.750000000000000	1.54650887933819280E-002	8.52754902575946633E-003	6.77666870285434809E-003	1.75088032290511976E-003	6.93753976762246250E-003	3.70000338264908895E-003	-1	3.23753638497337355E-003	-1	OK
74.000000000000000	1.51709898092843957E-002	8.37145107365338745E-003	6.64952379476721912E-003	1.72192727888617007E-003	6.79953873563100917E-003	3.62564692113329003E-003	-1	3.17389181449771914E-003	-1	OK
74.250000000000000	1.48833620763690264E-002	8.21866595830196209E-003	6.52514213060212921E-003	1.69352382769983266E-003	6.66469611806706341E-003	3.55300677649696790E-003	-1	3.11168934157009551E-003	-1	OK
74.500000000000000	1.46020448454362156E-002	8.06911382085352680E-003	6.40345543065322202E-003	1.66565839020030478E-003	6.53293102458268795E-003	3.48203835183468402E-003	-1	3.05089267274800393E-003	-1	OK
74.750000000000000	1.43268996881132649E-002	7.92271703427890883E-003	6.28439726412046568E-003	1.63831977015844294E-003	6.40418265383435690E-003	3.41269916061840480E-003	-1	2.99148349321595210E-003	-1	OK
75.000000000000000	1.40577627578736004E-002	7.77939933919979780E-003	6.16790295607423395E-003	1.61149638312556558E-003	6.27836341867380257E-003	3.34494574058749562E-003	-1	2.93341767808630695E-003	-1	OK
75.250000000000000	1.37944718116841149E-002	7.63908760419941893E-003	6.05390971868551356E-003	1.58517788551390472E-003	6.15538420748469595E-003	3.27873713009173458E-003	-1	2.87664707739296137E-003	-1	OK
75.500000000000000	1.35368835388440557E-002	7.50170960873827557E-003	5.94235636141345926E-003	1.55935324732481631E-003	6.03517393010578104E-003	3.21403012796662481E-003	-1	2.82114380213915623E-003	-1	OK
75.750000000000000	1.32848429233559211E-002	7.36719446659341460E-003	5.83318333913740786E-003	1.53401112745600652E-003	5.91764845676250647E-003	3.15077974679663217E-003	-1	2.76686870996587430E-003	-1	OK
76.000000000000000	1.30382265355346583E-002	7.23547409183989635E-003	5.72633291610546036E-003	1.50914117573443664E-003	5.80275244369476279E-003	3.08896125772459415E-003	-1	2.71379118597016864E-003	-1	OK
76.250000000000000	1.27969057710507674E-002	7.10648436975936607E-003	5.62174920166179197E-003	1.48473516809757302E-003	5.69042140129140134E-003	3.02854610392522088E-003	-1	2.66187529736618047E-003	-1	OK
76.500000000000000	1.25607511015660995E-002	6.98016148253391682E-003	5.51937751609577094E-003	1.46078396643814501E-003	5.58058961903218267E-003	2.96949922579964548E-003	-1	2.61109039323253718E-003	-1	OK
76.750000000000000	1.23296399594439304E-002	6.85644252392887676E-003	5.41916455810240172E-003	1.43727796582647288E-003	5.47319743551505453E-003	2.91177754827518518E-003	-1	2.56141988723986936E-003	-1	OK
77.000000000000000	1.21034484284752095E-002	6.73526605246764585E-003	5.32105842145314759E-003	1.41420763101449999E-003	5.36818237600756275E-003	2.85534404093487973E-003	-1	2.51283833507268302E-003	-1	OK
77.250000000000000	1.18820558274449137E-002	6.61657197318244513E-003	5.22500858942639979E-003	1.39156338375604600E-003	5.26548385426246768E-003	2.80016615323535386E-003	-1	2.46531770102711382E-003	-1	OK
77.500000000000000	1.16653447668728042E-002	6.50030133814585333E-003	5.13096584979621899E-003	1.36933548834963412E-003	5.16504342872695088E-003	2.74621234648969245E-003	-1	2.41883108223725843E-003	-1	OK
77.750000000000000	1.14532001340054545E-002	6.38639802612981505E-003	5.03888251220394739E-003	1.34751551392586614E-003	5.06680210787563944E-003	2.69345188307096349E-003	-1	2.37335022480467594E-003	-1	OK
78.000000000000000	1.12455154308079164E-002	6.27480728436470396E-003	4.94871220413812922E-003	1.32609508022657431E-003	4.97070814644321249E-003	2.64184397337338629E-003	-1	2.32886417306982620E-003	-1	OK
78.250000000000000	1.10421851785908257E-002	6.16547614210879828E-003	4.86040977640854466E-003	1.30506636570025254E-003	4.87670903648202651E-003	2.59136382509717956E-003	-1	2.28534521138484695E-003	-1	OK
78.500000000000000	1.08431067045026298E-002	6.05835313849069010E-003	4.77393132992157479E-003	1.28442180856911336E-003	4.78475356601193967E-003	2.54198532077386068E-003	-1	2.24276824523807899E-003	-1	OK
78.750000000000000	1.06481793905236280E-002	5.95338830068888394E-003	4.68923407178610096E-003	1.26415422890278147E-003	4.69479108983474405E-003	2.49368266012337013E-003	-1	2.20110842971137392E-003	-1	OK
79.000000000000000	1.04573037127660071E-002	5.85053155843912043E-003	4.60627610906215804E-003	1.24425544937696391E-003	4.60677215432688750E-003	2.44642877617623836E-003	-1	2.16034337815064915E-003	-1	OK
79.250000000000000	1.02703824483585220E-002	5.74973385173810532E-003	4.52501663618256472E-003	1.22471721555554212E-003	4.52064859662041664E-003	2.40020590534396330E-003	-1	2.12044269127645334E-003	-1	OK
79.500000000000000	1.00873144600069353E-002	5.65094796646226864E-003	4.44541603457370912E-003	1.20553193188855886E-003	4.43636649354466582E-003	2.35498778921671261E-003	-1	2.08137870432795321E-003	-1	OK
79.750000000000000	9.90801757019944829E-003	5.55412813649709593E-003	4.36743576694238224E-003	1.18669236955471261E-003	4.35388943370235235E-003	2.31074788711358803E-003	-1	2.04314154658876432E-003	-1	OK
80.000000000000000	9.73240387573510828E-003	5.45923004441793962E-003	4.29103835742909896E-003	1.16819168698884131E-003	4.27317383131716865E-003	2.26745924542423984E-003	-1	2.00571458589292881E-003	-1	OK
80.250000000000000	9.56039088054737307E-003	5.36621052351611214E-003	4.21618727687628723E-003	1.15002324663982425E-003	4.19418035703126007E-003	2.22510083941205661E-003	-1	1.96907951761920346E-003	-1	OK
80.500000000000000	9.39188834426324046E-003	5.27502691136276340E-003	4.14284686456528519E-003	1.13218004679747930E-003	4.11686143290047792E-003	2.18365051928088314E-003	-1	1.93321091361959478E-003	-1	OK
80.750000000000000	9.22681922050874043E-003	5.18563772475839988E-003	4.07098238609012592E-003	1.11465533866827310E-003	4.04118149575033968E-003	2.14308628427333815E-003	-1	1.89809521147700153E-003	-1	OK
81.000000000000000	9.06510650072260907E-003	5.09800282115655153E-003	4.00056007950930301E-003	1.09744274164724981E-003	3.96710367956605754E-003	2.10338670159902113E-003	-1	1.86371697796703642E-003	-1	OK
81.250000000000000	8.90666714182362582E-003	5.01208253565601884E-003	3.93154696225159715E-003	1.08053557340442126E-003	3.89458460616760611E-003	2.06453091467982339E-003	-1	1.83005369148778272E-003	-1	OK
81.500000000000000	8.75141646137653738E-003	4.92783881566372095E-003	3.86391102262534066E-003	1.06392779303837834E-003	3.82357764571281686E-003	2.02649862105951702E-003	-1	1.79707902465329984E-003	-1	OK
81.750000000000000	8.59926484825296149E-003	4.84523511572027086E-003	3.79762108979845355E-003	1.04761402592181731E-003	3.75402973253269063E-003	1.98926889045598953E-003	-1	1.76476084207670110E-003	-1	OK
82.000000000000000	8.45017098670943281E-003	4.76423549429924511E-003	3.73264670591192706E-003	1.03158878838731870E-003	3.68593549241018814E-003	1.95282378617030769E-003	-1	1.73311170623988045E-003	-1	OK
82.250000000000000	8.30406044691600967E-003	4.68480399477574482E-003	3.66895807156668134E-003	1.01584592320906413E-003	3.61925645214026571E-003	1.91714455848824693E-003	-1	1.70211189365201878E-003	-1	OK
82.500000000000000	8.16087317388594288E-003	4.60690573437081471E-003	3.60652618861608465E-003	1.00037954575473006E-003	3.55396743951512774E-003	1.88221527137685221E-003	-1	1.67175216813827553E-003	-1	OK
82.750000000000000	8.02056021775847394E-003	4.53050671093797094E-003	3.54532282683785909E-003	9.85183884100112066E-004	3.49005350682050344E-003	1.84801655416463287E-003	-1	1.64203695265587057E-003	-1	OK
83.000000000000000	7.88303346608190680E-003	4.45557449964115431E-003	3.48532058330561917E-003	9.70253916335535142E-004	3.42745896644075293E-003	1.81453057150710918E-003	-1	1.61292839493364375E-003	-1	OK
83.250000000000000	7.74822195458953807E-003	4.38207681976990338E-003	3.42649261968527418E-003	9.55584200084628110E-004	3.36614513481963470E-003	1.78172855735538147E-003	-1	1.58441657746425323E-003	-1	OK
83.500000000000000	7.61607353235841267E-003	4.30998297694400959E-003	3.36881288710867916E-003	9.41170089835331302E-004	3.30609055541440308E-003	1.74960481593803663E-003	-1	1.55648573947636646E-003	-1	OK
83.750000000000000	7.48652746411391894E-003	4.23926273314624048E-003	3.31225592789176609E-003	9.27006805254472553E-004	3.24726473096767845E-003	1.71814528219370647E-003	-1	1.52911944877397198E-003	-1	OK
84.000000000000000	7.35952570731225088E-003	4.16988610060476002E-003	3.25679683706958829E-003	9.13089263535170749E-004	3.18963960670749086E-003	1.68733522542262424E-003	-1	1.50230438128486662E-003	-1	OK
84.250000000000000	7.23501169179785464E-003	4.10182353645411821E-003	3.20241127228451617E-003	8.99412264169601708E-004	3.13318815534373643E-003	1.65716136683544731E-003	-1	1.47602678850828912E-003	-1	OK
84.500000000000000	7.11292978350601575E-003	4.03504624965949146E-003	3.14907552063074282E-003	8.85970729028748316E-004	3.07788353384652385E-003	1.62760753498300006E-003	-1	1.45027599886352380E-003	-1	OK
84.750000000000000	6.99322569129462186E-003	3.96952648855326655E-003	3.09676653554650638E-003	8.72759953006761041E-004	3.02369920274135531E-003	1.59865809752907377E-003	-1	1.42504110521228153E-003	-1	OK
85.000000000000000	6.87584614420766460E-003	3.90523726004002401E-003	3.04546184264668221E-003	8.59775417393341909E-004	2.97060888416764016E-003	1.57029643322303784E-003	-1	1.40031245094460232E-003	-1	OK
85.250000000000000	6.76074037753215083E-003	3.84215278388889882E-003	2.99513960484521207E-003	8.47013179043685886E-004	2.91858759364325201E-003	1.54251094708598557E-003	-1	1.37607664655726644E-003	-1	OK
85.500000000000000	6.64786090630215248E-003	3.78024785709740740E-003	2.94577849638308050E-003	8.34469360714327341E-004	2.86761304920474507E-003	1.51528914755608190E-003	-1	1.35232390164866318E-003	-1	OK
85.750000000000000	6.53715876262698017E-003	3.71949741153370511E-003	2.89735763210403072E-003	8.22139779429674825E-004	2.81766135109327506E-003	1.48861809739857503E-003	-1	1.32904325369470003E-003	-1	OK
86.000000000000000	6.42858595811757888E-003	3.65987655019541641E-003	2.84985657181378209E-003	8.10019978381633994E-004	2.76870940792216290E-003	1.46248572533004637E-003	-1	1.30622368259211653E-003	-1	OK
86.250000000000000	6.32209539685019486E-003	3.60136106194220958E-003	2.80325539713055429E-003	7.98105664811656372E-004	2.72073433490798485E-003	1.43688519139679636E-003	-1	1.28384914351118849E-003	-1	OK
86.500000000000000	6.21763935494476332E-003	3.54392752271703686E-003	2.75753470441748340E-003	7.86392818299553242E-004	2.67371183222772603E-003	1.41179831724544858E-003	-1	1.26191351498227745E-003	-1	OK
86.750000000000000	6.11517412770782795E-003	3.48755305622404583E-003	2.71267557939867867E-003	7.74877476825368131E-004	2.62762107148378256E-003	1.38721346630823182E-003	-1	1.24040760517555074E-003	-1	OK
87.000000000000000	6.01465799932430177E-003	3.43221555254420024E-003	2.66865958906364192E-003	7.63555963480558103E-004	2.58244244678010196E-003	1.36311933853827520E-003	-1	1.21932310824182676E-003	-1	OK
87.250000000000000	5.91604818590193461E-003	3.37789335758408287E-003	2.62546875800823577E-003	7.52424599575846889E-004	2.53815482831785174E-003	1.33950494036441810E-003	-1	1.19864988795343364E-003	-1	OK
87.500000000000000	5.81930348345197947E-003	3.32456586624369377E-003	2.58308558816180240E-003	7.41480278081890938E-004	2.49473761720828526E-003	1.31636069821257579E-003	-1	1.17837691899570947E-003	-1	OK
87.750000000000000	5.72438173215842998E-003	3.27221226426567535E-003	2.54149286662687509E-003	7.30719397638800042E-004	2.45216946789275506E-003	1.29367765132629826E-003	-1	1.15849181656645680E-003	-1	OK
88.000000000000000	5.63124733565447885E-003	3.22081202991772540E-003	2.50067377114801277E-003	7.20138258769713064E-004	2.41043530573675389E-003	1.27144255700061904E-003	-1	1.13899274873613485E-003	-1	OK
88.250000000000000	5.53986262987967056E-003	3.17034500042696638E-003	2.46061186495912703E-003	7.09733135467839572E-004	2.36951762945270374E-003	1.24964542502224458E-003	-1	1.11987220443045916E-003	-1	OK
88.500000000000000	5.44996476370218901E-003	3.12079164787176441E-003	2.42129115590362801E-003	6.99500491968136186E-004	2.32917311583042460E-003	1.22827674679833188E-003	-1	1.10089636903209272E-003	-1	OK
88.750000000000000	5.36196754101581768E-003	3.07213339348021749E-003	2.38269610459007500E-003	6.89437288890140860E-004	2.28983414753560020E-003	1.20732709741435914E-003	-1	1.08250705012124106E-003	-1	OK
89.000000000000000	5.27560968356944812E-003	3.02435213712796969E-003	2.34481154375754987E-003	6.79540593370420035E-004	2.25125754644147887E-003	1.18678711545447619E-003	-1	1.06447043098700268E-003	-1	OK
89.250000000000000	5.19085647229040881E-003	2.97742988444010728E-003	2.30762259844564249E-003	6.69807285994465326E-004	2.21342658785030153E-003	1.16664753536566634E-003	-1	1.04677905248463520E-003	-1	OK
89.500000000000000	5.10767331199561345E-003	2.93134900320800827E-003	2.27111475135212057E-003	6.60234251855888786E-004	2.17632430878760517E-003	1.14690000845325737E-003	-1	1.02942430033434781E-003	-1	OK
89.750000000000000	5.02602692807254184E-003	2.88609226784707507E-003	2.23527380325498929E-003	6.50818464592085671E-004	2.13993466022546633E-003	1.12753355249569764E-003	-1	1.01240110772976869E-003	-1	OK
90.000000000000000	4.94588765475285214E-003	2.84164282888409126E-003	2.20008592826774008E-003	6.41556900616351618E-004	2.10424482586876044E-003	1.10854011777322702E-003	-1	9.95704708095533414E-004	-1	OK
90.250000000000000	4.86722373891090073E-003	2.79798434353133434E-003	2.16553760853342367E-003	6.32446734997911216E-004	2.06923939537956639E-003	1.08991316417613284E-003	-1	9.79326231203433550E-004	-1	OK
90.500000000000000	4.79000474650187382E-003	2.75510085413812516E-003	2.13161565920493967E-003	6.23485194933184948E-004	2.03490389236374867E-003	1.07164470528587231E-003	-1	9.63259187077876358E-004	-1	OK
90.750000000000000	4.71419892883871098E-003	2.71297705522306710E-003	2.09830723761651175E-003	6.14669817606556005E-004	2.00122187361564388E-003	1.05372694458275669E-003	-1	9.47494929032887193E-004	-1	OK
91.000000000000000	4.63977691424328174E-003	2.67159770368893216E-003	2.06559973751662285E-003	6.05997966172309630E-004	1.96817921055434915E-003	1.03615209834250085E-003	-1	9.32027112211848306E-004	-1	OK
91.250000000000000	4.56670913714671452E-003	2.63094771075936523E-003	2.03348081376764555E-003	5.97466896991719672E-004	1.93576142638734951E-003	1.01891297936704001E-003	-1	9.16848447020309496E-004	-1	OK
91.500000000000000	4.49496817540501019E-003	2.59101246805786391E-003	2.00193842532798939E-003	5.89074042729874629E-004	1.90395570734714671E-003	1.00200229869987570E-003	-1	9.01953408647271013E-004	-1	OK
91.750000000000000	4.42452795624066666E-003	2.55177764561061345E-003	1.97096080726710289E-003	5.80816838343511314E-004	1.87275031063005321E-003	9.85412998726109806E-004	-1	8.87337311903943406E-004	-1	OK
92.000000000000000	4.35536179506222990E-003	2.51322907458360282E-003	1.94053642832329814E-003	5.72692646260304357E-004	1.84213272047862729E-003	9.69138465534677244E-004	-1	8.72994254943950049E-004	-1	OK
92.250000000000000	4.28744185854413630E-003	2.47535302918120217E-003	1.91065407603740632E-003	5.64698953143795966E-004	1.81208882936293434E-003	9.53171711959546167E-004	-1	8.58917117403388175E-004	-1	OK
92.500000000000000	4.22074021884444490E-003	2.43813636366235027E-003	1.88130279727925461E-003	5.56833566383095439E-004	1.78260385518209464E-003	9.37506093147099143E-004	-1	8.45097762034995492E-004	-1	OK
92.750000000000000	4.15523094337742240E-003	2.40156596275461825E-003	1.85247187188400451E-003	5.49094090870614281E-004	1.75366498062280393E-003	9.22135267038469279E-004	-1	8.31529713584334648E-004	-1	OK
93.000000000000000	4.09089362896975818E-003	2.36562918049386568E-003	1.82415085377285869E-003	5.41478326721007530E-004	1.72526444847589293E-003	9.07053981254673765E-004	-1	8.18210467221219167E-004	-1	OK
93.250000000000000	4.02770641140035111E-003	2.33031354413586449E-003	1.79632951311237870E-003	5.33984031023485473E-004	1.69739286726448661E-003	8.92255038528816315E-004	-1	8.05137828735670298E-004	-1	OK
93.500000000000000	3.96564451839972760E-003	2.29560710912856975E-003	1.76899787511602177E-003	5.26609234012547661E-004	1.67003740927115806E-003	8.77732384014507793E-004	-1	7.92305025256650271E-004	-1	OK
93.750000000000000	3.90468520425069163E-003	2.26149805539825957E-003	1.74214616281935237E-003	5.19351892578906438E-004	1.64318714885243228E-003	8.63480348909598174E-004	-1	7.79706799942834106E-004	-1	OK
94.000000000000000	3.84480619835926313E-003	2.22797465310546530E-003	1.71576478701898475E-003	5.12209866086480651E-004	1.61683154525379762E-003	8.49493241088811342E-004	-1	7.67338304164986280E-004	-1	OK
94.250000000000000	3.78598428818186037E-003	2.19502532930244010E-003	1.68984436287065044E-003	5.05180966431790102E-004	1.59095895887942027E-003	8.35765503376354520E-004	-1	7.55193455503065745E-004	-1	OK
94.500000000000000	3.72819915790509240E-003	2.16263874115182799E-003	1.66437571995667224E-003	4.98263021195156073E-004	1.56556041675326419E-003	8.22291711327944523E-004	-1	7.43268705425319666E-004	-1	OK
94.750000000000000	3.67143339462042443E-003	2.13080414368188586E-003	1.63934993926998754E-003	4.91454204411898000E-004	1.54062925093853857E-003	8.09066573008811619E-004	-1	7.31562677929726950E-004	-1	OK
95.000000000000000	3.61566708457696168E-003	2.09951078666887562E-003	1.61475826213763668E-003	4.84752524531238725E-004	1.51615629790808606E-003	7.96084990899397654E-004	-1	7.20071307008688407E-004	-1	OK
95.250000000000000	3.56087633774355809E-003	2.06874828655758585E-003	1.59059214868424942E-003	4.78156137873336426E-004	1.49212805118597246E-003	7.83341149409028776E-004	-1	7.08786901776943686E-004	-1	OK
95.500000000000000	3.50704208557300326E-003	2.03850634183876112E-003	1.56684321844788484E-003	4.71663123390875791E-004	1.46853574373424214E-003	7.70827017533455344E-004	-1	6.97708726200786796E-004	-1	OK
95.750000000000000	3.45414551214725824E-003	2.00877489105240250E-003	1.54350328027760050E-003	4.65271610774802328E-004	1.44537062109485574E-003	7.58541657217997310E-004	-1	6.86828963876858433E-004	-1	OK
96.000000000000000	3.40216333687284531E-003	1.97954419014126359E-003	1.52056434551546570E-003	4.58979844625798052E-004	1.42261914673158150E-003	7.46480409863200991E-004	-1	6.76138736868380505E-004	-1	OK
96.250000000000000	3.35108113999747943E-003	1.95080465810934479E-003	1.49801857306404462E-003	4.52786085045300336E-004	1.40027648188813464E-003	7.34638703078927457E-004	-1	6.65637778809207185E-004	-1	OK
96.500000000000000	3.30088708716972604E-003	1.92254681138531594E-003	1.47585830257791653E-003	4.46688508807399252E-004	1.37834027578440988E-003	7.23012026917813338E-004	-1	6.55328248866596545E-004	-1	OK
96.750000000000000	3.25155888406709588E-003	1.89476144416942131E-003	1.45407603971024150E-003	4.40685404459180191E-004	1.35679743989767457E-003	7.11595863527043253E-004	-1	6.45201576370631321E-004	-1	OK
97.000000000000000	3.20307874791772324E-003	1.86743945858850401E-003	1.43266445207833088E-003	4.34775006510173298E-004	1.33563928932921923E-003	7.00385911151103877E-004	-1	6.35253378178115354E-004	-1	OK
97.250000000000000	3.15543124929361157E-003	1.84057230241951126E-003	1.41161641277106676E-003	4.28955889648445097E-004	1.31485894687410031E-003	6.89377981771821524E-004	-1	6.25480965102278783E-004	-1	OK
97.500000000000000	3.10860003959641425E-003	1.81415131313858772E-003	1.39092488767525967E-003	4.23226425463327617E-004	1.29444872645782675E-003	6.78567978246966000E-004	-1	6.15880748210860746E-004	-1	OK
97.750000000000000	3.06256920433914566E-003	1.78816795279555926E-003	1.37058300470486788E-003	4.17584948090691166E-004	1.27440125154358640E-003	6.67951866723337268E-004	-1	6.06449384820249133E-004	-1	OK
98.000000000000000	3.01732367431042231E-003	1.76261398544398391E-003	1.35058404644242515E-003	4.12029939001558483E-004	1.25470968886643819E-003	6.57525720729722814E-004	-1	5.97183968136715372E-004	-1	OK
98.250000000000000	2.97284793684192894E-003	1.73748118516024773E-003	1.33092143130900706E-003	4.06559753851240459E-004	1.23536675168168120E-003	6.47285701242318059E-004	-1	5.88081050439363145E-004	-1	OK
98.500000000000000	2.92893705299838774E-003	1.71276174934749609E-003	1.31158875714188048E-003	4.01172992205616158E-004	1.21617530365089165E-003	6.37228064360913834E-004	-1	5.78947239289977818E-004	-1	OK
98.750000000000000	2.88595833328973359E-003	1.68844788930955312E-003	1.29257972703934547E-003	3.95868162270207374E-004	1.19751044398018068E-003	6.27349139879519236E-004	-1	5.70161304100661446E-004	-1	OK
99.000000000000000	2.84370519565798827E-003	1.66453218166042589E-003	1.27388822858782633E-003	3.90643953072599174E-004	1.17917301399756260E-003	6.17645341817673341E-004	-1	5.61527672179889257E-004	-1	OK
99.250000000000000	2.80216453052880557E-003	1.64100741242475677E-003	1.25550825793170574E-003	3.85499154493050653E-004	1.16115711810404879E-003	6.08113183537100851E-004	-1	5.53043934566947943E-004	-1	OK
99.500000000000000	2.76132266757917215E-003	1.61786626111700728E-003	1.23743391448505303E-003	3.80432346631954198E-004	1.14345640646216487E-003	5.98749654367076566E-004	-1	5.44706752095088301E-004	-1	OK
99.750000000000000	2.72116612990815424E-003	1.59510166820405180E-003	1.21965943370187639E-003	3.75442234502175248E-004	1.12606446170410266E-003	5.89550967390657264E-004	-1	5.36513494313445392E-004	-1	OK
100.00000000000000	2.68168202071220616E-003	1.57270656908905788E-003	1.20217915245223687E-003	3.70527416636821179E-004	1.10897545162314828E-003	5.80513847181604765E-004	-1	5.28461604441543510E-004	-1	OK
