#pt	totcs	totdirect	directLO	directNLO	totfrag	fragLO	err_fragLO	fragNLO	err_fragNLO	errmess
0.50000000000000000	29215281.414506741	-40875983.885250978	3505121.6130142347	-44381105.498265222	70091265.299757719	48647105.760488622	-1	21444159.539269097	-1	Error
0.75000000000000000	30642746.857438251	-1708044.2487078551	739125.44867608836	-2447169.6973839412	32350791.106146108	10132304.149635691	-1	22218486.956510417	-1	Error
1.0000000000000000	16076483.417814024	-258794.86013622861	708698.75688539015	-967493.61702161934	16335278.277950251	5887188.5116076795	-1	10448089.766342573	-1	Error
1.2500000000000000	7250870.8457980305	45101.090773684438	474677.73994421371	-429576.64917052974	7205769.7550243456	2971934.1194750289	-1	4233835.6355493162	-1	Error
1.5000000000000000	3537907.8807459343	93782.359964600764	302109.04561484483	-208326.68565024447	3444125.5207813336	1533546.5966813755	-1	1910578.9240999580	-1	Error
1.7500000000000000	1841585.9728401029	85347.620662690955	193885.61481340136	-108537.99415071045	1756238.3521774120	838336.11535759829	-1	917902.23681981373	-1	Error
2.0000000000000000	1039012.5633891644	67432.652554748405	127455.01551893029	-60022.362964181804	971579.91083441605	483599.85963138286	-1	487980.05120303319	-1	Error
2.2500000000000000	618272.20532751479	51134.386302931525	85906.638498301661	-34772.252195370056	567137.81902458332	292816.98573444248	-1	274320.83329014084	-1	Error
2.5000000000000000	385986.57486773573	38339.118793824338	59197.938347290466	-20858.819553466143	347647.45607391139	184405.57250313647	-1	163241.88357077492	-1	Error
2.7500000000000000	250323.16026521259	28830.891218064149	41752.745280572235	-12921.854062508095	221492.26904714844	121135.65969321628	-1	100356.60935393216	-1	Error
3.0000000000000000	168076.82355362299	21871.146983443890	30118.322951265629	-8247.1759678217641	146205.67657017909	81791.726529221793	-1	64413.950040957294	-1	Error
3.2500000000000000	116153.76566646242	16768.707889622143	22166.602975305024	-5397.8950856828724	99385.057776840287	56778.852938493488	-1	42606.204838346799	-1	Error
3.5000000000000000	82789.764282204895	12996.650734065362	16604.697576752005	-3608.0468426866428	69793.113548139532	40277.871061933183	-1	29515.242486206349	-1	Error
3.7500000000000000	60254.970245572636	10180.183470916418	12635.500111102945	-2455.3166401865196	50074.786774656219	29195.721249071576	-1	20879.065525584643	-1	Error
4.0000000000000000	44640.696178008569	8055.0165257184817	9751.6742921586756	-1696.6577664401916	36585.679652290084	21570.872548217805	-1	15014.807104072279	-1	OK
4.2500000000000000	33597.046594708037	6435.4383296201122	7623.0259629797247	-1187.5876333596093	27161.608265087922	16205.487519734135	-1	10956.120745353786	-1	OK
4.5000000000000000	25705.845883007776	5188.3981970492605	6028.6044031462743	-840.20620609701666	20517.447685958516	12359.081562563111	-1	8158.3661233954044	-1	OK
4.7500000000000000	19945.728081963160	4218.5520280786131	4818.2044024890629	-599.65237441045088	15727.176053884546	9555.4930003867339	-1	6171.6830534978126	-1	OK
5.0000000000000000	15686.020085069606	3457.1386104557014	3888.0434998282112	-430.90488937251030	12228.881474613903	7480.2314272653339	-1	4748.6500473485694	-1	OK
5.2500000000000000	12456.414994501913	2854.0338859580888	3165.2158793743238	-311.18199341623716	9602.3811085438247	5923.0825809387952	-1	3679.2985276050294	-1	OK
5.5000000000000000	10013.519668577839	2372.3524300058589	2597.7427530631994	-225.39032305734261	7641.1672385719794	4736.1536949553110	-1	2905.0135436166684	-1	OK
5.7500000000000000	8117.4356049753515	1984.7201179849312	2148.0738163065857	-163.35369832165367	6132.7154869904207	3821.3817701653402	-1	2311.3337168250805	-1	OK
6.0000000000000000	6640.5301979460928	1670.4613796770177	1788.6218368076627	-118.16045713064611	4970.0688182690756	3109.5529653238987	-1	1860.5158529451769	-1	OK
6.2500000000000000	5474.0031773814262	1413.9078705370534	1498.9433385739467	-85.035468036893391	4060.0953068443728	2549.3551840549098	-1	1510.7401227894629	-1	OK
6.5000000000000000	4542.7750866176066	1203.0930602172782	1263.7285251836836	-60.635464966406055	3339.6820264003286	2104.7529769812736	-1	1234.9290494190550	-1	OK
6.7500000000000000	3794.1197013212854	1028.7986945153639	1071.3930433883131	-42.594348872949482	2765.3210068059216	1748.7641697444874	-1	1016.5568370614342	-1	OK
7.0000000000000000	3189.0612384050410	883.86527433320657	913.08713643614612	-29.221862102939134	2305.1959640718342	1461.8833999497920	-1	843.31256412204220	-1	OK
7.2500000000000000	2696.0121385765037	762.69160101452121	781.98978913885605	-19.298188124334722	1933.3205375619825	1229.1611714337855	-1	704.15936612819701	-1	OK
7.5000000000000000	2291.7240992570046	660.86298784737130	672.79969393899387	-11.936706091622765	1630.8611114096332	1039.1392151342659	-1	591.72189627536727	-1	OK
7.7500000000000000	1957.7692604821327	574.87925452591492	581.36600357744464	-6.4867490515296620	1382.8900059562179	883.02019331920167	-1	499.86981263701625	-1	OK
8.0000000000000000	1680.4331166029847	501.94607170697930	504.41376455045480	-2.4676928434755641	1178.4870448960053	753.83775396709905	-1	424.64929092890623	-1	OK
8.2500000000000000	1448.8643522505756	439.81259146214131	439.33746148227232	0.47512997986904271	1009.0517607884343	646.38305996039867	-1	362.66870082803564	-1	OK
8.5000000000000000	1254.6961619175424	386.66018007456114	384.05390196658527	2.6062781079758035	868.03598184298130	556.60912507655519	-1	311.42685676642611	-1	OK
8.7500000000000000	1089.9703324538846	341.01154153321698	336.88733038430917	4.1242111489075262	748.95879092066764	481.23409346373307	-1	267.72469745693456	-1	OK
9.0000000000000000	950.89482037170933	301.66084750979309	296.48201504748977	5.1788324623034754	649.23397286191619	417.63681663472784	-1	231.59715622718835	-1	OK
9.2500000000000000	832.81601072888498	267.61849855546490	261.73493018537101	5.8835683700940224	565.19751217342002	363.74389346326387	-1	201.45361871015615	-1	OK
9.5000000000000000	731.86092988158339	238.06861627575370	231.74401104038566	6.3246052353680362	493.79231360582969	319.00912223556026	-1	174.78319137026944	-1	OK
9.7500000000000000	645.18409516252461	212.33550543183179	205.76782057792053	6.5676848539111559	432.84858973069282	279.69869654448934	-1	153.14989318620349	-1	OK
10.000000000000000	570.06065914682836	189.85711253087908	183.19412625457500	6.6629862763039887	380.20354661594934	245.97999290456877	-1	134.22355371138056	-1	OK
10.250000000000000	505.55782138934615	170.16384302160887	163.51503632028738	6.6488067013216146	335.39397836773730	216.96749987937940	-1	118.42647848835790	-1	OK
10.500000000000000	449.49363729524737	152.86211395066991	146.30749774429535	6.5546162063744724	296.63152334457743	191.92446638506823	-1	104.70705695950920	-1	OK
10.750000000000000	400.64960448210957	137.62033922762174	131.21755365180576	6.4027855758159973	263.02926525448783	170.23616694293858	-1	92.793098311549244	-1	OK
11.000000000000000	357.99133545553252	124.15871641879616	117.94803519048432	6.2106812283118691	233.83261903673633	151.38724677962273	-1	82.445372257113604	-1	OK
11.250000000000000	320.63690689474822	112.23985444875731	106.24839838090861	5.9914560678486959	208.39705244599088	134.70324175749857	-1	73.693810688492306	-1	OK
11.500000000000000	287.81993094696327	101.66194993426542	95.906725398872197	5.7552245353932046	186.15798101269783	120.35004464630462	-1	65.807936366393207	-1	OK
11.750000000000000	258.91247607113576	92.252524369542144	86.743073354003471	5.5094510155386898	166.65995170159363	107.76920154281297	-1	58.890750158780662	-1	OK
12.000000000000000	233.24690973255841	83.864075655664863	78.604239730869338	5.2598359247955253	149.38283407689354	96.709421425676737	-1	52.673412651216807	-1	OK
12.250000000000000	210.68335319367597	76.369932405893337	71.359337800107781	5.0105946057855277	134.31342078778263	86.962922362543225	-1	47.350498425239408	-1	OK
12.500000000000000	190.41884186970640	69.661059618665163	64.896220092132666	4.7648395265324774	120.75778225104123	78.351324941476179	-1	42.406457309565056	-1	OK
12.750000000000000	172.68124994532673	63.643362479668951	59.118515798144756	4.5248466815241928	109.03788746565778	70.726952122678654	-1	38.310935342979121	-1	OK
13.000000000000000	156.86736550176803	58.235385894107786	53.943173764644030	4.2922121294637678	98.631979607660242	63.968720824309571	-1	34.663258783350670	-1	OK
13.250000000000000	142.74842011247517	53.366463309297060	49.298432265341930	4.0680310439551226	89.381956803178113	57.958428049825599	-1	31.423528753352514	-1	OK
13.500000000000000	130.11524716975430	48.975099577128631	45.122110569547331	3.8529890075813258	81.140147592625681	52.602771717936328	-1	28.537375874689353	-1	OK
13.750000000000000	118.78699296244847	45.007677461883532	41.360210658615031	3.6474668032684878	73.779315500564934	47.820548236039379	-1	25.958767264525555	-1	OK
14.000000000000000	108.60759544860873	41.417364887091949	37.965716062505727	3.4516488245862362	67.190230561516785	43.539489382082550	-1	23.650741179434235	-1	OK
14.250000000000000	99.447970722538656	38.163101291334669	34.897595844182568	3.2655054471521017	61.284869431203994	39.700977074719532	-1	21.583892356484462	-1	OK
14.500000000000000	91.191878572883837	35.208897535896547	32.119970150641940	3.0889273852546104	55.982981036987297	36.254268770336445	-1	19.728712266650852	-1	OK
14.750000000000000	83.737249503273361	32.523060911943979	29.601380579463971	2.9216803324800074	51.214188591329382	33.153928131287365	-1	18.060260460042016	-1	OK
15.000000000000000	76.996282589002362	30.077680649317937	27.314199332593301	2.7634813167246421	46.918601939684422	30.376175391081613	-1	16.542426548602808	-1	OK
15.250000000000000	70.889216283139746	27.848102531193565	25.234104637303908	2.6139978938896493	43.041113751946178	27.855227488226557	-1	15.185886263719620	-1	OK
15.500000000000000	65.345979345756831	25.812507122987984	23.339645320285157	2.4728618027028322	39.533472222768850	25.577362762830319	-1	13.956109459938531	-1	OK
15.750000000000000	60.310379166266380	23.951574724534936	21.611870643089329	2.3397040814456078	36.358804441731444	23.514994670367802	-1	12.843809771363642	-1	OK
16.000000000000000	55.727324047398824	22.248124480249565	20.033996952433942	2.2141275278156223	33.479199567149259	21.645881974375651	-1	11.833317592773607	-1	OK
16.250000000000000	51.552990278065835	20.686891835159347	18.591144438746056	2.0957473964132927	30.866098442906491	19.948408421514504	-1	10.917690021391987	-1	OK
16.500000000000000	47.743095812807752	19.254274377171079	17.270090926844389	1.9841834503266953	28.488821435636670	18.405263215491800	-1	10.083558220144869	-1	OK
16.750000000000000	44.249099716626922	17.938112967041953	16.059054669722819	1.8790582973191363	26.310986749584970	17.000547432486727	-1	9.3104393170982434	-1	OK
17.000000000000000	41.066378656084282	16.727569507150285	14.947547852695026	1.7800216544552532	24.338809148934001	15.720067571301936	-1	8.6187415776320648	-1	OK
17.250000000000000	38.151262276148877	15.612924103389853	13.926204890386201	1.6867192130036464	22.538338172759023	14.551329439125027	-1	7.9870087336339957	-1	OK
17.500000000000000	35.477876808556630	14.585467921337974	12.986653605186474	1.5988143161515025	20.892408887218654	13.483345053841768	-1	7.4090638333768855	-1	OK
17.750000000000000	33.023074353086905	13.637396919608552	12.121397867119285	1.5159990524892613	19.385677433478353	12.506326116956425	-1	6.8793513165219284	-1	OK
18.000000000000000	30.766934875913201	12.761667116164423	11.323708170637603	1.4379589455268220	18.005267759748779	11.611295386151719	-1	6.3939723735970606	-1	OK
18.250000000000000	28.691148897637724	11.951950700061714	10.587544290822470	1.3644064092392487	16.739198197576012	10.790409317191338	-1	5.9487888803846740	-1	OK
18.500000000000000	26.779569656223678	11.202551688031608	9.9074746491183845	1.2950770389132262	15.577017968192068	10.036777343522607	-1	5.5402406246694618	-1	OK
18.750000000000000	25.016560063976414	10.508310977451611	9.2786031148433903	1.2297078626082203	14.508249086524804	9.3441290225012992	-1	5.1641200640235052	-1	OK
19.000000000000000	23.390077821425667	9.8645726734078725	8.6965163437824238	1.1680563296254474	13.525505148017794	8.7072399653324695	-1	4.8182651826853249	-1	OK
19.250000000000000	21.886937364767967	9.2671318473312247	8.1572300817157402	1.1099017656154875	12.619805517436742	8.1207901663925330	-1	4.4990153510442088	-1	OK
19.500000000000000	20.496725599384700	8.7121629585274043	7.6571385222919597	1.0550244362354482	11.784562640857295	7.5795868129815309	-1	4.2049758278757645	-1	OK
19.750000000000000	19.209849674457580	8.1962032885299507	7.1929798193941448	1.0032234691358057	11.013646385927627	7.0800753042028575	-1	3.9335710817247698	-1	OK
20.000000000000000	18.018711455361032	7.7161158097341955	6.7617989476049321	0.95431686212926292	10.302595645626837	6.6187188439007993	-1	3.6838768017260382	-1	OK
20.250000000000000	16.911861300681835	7.2690370971433715	6.3609112781245560	0.90812581901881639	9.6428242035384653	6.1779947417953833	-1	3.4648294617430819	-1	OK
20.500000000000000	15.884527246610595	6.8523640075185526	5.9878792252872870	0.86448478223126601	9.0321632390920428	5.7844159190834930	-1	3.2477473200085498	-1	OK
20.750000000000000	14.926074182527394	6.4637305394339517	5.6404873111619569	0.82324322827199403	8.4623436430934422	5.4199304122412002	-1	3.0424132308522420	-1	OK
21.000000000000000	14.038958345537376	6.1009703987534589	5.3167159423277468	0.78425445642571256	7.9379879467839167	5.0820720560495474	-1	2.8559158907343694	-1	OK
21.250000000000000	13.213364674176887	5.7621064565573485	5.0147251074314658	0.74738134912588339	7.4512582176195385	4.7688815099925312	-1	2.6823767076270073	-1	OK
21.500000000000000	12.444792912287056	5.4453350307560395	4.7328371744164723	0.71249785633956775	6.9994578815310158	4.4781391467634490	-1	2.5213187347675667	-1	OK
21.750000000000000	11.728374228254571	5.1490050744664169	4.4695192725003299	0.67948580196608799	6.5793691537881545	4.2079373452230175	-1	2.3714318085651369	-1	OK
22.000000000000000	11.059945649749757	4.8716018785413642	4.2233694747019346	0.64823240383942893	6.1883437712083920	3.9566356291980807	-1	2.2317081420103113	-1	OK
22.250000000000000	10.436318447123483	4.6117379611791902	3.9931055661979280	0.61863239498126310	5.8245804859442938	3.7227612958501228	-1	2.1018191900941710	-1	OK
22.500000000000000	9.8489246472753713	4.3681434799831740	3.7775536527438702	0.59058982723930331	5.4807811672921973	3.5050357069948728	-1	1.9757454602973246	-1	OK
22.750000000000000	9.3046561568692159	4.1396486925839806	3.5756364718375657	0.56401222074641388	5.1650074642852353	3.3020436918287865	-1	1.8629637724564487	-1	OK
23.000000000000000	8.7955396046948433	3.9251793993554274	3.3863659727586093	0.53881342659681819	4.8703602053394164	3.1126659010230506	-1	1.7576943043163658	-1	OK
23.250000000000000	8.3191724388538262	3.7237494094271040	3.2088351730872251	0.51491423633987798	4.5954230294267218	2.9358802602311447	-1	1.6595427691955771	-1	OK
23.500000000000000	7.8729505560530235	3.5344496992602190	3.0422099460525662	0.49223975320765245	4.3385008567928045	2.7706701671699490	-1	1.5678306896228555	-1	OK
23.750000000000000	7.4546552764713834	3.3564412884428427	2.8857225408719676	0.47071874757087412	4.0982139880285402	2.6162623885786087	-1	1.4819515994499315	-1	OK
24.000000000000000	7.0623331795252415	3.1889523067464238	2.7386666228070591	0.45028568393936425	3.8733808727788173	2.4718874194184335	-1	1.4014934533603838	-1	OK
24.250000000000000	6.6941790167013391	3.0312703676310928	2.6003911568517331	0.43087921077935931	3.6629086490702467	2.3367424210538834	-1	1.3261662280163633	-1	OK
24.500000000000000	6.3484599819909260	2.8827362604283513	2.4702953650495543	0.41244089537879697	3.4657237215625751	2.2101620293629733	-1	1.2555616921996018	-1	OK
24.750000000000000	6.0236169345069426	2.7427422394449410	2.3478251265245440	0.39491711292039700	3.2808746950620016	2.0915270246997815	-1	1.1893476703622201	-1	OK
25.000000000000000	5.7182643126686088	2.6107245683301792	2.2324682944089074	0.37825627392127181	3.1075397443384296	1.9802985369172059	-1	1.1272412074212237	-1	OK
25.250000000000000	5.4310145081566485	2.4861628399096749	2.1237517706732478	0.36241106923642780	2.9448516682469741	1.8759142489520451	-1	1.0689374192949290	-1	OK
25.500000000000000	5.1606584591146119	2.3685741772092070	2.0212375635553022	0.34733661365390511	2.7920842819054048	1.7779152312487101	-1	1.0141690506566947	-1	OK
25.750000000000000	4.9062330087779848	2.2575098922421177	1.9245197424662435	0.33299014977587421	2.6487231165358667	1.6858525749087689	-1	0.96287054162709773	-1	OK
26.000000000000000	4.6662275165132119	2.1525535385274130	1.8332219718442802	0.31933156668313356	2.5136739779857988	1.5993165854744720	-1	0.91435739251132686	-1	OK
26.250000000000000	4.4399282388689905	2.0533203386497156	1.7469963919032530	0.30632394674646268	2.3866079002192753	1.5179422505149263	-1	0.86866564970434901	-1	OK
26.500000000000000	4.2264410572663262	1.9594521154667552	1.6655200749542649	0.29393204051249067	2.2669889417995712	1.4413743365023206	-1	0.82561460529725061	-1	OK
26.750000000000000	4.0249344775149343	1.8706157345754257	1.5884932847806699	0.28212244979475631	2.1543187429395085	1.3692817326660729	-1	0.78503701027343564	-1	OK
27.000000000000000	3.8346050672395329	1.7865021452714271	1.5156377736948992	0.27086437157652782	2.0481029219681055	1.3013594627459033	-1	0.74674345922220220	-1	OK
27.250000000000000	3.6532728520753190	1.7068233608376531	1.4466947417987468	0.26012861903890677	1.9464494912376660	1.2373444762675769	-1	0.70910501497008904	-1	OK
27.500000000000000	3.4833768747842671	1.6313109243168640	1.3814234766885714	0.24988744762829254	1.8520659504674033	1.1769836963937894	-1	0.67508225407361389	-1	OK
27.750000000000000	3.3226668536371706	1.5597154038571466	1.3196000462910298	0.24011535756611688	1.7629514497800238	1.1200348332750862	-1	0.64291661650493759	-1	OK
28.000000000000000	3.1706161229288323	1.4918037249949307	1.2610158103714699	0.23078791462346052	1.6788123979339016	1.0662738389302400	-1	0.61253855900366161	-1	OK
28.250000000000000	3.0266937443932429	1.4273583049053133	1.2054763501526502	0.22188195475266367	1.5993354394879293	1.0154885868289356	-1	0.58384685265899372	-1	OK
28.500000000000000	2.8904024019853112	1.3661764918422659	1.1528004547486079	0.21337603709365791	1.5242259101430453	0.96748993587070919	-1	0.55673597427233612	-1	OK
28.750000000000000	2.7612756907911686	1.3080687010548111	1.1028189877082450	0.20524971334656608	1.4532069897363578	0.92212955030766397	-1	0.53107743942869379	-1	OK
29.000000000000000	2.6388820247927089	1.2528580373160456	1.0553741247595774	0.19748391255646880	1.3860239874766631	0.87923497689822749	-1	0.50678901057843562	-1	OK
29.250000000000000	2.5228224894747995	1.2003785659359552	1.0103183469894232	0.19006021894653186	1.3224439235388443	0.83866474002559133	-1	0.48377918351325300	-1	OK
29.500000000000000	2.4127081035684039	1.1504754415584419	0.96751390336689425	0.18296153819154751	1.2622326620099620	0.80026414107951327	-1	0.46196852093044871	-1	OK
29.750000000000000	2.3082132447406960	1.1030035752931875	0.92683193726967295	0.17617163802351443	1.2052096694475085	0.76390472383150920	-1	0.44130494561599931	-1	OK
30.000000000000000	2.2090063422748125	1.0578274299209154	0.88815196943912589	0.16967546048178928	1.1511789123538971	0.72945916560500712	-1	0.42171974674889001	-1	OK
30.250000000000000	2.1147455870748431	1.0148197482601753	0.85136115206682206	0.16345859619335365	1.0999258388146675	0.69681273809380695	-1	0.40311310072086060	-1	OK
30.500000000000000	2.0251940813612030	0.97386100815851062	0.81635378044510543	0.15750722771340525	1.0513330732026922	0.66585843243164355	-1	0.38547464077104865	-1	OK
30.750000000000000	1.9400564161132436	0.93483927532848943	0.78303084436572312	0.15180843096276636	1.0052171407847541	0.63649657860216868	-1	0.36872056218258542	-1	OK
31.000000000000000	1.8590923356562155	0.89764959799026200	0.75129953889117884	0.14635005909908302	0.96144273766595345	0.60863091650166667	-1	0.35281182116428678	-1	OK
31.250000000000000	1.7820768929807671	0.86219344161407485	0.72107281519878708	0.14112062641528808	0.91988345136669236	0.58215508216404999	-1	0.33772836920264238	-1	OK
31.500000000000000	1.7087873179595512	0.82837816854396662	0.69226896798351900	0.13610920056044770	0.88040914941558446	0.55700593063367887	-1	0.32340321878190559	-1	OK
31.750000000000000	1.6390127899679592	0.79611651242093640	0.66481124600809849	0.13130526641283818	0.84289627754702268	0.53311962739691676	-1	0.30977665015010591	-1	OK
32.000000000000000	1.5725640664979927	0.76532679789681612	0.63862765571182267	0.12669914218499359	0.80723726860117651	0.51041928379140267	-1	0.29681798480977384	-1	OK
32.250000000000000	1.5092851934388303	0.73593205854498889	0.61365048864269611	0.12228156990229275	0.77335313489384139	0.48883856487262817	-1	0.28451457002121322	-1	OK
32.500000000000000	1.4489585908843070	0.70785974667378215	0.58981605948129590	0.11804368719248619	0.74109884421052474	0.46831666720063175	-1	0.27278217700989299	-1	OK
32.750000000000000	1.3914451894392503	0.68104157866971782	0.56706448696174017	0.11397709170797768	0.71040361076953251	0.44877980765513520	-1	0.26162380311439731	-1	OK
33.000000000000000	1.3365958605232788	0.65541335294957959	0.54533945145960860	0.11007390148997132	0.68118250757369914	0.43018625765488333	-1	0.25099624991881581	-1	OK
33.250000000000000	1.2842695870053622	0.63091468770165626	0.52458794069547876	0.10632674700617725	0.65335489930370583	0.41248434930715705	-1	0.24087054999654878	-1	OK
33.500000000000000	1.2343337695221408	0.60748847361436709	0.50475997603594602	0.10272849757842116	0.62684529590777371	0.39562550540740571	-1	0.23121979050036801	-1	OK
33.750000000000000	1.1866630152735003	0.58508081658500521	0.48580848028246731	9.92723363025381222E-002	0.60158219868849505	0.37956396570975198	-1	0.22201823297874307	-1	OK
34.000000000000000	1.1411440061253728	0.56364091194817634	0.46768909164300404	9.59518203051723667E-002	0.57750309417719647	0.36425757158074978	-1	0.21324552259644669	-1	OK
34.250000000000000	1.0976663492850185	0.54312089860776824	0.45035999103086805	9.27609075769002672E-002	0.55454545067725025	0.34966595150787289	-1	0.20487949916937737	-1	OK
34.500000000000000	1.0561235635975490	0.52347558489319423	0.43378171840958207	8.96938664836121752E-002	0.53264797870435487	0.33575074756949896	-1	0.19689723113485591	-1	OK
34.750000000000000	1.0164159421421219	0.50466228124668056	0.41791703413836229	8.67452471083181020E-002	0.51175366089544128	0.32247622596507752	-1	0.18927743493036375	-1	OK
35.000000000000000	0.97845001739077331	0.48664056053468679	0.40273075767245159	8.39098028622350944E-002	0.49180945685608651	0.30980841609015553	-1	0.18200104076593099	-1	OK
35.250000000000000	0.94214389513804730	0.46937225097330043	0.38818967484357064	8.11825761297299275E-002	0.47277164416474687	0.29771702485399398	-1	0.17505461931075289	-1	OK
35.500000000000000	0.90741411654700943	0.45282103937227014	0.37426235757039311	7.85586818018768757E-002	0.45459307717473929	0.28617291165488040	-1	0.16842016551985889	-1	OK
35.750000000000000	0.87417486011903556	0.43695286641230835	0.36091918455466609	7.60336818576422546E-002	0.43722199370672726	0.27514691488543658	-1	0.16207507882129069	-1	OK
36.000000000000000	0.84235321355617088	0.42173567822432184	0.34813215412446646	7.36035240998554469E-002	0.42061753533184904	0.26461222119194777	-1	0.15600531413990126	-1	OK
36.250000000000000	0.81188148555682338	0.40713878317913521	0.33587469989177576	7.12640832873594754E-002	0.40474270237768817	0.25454442540574324	-1	0.15019827697194493	-1	OK
36.500000000000000	0.78269572400347065	0.39313314276996980	0.32412171083009783	6.90114319398718312E-002	0.38956258123350085	0.24491899953675048	-1	0.14464358169675037	-1	OK
36.750000000000000	0.75473202886610857	0.37969135482375216	0.31284942510834207	6.68419297154100589E-002	0.37504067404235636	0.23571463987363536	-1	0.13932603416872100	-1	OK
37.000000000000000	0.72793336724305657	0.36678728389781778	0.30203531272770612	6.47519711701116940E-002	0.36114608334523873	0.22691080723687754	-1	0.13423527610836120	-1	OK
37.250000000000000	0.70224510539102958	0.35439639171623538	0.29165808458044973	6.27383071357856398E-002	0.34784871367479420	0.21848736023876042	-1	0.12936135343603378	-1	OK
37.500000000000000	0.67760460610451712	0.34249535782138468	0.28169755143846248	6.07978063829221343E-002	0.33510924828313249	0.21042568305455642	-1	0.12468356522857607	-1	OK
37.750000000000000	0.65397680388576696	0.33106204415392992	0.27213456424462162	5.89274799093083695E-002	0.32291475973183709	0.20270827058702409	-1	0.12020648914481299	-1	OK
38.000000000000000	0.63130889086498310	0.32007530692942976	0.26295093780644180	5.71243691229879752E-002	0.31123358393555339	0.19531689632892024	-1	0.11591668760663315	-1	OK
38.250000000000000	0.60955688892143989	0.30951509671847122	0.25412943380813430	5.53856629103369469E-002	0.30004179220296867	0.18823691880624782	-1	0.11180487339672085	-1	OK
38.500000000000000	0.58854679755793970	0.29936238783082370	0.24565370236555228	5.37086854652714177E-002	0.28918440972711595	0.18145488625576411	-1	0.10772952347135184	-1	OK
38.750000000000000	0.56850318510367381	0.28959923807440713	0.23750824343650731	5.20909946378997832E-002	0.27890394702926669	0.17495511701286479	-1	0.10394883001640190	-1	OK
39.000000000000000	0.54926027354681572	0.28020852824705600	0.22967833508279789	5.05301931642580526E-002	0.26905174529975967	0.16872427322241654	-1	0.10032747207734313	-1	OK
39.250000000000000	0.53078240293680423	0.27117404220980673	0.22215000107000518	4.90240411398015496E-002	0.25960836072699750	0.16275182617072498	-1	9.68565345562725222E-002	-1	OK
39.500000000000000	0.51302055195207541	0.26248029627110103	0.21490994187968251	4.75703543914185595E-002	0.25054025568097438	0.15702187328980782	-1	9.35183823911665546E-002	-1	OK
39.750000000000000	0.49595530844629732	0.25411252257131023	0.20794551481318935	4.61670077581209509E-002	0.24184278587498709	0.15152433913397448	-1	9.03184467410126091E-002	-1	OK
40.000000000000000	0.47954668065089856	0.24605668335706266	0.20124470161871463	4.48119817383480223E-002	0.23348999729383590	0.14624935415462256	-1	8.72406431392133419E-002	-1	OK
40.250000000000000	0.46377676244007959	0.23829945703548824	0.19479608451143393	4.35033725240543123E-002	0.22547730540459135	0.14118708602627214	-1	8.42902193783192089E-002	-1	OK
40.500000000000000	0.44861157809487784	0.23082821578200349	0.18858881042782730	4.22394053541762030E-002	0.21778336231287435	0.13632737543937079	-1	8.14559868735035553E-002	-1	OK
40.750000000000000	0.43402488974194386	0.22363084171431413	0.18261253951769077	4.10183021966233213E-002	0.21039404802762973	0.13166102722258452	-1	7.87330208050452118E-002	-1	OK
41.000000000000000	0.41998569961780441	0.21669589053132379	0.17685744772116288	3.98384428101609470E-002	0.20328980908648062	0.12717998050737656	-1	7.61098285791040607E-002	-1	OK
41.250000000000000	0.40648120963469159	0.21001242945577797	0.17131417014551950	3.86982593102584357E-002	0.19646878017891359	0.12287517875474048	-1	7.35936014241731079E-002	-1	OK
41.500000000000000	0.39348262880219548	0.20356994426247296	0.16597375959372410	3.75961846687488527E-002	0.18991268453972251	0.11873817458643258	-1	7.11745099532899300E-002	-1	OK
41.750000000000000	0.38096453589351709	0.19735838860068769	0.16082767997848593	3.65307086222017574E-002	0.18360614729282942	0.11476162895306895	-1	6.88445183397604771E-002	-1	OK
42.000000000000000	0.36891489518209253	0.19136830091697604	0.15586784523903649	3.55004556779395380E-002	0.17754659426511651	0.11093920432215450	-1	6.66073899429620170E-002	-1	OK
42.250000000000000	0.35731672664872516	0.18559066440864752	0.15108654562184953	3.45041187867980159E-002	0.17172606224007764	0.10726392905140686	-1	6.44621331886707782E-002	-1	OK
42.500000000000000	0.34613681908334970	0.18001682046784839	0.14647642806994216	3.35403923979062865E-002	0.16611999861550134	0.10372733590690508	-1	6.23926627085962526E-002	-1	OK
42.750000000000000	0.33536434473143006	0.17463858245622621	0.14203049395210182	3.26080885041245064E-002	0.16072576227520385	0.10032522836519418	-1	6.04005339100096711E-002	-1	OK
43.000000000000000	0.32498249055581585	0.16944811439120691	0.13774205666037753	3.17060577308294136E-002	0.15553437616460897	9.70520101405715069E-002	-1	5.84823660240374604E-002	-1	OK
43.250000000000000	0.31497282229091084	0.16443788495704903	0.13360472707290974	3.08331578841393138E-002	0.15053493733386183	9.39021442356103020E-002	-1	5.66327930982515326E-002	-1	OK
43.500000000000000	0.30532380766503353	0.15960069296282281	0.12961240654611506	2.99882864167077857E-002	0.14572311470221075	9.08696254547498583E-002	-1	5.48534892474608904E-002	-1	OK
43.750000000000000	0.29601890819674159	0.15492967239136551	0.12575927873349413	2.91703936578713817E-002	0.14108923580537611	8.79501990735047784E-002	-1	5.31390367318713280E-002	-1	OK
44.000000000000000	0.28704418067148163	0.15041830952248980	0.12203979977657009	2.83785097459196764E-002	0.13662587114899186	8.51391234884223136E-002	-1	5.14867476605695429E-002	-1	OK
44.250000000000000	0.27827302375597818	0.14606038118499312	0.11844867201234148	2.76117091726516412E-002	0.13221264257098503	8.24319145556175054E-002	-1	4.97807280153675230E-002	-1	OK
44.500000000000000	0.26985093835797269	0.14184990309529633	0.11498082892443436	2.68690741708619805E-002	0.12800103526267639	7.98241273682761265E-002	-1	4.81769078944002671E-002	-1	OK
44.750000000000000	0.26169063267258591	0.13778116604644058	0.11163143190278632	2.61497341436542387E-002	0.12390946662614531	7.73116170636901634E-002	-1	4.65978495624551486E-002	-1	OK
45.000000000000000	0.25391642381485036	0.13384872737294273	0.10839585872221683	2.54528686507259211E-002	0.12006769644190761	7.48904259064592237E-002	-1	4.51772705354483856E-002	-1	OK
45.250000000000000	0.24641099747042799	0.13004737540248856	0.10526968837413513	2.47776870283533818E-002	0.11636362206793943	7.25570842627604878E-002	-1	4.38065378051789439E-002	-1	OK
45.500000000000000	0.23916404146996484	0.12637209879505179	0.10224868719270362	2.41234116023481479E-002	0.11279194267491303	7.03083393667313650E-002	-1	4.24836033081816694E-002	-1	OK
45.750000000000000	0.23216639127079533	0.12281807876517382	9.93288033173909402E-002	2.34892754477828702E-002	0.10934831250562151	6.81403835664728535E-002	-1	4.12079289391486525E-002	-1	OK
46.000000000000000	0.22540707704360768	0.11938075353352927	9.65061709941818363E-002	2.28745825393473941E-002	0.10602632351007843	6.60496457491216993E-002	-1	3.99766777609567303E-002	-1	OK
46.250000000000000	0.21887650593539026	0.11605575667056836	9.37770886545130078E-002	2.22786680160553079E-002	0.10282074926482190	6.40331526167690901E-002	-1	3.87875966480528134E-002	-1	OK
46.500000000000000	0.21256285862156915	0.11283887717822436	9.11380090336624676E-002	2.17008681445618884E-002	9.97239814433447946E-002	6.20878015088007079E-002	-1	3.76361799345440867E-002	-1	OK
46.750000000000000	0.20646389294980363	0.10972610043450086	8.85855421034862922E-002	2.11405583310145841E-002	9.67377925153027757E-002	6.02107084030690451E-002	-1	3.65270841122337306E-002	-1	OK
47.000000000000000	0.20056874803721284	0.10671359332729173	8.61164418341636012E-002	2.05971514931281643E-002	9.38551547099211042E-002	5.83991608849992044E-002	-1	3.54559938249218998E-002	-1	OK
47.250000000000000	0.19486925549592712	0.10379764491031769	8.37275905354625122E-002	2.00700543748551716E-002	9.10716105856094332E-002	5.66505656880242070E-002	-1	3.44210448975852262E-002	-1	OK
47.500000000000000	0.18935734186840880	0.10097469247099652	8.14160008648107392E-002	1.95586916061857401E-002	8.83826493974122634E-002	5.48483260244192611E-002	-1	3.35343233729930024E-002	-1	OK
47.750000000000000	0.18402688665524874	9.82413300049713445E-002	7.91788141477621915E-002	1.90625158572091426E-002	8.57855566502774003E-002	5.32232251828539324E-002	-1	3.25623314674234679E-002	-1	OK
48.000000000000000	0.17887092967863483	9.55943122091231223E-002	7.70132952147299793E-002	1.85810169943931847E-002	8.32766174695116906E-002	5.16537196295205545E-002	-1	3.16228978399911362E-002	-1	OK
48.250000000000000	0.17388323684250018	9.30305315794689169E-002	7.49168214248518982E-002	1.81137101546170222E-002	8.08527052630312743E-002	5.01376527427814384E-002	-1	3.07150525202498359E-002	-1	OK
48.500000000000000	0.16905471922614559	9.05469831551613813E-002	7.28868744284782155E-002	1.76601087266831727E-002	7.85077360709842131E-002	4.86729611915888774E-002	-1	2.98347748793953357E-002	-1	OK
48.750000000000000	0.16438442569660644	8.81408023408178781E-002	7.09210442030829974E-002	1.72197581377348599E-002	7.62436233557885479E-002	4.72576587667067408E-002	-1	2.89859645890818071E-002	-1	OK
49.000000000000000	0.15986415420310784	8.58092429647580868E-002	6.90170178907742321E-002	1.67922250739838477E-002	7.40549112383497715E-002	4.58898675750954652E-002	-1	2.81650436632543064E-002	-1	OK
49.250000000000000	0.15548848359265452	8.35496531033045886E-002	6.71725735550897929E-002	1.63770795482148165E-002	7.19388304893499309E-002	4.45677829794600619E-002	-1	2.73710475098898690E-002	-1	OK
49.500000000000000	0.15125224917894628	8.13594901748128652E-002	6.53855786652671606E-002	1.59739115095456734E-002	6.98927590041334146E-002	4.32896663162047265E-002	-1	2.66030926879286880E-002	-1	OK
49.750000000000000	0.14715031183762700	7.92363015712275465E-002	6.36539852689483321E-002	1.55823163022792265E-002	6.79140102663994411E-002	4.20538555028856301E-002	-1	2.58601547635138110E-002	-1	OK
50.000000000000000	0.14317778104272483	7.71777444980271121E-002	6.19758306680191495E-002	1.52019138300079609E-002	6.60000365446977155E-002	4.08585387517955423E-002	-1	2.51414977929021732E-002	-1	OK
50.250000000000000	0.13933000699744591	7.51815667066867976E-002	6.03492284883890631E-002	1.48323382182977519E-002	6.41484402907590984E-002	3.97023830830904659E-002	-1	2.44460572076686325E-002	-1	OK
50.500000000000000	0.13560248359020685	7.32455964685417571E-002	5.87723674678219607E-002	1.44732290007197912E-002	6.23568871216650875E-002	3.85839847758596560E-002	-1	2.37729023458054314E-002	-1	OK
50.750000000000000	0.13199098573469242	7.13677641599052975E-002	5.72435123259194822E-002	1.41242518339857875E-002	6.06232215747871186E-002	3.75019325161582429E-002	-1	2.31212890586288758E-002	-1	OK
51.000000000000000	0.12849128475467009	6.95460885993245403E-002	5.57609956206524746E-002	1.37850929786721057E-002	5.89451961553455472E-002	3.64548830994107162E-002	-1	2.24903130559348310E-002	-1	OK
51.250000000000000	0.12509971618762575	6.77786414436639811E-002	5.43232103409006586E-002	1.34554311027632878E-002	5.73210747439617738E-002	3.53236635130850796E-002	-1	2.19974112308766942E-002	-1	OK
51.500000000000000	0.12181198819039141	6.60635753753151395E-002	5.29286143406848125E-002	1.31349610346303356E-002	5.57484128150762676E-002	3.43457128200917727E-002	-1	2.14026999949844948E-002	-1	OK
51.750000000000000	0.11862504026170737	6.43991180993274126E-002	5.15757248539721741E-002	1.28233932453552368E-002	5.42259221623799456E-002	3.33988622401951499E-002	-1	2.08270599221847957E-002	-1	OK
52.000000000000000	0.11553516751422883	6.27835481415799646E-002	5.02631140176294164E-002	1.25204341239505516E-002	5.27516193726488697E-002	3.24820749767271710E-002	-1	2.02695443959216987E-002	-1	OK
52.250000000000000	0.11251239318526687	6.12152199808651196E-002	4.89894109023927618E-002	1.22258090784723543E-002	5.12971732044017539E-002	3.15942349848431989E-002	-1	1.97029382195585551E-002	-1	OK
52.500000000000000	0.10958567048799210	5.96925560207703654E-002	4.77532982954419274E-002	1.19392577253284241E-002	4.98931144672217358E-002	3.07344040278369653E-002	-1	1.91587104393847706E-002	-1	OK
52.750000000000000	0.10676861112787998	5.82140390965428176E-002	4.65535101771693063E-002	1.16605289193735043E-002	4.85545720313371662E-002	2.99015667923400209E-002	-1	1.86530052389971453E-002	-1	OK
53.000000000000000	0.10403536792295090	5.67782146901476686E-002	4.53888288529238626E-002	1.13893858372237939E-002	4.72571532328032382E-002	2.90947561498962615E-002	-1	1.81623970829069767E-002	-1	OK
53.250000000000000	0.10138358472102112	5.53836697128442940E-002	4.42580792488903099E-002	1.11255904639539546E-002	4.59999150081768227E-002	2.83130455020047696E-002	-1	1.76868695061720531E-002	-1	OK
53.500000000000000	9.88097003048207800E-002	5.40290383030733734E-002	4.31601310781886474E-002	1.08689072248847260E-002	4.47806620017474136E-002	2.75555538745490790E-002	-1	1.72251081271983346E-002	-1	OK
53.750000000000000	9.63123721803610805E-002	5.27130234435221057E-002	4.20938998099050499E-002	1.06191236336170471E-002	4.35993487368389748E-002	2.68214311307031945E-002	-1	1.67779176061357803E-002	-1	OK
54.000000000000000	9.38884679389634103E-002	5.14343685817375829E-002	4.10583384642752292E-002	1.03760301174623502E-002	4.24540993572258343E-002	2.61098934293182879E-002	-1	1.63442059279075465E-002	-1	OK
54.250000000000000	9.15355259209381933E-002	5.01918566627685414E-002	4.00524385082633438E-002	1.01394181545052062E-002	4.13436692581696449E-002	2.54203804797627393E-002	-1	1.59232887784069056E-002	-1	OK
54.500000000000000	8.92510867827231713E-002	4.89843203814919262E-002	3.90752302028937112E-002	9.90909017859823577E-003	4.02667664012312451E-002	2.47518526495014296E-002	-1	1.55149137517298155E-002	-1	OK
54.750000000000000	8.70328981186291734E-002	4.78106409558268358E-002	3.81257797921038810E-002	9.68486116372296001E-003	3.92222571628023375E-002	2.41035824136057487E-002	-1	1.51186747491965888E-002	-1	OK
55.000000000000000	8.48785658180419289E-002	4.66697314375562750E-002	3.72031860096839473E-002	9.46654542787233287E-003	3.82088343804856539E-002	2.34748569140883004E-002	-1	1.47339774663973536E-002	-1	OK
55.250000000000000	8.27864760505084563E-002	4.55605430161064306E-002	3.63065804567269737E-002	9.25396255937945868E-003	3.72259330344020187E-002	2.28651275355648553E-002	-1	1.43608054988371633E-002	-1	OK
55.500000000000000	8.07554023522204650E-002	4.44820703367228426E-002	3.54351275992675074E-002	9.04694273745534731E-003	3.62733320154976224E-002	2.22736526691161563E-002	-1	1.39996793463814662E-002	-1	OK
55.750000000000000	7.87810747845762438E-002	4.34333406988614279E-002	3.45880219790254476E-002	8.84531871983599595E-003	3.53477340857148159E-002	2.16998092616753381E-002	-1	1.36479248240394778E-002	-1	OK
56.000000000000000	7.68615757480122785E-002	4.24134227716276013E-002	3.37644881812699041E-002	8.64893459035769377E-003	3.44481529763846772E-002	2.11430344221264985E-002	-1	1.33051185542581787E-002	-1	OK
56.250000000000000	7.49977810320779648E-002	4.14214138094293749E-002	3.29637770049022449E-002	8.45763680452714731E-003	3.35763672226485899E-002	2.06027576509234152E-002	-1	1.29736095717251747E-002	-1	OK
56.500000000000000	7.31863195944966460E-002	4.04564370254608258E-002	3.21851651730113292E-002	8.27127185244950699E-003	3.27298825690358272E-002	2.00783912627448304E-002	-1	1.26514913062909969E-002	-1	OK
56.750000000000000	7.14249256290292872E-002	3.95176507709160268E-002	3.14279560905204938E-002	8.08969468039553476E-003	3.19072748581132604E-002	1.95693978165508362E-002	-1	1.23378770415624242E-002	-1	OK
57.000000000000000	6.97133858084574287E-002	3.86042437277012360E-002	3.06914776547939881E-002	7.91276607290724437E-003	3.11091420807561962E-002	1.90752895247470744E-002	-1	1.20338525560091218E-002	-1	OK
57.250000000000000	6.80497145755561833E-002	3.77154256577447861E-002	2.99750803709372127E-002	7.74034528680756818E-003	3.03342889178113938E-002	1.85955348084686813E-002	-1	1.17387541093427125E-002	-1	OK
57.500000000000000	6.64321186726537088E-002	3.68504377102314151E-002	2.92781386463837334E-002	7.57229906384768517E-003	2.95816809624222903E-002	1.81296644126388296E-002	-1	1.14520165497834607E-002	-1	OK
57.750000000000000	6.48643588381247610E-002	3.60085541680299354E-002	2.86000499149194100E-002	7.40850425311052364E-003	2.88558046700948256E-002	1.76772406796552213E-002	-1	1.11785639904396043E-002	-1	OK
58.000000000000000	6.33176038295405752E-002	3.51890664916179596E-002	2.79402312241305920E-002	7.24883526748737721E-003	2.81285373379226121E-002	1.72378240608329208E-002	-1	1.08907132770896913E-002	-1	OK
58.250000000000000	6.18299851071555107E-002	3.43912951139441481E-002	2.72981210858320271E-002	7.09317402811212964E-003	2.74386899932113661E-002	1.68109826059077566E-002	-1	1.06277073873036094E-002	-1	OK
58.500000000000000	6.03829467394720876E-002	3.36145833845477512E-002	2.66731770337268470E-002	6.94140635082090597E-003	2.67683633549243398E-002	1.63963179644229656E-002	-1	1.03720453905013742E-002	-1	OK
58.750000000000000	5.89751556037101526E-002	3.28582961890694636E-002	2.60648751191489697E-002	6.79342106992048000E-003	2.61168594146406891E-002	1.59934359208568320E-002	-1	1.01234234937838570E-002	-1	OK
59.000000000000000	5.76053814107189976E-002	3.21218195539114196E-002	2.54727091342587843E-002	6.64911041965264224E-003	2.54835618568075815E-002	1.56020241070598774E-002	-1	9.88153774974770416E-003	-1	OK
59.250000000000000	5.62723445845377951E-002	3.14045617379351896E-002	2.48961905339924357E-002	6.50837120394275829E-003	2.48677828466026055E-002	1.52216248291512299E-002	-1	9.64615801745137558E-003	-1	OK
59.500000000000000	5.49750911584245133E-002	3.07059475642925093E-002	2.43348464304629017E-002	6.37110113382961633E-003	2.42691435941320074E-002	1.48519052743108938E-002	-1	9.41723831982111369E-003	-1	OK
59.750000000000000	5.36975772451958877E-002	3.00254184808026112E-002	2.37882198209075114E-002	6.23719865989508758E-003	2.36721587643932800E-002	1.44924976523464304E-002	-1	9.17966111204684965E-003	-1	OK
60.000000000000000	5.24690894950271824E-002	2.93624381263449807E-002	2.32558701967922644E-002	6.10656792955271369E-003	2.31066513686821982E-002	1.41431128145627430E-002	-1	8.96353855411945524E-003	-1	OK
60.250000000000000	5.12732149854082039E-002	2.87164924874393074E-002	2.27373726304519672E-002	5.97911985698733762E-003	2.25567224979688966E-002	1.38034329738460446E-002	-1	8.75328952412285193E-003	-1	OK
60.500000000000000	5.01089626306613356E-002	2.80870825254260909E-002	2.22323161525724601E-002	5.85476637285362294E-003	2.20218801052352448E-002	1.34731485147092708E-002	-1	8.54873159052597399E-003	-1	OK
60.750000000000000	4.89754148016896887E-002	2.74737251407854155E-002	2.17403033413780568E-002	5.73342179940735004E-003	2.15016896609042732E-002	1.31519067898331777E-002	-1	8.34978287107109550E-003	-1	OK
61.000000000000000	4.78716333769934471E-002	2.68759541779061625E-002	2.12609500437004918E-002	5.61500413420566984E-003	2.09956791990872881E-002	1.28395002880866450E-002	-1	8.15617891100064302E-003	-1	OK
61.250000000000000	4.67967458674676262E-002	2.62933175529415294E-002	2.07938845439467369E-002	5.49943300899478731E-003	2.05034283145261002E-002	1.25356444779666319E-002	-1	7.96778383655946838E-003	-1	OK
61.500000000000000	4.57498730394985398E-002	2.57253775265563409E-002	2.03387471077902185E-002	5.38663041876611629E-003	2.00244955129421955E-002	1.22400713456763868E-002	-1	7.78442416726580870E-003	-1	OK
61.750000000000000	4.47301651327875610E-002	2.51717095889458856E-002	1.98951897400888068E-002	5.27651984885707873E-003	1.95584555438416789E-002	1.19525252240897471E-002	-1	7.60593031975193186E-003	-1	OK
62.000000000000000	4.37368055824711721E-002	2.46319037522045592E-002	1.94628761013371822E-002	5.16902765086738047E-003	1.91049018302666095E-002	1.16727581999487521E-002	-1	7.43214363031785737E-003	-1	OK
62.250000000000000	4.27690400521674036E-002	2.41055620579679712E-002	1.90414806925643318E-002	5.06408136540364377E-003	1.86634779941994323E-002	1.14005287345021120E-002	-1	7.26294925969732039E-003	-1	OK
62.500000000000000	4.18260775280558661E-002	2.35923005762324819E-002	1.86306889618798113E-002	4.96161161435267582E-003	1.82337769518233807E-002	1.11356103456665030E-002	-1	7.09816660615687767E-003	-1	OK
62.750000000000000	4.09072363506741560E-002	2.30917503315786338E-002	1.82301969440376820E-002	4.86155338754094835E-003	1.78154860190955257E-002	1.08777807792109008E-002	-1	6.93770523988462492E-003	-1	OK
63.000000000000000	4.00012889669079594E-002	2.26035515825140712E-002	1.78397100851691130E-002	4.76384149734495384E-003	1.73977373843938882E-002	1.06268253736125154E-002	-1	6.77091201078137278E-003	-1	OK
63.250000000000000	3.91281322655693611E-002	2.21273581959637519E-002	1.74589434683296366E-002	4.66841472763411015E-003	1.70007740696056092E-002	1.03825364778402252E-002	-1	6.61823759176538400E-003	-1	OK
63.500000000000000	3.82777846716167436E-002	2.16628326941916312E-002	1.70876208209833243E-002	4.57521187320831038E-003	1.66149519774251089E-002	1.01447123825523285E-002	-1	6.47023959487278040E-003	-1	OK
63.750000000000000	3.74344677466278142E-002	2.12096468561916510E-002	1.67254746401638635E-002	4.48417221602779442E-003	1.62248208904361632E-002	9.91317328259440876E-003	-1	6.31164760784175445E-003	-1	OK
64.000000000000000	3.66267101449868765E-002	2.07674858790260659E-002	1.63722463830234428E-002	4.39523949600261529E-003	1.58592242659608106E-002	9.68773663005354640E-003	-1	6.17148763590726415E-003	-1	OK
64.250000000000000	3.58269662726991428E-002	2.03360429942570781E-002	1.60276852927058837E-002	4.30835770155120045E-003	1.54909232784420630E-002	9.46823215384734809E-003	-1	6.02269112459471491E-003	-1	OK
64.500000000000000	3.50593622862471754E-002	1.99150213135487822E-002	1.56915487630348224E-002	4.22347255051396843E-003	1.51443409726983932E-002	9.25450338371619496E-003	-1	5.88983758898219828E-003	-1	OK
64.750000000000000	3.43101777974772829E-002	1.95041347732665196E-002	1.53636021265036414E-002	4.14053264676287908E-003	1.48060430242107632E-002	9.04633276830539568E-003	-1	5.75971025590536756E-003	-1	OK
65.000000000000000	3.35801978182864724E-002	1.91031037959372568E-002	1.50436177291169114E-002	4.05948606682034630E-003	1.44770940223492121E-002	8.84354719864392791E-003	-1	5.63354682370528423E-003	-1	OK
65.250000000000000	3.28682335617440854E-002	1.87116597453082026E-002	1.47313752543688069E-002	3.98028449093939390E-003	1.41565738164358829E-002	8.64599362876302714E-003	-1	5.51058018767285572E-003	-1	OK
65.500000000000000	3.21737694152118558E-002	1.83295420982113565E-002	1.44266610293687890E-002	3.90288106884256660E-003	1.38442273170004994E-002	8.45351596837120266E-003	-1	5.39071134862929673E-003	-1	OK
65.750000000000000	3.14959261254036532E-002	1.79564976997987659E-002	1.41292680466862906E-002	3.82722965311247786E-003	1.35394284256048908E-002	8.26596946149682488E-003	-1	5.27345896410806592E-003	-1	OK
66.000000000000000	3.08350987409275745E-002	1.75922807785395229E-002	1.38389956039376098E-002	3.75328517460191309E-003	1.32428179623880499E-002	8.08321130551401847E-003	-1	5.15960665687403147E-003	-1	OK
66.250000000000000	3.01906668051001928E-002	1.72366508191570504E-002	1.35556487972535254E-002	3.68100202190352940E-003	1.29540159859431441E-002	7.90510303959462632E-003	-1	5.04891294634851780E-003	-1	OK
66.500000000000000	2.95612993779794386E-002	1.68893762580017912E-002	1.32790390539388910E-002	3.61033720406290712E-003	1.26719231199776492E-002	7.73151062479747377E-003	-1	4.94041249518017544E-003	-1	OK
66.750000000000000	2.89474333787458418E-002	1.65502316256158424E-002	1.30089834841653693E-002	3.54124814145047578E-003	1.23972017531299994E-002	7.56229021536191162E-003	-1	4.83491153776808777E-003	-1	OK
67.000000000000000	2.83483448030309171E-002	1.62189986466134417E-002	1.27453049136658642E-002	3.47369373294757972E-003	1.21293461564174771E-002	7.39732021663038614E-003	-1	4.73202593978709098E-003	-1	OK
67.250000000000000	2.77636292169836443E-002	1.58954696984993579E-002	1.24878323595314141E-002	3.40763733896794381E-003	1.18681595184842847E-002	7.23649011192681844E-003	-1	4.63166940655746623E-003	-1	OK
67.500000000000000	2.71928945169934329E-002	1.55794425110354490E-002	1.22363995295748634E-002	3.34304298146058387E-003	1.16134520059579839E-002	7.07965684867509389E-003	-1	4.53379515728289002E-003	-1	OK
67.750000000000000	2.66287871868086876E-002	1.52707182319185251E-002	1.19908448216208639E-002	3.27987341029766389E-003	1.13580689548901607E-002	6.92672237035413946E-003	-1	4.43134658453602122E-003	-1	OK
68.000000000000000	2.60850589579197031E-002	1.49691041301592276E-002	1.17510114748723710E-002	3.21809265528685915E-003	1.11159548277604756E-002	6.77759145408308311E-003	-1	4.33836337367739244E-003	-1	OK
68.250000000000000	2.55542608792449881E-002	1.46744139916330403E-002	1.15167474114106511E-002	3.15766658022238918E-003	1.08798468876119478E-002	6.63215299985837978E-003	-1	4.24769388775356801E-003	-1	OK
68.500000000000000	2.50359789015640356E-002	1.43864664655682633E-002	1.12879050568297241E-002	3.09856140873854095E-003	1.06495124359957723E-002	6.49027940305026054E-003	-1	4.15923303294551180E-003	-1	OK
68.750000000000000	2.45294407433165676E-002	1.41050841874999500E-002	1.10643409233529503E-002	3.04074326414699838E-003	1.04243565558166194E-002	6.35189198158749285E-003	-1	4.07246457422912652E-003	-1	OK
69.000000000000000	2.40351843874899718E-002	1.38300940444897810E-002	1.08459157410545123E-002	2.98417830343527266E-003	1.02050903430001925E-002	6.21689768293750590E-003	-1	3.98819266006268658E-003	-1	OK
69.250000000000000	2.35524461357932355E-002	1.35613296172773720E-002	1.06324947852162056E-002	2.92883483206116471E-003	9.99111651851586520E-003	6.08520250213228937E-003	-1	3.90591401638357583E-003	-1	OK
69.500000000000000	2.30804355294747868E-002	1.32986307947277893E-002	1.04239475848353219E-002	2.87468320989246523E-003	9.78180473474699920E-003	5.95671055509387152E-003	-1	3.82509417965312768E-003	-1	OK
69.750000000000000	2.26198945266192428E-002	1.30418410341137676E-002	1.02201472420711970E-002	2.82169379204257140E-003	9.57805349250547347E-003	5.83131328709067531E-003	-1	3.74674020541479816E-003	-1	OK
70.000000000000000	2.21699877469138176E-002	1.27908086499662413E-002	1.00209703376155125E-002	2.76983831235073051E-003	9.37917909694757634E-003	5.70894893779496163E-003	-1	3.67023015915261472E-003	-1	OK
70.250000000000000	2.17304377805459005E-002	1.25453883989675788E-002	9.82629732409746534E-003	2.71909107487011345E-003	9.18504938157832171E-003	5.58952604405556566E-003	-1	3.59552333752275605E-003	-1	OK
70.500000000000000	2.13009735247346420E-002	1.23054369293831706E-002	9.63601204066665690E-003	2.66942488871650804E-003	8.99553659535147140E-003	5.47297505492891790E-003	-1	3.52256154042255350E-003	-1	OK
70.750000000000000	2.08813309003966635E-002	1.20708147433233604E-002	9.45000167823422527E-003	2.62081306508913378E-003	8.81051615707330489E-003	5.35921782523869888E-003	-1	3.45129833183460601E-003	-1	OK
71.000000000000000	2.04712640008290689E-002	1.18413862590347196E-002	9.26815662453390685E-003	2.57322963450081106E-003	8.62987774179435098E-003	5.24817138401396412E-003	-1	3.38170635778038686E-003	-1	OK
71.250000000000000	2.00705209503302812E-002	1.16170199701273267E-002	9.09037042449254394E-003	2.52664954563478752E-003	8.45350098020295447E-003	5.13976585329827505E-003	-1	3.31373512690467942E-003	-1	OK
71.500000000000000	1.96788554034336774E-002	1.13975883992992154E-002	8.91653974658188596E-003	2.48104865271732812E-003	8.28126700413446375E-003	5.03393555474652369E-003	-1	3.24733144938794006E-003	-1	OK
71.750000000000000	1.92960248444387708E-002	1.11829675883511580E-002	8.74656420171666948E-003	2.43640338663448546E-003	8.11305725608761109E-003	4.93061029342613342E-003	-1	3.18244696266147768E-003	-1	OK
72.000000000000000	1.89226689011528677E-002	1.09730366593345525E-002	8.58034627526463138E-003	2.39269038406991937E-003	7.94963224181831525E-003	4.82972295245363750E-003	-1	3.11990928936467776E-003	-1	OK
72.250000000000000	1.85568455646165642E-002	1.07676789189805455E-002	8.41779139422412816E-003	2.34988752475641599E-003	7.78916664563601962E-003	4.73120843744468788E-003	-1	3.05795820819133174E-003	-1	OK
72.500000000000000	1.81992043712651715E-002	1.05667803572230129E-002	8.25880753541244350E-003	2.30797282181057070E-003	7.63242401404215769E-003	4.63500366858031129E-003	-1	2.99742034546184640E-003	-1	OK
72.750000000000000	1.78495257131838607E-002	1.03702299822998455E-002	8.10330528597668145E-003	2.26692469632316452E-003	7.47929573088401429E-003	4.54105058014827711E-003	-1	2.93824515073573718E-003	-1	OK
73.000000000000000	1.75076167135897916E-002	1.01779210264487281E-002	7.95119792336965690E-003	2.22672310307907208E-003	7.32969568714106345E-003	4.44928772251605709E-003	-1	2.88040796462500637E-003	-1	OK
73.250000000000000	1.71729242146481734E-002	9.98975082063176603E-003	7.80240125084365882E-003	2.18734956978810895E-003	7.18317339401640560E-003	4.35965596755439038E-003	-1	2.82351742646201522E-003	-1	OK
73.500000000000000	1.68459864731125807E-002	9.80561781907110519E-003	7.65683314135376814E-003	2.14878467771733965E-003	7.04036865404147460E-003	4.27209930735324411E-003	-1	2.76826934668823049E-003	-1	OK
73.750000000000000	1.65262509612893287E-002	9.62542307028165303E-003	7.51441369676860219E-003	2.11100937351305648E-003	6.90082789100767650E-003	4.18656324599053602E-003	-1	2.71426464501714048E-003	-1	OK
74.000000000000000	1.62135334228549685E-002	9.44906991614114997E-003	7.37506516969870050E-003	2.07400474644244730E-003	6.76446350671381941E-003	4.10299337933279617E-003	-1	2.66147012738102325E-003	-1	OK
74.250000000000000	1.59076562805568165E-002	9.27646420410934737E-003	7.23871194366951329E-003	2.03775226043983451E-003	6.63119207644746831E-003	4.02134139375544611E-003	-1	2.60985068269202220E-003	-1	OK
74.500000000000000	1.56084173279628004E-002	9.10751535801767112E-003	7.10528075749050636E-003	2.00223460052716302E-003	6.50090196994512932E-003	3.94155696322982460E-003	-1	2.55934500671530472E-003	-1	OK
74.750000000000000	1.53156878056475154E-002	8.94213540694992377E-003	6.97470032355684225E-003	1.96743508339308065E-003	6.37355239869759251E-003	3.86359270760474683E-003	-1	2.50995969109284569E-003	-1	OK
75.000000000000000	1.50293045699654466E-002	8.78023806028864658E-003	6.84690122743657030E-003	1.93333683285207216E-003	6.24906650967680093E-003	3.78740340537739913E-003	-1	2.46166310429940180E-003	-1	OK
75.250000000000000	1.47491193982354427E-002	8.62174025099386905E-003	6.72181604422141324E-003	1.89992420677245690E-003	6.12737914724157447E-003	3.71295646080325569E-003	-1	2.41442268643831878E-003	-1	OK
75.500000000000000	1.44749805889521736E-002	8.46656025188353457E-003	6.59937907217387609E-003	1.86718117970965719E-003	6.00842033706863905E-003	3.64019284745728186E-003	-1	2.36822748961135719E-003	-1	OK
75.750000000000000	1.42067500834452132E-002	8.31461801365205450E-003	6.47952636407153875E-003	1.83509164958051509E-003	5.89213206979315781E-003	3.56906756835789025E-003	-1	2.32306450143526756E-003	-1	OK
76.000000000000000	1.39442717409387924E-002	8.16583642045199017E-003	6.36219586353527732E-003	1.80364055691671068E-003	5.77843532048680220E-003	3.49953789877628955E-003	-1	2.27889742171051264E-003	-1	OK
76.250000000000000	1.36874076027428994E-002	8.02014229363346570E-003	6.24732742938305559E-003	1.77281486425041098E-003	5.66726530910943455E-003	3.43156448583288544E-003	-1	2.23570082327654912E-003	-1	OK
76.500000000000000	1.34360203528718566E-002	7.87746321816999544E-003	6.13486226856320427E-003	1.74260094960679312E-003	5.55855713470186120E-003	3.36246460746667149E-003	-1	2.19609252723518972E-003	-1	OK
76.750000000000000	1.31899771603026239E-002	7.73772808945445874E-003	6.02474308293196766E-003	1.71298500652248978E-003	5.45224907084816430E-003	3.29753612111617460E-003	-1	2.15471294973198970E-003	-1	OK
77.000000000000000	1.29491457335133148E-002	7.60086746437259146E-003	5.91691405567905393E-003	1.68395340869353688E-003	5.34827826914072331E-003	3.23404799993265912E-003	-1	2.11423026920806419E-003	-1	OK
77.250000000000000	1.27133964244970470E-002	7.46681347827125082E-003	5.81132085034765343E-003	1.65549262792359826E-003	5.24658294622579700E-003	3.17196411020100608E-003	-1	2.07461883602479092E-003	-1	OK
77.500000000000000	1.24826099049871828E-002	7.33549965234511683E-003	5.70791052412403504E-003	1.62758912822108049E-003	5.14711025264206600E-003	3.11124932212228670E-003	-1	2.03586093051977930E-003	-1	OK
77.750000000000000	1.22566666307027741E-002	7.20686236548084141E-003	5.60663172507457064E-003	1.60023064040626948E-003	5.04980426522193358E-003	3.05186949182533222E-003	-1	1.99793477339660136E-003	-1	OK
78.000000000000000	1.20354512925465486E-002	7.08083960006943448E-003	5.50743450871167637E-003	1.57340509135775919E-003	4.95461169247711497E-003	2.99379125901276912E-003	-1	1.96082043346434585E-003	-1	OK
78.250000000000000	1.18188691075772848E-002	6.95737120825241570E-003	5.41027023044255480E-003	1.54710097780986003E-003	4.86149789932486913E-003	2.93698230780739490E-003	-1	1.92451559151747423E-003	-1	OK
78.500000000000000	1.16037513298975804E-002	6.83639872646342288E-003	5.31509156714286401E-003	1.52130715932055995E-003	4.76735260343415842E-003	2.88141146170748513E-003	-1	1.88594114172667329E-003	-1	OK
78.750000000000000	1.13957933386395482E-002	6.71786538776494857E-003	5.22185238716952726E-003	1.49601300059542023E-003	4.67792795087459880E-003	2.82704820887227795E-003	-1	1.85087974200232085E-003	-1	OK
79.000000000000000	1.11924673637420063E-002	6.60171471555235853E-003	5.13050755905716371E-003	1.47120715649519504E-003	4.59075264818964695E-003	2.77386287400793958E-003	-1	1.81688977418170737E-003	-1	OK
79.250000000000000	1.09933362772391026E-002	6.48789140534805284E-003	5.04101311045110356E-003	1.44687829489694732E-003	4.50544487189104975E-003	2.72182419535736946E-003	-1	1.78362067653368029E-003	-1	OK
79.500000000000000	1.07983041506901807E-002	6.37634205754396798E-003	4.95332631886725300E-003	1.42301573867671389E-003	4.42196209314621360E-003	2.67090604386796158E-003	-1	1.75105604927825202E-003	-1	OK
79.750000000000000	1.06072751032057766E-002	6.26701492089461448E-003	4.86740561830212477E-003	1.39960930259248927E-003	4.34026018231116126E-003	2.62108266005941148E-003	-1	1.71917752225174978E-003	-1	OK
80.000000000000000	1.04201540577298669E-002	6.15985985385295032E-003	4.78321056822828689E-003	1.37664928562466105E-003	4.26029420387691662E-003	2.57233027538143364E-003	-1	1.68796392849548298E-003	-1	OK
80.250000000000000	1.02368500320235492E-002	6.05482798028328818E-003	4.70070173706498267E-003	1.35412624321830551E-003	4.18202205174026190E-003	2.52461861301944571E-003	-1	1.65740343872081619E-003	-1	OK
80.500000000000000	1.00572735683925121E-002	5.95187111007179290E-003	4.61984063586304543E-003	1.33203047420874660E-003	4.10540245832071837E-003	2.47792280695486276E-003	-1	1.62747965136585560E-003	-1	OK
80.750000000000000	9.88133906144188570E-003	5.85094232055039139E-003	4.54058976279559431E-003	1.31035255775479816E-003	4.03039674089149518E-003	2.43222796572183618E-003	-1	1.59816877516965900E-003	-1	OK
81.000000000000000	9.70896265218569587E-003	5.75199617032124202E-003	4.46291264650230338E-003	1.28908352381893886E-003	3.95696648186445385E-003	2.38750717184028601E-003	-1	1.56945931002416784E-003	-1	OK
81.250000000000000	9.54006339788384186E-003	5.65498790236339081E-003	4.38677366415180393E-003	1.26821423821158515E-003	3.88507549552045061E-003	2.34373782355164467E-003	-1	1.54133767196880595E-003	-1	OK
81.500000000000000	9.37456100848609378E-003	5.55987440965097050E-003	4.31213821136474176E-003	1.24773619828622961E-003	3.81468659883512284E-003	2.30088926873345300E-003	-1	1.51379733010166984E-003	-1	OK
81.750000000000000	9.21238667007232004E-003	5.46661413424946903E-003	4.23897257343536053E-003	1.22764156081410741E-003	3.74577253582285188E-003	2.25893967073336572E-003	-1	1.48683286508948615E-003	-1	OK
82.000000000000000	9.05345031302959118E-003	5.37516629783630750E-003	4.16724381247312627E-003	1.20792248536318015E-003	3.67828401519328368E-003	2.21786472204972378E-003	-1	1.46041929314355990E-003	-1	OK
82.250000000000000	8.89768018156665216E-003	5.28549034694008636E-003	4.09691971803638477E-003	1.18857062890370094E-003	3.61218983462656667E-003	2.17764529877299698E-003	-1	1.43454453585356969E-003	-1	OK
82.500000000000000	8.74500363426190461E-003	5.19754690450959303E-003	4.02796892999573650E-003	1.16957797451385675E-003	3.54745672975231071E-003	2.13826262130452143E-003	-1	1.40919410844778928E-003	-1	OK
82.750000000000000	8.59535539163294379E-003	5.11129755780824306E-003	3.96036090719638269E-003	1.15093665061186058E-003	3.48405783382470030E-003	2.09969701105390929E-003	-1	1.38436082277079101E-003	-1	OK
83.000000000000000	8.44866690459953121E-003	5.02670556747263075E-003	3.89406598261288856E-003	1.13263958485974154E-003	3.42196133712690045E-003	2.06192929012834853E-003	-1	1.36003204699855192E-003	-1	OK
83.250000000000000	8.30487618079573525E-003	4.94373449066123211E-003	3.82905510941080902E-003	1.11467938125042200E-003	3.36114169013450401E-003	2.02494081415370260E-003	-1	1.33620087598080141E-003	-1	OK
83.500000000000000	8.16391426412925621E-003	4.86234948116223437E-003	3.76530006671030662E-003	1.09704941445192819E-003	3.30156478296702183E-003	1.98871387752268085E-003	-1	1.31285090544434099E-003	-1	OK
83.750000000000000	8.02571752749513777E-003	4.78251626828416453E-003	3.70277328160419300E-003	1.07974298667997109E-003	3.24320125921097368E-003	1.95323243386575415E-003	-1	1.28996882534521953E-003	-1	OK
84.000000000000000	7.89022406328965427E-003	4.70420100870338424E-003	3.64144778729059591E-003	1.06275322141278833E-003	3.18602305458627047E-003	1.91847822714982406E-003	-1	1.26754482743644641E-003	-1	OK
84.250000000000000	7.75737587091640708E-003	4.62737042426433418E-003	3.58129722408646010E-003	1.04607320017787320E-003	3.13000544665207291E-003	1.88443286930475005E-003	-1	1.24557257734732286E-003	-1	OK
84.500000000000000	7.62711255975053945E-003	4.55199205717577576E-003	3.52229590209339211E-003	1.02969615508238343E-003	3.07512050257476369E-003	1.85107786850425920E-003	-1	1.22404263407050449E-003	-1	OK
84.750000000000000	7.49915473859782446E-003	4.47803453534235864E-003	3.46441883567452083E-003	1.01361569966783760E-003	3.02112020325546625E-003	1.81840008285937080E-003	-1	1.20272012039609544E-003	-1	OK
85.000000000000000	7.37389769238644757E-003	4.40546731071410000E-003	3.40764165140892755E-003	9.97825659305172884E-004	2.96843038167234801E-003	1.78638395450448099E-003	-1	1.18204642716786702E-003	-1	OK
85.250000000000000	7.25105689883530791E-003	4.33426108197426663E-003	3.35194064736039693E-003	9.82320434613869701E-004	2.91679581686104129E-003	1.75501433666751358E-003	-1	1.16178148019352770E-003	-1	OK
85.500000000000000	7.13058026243560718E-003	4.26438720043504586E-003	3.29729267599352662E-003	9.67094524441520207E-004	2.86619306200056089E-003	1.72427714019793743E-003	-1	1.14191592180262346E-003	-1	OK
85.750000000000000	7.01241915990319029E-003	4.19581731699180012E-003	3.24367507786368003E-003	9.52142239128119005E-004	2.81660184291139060E-003	1.69415785320091721E-003	-1	1.12244398971047339E-003	-1	OK
86.000000000000000	6.89632925300024888E-003	4.12852338388353373E-003	3.19106568126479532E-003	9.37457702618737869E-004	2.76780586911671471E-003	1.66463488553577851E-003	-1	1.10317098358093620E-003	-1	OK
86.250000000000000	6.78264675914221245E-003	4.06247811285256888E-003	3.13944287294780225E-003	9.23035239904767711E-004	2.72016864628964357E-003	1.63569627328113390E-003	-1	1.08447237300850967E-003	-1	OK
86.500000000000000	6.67113109621348798E-003	3.99765505694435214E-003	3.08878558832508974E-003	9.08869468619260667E-004	2.67347603926913584E-003	1.60733452633627315E-003	-1	1.06614151293286268E-003	-1	OK
86.750000000000000	6.56173305236645420E-003	3.93402840099333316E-003	3.03907328816014483E-003	8.94955112833189636E-004	2.62770465137312104E-003	1.57953667334692930E-003	-1	1.04816797802619174E-003	-1	OK
87.000000000000000	6.45440644511682815E-003	3.87157312750641223E-003	2.99028594367915139E-003	8.81287183827261051E-004	2.58283331761041636E-003	1.55229043777013699E-003	-1	1.03054287984027937E-003	-1	OK
87.250000000000000	6.34910496181629279E-003	3.81026472012415502E-003	2.94240401634006127E-003	8.67860703784094074E-004	2.53884024169213776E-003	1.52558300680731389E-003	-1	1.01325723488482388E-003	-1	OK
87.500000000000000	6.24578761557203956E-003	3.75007974540302307E-003	2.89540847756560417E-003	8.54671267837418249E-004	2.49570787016901649E-003	1.49940227629047590E-003	-1	9.96305593878540592E-004	-1	OK
87.750000000000000	6.14441202255746124E-003	3.69099469385437105E-003	2.84928062292724498E-003	8.41714070927125310E-004	2.45341732870308976E-003	1.47373667959072767E-003	-1	9.79680649112362086E-004	-1	OK
88.000000000000000	6.04493605019521332E-003	3.63298643625381903E-003	2.80400217204373895E-003	8.28984264210080846E-004	2.41194961394139429E-003	1.44857470391534572E-003	-1	9.63374910026048572E-004	-1	OK
88.250000000000000	5.94731888107404190E-003	3.57603227642684304E-003	2.75955526108490664E-003	8.16477015341935753E-004	2.37128660464719929E-003	1.42390157265307360E-003	-1	9.47385031994125689E-004	-1	OK
88.500000000000000	5.85138486268591169E-003	3.52011017526142247E-003	2.71592249491975878E-003	8.04187680341664126E-004	2.33127468742448879E-003	1.39970978690811361E-003	-1	9.31564900516375187E-004	-1	OK
88.750000000000000	5.75736948163456906E-003	3.46519904994058246E-003	2.67308695507088943E-003	7.92112094869692595E-004	2.29217043169398617E-003	1.37599307817042049E-003	-1	9.16177353523565680E-004	-1	OK
89.000000000000000	5.66509745380550187E-003	3.41127834838948589E-003	2.63103212539238024E-003	7.80246222997106847E-004	2.25381910541601598E-003	1.35273793820267301E-003	-1	9.01081167213342972E-004	-1	OK
89.250000000000000	5.57453178107590770E-003	3.35832772110178932E-003	2.58974181626623647E-003	7.68585904835552094E-004	2.21620405997411882E-003	1.32993725246244462E-003	-1	8.86266807511674201E-004	-1	OK
89.500000000000000	5.48563684773539437E-003	3.30632726122633263E-003	2.54920022449670785E-003	7.57127036729625218E-004	2.17930958650906174E-003	1.30757560316591094E-003	-1	8.71733983343150800E-004	-1	OK
89.750000000000000	5.39835305946231424E-003	3.25525751793442246E-003	2.50939189249061887E-003	7.45865625443804239E-004	2.14309554152789178E-003	1.28564502037429381E-003	-1	8.57450521153597977E-004	-1	OK
90.000000000000000	5.31269597265373022E-003	3.20509948022650124E-003	2.47030175994671607E-003	7.34797720279784742E-004	2.10759649242722898E-003	1.26413422046664763E-003	-1	8.43462271960581343E-004	-1	OK
90.250000000000000	5.22860651833683982E-003	3.15583467711107093E-003	2.43191509930465281E-003	7.23919577806418006E-004	2.07277184122576889E-003	1.24302906294779421E-003	-1	8.29742778277974685E-004	-1	OK
90.500000000000000	5.14605186731283831E-003	3.10744505672427840E-003	2.39421753902634062E-003	7.13227517697937450E-004	2.03860681058855991E-003	1.22232346367836739E-003	-1	8.16283346910192525E-004	-1	OK
90.750000000000000	5.06500104188695698E-003	3.05991323850161694E-003	2.35719507199314308E-003	7.02718166508474722E-004	2.00508780338534047E-003	1.20201296364780340E-003	-1	8.03074839737537077E-004	-1	OK
91.000000000000000	4.98542296796821230E-003	3.01322197233022063E-003	2.32083395709161040E-003	6.92388015238610123E-004	1.97220099563799210E-003	1.18208742417618990E-003	-1	7.90113571461802198E-004	-1	OK
91.250000000000000	4.90728711394329293E-003	2.96735424887877106E-003	2.28512074013575896E-003	6.82233508743013617E-004	1.93993286506452165E-003	1.16253889561688151E-003	-1	7.77393969447640141E-004	-1	OK
91.500000000000000	4.83056363579060372E-003	2.92229354991816251E-003	2.25004228995339403E-003	6.72251259964769450E-004	1.90827008587244121E-003	1.14336075599834699E-003	-1	7.64909329874094218E-004	-1	OK
91.750000000000000	4.75522503329779862E-003	2.87802368627262245E-003	2.21558577305660869E-003	6.62437913216013322E-004	1.87720134702517639E-003	1.12454649355036630E-003	-1	7.52654853474810093E-004	-1	OK
92.000000000000000	4.68124211826756020E-003	2.83452869430512490E-003	2.18173861507181066E-003	6.52790079233313259E-004	1.84671342396243508E-003	1.10608841093749028E-003	-1	7.40625013024944802E-004	-1	OK
92.250000000000000	4.60858674539852114E-003	2.79179307255447836E-003	2.14848857898280272E-003	6.43304493571676076E-004	1.81679367284404278E-003	1.08797794136702270E-003	-1	7.28815731477020076E-004	-1	OK
92.500000000000000	4.53723168821641362E-003	2.74980191594300597E-003	2.11582370643693084E-003	6.33978209506074267E-004	1.78742977227340743E-003	1.07020778550814236E-003	-1	7.17221986765265076E-004	-1	OK
92.750000000000000	4.46715033628872042E-003	2.70854040494238404E-003	2.08373229377881034E-003	6.24808111163574031E-004	1.75860993134633594E-003	1.05277105176965332E-003	-1	7.05838879576682621E-004	-1	OK
93.000000000000000	4.39831725966394194E-003	2.66799422635967572E-003	2.05220293141970952E-003	6.15791294939965978E-004	1.73032303330426665E-003	1.03565976479354205E-003	-1	6.94663268510724600E-004	-1	OK
93.250000000000000	4.33070712177209376E-003	2.62814929310965437E-003	2.02122444642233211E-003	6.06924846687321171E-004	1.70255782866243939E-003	1.01886705696843096E-003	-1	6.83690771694008426E-004	-1	OK
93.500000000000000	4.26429561783608392E-003	2.58899205888454831E-003	1.99078593617417303E-003	5.98206122710374737E-004	1.67530355895153561E-003	1.00238623010712679E-003	-1	6.72917328844408824E-004	-1	OK
93.750000000000000	4.19905895985739006E-003	2.55050914620193539E-003	1.96087671668964151E-003	5.89632429512293660E-004	1.64854981365545488E-003	9.86210740216891422E-004	-1	6.62339073438563460E-004	-1	OK
94.000000000000000	4.13488142779356270E-003	2.51268731312133918E-003	1.93148631201931712E-003	5.81201001102021626E-004	1.62219411467222330E-003	9.70334194704535694E-004	-1	6.51859919967687608E-004	-1	OK
94.250000000000000	4.07192505489822540E-003	2.47551351873490522E-003	1.90260446970402113E-003	5.72909049030884306E-004	1.59641153616332018E-003	9.54750355449763568E-004	-1	6.41661180713556608E-004	-1	OK
94.500000000000000	4.01007385519534278E-003	2.43897497808994237E-003	1.87422116802308646E-003	5.64753810066855912E-004	1.57109887710540062E-003	9.39452954822553939E-004	-1	6.31645922282846680E-004	-1	OK
94.750000000000000	3.94930596423067118E-003	2.40305951360522728E-003	1.84632665089233127E-003	5.56732862712895800E-004	1.54624645062544390E-003	9.24436928324100802E-004	-1	6.21809522301343095E-004	-1	OK
95.000000000000000	3.88959982064201928E-003	2.36775500725468690E-003	1.81891134347126259E-003	5.48843663783424741E-004	1.52184481338733259E-003	9.09695743198185580E-004	-1	6.12149070189147012E-004	-1	OK
95.250000000000000	3.83093287169147855E-003	2.33304972124638230E-003	1.79196590396337200E-003	5.41083817283010619E-004	1.49788315044509625E-003	8.95224376524794653E-004	-1	6.02658773920301599E-004	-1	OK
95.500000000000000	3.77328155558036499E-003	2.29893203370511081E-003	1.76548116644770973E-003	5.33450867257401077E-004	1.47434952187525418E-003	8.81016591307743962E-004	-1	5.93332930567510219E-004	-1	OK
95.750000000000000	3.71663121376080915E-003	2.26539058311973820E-003	1.73944816871647503E-003	5.25942414403262953E-004	1.45124063064107117E-003	8.67066974680102249E-004	-1	5.84173655960968925E-004	-1	OK
96.000000000000000	3.66096151439336114E-003	2.23241434458473905E-003	1.71385816488923742E-003	5.18556179695500979E-004	1.42854716980862209E-003	8.53370289010524819E-004	-1	5.75176880798097269E-004	-1	OK
96.250000000000000	3.60625210190676114E-003	2.19999249137314140E-003	1.68870257329669900E-003	5.11289918076443268E-004	1.40625961053361974E-003	8.39921441599804125E-004	-1	5.66338168933815610E-004	-1	OK
96.500000000000000	3.55248442934237574E-003	2.16811433070700351E-003	1.66397300815259602E-003	5.04141322554407714E-004	1.38437009863537201E-003	8.26715232160744515E-004	-1	5.57654866474627492E-004	-1	OK
96.750000000000000	3.49964005158340859E-003	2.13676947111825135E-003	1.63966126404606447E-003	4.97108207072187425E-004	1.36287058046515724E-003	8.13746715388712419E-004	-1	5.49123865076444825E-004	-1	OK
97.000000000000000	3.44770082053724031E-003	2.10594765940494595E-003	1.61575931175274171E-003	4.90188347652203917E-004	1.34175316113229457E-003	8.01011054937850620E-004	-1	5.40742106194443952E-004	-1	OK
97.250000000000000	3.39664871687837388E-003	2.07563920243367117E-003	1.59225933867278985E-003	4.83379863760880889E-004	1.32100951444470249E-003	7.88503656363660332E-004	-1	5.32505858081042159E-004	-1	OK
97.500000000000000	3.34637810862967091E-003	2.04583433055392176E-003	1.56915364060030349E-003	4.76680689953617889E-004	1.30054377807574937E-003	7.76220192300255464E-004	-1	5.24323585775493908E-004	-1	OK
97.750000000000000	3.29705209903007231E-003	2.01652342542259395E-003	1.54643468824702812E-003	4.70088737175565670E-004	1.28052867360747835E-003	7.64155669563344742E-004	-1	5.16373004044133610E-004	-1	OK
98.000000000000000	3.24856384447971911E-003	1.98769719193719668E-003	1.52409511941626837E-003	4.63602072520927872E-004	1.26086665254252265E-003	7.52305742153144916E-004	-1	5.08560910389377731E-004	-1	OK
98.250000000000000	3.20089741805821160E-003	1.95934636868854567E-003	1.50212772088471305E-003	4.57218647803831965E-004	1.24155104936966593E-003	7.40666102255707116E-004	-1	5.00884947113958818E-004	-1	OK
98.500000000000000	3.15403650884882401E-003	1.93146212238954089E-003	1.48052546834478971E-003	4.50936654044751335E-004	1.22257438645928312E-003	7.29232537290121696E-004	-1	4.93341849169161425E-004	-1	OK
98.750000000000000	3.10796560372940227E-003	1.90403566716229686E-003	1.45928145704232975E-003	4.44754210119965919E-004	1.20392993656710519E-003	7.18000927304943875E-004	-1	4.85929009262161312E-004	-1	OK
99.000000000000000	3.06266975587262107E-003	1.87705858530821880E-003	1.43838897608400255E-003	4.38669609224216035E-004	1.18561117056440249E-003	7.06967214784582883E-004	-1	4.78643955779819606E-004	-1	OK
99.250000000000000	3.01813436633126004E-003	1.85052268751273322E-003	1.41784143531791733E-003	4.32681252194816164E-004	1.16761167881852704E-003	6.96127375936548111E-004	-1	4.71484302881978925E-004	-1	OK
99.500000000000000	2.97434481171358943E-003	1.82441971309995417E-003	1.39763236019551729E-003	4.26787352904436934E-004	1.14992509861363526E-003	6.85477721474397894E-004	-1	4.64447377139237368E-004	-1	OK
99.750000000000000	2.93138786113977378E-003	1.79874167914987389E-003	1.37775542308415347E-003	4.20986256065719881E-004	1.13264618198989989E-003	6.75014512062340919E-004	-1	4.57631669927558967E-004	-1	OK
100.00000000000000	2.88904556131889829E-003	1.77348063195929308E-003	1.35820440987841724E-003	4.15276222080875783E-004	1.11556492935960521E-003	6.64734436971563909E-004	-1	4.50830492388041302E-004	-1	OK
