#pt	totcs	totdirect	directLO	directNLO	totfrag	fragLO	err_fragLO	fragNLO	err_fragNLO	errmess
0.50000000000000000	-162505887.16318142	-232597152.46293914	8028204.3332658261	-240625356.79620495	70091265.299757719	48647105.760488622	-1	21444159.539269097	-1	Error
0.75000000000000000	25835600.742211681	-4386980.4564358853	837000.57632481318	-5223981.0327606909	30222581.198647566	8865223.4097941760	-1	21357357.788853392	-1	Error
1.0000000000000000	11816134.907040980	305684.39400338288	199775.01102696435	105909.38297641846	11510450.513037598	2629536.7496204255	-1	8880913.7634171732	-1	Error
1.2500000000000000	5425869.3864051858	316405.31513444427	68962.123687816667	247443.19144662775	5109464.0712707415	1016119.2760084706	-1	4093344.7952622711	-1	Error
1.5000000000000000	2903287.0206568674	205134.16163667978	42098.309681209968	163035.85195546990	2698152.8590201875	531783.63185006590	-1	2166369.2271701219	-1	Error
1.7500000000000000	1783250.3227384253	154191.32068386476	42981.396123645507	111209.92456021924	1629059.0020545605	406143.71441009111	-1	1222915.2876444694	-1	Error
2.0000000000000000	1078864.9851325070	112103.18112854246	36966.606719939969	75136.574408602464	966761.80400396453	284651.35263433115	-1	682110.45136963343	-1	Error
2.2500000000000000	661254.16235961381	81096.469289249362	29871.396376050147	51225.072913199212	580157.69307036442	193952.75995898500	-1	386204.93311137939	-1	Error
2.5000000000000000	419914.23081021197	59058.503734333295	23569.238701329752	35489.265033003547	360855.72707587865	132785.30551559251	-1	228070.42156028614	-1	Error
2.7500000000000000	276610.02972375689	43503.662973066646	18464.083764887662	25039.579208178980	233106.36675069024	92362.218382664825	-1	140744.14836802543	-1	Error
3.0000000000000000	185879.50318441069	32460.543175089253	14470.793110681499	17989.750064407748	153418.96000932142	65258.131108480105	-1	88160.828900841327	-1	Error
3.2500000000000000	129444.59373555274	24544.743357288629	11393.037381791857	13151.705975496765	104899.85037826412	46892.839840368368	-1	58007.010537895752	-1	Error
3.5000000000000000	91849.675264333666	18799.450687570388	9027.4633659637529	9771.9873216066389	73050.224576763285	34290.544455056130	-1	38759.680121707155	-1	Error
3.7500000000000000	66558.399892237707	14575.911883292545	7205.3010018538398	7370.6108814387053	51982.488008945162	25596.828523311935	-1	26385.659485633227	-1	Error
4.0000000000000000	49294.084758497185	11435.166700165697	5797.0906596497271	5638.0760405159663	37858.918058331488	19292.359689269470	-1	18566.558369062019	-1	OK
4.2500000000000000	37191.392023663881	9063.7931982380069	4697.4062560446127	4366.3869421933914	28127.598825425874	14731.876176901480	-1	13395.722648524394	-1	OK
4.5000000000000000	28434.628219298556	7249.3391206287670	3830.6394629421438	3418.6996576866213	21185.289098669789	11351.308057881915	-1	9833.9810407878740	-1	OK
4.7500000000000000	22011.083633476577	5846.6539060316154	3143.0272686369763	2703.6266373946387	16164.429727444964	8856.8673775711995	-1	7307.5623498737641	-1	OK
5.0000000000000000	17239.686321795933	4753.9298524790156	2595.3100429033611	2158.6198095756540	12485.756469316915	6987.3143283985291	-1	5498.4421409183860	-1	OK
5.2500000000000000	13653.842548252538	3895.7455152757711	2156.6703506177728	1739.0751646579990	9758.0970329767679	5574.4749148021847	-1	4183.6221181745832	-1	OK
5.5000000000000000	10925.364154795559	3216.3200562223783	1803.3202615904356	1412.9997946319436	7709.0440985731811	4483.6781642145406	-1	3225.3659343586405	-1	OK
5.7500000000000000	8831.6295051897141	2674.1905973683706	1516.9471574823472	1157.2434398860244	6157.4389078213444	3636.6993144813591	-1	2520.7395933399853	-1	OK
6.0000000000000000	7202.5577493291476	2238.2651910680561	1283.3963915516420	954.86879951641390	4964.2925582610915	2974.5314310892318	-1	1989.7611271718597	-1	OK
6.2500000000000000	5921.1336433446795	1884.8386686400440	1091.5521547283811	793.28651391166363	4036.2949747046350	2449.7220797025552	-1	1586.5728950020798	-1	OK
6.5000000000000000	4906.3374533244087	1596.2234596345804	932.98362786579935	663.23983176878141	3310.1139936898280	2030.9967845765398	-1	1279.1172091132883	-1	OK
6.7500000000000000	4092.1998543269174	1358.9700937425780	801.16742278090362	557.80267096167461	2733.2297605843396	1690.8210889364429	-1	1042.4086716478967	-1	OK
7.0000000000000000	3430.1953198497117	1162.7268633287999	690.99753676821058	471.72932656058856	2267.4684565209118	1419.2862805997829	-1	848.18217592112887	-1	OK
7.2500000000000000	2894.3511738170400	999.46021556703863	598.44920584034992	401.01100972668877	1894.8909582500012	1197.4461720024553	-1	697.44478624754584	-1	OK
7.5000000000000000	2454.6921589792628	862.88665177210987	520.32875772148702	342.55789405062262	1591.8055072071527	1015.7112593417083	-1	576.09424786544434	-1	OK
7.7500000000000000	2092.3865055846941	748.05457029515276	454.08572044517115	293.96884984998144	1344.3319352895414	865.88167206701871	-1	478.45026322252272	-1	OK
8.0000000000000000	1792.8233375631526	651.03745159844414	397.67297308821935	253.36447851022453	1141.7858859647085	741.47045412284047	-1	400.31543184186808	-1	OK
8.2500000000000000	1543.7400904154156	568.70193188278313	349.43864655965569	219.26328532312735	975.03815853263256	637.70040052728223	-1	337.33775800535034	-1	OK
8.5000000000000000	1335.1051834704583	498.52148034240611	308.03469155253418	190.48678878987181	836.58370312805221	550.81669404830961	-1	285.76700907974259	-1	OK
8.7500000000000000	1160.0242865491521	438.45422834664595	272.36056024602487	166.09366810062093	721.57005820250617	477.58794439175500	-1	243.98211381075117	-1	OK
9.0000000000000000	1011.8746711806652	386.84133540972402	241.51365658723668	145.32767882248731	625.03333577094122	415.62582309913182	-1	209.40751267180940	-1	OK
9.2500000000000000	884.83520097352039	342.32775826459772	214.75012683577174	127.57763142882604	542.50744270892267	362.96440113999722	-1	179.54304156892545	-1	OK
9.5000000000000000	777.07250085570377	303.80112567266315	191.45417987466655	112.34694579799661	473.27137518304062	318.01117495927724	-1	155.26020022376338	-1	OK
9.7500000000000000	684.36120127679953	270.34381344527009	171.11378937786301	99.230024067407072	414.01738783152945	279.50251684025903	-1	134.51487099127041	-1	OK
10.000000000000000	604.57286368859252	241.19553190741524	153.30149212552644	87.894039781888779	363.37733178117725	246.40929834336222	-1	116.96803343781502	-1	OK
10.250000000000000	535.63013990299089	215.72346923640202	137.65895771567872	78.064511520723300	319.90667066658887	217.86168572305417	-1	102.04498494353470	-1	OK
10.500000000000000	475.84824844495131	193.39892473925480	123.88472103195701	69.514203707297767	282.44932370569649	193.14444934698076	-1	89.304874358715722	-1	OK
10.750000000000000	423.71355728476647	173.77813774098513	111.72415264572955	62.053985095255491	249.93541954378136	171.67444604154568	-1	78.260973502235686	-1	OK
11.000000000000000	378.22866456439283	156.48785591519172	100.96174378415944	55.526112131032235	221.74080864920109	152.95932669748845	-1	68.781481951712635	-1	OK
11.250000000000000	338.57667560226491	141.21211985256795	91.414014689713326	49.798105162854640	197.36455574969696	136.59895784166159	-1	60.765597908035375	-1	OK
11.500000000000000	303.74971451734041	127.68294902558871	82.924359677423951	44.758589348164776	176.06676549175171	122.66629413548705	-1	53.400471356264660	-1	OK
11.750000000000000	273.10373740256148	115.67217308694190	75.358769934765533	40.313403152176392	157.43156431561960	110.02116439487295	-1	47.410399920746642	-1	OK
12.000000000000000	246.08012587954011	104.98512445634329	68.602288801277766	36.382835655065520	141.09500142319681	98.894250215132132	-1	42.200751208064673	-1	OK
12.250000000000000	222.20016088979293	95.455068276359427	62.555989104475216	32.899079171884210	126.74509261343348	89.081229835968770	-1	37.663862777464715	-1	OK
12.500000000000000	201.04224804588659	86.938838259261843	57.134516304478936	29.804321954782925	114.10340978662474	80.398601300283246	-1	33.704808486341491	-1	OK
12.750000000000000	182.23721384999124	79.313136371945802	52.264025549826485	27.049110822119324	102.92407747804543	72.696070167996737	-1	30.228007310048696	-1	OK
13.000000000000000	165.39534234783844	72.471491852062996	47.880467935424221	24.591023916638768	92.923850495775440	65.841660705744459	-1	27.082189790030981	-1	OK
13.250000000000000	150.32355121774992	66.321722606403057	43.928152379449081	22.393570226953958	84.001828611346852	59.732656447636160	-1	24.269172163710692	-1	OK
13.500000000000000	136.97600175131993	60.783802723262042	40.358533649310935	20.425269073951100	76.192199028057900	54.282907349986736	-1	21.909291678071163	-1	OK
13.750000000000000	124.96296467011484	55.788092405526825	37.129207688367792	18.658884717159040	69.174872264588018	49.407563596586186	-1	19.767308668001832	-1	OK
14.000000000000000	114.22752663304908	51.273865041677666	34.203044239221384	17.070820802456289	62.953661591371414	45.041453529852674	-1	17.912208061518740	-1	OK
14.250000000000000	104.57802453529369	47.188006731967455	31.547464785161342	15.640541946806103	57.390017803326238	41.122668534962727	-1	16.267349268363510	-1	OK
14.500000000000000	95.889288223507435	43.484014594076221	29.133827867642811	14.350186726433407	52.405273629431221	37.599496464308380	-1	14.805777165122841	-1	OK
14.750000000000000	88.043873045893633	40.121038927418724	26.936894950979138	13.184143976439580	47.922834118474917	34.426688881930701	-1	13.496145236544216	-1	OK
15.000000000000000	80.953362591445710	37.063148063781476	24.934389529053551	12.128758534727925	43.890214527664227	31.581953455597635	-1	12.308261072066593	-1	OK
15.250000000000000	74.489300862390053	34.278660205599024	23.106604352441572	11.172055853157445	40.210640656791021	28.994507583535082	-1	11.216133073255939	-1	OK
15.500000000000000	68.669956327588807	31.739570202763066	21.436069179697288	10.303501023065776	36.930386124825738	26.655456324831256	-1	10.274929799994482	-1	OK
15.750000000000000	63.381249812455437	29.421121725514272	19.907286864591111	9.5138348609231507	33.960128086941161	24.535756519552638	-1	9.4243715673885227	-1	OK
16.000000000000000	58.570310848643636	27.301350070386118	18.506474422561123	8.7948756478249948	31.268960778257519	22.611867570210261	-1	8.6570932080472573	-1	OK
16.250000000000000	54.188088323345227	25.360758673762124	17.221359892466655	8.1393987812954709	28.827329649583103	20.862588779417869	-1	7.9647408701652331	-1	OK
16.500000000000000	50.188522916955449	23.582004900649487	16.040994532501589	7.5410103681479015	26.606518016305962	19.270314507301915	-1	7.3362035090040472	-1	OK
16.750000000000000	46.534877428530990	21.949621266773793	14.955592570529666	6.9940286962441256	24.585256161757194	17.820013775488775	-1	6.7652423862684188	-1	OK
17.000000000000000	43.164560891011988	20.449818462223895	13.956400963846997	6.4934174983768989	22.714742428788089	16.496600544898566	-1	6.2181418838895226	-1	OK
17.250000000000000	40.102293572331206	19.070258471024857	13.035570723785428	6.0346877472394329	21.032035101306345	15.287208590953036	-1	5.7448265103533096	-1	OK
17.500000000000000	37.291467574899315	17.799894412786415	12.186058656735225	5.6138357560511896	19.491573162112903	14.180892534254843	-1	5.3106806278580603	-1	OK
17.750000000000000	34.644575681665728	16.628832915864074	11.401535673782154	5.2272972420819217	18.015742765801658	13.167793323821368	-1	4.8479494419802904	-1	OK
18.000000000000000	32.283461286020838	15.548173162995809	10.676300665603048	4.8718724973927579	16.735288123025033	12.238629253281056	-1	4.4966588697439764	-1	OK
18.250000000000000	30.111453949796747	14.549917493965216	10.005217955628659	4.5446995383365572	15.561536455831533	11.385167746869332	-1	4.1763687089622010	-1	OK
18.500000000000000	28.109820625462341	13.626871524239631	9.3836538938921024	4.2432176303475346	14.482949101222710	10.601031649777498	-1	3.8819174514452115	-1	OK
18.750000000000000	26.263015635803917	12.772538170517723	8.8074183602771665	3.9651198102405569	13.490477465286192	9.8794653950597375	-1	3.6110120702264545	-1	OK
19.000000000000000	24.558449109940351	11.981054100886988	8.2727217957490033	3.7083323051379793	12.577395009053363	9.2145914007833767	-1	3.3628036082699868	-1	OK
19.250000000000000	22.983007046588014	11.247125191013160	7.7761323120084551	3.4709928790047053	11.735881855574855	8.6015661616189742	-1	3.1343156939558803	-1	OK
19.500000000000000	21.525439279281301	10.565950594607083	7.3145349045218255	3.2514156900852629	10.959488684674220	8.0359959663388629	-1	2.9234927183353570	-1	OK
19.750000000000000	20.176120330558867	9.9331833398048133	6.8851028244245418	3.0480805153802688	10.242936990754052	7.5137584985871255	-1	2.7291784921669260	-1	OK
20.000000000000000	18.927354865837366	9.3448852129125655	6.4852675336134329	2.8596176792991352	9.5824696529247984	7.0309348591183900	-1	2.5515347938064084	-1	OK
20.250000000000000	17.766958656562025	8.7974721335665240	6.1126892408709690	2.6847828926955546	8.9694865229954992	6.5842288227284564	-1	2.3852577002670428	-1	OK
20.500000000000000	16.690050201775144	8.2876863071605626	5.7652372252084234	2.5224490819521388	8.4023638946145809	6.1580021034771386	-1	2.2443617911374423	-1	OK
20.750000000000000	15.690247644467451	7.8125662616119484	5.4409694844504397	2.3715967771615092	7.8776813828555019	5.7748977262873309	-1	2.1027836565681710	-1	OK
21.000000000000000	14.759773446230598	7.3694085153746647	5.1381112746026911	2.2312972407719731	7.3903649308559336	5.4194569064767339	-1	1.9709080243791997	-1	OK
21.250000000000000	13.893818416445864	6.9557471358103315	4.8550413001064374	2.1007058357038959	6.9380712806355334	5.0893957671428867	-1	1.8486755134926467	-1	OK
21.500000000000000	13.086803739838070	6.5693323966218093	4.5902774093901666	1.9790549872316421	6.5174713432162603	4.7826779291352191	-1	1.7347934140810413	-1	OK
21.750000000000000	12.334725641314034	6.2081076244409648	4.3424619674030325	1.8656456570379312	6.1266180168730688	4.4973717639839004	-1	1.6292462528891685	-1	OK
22.000000000000000	11.632995373288109	5.8701888161002067	4.1103500182416264	1.7598387978585808	5.7628065571879024	4.2318151460625426	-1	1.5309914111253597	-1	OK
22.250000000000000	10.977923748110985	5.5538474992471141	3.8927975355864972	1.6610499636606175	5.4240762488638712	3.9842680131194195	-1	1.4398082357444517	-1	OK
22.500000000000000	10.363297938100779	5.2575043804004871	3.6887568552245593	1.5687475251759302	5.1057935577002906	3.7534168012116504	-1	1.3523767564886402	-1	OK
22.750000000000000	9.7914118110186941	4.9797092819629238	3.4972651268525690	1.4824441551103551	4.8117025290557693	3.5380705132593162	-1	1.2736320157964531	-1	OK
23.000000000000000	9.2564934559619587	4.7191306783960005	3.3174371387516794	1.4016935396443182	4.5373627775659582	3.3371484499326010	-1	1.2002143276333572	-1	OK
23.250000000000000	8.7558250684744490	4.4745460107710961	3.1484584246957836	1.3260875860753139	4.2812790577033528	3.1494189712838825	-1	1.1318600864194703	-1	OK
23.500000000000000	8.2868495983505550	4.2448298710879477	2.9895783057472056	1.2552515653407403	4.0420197272626073	2.9739487340764064	-1	1.0680709931862009	-1	OK
23.750000000000000	7.8471252023401092	4.0289453315382460	2.8401043612953010	1.1888409702429437	3.8181798708018637	2.8098277860051870	-1	1.0083520847966767	-1	OK
24.000000000000000	7.4347105002374168	3.8259379032472034	2.6993981195883170	1.1265397836588853	3.6087725969902138	2.6561963451096591	-1	0.95257625188055473	-1	OK
24.250000000000000	7.0476542689792563	3.6349272533491530	2.5668698681838484	1.0680573851653030	3.4127270156301033	2.5124040046667497	-1	0.90032301096335354	-1	OK
24.500000000000000	6.6840310589830043	3.4551002025110815	2.4419743127078575	1.0131258898032232	3.2289308564719224	2.3776719254844076	-1	0.85125893098751471	-1	OK
24.750000000000000	6.3424306371006978	3.2857065745456131	2.3242074384528468	0.96149913609276616	3.0567240625550847	2.2513282007629023	-1	0.80539586179218237	-1	OK
25.000000000000000	6.0212919704312844	3.1260519872551060	2.2131025361898620	0.91294945106524450	2.8952399831761784	2.1327713744341579	-1	0.76246860874202049	-1	OK
25.250000000000000	5.7192071359609198	2.9754949263705770	2.1082275677783655	0.86726735859221105	2.7437122095903432	2.0214515659079577	-1	0.72226064368238552	-1	OK
25.500000000000000	5.4351043834545143	2.8334411618586390	2.0091818206526404	0.82425934120599920	2.6016632215958753	1.9168628622148405	-1	0.68480035938103478	-1	OK
25.750000000000000	5.1657667980091464	2.6993396945142498	1.9155936396975057	0.78374605481674398	2.4664271034948966	1.8185555754539093	-1	0.64787152804098724	-1	OK
26.000000000000000	4.9133618837856048	2.5726798720882176	1.8271181226727571	0.74556174941546072	2.3406820116973868	1.7261016267844771	-1	0.61458038491290967	-1	OK
26.250000000000000	4.6756466217801647	2.4529885786183714	1.7434350494765491	0.70955352914182146	2.2226580431617933	1.6390952362057076	-1	0.58356280695608564	-1	OK
26.500000000000000	4.4513762858980206	2.3398261172695634	1.6642466166837693	0.67557950058579364	2.1115501686284572	1.5572014155990828	-1	0.55434875302937447	-1	OK
26.750000000000000	4.2396843569728944	2.2327839015832236	1.5892759291745797	0.64350797240864344	2.0069004553896712	1.4801063853164844	-1	0.52679407007318679	-1	OK
27.000000000000000	4.0397789621719769	2.1314825840231437	1.5182654565871534	0.61321712743599022	1.9082963781488331	1.4074432127495717	-1	0.50085316539926139	-1	OK
27.250000000000000	3.8492911785597945	2.0355691549721726	1.4509752758021845	0.58459387916998828	1.8137220235876221	1.3389345527492786	-1	0.47478747083834349	-1	OK
27.500000000000000	3.6708017101486892	1.9447148894396251	1.3871818406431351	0.55753304879648957	1.7260868207090643	1.2742909247486531	-1	0.45179589596041114	-1	OK
27.750000000000000	3.5019813649839957	1.8586141409161361	1.3266768263254347	0.53193731459070148	1.6433672240678594	1.2132698784598659	-1	0.43009734560799351	-1	OK
28.000000000000000	3.3422023779715810	1.7769817149801197	1.2692658433338815	0.50771587164623855	1.5652206629914613	1.1556320750531117	-1	0.40958858793834962	-1	OK
28.250000000000000	3.1909618338290109	1.6995515660355607	1.2147674524935128	0.48478411354204842	1.4914102677934500	1.1011729282974096	-1	0.39023733949604034	-1	OK
28.500000000000000	3.0477407835737553	1.6260759068474202	1.1630122492475525	0.46306365759986789	1.4216648767263353	1.0471169724642100	-1	0.37454790426212536	-1	OK
28.750000000000000	2.9120397420221313	1.5563231829205058	1.1138418781171529	0.44248130480335268	1.3557165591016256	0.99855524315112587	-1	0.35716131595049971	-1	OK
29.000000000000000	2.7834031365050578	1.4900772618201801	1.0671083468262710	0.42296891499390921	1.2933258746848779	0.95259738826137275	-1	0.34072848642350517	-1	OK
29.250000000000000	2.6614082418765053	1.4271357929811437	1.0226731298581100	0.40446266312303364	1.2342724488953614	0.90910437382638909	-1	0.32516807506897227	-1	OK
29.500000000000000	2.5456645905958961	1.3673098550248144	0.98040665905891411	0.38690319596590061	1.1783547355710815	0.86791520817045154	-1	0.31043952740062997	-1	OK
29.750000000000000	2.4357887517124457	1.3104226561303631	0.94018755589688707	0.37023510023347611	1.1253660955820826	0.82888766284996251	-1	0.29647843273212005	-1	OK
30.000000000000000	2.3314730039548102	1.2563089064027111	0.90190215535096607	0.35440675105174479	1.0751640975520991	0.79190644439488356	-1	0.28325765315721552	-1	OK
30.250000000000000	2.2323317030815737	1.2048136279120008	0.86544385739253604	0.33936977051946521	1.0275180751695727	0.75683013552048861	-1	0.27068793964908411	-1	OK
30.500000000000000	2.1381448723139993	1.1557914551951156	0.83071266958491508	0.32507878561020020	0.98235341711888391	0.72355524340785737	-1	0.25879817371102654	-1	OK
30.750000000000000	2.0485567720013642	1.1091062042350939	0.79761479142030023	0.31149141281479359	0.93945056776627034	0.69197643502845774	-1	0.24747413273781260	-1	OK
31.000000000000000	1.9633450816916018	1.0646302448392944	0.76606217362707452	0.29856807121221962	0.89871483685230746	0.66199664463984353	-1	0.23671819221246393	-1	OK
31.250000000000000	1.8822702485326412	1.0222438282875848	0.73597211575569765	0.28627171253188682	0.86002642024505638	0.63353513429179076	-1	0.22649128595326562	-1	OK
31.500000000000000	1.8043741389954930	0.98183442832745615	0.70726689799887765	0.27456753032857867	0.82253971066803677	0.60649869570705028	-1	0.21604101496098649	-1	OK
31.750000000000000	1.7309841356697810	0.94329619685131560	0.67987341744784646	0.26342277940346909	0.78768793881846533	0.58079722370635278	-1	0.20689071511211254	-1	OK
32.000000000000000	1.6610799660910569	0.90652993477812993	0.65372299908308495	0.25280693569504492	0.75455003131292686	0.55636953685126456	-1	0.19818049446166230	-1	OK
32.250000000000000	1.5944702019556949	0.87144228377729105	0.62875097626885157	0.24269130750843965	0.72302791817840384	0.53313777580765354	-1	0.18989014237075030	-1	OK
32.500000000000000	1.5309805684130340	0.83794535436031969	0.60489644798598674	0.23304890637433320	0.69303521405271418	0.51102918671799080	-1	0.18200602733472337	-1	OK
32.750000000000000	1.4704830265876465	0.80595643776642056	0.58210208015495735	0.22385435761146358	0.66452658882122595	0.48998341784369320	-1	0.17454317097753275	-1	OK
33.000000000000000	1.4127633384553215	0.77539766652328090	0.56031382234265881	0.21508384418062210	0.63736567193204063	0.46994344471474558	-1	0.16742222721729505	-1	OK
33.250000000000000	1.3576896065728403	0.74619554820271028	0.53948055616143731	0.20671499204127292	0.61149405837013004	0.45084852215945614	-1	0.16064553621067390	-1	OK
33.500000000000000	1.3051247824914836	0.71828098841930044	0.51955425368152575	0.19872673473777475	0.58684379407218312	0.43264575787687437	-1	0.15419803619530875	-1	OK
33.750000000000000	1.2549220712205027	0.69158887330889574	0.50048964929342932	0.19109922401546633	0.56333319791160696	0.41529421117364701	-1	0.14803898673795995	-1	OK
34.000000000000000	1.2069920068816304	0.66605783701894317	0.48224403369295915	0.18381380332598404	0.54093416986268728	0.39874891723727984	-1	0.14218525262540743	-1	OK
34.250000000000000	1.1612228499186765	0.64163004572950844	0.46477709419446700	0.17685295153504127	0.51959280418916809	0.38296668919646754	-1	0.13662611499270055	-1	OK
34.500000000000000	1.1174526370245579	0.61825089812636291	0.44805074884082730	0.17020014928553565	0.49920173889819502	0.36789952465557735	-1	0.13130221424261768	-1	OK
34.750000000000000	1.0755988824543441	0.59586882593282020	0.43202901671722443	0.16383980921559571	0.47973005652152378	0.35351362543334230	-1	0.12621643108818148	-1	OK
35.000000000000000	1.0355814074892473	0.57443506916049825	0.41667786871239071	0.15775720044810751	0.46114633832874913	0.33977905679560327	-1	0.12136728153314585	-1	OK
35.250000000000000	0.99730246177968929	0.55390360877740685	0.40196514104976455	0.15193846772764236	0.44339885300228243	0.32666081945843339	-1	0.11673803354384904	-1	OK
35.500000000000000	0.96067459212328754	0.53423077491354509	0.38786037046915622	0.14637040444438876	0.42644381720974250	0.31413054714537442	-1	0.11231327006436809	-1	OK
35.750000000000000	0.92561604681778287	0.51537547011540363	0.37433479933739067	0.14104067077801288	0.41024057670237923	0.30215841214557820	-1	0.10808216455680103	-1	OK
36.000000000000000	0.89205268356581258	0.49729894162753935	0.36136121079169420	0.13593773083584496	0.39475374193827323	0.29071310184892685	-1	0.10404064008934638	-1	OK
36.250000000000000	0.85990490475328729	0.47996427505835321	0.34891376819436631	0.13105050686398689	0.37994062969493408	0.27976507886883484	-1	0.10017555082609925	-1	OK
36.500000000000000	0.82911195187938302	0.46333654594453838	0.33696802006992510	0.12636852587461339	0.36577540593484464	0.26929501191973443	-1	9.64803940151102157E-002	-1	OK
36.750000000000000	0.79960724891616575	0.44738276746693967	0.32550080183091695	0.12188196563602269	0.35222448144922608	0.25928014002222116	-1	9.29443414270049173E-002	-1	OK
37.000000000000000	0.77132398054170359	0.43207155076365056	0.31449012965520556	0.11758142110844506	0.33925242977805303	0.24969737988965085	-1	8.95550498884021828E-002	-1	OK
37.250000000000000	0.74420608747047290	0.41737332831293622	0.30391519974904962	0.11345812856388661	0.32683275915753668	0.24052462702435395	-1	8.63081321331827245E-002	-1	OK
37.500000000000000	0.71819980656044491	0.40326002926840510	0.29375626685345241	0.10950376241495274	0.31493977729203981	0.23174198690037587	-1	8.31977903916639450E-002	-1	OK
37.750000000000000	0.69325456828778509	0.38970502044985278	0.28399458593386301	0.10571043451598987	0.30354954783793225	0.22332727262211849	-1	8.02222752158137653E-002	-1	OK
38.000000000000000	0.66931962961199987	0.37668294478018949	0.27461234134950835	0.10207060343068128	0.29263668483181032	0.21526563965697951	-1	7.73710451748308159E-002	-1	OK
38.250000000000000	0.64634936101134643	0.36416975842212063	0.26559262629626568	9.85771321258550326E-002	0.28217960258922575	0.20754128371616734	-1	7.46383188730584124E-002	-1	OK
38.500000000000000	0.62407804624491292	0.35214264612125779	0.25691938746976345	9.52232586514945023E-002	0.27193540012365519	0.20013772660022972	-1	7.17976735234254759E-002	-1	OK
38.750000000000000	0.60291270338239444	0.34058002964292400	0.24857738602394031	9.20026436189836788E-002	0.26233267373947039	0.19303841057539819	-1	6.92942631640721951E-002	-1	OK
39.000000000000000	0.58258443472575139	0.32946136551298055	0.24055213791847732	8.89092275945032456E-002	0.25312306921277083	0.18623039458860574	-1	6.68926746241650938E-002	-1	OK
39.250000000000000	0.56305548261825544	0.31876717092231199	0.23282987828909926	8.59372926332127585E-002	0.24428831169594348	0.17970234190892559	-1	6.45859697870178884E-002	-1	OK
39.500000000000000	0.54428660290578268	0.30847888535333567	0.22539749950185692	8.30813858514788811E-002	0.23580771755244700	0.17343981275762488	-1	6.23679047948221266E-002	-1	OK
39.750000000000000	0.52624435928115110	0.29857883556797826	0.21824252971522193	8.03363058527563761E-002	0.22766552371317281	0.16742986466875820	-1	6.02356590444146078E-002	-1	OK
40.000000000000000	0.50889935444362489	0.28905021791738450	0.21135310149134362	7.76971164260409491E-002	0.21984913652624041	0.16166089978456730	-1	5.81882367416731161E-002	-1	OK
40.250000000000000	0.49221932373431521	0.27987706514673416	0.20471792720616508	7.51591379405691234E-002	0.21234225858758107	0.15612194696970705	-1	5.62203116178740248E-002	-1	OK
40.500000000000000	0.47617655890693006	0.27104422753827290	0.19832626681276949	7.27179607255034055E-002	0.20513233136865716	0.15080256481381832	-1	5.43297665548388431E-002	-1	OK
40.750000000000000	0.46074393991194162	0.26253721756592319	0.19216788188398112	7.03693356819420773E-002	0.19820672234601847	0.14569537847713948	-1	5.25113438688789846E-002	-1	OK
41.000000000000000	0.44589487747661605	0.25434231055375867	0.18623303341624939	6.81092771375093470E-002	0.19155256692285735	0.14078703401334131	-1	5.07655329095160479E-002	-1	OK
41.250000000000000	0.43160028582499088	0.24644642227295452	0.18051243166237038	6.59339906105840118E-002	0.18515386355203639	0.13606996421250675	-1	4.90838993395296408E-002	-1	OK
41.500000000000000	0.41784200353107309	0.23883702131993237	0.17499720862005877	6.38398126998735993E-002	0.17900498221114072	0.13153541995338530	-1	4.74695622577554210E-002	-1	OK
41.750000000000000	0.40459546564590032	0.23150216095895759	0.16967891260401327	6.18232483549443559E-002	0.17309330468694276	0.12717536204519331	-1	4.59179426417494485E-002	-1	OK
42.000000000000000	0.39183782025255520	0.22443051311240181	0.16454949560391344	5.98810175084883364E-002	0.16740730714015342	0.12298245962451126	-1	4.44248475156421574E-002	-1	OK
42.250000000000000	0.37954844854038144	0.21761128333536633	0.15960127713172093	5.80100062036454575E-002	0.16193716520501511	0.11894942467784567	-1	4.29877405271694435E-002	-1	OK
42.500000000000000	0.36770856652084871	0.21103413259669632	0.15482692747998647	5.62072051167098671E-002	0.15667443392415237	0.11506992445759849	-1	4.16045094665538767E-002	-1	OK
42.750000000000000	0.35629937702039749	0.20468925476687994	0.15021946227962055	5.44697924872594996E-002	0.15161012225351758	0.11133809224944463	-1	4.02720300040729506E-002	-1	OK
43.000000000000000	0.34529950573350354	0.19856727731453611	0.14577220469098576	5.27950726235503071E-002	0.14673222841896746	0.10774617379030262	-1	3.89860546286648485E-002	-1	OK
43.250000000000000	0.33469801833664126	0.19265922074468572	0.14147877137471221	5.11804493699735338E-002	0.14203879759195551	0.10428825386024636	-1	3.77505437317091491E-002	-1	OK
43.500000000000000	0.32447564153200859	0.18695650248690110	0.13733306393598937	4.96234385509117734E-002	0.13751913904510751	0.10095864972059371	-1	3.65604893245138063E-002	-1	OK
43.750000000000000	0.31461697118614096	0.18145093281689920	0.13332926047850269	4.81216723383964887E-002	0.13316603836924173	9.77513643321559073E-002	-1	3.54146740370858276E-002	-1	OK
44.000000000000000	0.30510778467686084	0.17613472289835919	0.12946180592789427	4.66729169704648908E-002	0.12897306177850162	9.46618936431780217E-002	-1	3.43111681353236025E-002	-1	OK
44.250000000000000	0.29593315193164071	0.17100043516511326	0.12572538810803230	4.52750470570809638E-002	0.12493271676652748	9.16858646332218835E-002	-1	3.32468521333055961E-002	-1	OK
44.500000000000000	0.28707973565443790	0.16604093823502233	0.12211492399096503	4.39260142440573015E-002	0.12103879741941556	8.88181973630487731E-002	-1	3.22206000563667883E-002	-1	OK
44.750000000000000	0.27853169461937521	0.16124942199670625	0.11862555502570839	4.26238669709978271E-002	0.11728227262266896	8.60541685078446833E-002	-1	3.12281041148242816E-002	-1	OK
45.000000000000000	0.27028308659733119	0.15661938970394429	0.11525263611000977	4.13667535939345327E-002	0.11366369689338690	8.33896004591128670E-002	-1	3.02740964342740337E-002	-1	OK
45.250000000000000	0.26231440432434788	0.15214462382671651	0.11199172118117910	4.01529026455374402E-002	0.11016978049763136	8.08205458755234529E-002	-1	2.93492346221079087E-002	-1	OK
45.500000000000000	0.25462292261612141	0.14781915762412098	0.10883855035067218	3.89806072734488127E-002	0.10680376499200039	7.83429617203476175E-002	-1	2.84608032716527765E-002	-1	OK
45.750000000000000	0.24719411013594489	0.14363726431949356	0.10578904386395906	3.78482204555345425E-002	0.10355684581645132	7.59528671700987063E-002	-1	2.76039786463526116E-002	-1	OK
46.000000000000000	0.24001817080050261	0.13959350064993511	0.10283930454254253	3.67541961073925630E-002	0.10042467015056750	7.36465550672681241E-002	-1	2.67781150832993725E-002	-1	OK
46.250000000000000	0.23308402039353998	0.13568266047328137	9.99855984569724965E-002	3.56970620163088032E-002	9.74013599202585983E-002	7.14211808578654322E-002	-1	2.59801790623931661E-002	-1	OK
46.500000000000000	0.22638747182005586	0.13189973814484840	9.72243457305952685E-002	3.46753924142531728E-002	9.44877336752074498E-002	6.92734584937783338E-002	-1	2.52142751814291161E-002	-1	OK
46.750000000000000	0.21990921750696193	0.12823995134043037	9.45521221472448575E-002	3.36878291931854909E-002	9.16692661665315656E-002	6.72003049965139709E-002	-1	2.44689611700175946E-002	-1	OK
47.000000000000000	0.21364770784863804	0.12469872985955623	9.19656465033609760E-002	3.27330833561952222E-002	8.89489779890818150E-002	6.51987169809622458E-002	-1	2.37502610081195692E-002	-1	OK
47.250000000000000	0.20759853333892808	0.12127166843175015	8.94617663133942531E-002	3.18099021183558678E-002	8.63268649071779470E-002	6.32662085515176692E-002	-1	2.30606563556602778E-002	-1	OK
47.500000000000000	0.20174518722648785	0.11795454178702887	8.70374588158717016E-002	3.09170829711571706E-002	8.37906454394589800E-002	6.13998810734189687E-002	-1	2.23907643660400113E-002	-1	OK
47.750000000000000	0.19608383838158944	0.11474330638470770	8.46898289035829255E-002	3.00534774811247879E-002	8.13405319968817514E-002	5.95971609505360211E-002	-1	2.17433710463457303E-002	-1	OK
48.000000000000000	0.19060562314690127	0.11163409940855824	8.24161037356335585E-002	2.92179956729246709E-002	7.89715237383430274E-002	5.78555764492159411E-002	-1	2.11159472891270864E-002	-1	OK
48.250000000000000	0.18523059627214189	0.10862322278581116	8.02136227303076738E-002	2.84096000555034943E-002	7.66073734863307321E-002	5.61731957570298854E-002	-1	2.04341777293008467E-002	-1	OK
48.500000000000000	0.18017700114770385	0.10570711132593127	7.80798301825776364E-002	2.76272811433535964E-002	7.44698898217725780E-002	5.45474724486044033E-002	-1	1.99224173731681747E-002	-1	OK
48.750000000000000	0.17514292298717338	0.10288235786067162	7.60122781343906956E-002	2.68700797262809467E-002	7.22605651265017662E-002	5.29761090906690074E-002	-1	1.92844560358327588E-002	-1	OK
49.000000000000000	0.17029809814380736	0.10014569704192319	7.40086158237668740E-002	2.61370812181563258E-002	7.01524011018841848E-002	5.14568748922982835E-002	-1	1.86955262095859012E-002	-1	OK
49.250000000000000	0.16558759478445850	9.74939833869767625E-002	7.20665839784379175E-002	2.54273994085388449E-002	6.80936113974817542E-002	4.99878627320933730E-002	-1	1.81057486653883812E-002	-1	OK
49.500000000000000	0.16109116519606553	9.49242007733814008E-002	7.01840127780465756E-002	2.47401879953347836E-002	6.61669644226841186E-002	4.85673533490037571E-002	-1	1.75996110736803615E-002	-1	OK
49.750000000000000	0.15673673523002885	9.24334444066738509E-002	6.83588172507740843E-002	2.40746271558997596E-002	6.43032908233549944E-002	4.71934728317147251E-002	-1	1.71098179916402693E-002	-1	OK
50.000000000000000	0.15251927939459753	9.00189331839491846E-002	6.65889972942110553E-002	2.34299358897381502E-002	6.25003462106483304E-002	4.58644831999929226E-002	-1	1.66358630106554078E-002	-1	OK
50.250000000000000	0.14843390157525502	8.76779961479982883E-002	6.48726296066119562E-002	2.28053665413863460E-002	6.07559054272567220E-002	4.45787197579099043E-002	-1	1.61771856693468177E-002	-1	OK
50.500000000000000	0.14447644870528112	8.54080621555974862E-002	6.32078663854595546E-002	2.22001957701379246E-002	5.90683865496836255E-002	4.33345869142100076E-002	-1	1.57337996354736179E-002	-1	OK
50.750000000000000	0.14064175095550474	8.32066727901962233E-002	6.15929355667823794E-002	2.16137372234138543E-002	5.74350781653085313E-002	4.21305547619577059E-002	-1	1.53045234033508254E-002	-1	OK
51.000000000000000	0.13692550148255475	8.10714718373402310E-002	6.00261333357441848E-002	2.10453385015960184E-002	5.58540296452145202E-002	4.09651559445546945E-002	-1	1.48888737006598257E-002	-1	OK
51.250000000000000	0.13332352659732460	7.90001741546466907E-002	5.85058147155366956E-002	2.04943594391099812E-002	5.43233524426779205E-002	3.98376593484881525E-002	-1	1.44856930941897680E-002	-1	OK
51.500000000000000	0.12983178853677185	7.69905790301386173E-002	5.70303928967805102E-002	1.99601861333580932E-002	5.28412095066332355E-002	3.87464716713188592E-002	-1	1.40947378353143762E-002	-1	OK
51.750000000000000	0.12644685301747072	7.50405869528151526E-002	5.55983505206968931E-002	1.94422364321182282E-002	5.14062660646555716E-002	3.76896851076142028E-002	-1	1.37165809570413688E-002	-1	OK
52.000000000000000	0.12316451374704693	7.31481663365481927E-002	5.42082268381983146E-002	1.89399394983498920E-002	5.00163474104987280E-002	3.66660672897866635E-002	-1	1.33502801207120644E-002	-1	OK
52.250000000000000	0.11998105382050914	7.13113700601093192E-002	5.28586180553384521E-002	1.84527520047708810E-002	4.86696837603998109E-002	3.56744952986627478E-002	-1	1.29951884617370630E-002	-1	OK
52.500000000000000	0.11689318707123478	6.95283300490522616E-002	5.15481742800822651E-002	1.79801557689699722E-002	4.73648570221825091E-002	3.47138737269407568E-002	-1	1.26509832952417522E-002	-1	OK
52.750000000000000	0.11389773710616133	6.77972501123735583E-002	5.02755972780612806E-002	1.75216528343122777E-002	4.61004869937877634E-002	3.37831236468076057E-002	-1	1.23173633469801577E-002	-1	OK
53.000000000000000	0.11099147923466871	6.61164058939000404E-002	4.90396376669346365E-002	1.70767682269654213E-002	4.48750733407686717E-002	3.28813252256464142E-002	-1	1.19937481151222575E-002	-1	OK
53.250000000000000	0.10817239578854757	6.44841276784782758E-002	4.78390895032695801E-002	1.66450381752086783E-002	4.36882681100692893E-002	3.20072495934676723E-002	-1	1.16810185166016170E-002	-1	OK
53.500000000000000	0.10543628547838052	6.28988043162119481E-002	4.66727921867050102E-002	1.62260121295069240E-002	4.25374811621685722E-002	3.11598433154070993E-002	-1	1.13776378467614729E-002	-1	OK
53.750000000000000	0.10278053318680674	6.13588989985299899E-002	4.55396307444512968E-002	1.58192682540786965E-002	4.14216341882767472E-002	3.03383343110042412E-002	-1	1.10832998772725060E-002	-1	OK
54.000000000000000	0.10020251595878757	5.98629265577699035E-002	4.44385285939556951E-002	1.54243979638142084E-002	4.03395894010176656E-002	2.95418520950961119E-002	-1	1.07977373059215537E-002	-1	OK
54.250000000000000	9.76996439464182104E-002	5.84094504058100955E-002	4.33684481507583958E-002	1.50410022550517154E-002	3.92901935406081149E-002	2.87695177687404789E-002	-1	1.05206757718676359E-002	-1	OK
54.500000000000000	9.52694975684564571E-002	5.69970910576643036E-002	4.23283910186566664E-002	1.46687000390076285E-002	3.82724065107921466E-002	2.79614342138191918E-002	-1	1.03109722969729548E-002	-1	OK
54.750000000000000	9.29096918411952133E-002	5.56245240805171848E-002	4.13173951132249015E-002	1.43071289672922677E-002	3.72851677606780216E-002	2.72361934539700583E-002	-1	1.00489743067079633E-002	-1	OK
55.000000000000000	9.06178270175255485E-002	5.42904661166930536E-002	4.03345316390858952E-002	1.39559344776071705E-002	3.63273609008324949E-002	2.65327032784463783E-002	-1	9.79465762238611662E-003	-1	OK
55.250000000000000	8.83690101689457302E-002	5.29936796980400582E-002	3.93789052066066958E-002	1.36147744914333520E-002	3.53753304709056721E-002	2.57519825740240432E-002	-1	9.62334789688162884E-003	-1	OK
55.500000000000000	8.62068836249440806E-002	5.17329778518580488E-002	3.84496536519300103E-002	1.32833241999280368E-002	3.44739057730860388E-002	2.50915740760969674E-002	-1	9.38233169698907132E-003	-1	OK
55.750000000000000	8.41063234180578490E-002	5.05072128944438203E-002	3.75459454455483663E-002	1.29612674488954575E-002	3.35991105236140356E-002	2.44506971049176687E-002	-1	9.14841341869636684E-003	-1	OK
56.000000000000000	8.20652444323054509E-002	4.93152826770743916E-002	3.66669793649654005E-002	1.26483033121089945E-002	3.27499617552310662E-002	2.38287068106788034E-002	-1	8.92125494455226278E-003	-1	OK
56.250000000000000	8.00817130038501551E-002	4.81561213111804665E-002	3.58119811543135755E-002	1.23441401568668615E-002	3.19255916926696887E-002	2.32249611710003516E-002	-1	8.70063052166933706E-003	-1	OK
56.500000000000000	7.81538705764782959E-002	4.70286961149547489E-002	3.49802030361540048E-002	1.20484930788007441E-002	3.11251744615235401E-002	2.26387417877966443E-002	-1	8.48643267372689580E-003	-1	OK
56.750000000000000	7.62799302822340375E-002	4.59320146033431187E-002	3.41709243441778235E-002	1.17610902591652779E-002	3.03479156788909257E-002	2.20694916020104971E-002	-1	8.27842407688042861E-003	-1	OK
57.000000000000000	7.44581722629808762E-002	4.48651196090175952E-002	3.33834493648801633E-002	1.14816702441374232E-002	2.95930526539632775E-002	2.15166961549874275E-002	-1	8.07635649897585003E-003	-1	OK
57.250000000000000	7.26868845623154097E-002	4.38270817827621090E-002	3.26171056358867603E-002	1.12099761468753417E-002	2.88598027795533042E-002	2.09798482077416595E-002	-1	7.87995457181164469E-003	-1	OK
57.500000000000000	7.09645403076275549E-002	4.28170074232067932E-002	3.18712449261454589E-002	1.09457624970613378E-002	2.81475328844207548E-002	2.04584195057465265E-002	-1	7.68911337867422828E-003	-1	OK
57.750000000000000	6.92896051448873840E-002	4.18340397036907063E-002	3.11452423243655553E-002	1.06887973793251493E-002	2.74555654411966776E-002	1.99519387440520897E-002	-1	7.50362669714458794E-003	-1	OK
58.000000000000000	6.76605982943196127E-002	4.08773451287478135E-002	3.04384932279083940E-002	1.04388519008394211E-002	2.67832531655717992E-002	1.94599166547547997E-002	-1	7.32333651081699954E-003	-1	OK
58.250000000000000	6.60761061622402585E-002	3.99461220380624704E-002	2.97504147386218991E-002	1.01957072994405765E-002	2.61299841241777846E-002	1.89818914607349301E-002	-1	7.14809266344285446E-003	-1	OK
58.500000000000000	6.45346801375263068E-002	3.90395962366131971E-002	2.90804434835269972E-002	9.95915275308619473E-003	2.54950839009131167E-002	1.85174399823703657E-002	-1	6.97764391854275093E-003	-1	OK
58.750000000000000	6.30348224141766833E-002	3.81570192693196919E-002	2.84280350458193734E-002	9.72898422350031503E-003	2.48778031448569949E-002	1.80661354482536361E-002	-1	6.81166769660335875E-003	-1	OK
59.000000000000000	6.15754059590548630E-002	3.72976679629430236E-002	2.77926632228671228E-002	9.50500474007590600E-003	2.42777379961118429E-002	1.76275359877042827E-002	-1	6.65020200840756026E-003	-1	OK
59.250000000000000	6.01552186339156733E-002	3.64608452526314214E-002	2.71738198940085739E-002	9.28702535862284059E-003	2.36943733812842519E-002	1.72012142702382027E-002	-1	6.49315911104604918E-003	-1	OK
59.500000000000000	5.87730736727002379E-002	3.56458749506498862E-002	2.65710131164683568E-002	9.07486183418152077E-003	2.31271987220503482E-002	1.67867930437199837E-002	-1	6.34040567833036445E-003	-1	OK
59.750000000000000	5.74277889751757531E-002	3.48521012481885079E-002	2.59837672545560026E-002	8.86833399363250348E-003	2.25756877269872452E-002	1.63839752035718003E-002	-1	6.19171252341544492E-003	-1	OK
60.000000000000000	5.61182415807146215E-002	3.40788930138730961E-002	2.54116234336620207E-002	8.66726958021107191E-003	2.20393485668415254E-002	1.59923510024140396E-002	-1	6.04699756442748579E-003	-1	OK
60.250000000000000	5.48265914277195482E-002	3.33256442661170188E-002	2.48541386788922909E-002	8.47150558722471574E-003	2.15009471616025259E-002	1.56115273147821743E-002	-1	5.88941984682035159E-003	-1	OK
60.500000000000000	5.35857729502110733E-002	3.25917675533137635E-002	2.43108844604207723E-002	8.28088309289299294E-003	2.09940053968973098E-002	1.52411307180813933E-002	-1	5.75287467881591651E-003	-1	OK
60.750000000000000	5.23775525630290339E-002	3.18766939675706046E-002	2.37814461332969823E-002	8.09524783427362921E-003	2.05008585954584259E-002	1.48808380238363343E-002	-1	5.62002057162209155E-003	-1	OK
61.000000000000000	5.12009623937225294E-002	3.11798742466163487E-002	2.32654226876031350E-002	7.91445155901321362E-003	2.00210881471061808E-002	1.45303622029927405E-002	-1	5.49072594411344032E-003	-1	OK
61.250000000000000	5.00550529988051385E-002	3.05007763742656257E-002	2.27624259657866236E-002	7.73835040847899169E-003	1.95542766245395162E-002	1.41893941704999971E-002	-1	5.36488245403951916E-003	-1	OK
61.500000000000000	4.89389268892268109E-002	2.98388855889440661E-002	2.22720801603084953E-002	7.56680542863557258E-003	1.91000413002827447E-002	1.38576407428732482E-002	-1	5.24240055740949652E-003	-1	OK
61.750000000000000	4.78388718415413694E-002	2.91937032044248396E-002	2.17940216192127889E-002	7.39968158521206020E-003	1.86451686371165298E-002	1.35348181821959412E-002	-1	5.11035045492058866E-003	-1	OK
62.000000000000000	4.67800241747076753E-002	2.85647469794481183E-002	2.13278986482135988E-002	7.23684833123451610E-003	1.82152771952595570E-002	1.32206570082278145E-002	-1	4.99462018703174249E-003	-1	OK
62.250000000000000	4.57483452137778038E-002	2.79515498287006905E-002	2.08733707767870570E-002	7.07817905191363700E-003	1.77967953850771132E-002	1.29148973236319787E-002	-1	4.88189806144513454E-003	-1	OK
62.500000000000000	4.47432258847067360E-002	2.73536608052279417E-002	2.04301087557493474E-002	6.92355204947859345E-003	1.73895650794787977E-002	1.26172857176053161E-002	-1	4.77227936187348163E-003	-1	OK
62.750000000000000	4.37637790069590749E-002	2.67706455548661210E-002	1.99977941972273865E-002	6.77285135763874228E-003	1.69931334520929504E-002	1.23276355101256015E-002	-1	4.66549794196734896E-003	-1	OK
63.000000000000000	4.28092188221932957E-002	2.62020813006648146E-002	1.95761185108251148E-002	6.62596278983970059E-003	1.66071375215284846E-002	1.20456513536877485E-002	-1	4.56148616784073611E-003	-1	OK
63.250000000000000	4.18788525964038372E-002	2.56475603525895095E-002	1.91647829995501319E-002	6.48277735303937584E-003	1.62312922438143277E-002	1.17711067517095886E-002	-1	4.46018549210473909E-003	-1	OK
63.500000000000000	4.09718625218025018E-002	2.51066862810734037E-002	1.87634979847420558E-002	6.34318829633133494E-003	1.58651762407290980E-002	1.15038005356442770E-002	-1	4.36137570508482106E-003	-1	OK
63.750000000000000	4.00876396396180473E-002	2.45790742113521504E-002	1.83719828887974959E-002	6.20709132255465798E-003	1.55085654282658934E-002	1.12435332109091461E-002	-1	4.26503221735674738E-003	-1	OK
64.000000000000000	3.92255512753265298E-002	2.40643538277174295E-002	1.79899662954087942E-002	6.07438753230863607E-003	1.51611974476091021E-002	1.09900488030058915E-002	-1	4.17114864460321061E-003	-1	OK
64.250000000000000	3.83737896379542573E-002	2.35621652072482944E-002	1.76171849379940654E-002	5.94498026925422904E-003	1.48116244307059611E-002	1.07431489700982492E-002	-1	4.06847546060771191E-003	-1	OK
64.500000000000000	3.75543352220786830E-002	2.30721597118611135E-002	1.72533839568565148E-002	5.81877575500460049E-003	1.44821755102175678E-002	1.05026366093246889E-002	-1	3.97953890089287887E-003	-1	OK
64.750000000000000	3.67551645132734653E-002	2.25940012807624574E-002	1.68983167070316312E-002	5.69568457373082968E-003	1.41611632325110079E-002	1.02683240016197309E-002	-1	3.89283923089127695E-003	-1	OK
65.000000000000000	3.59756857324453200E-002	2.21273622943295167E-002	1.65517438754902851E-002	5.57561841883922205E-003	1.38483234381158067E-002	1.00400071378354983E-002	-1	3.80831630028030839E-003	-1	OK
65.250000000000000	3.52154488807552637E-002	2.16719268598294587E-002	1.62134336370789132E-002	5.45849322275054633E-003	1.35435220209258050E-002	9.81748331075257830E-003	-1	3.72603871017322674E-003	-1	OK
65.500000000000000	3.44607852020271249E-002	2.12273887408886142E-002	1.58831611062879227E-002	5.34422763460069058E-003	1.32333964611385142E-002	9.60063230304418133E-003	-1	3.63276415809433290E-003	-1	OK
65.750000000000000	3.37376278969532400E-002	2.07934507349480588E-002	1.55607083539501170E-002	5.23274238099794269E-003	1.29441771620051795E-002	9.38929606479642874E-003	-1	3.55488109720875078E-003	-1	OK
66.000000000000000	3.30320746906018065E-002	2.03698245226653293E-002	1.52458640105026123E-002	5.12396051216272401E-003	1.26622501679364736E-002	9.18332215013595125E-003	-1	3.47892801780052240E-003	-1	OK
66.250000000000000	3.23436762431396213E-002	1.99562287044954857E-002	1.49384228044823781E-002	5.01780590001310936E-003	1.23874475386441339E-002	8.98256342647618840E-003	-1	3.40488411216794545E-003	-1	OK
66.500000000000000	3.16719794446397793E-002	1.95523918193500762E-002	1.46381859956044632E-002	4.91420582374561214E-003	1.21195876252897013E-002	8.78685166213786367E-003	-1	3.33273596315183766E-003	-1	OK
66.750000000000000	3.10164812640077170E-002	1.91580499869178633E-002	1.43449607577533240E-002	4.81308922916453587E-003	1.18584312770898537E-002	8.59604776248336193E-003	-1	3.26238351460649174E-003	-1	OK
67.000000000000000	3.03766735616406089E-002	1.87729476336072412E-002	1.40585601771594741E-002	4.71438745644776804E-003	1.16037259280333677E-002	8.41001234830449432E-003	-1	3.19371357972887335E-003	-1	OK
67.250000000000000	2.97521695563476227E-002	1.83968398934049038E-002	1.37788036359232941E-002	4.61803625748160446E-003	1.13553296629427206E-002	8.22861053475337605E-003	-1	3.12671912818934458E-003	-1	OK
67.500000000000000	2.91425528912914317E-002	1.80294888121421207E-002	1.35055154957331273E-002	4.52397331640898726E-003	1.11130640791493093E-002	8.05172941343866577E-003	-1	3.06133466571064349E-003	-1	OK
67.750000000000000	2.85474227457771165E-002	1.76706616679754500E-002	1.32385251062579097E-002	4.43213656171753852E-003	1.08767610778016648E-002	7.87926747280497282E-003	-1	2.99749360499669201E-003	-1	OK
68.000000000000000	2.79663508483447149E-002	1.73201326530383164E-002	1.29776668177603582E-002	4.34246583527795986E-003	1.06462181953064002E-002	7.71105513346176472E-003	-1	2.93516306184463550E-003	-1	OK
68.250000000000000	2.73990318404872986E-002	1.69776833657851907E-002	1.27227798531502068E-002	4.25490351263498566E-003	1.04213484747021079E-002	7.54696617898121657E-003	-1	2.87438229572089133E-003	-1	OK
68.500000000000000	2.68450561795912021E-002	1.66431014267853263E-002	1.24737081769464297E-002	4.16939324983889390E-003	1.02019547528058759E-002	7.38688997098778215E-003	-1	2.81506478181809371E-003	-1	OK
68.750000000000000	2.63040539562812148E-002	1.63161795562408660E-002	1.22303000576905428E-002	4.08587949855032575E-003	9.98787440004035056E-003	7.23072567622838006E-003	-1	2.75714872381197049E-003	-1	OK
69.000000000000000	2.57757066850706103E-002	1.59967157395274340E-002	1.19924081679753276E-002	4.00430757155209854E-003	9.77899094554317630E-003	7.07838899095235632E-003	-1	2.70060195459081998E-003	-1	OK
69.250000000000000	2.52596276415203089E-002	1.56845151756290109E-002	1.17598898664641807E-002	3.92462530916482845E-003	9.57511246589129623E-003	6.92973430562304760E-003	-1	2.64537816026824864E-003	-1	OK
69.500000000000000	2.47555345305084142E-002	1.53793899951692077E-002	1.15326069105519957E-002	3.84678308461721330E-003	9.37614453533920644E-003	6.78466869583465356E-003	-1	2.59147583950455288E-003	-1	OK
69.750000000000000	2.42630996380883493E-002	1.50811570798551949E-002	1.13104248425108158E-002	3.77073223734437956E-003	9.18194255823315438E-003	6.64309498716722947E-003	-1	2.53884757106592491E-003	-1	OK
70.000000000000000	2.37819914038595939E-002	1.47896393128472605E-002	1.10932132869381878E-002	3.69642602590906574E-003	8.99235209101233515E-003	6.50491537515530960E-003	-1	2.48743671585702555E-003	-1	OK
70.250000000000000	2.33119032807585710E-002	1.45046661741998692E-002	1.08808456739124659E-002	3.62382050028740420E-003	8.80723710655870184E-003	6.37004861732162579E-003	-1	2.43718848923707605E-003	-1	OK
70.500000000000000	2.28525890274125371E-002	1.42260700069822311E-002	1.06731987441042089E-002	3.55287126287802098E-003	8.62651902043030418E-003	6.23840176066591586E-003	-1	2.38811725976438832E-003	-1	OK
70.750000000000000	2.24037627796250874E-002	1.39536877294833654E-002	1.04701527522092462E-002	3.48353497727411877E-003	8.45007505014172024E-003	6.10988464882625346E-003	-1	2.34019040131546677E-003	-1	OK
71.000000000000000	2.19651521406699010E-002	1.36873607570337924E-002	1.02715912817118518E-002	3.41576947532193712E-003	8.27779138363610688E-003	5.98441349562236786E-003	-1	2.29337788801373902E-003	-1	OK
71.250000000000000	2.15364879875928686E-002	1.34269352540463231E-002	1.00774012276225091E-002	3.34953402642381576E-003	8.10955273354654546E-003	5.86189626400246064E-003	-1	2.24765646954408482E-003	-1	OK
71.500000000000000	2.11175085343832947E-002	1.31722620471861930E-002	9.88747276222457644E-003	3.28478928496161787E-003	7.94524648719710166E-003	5.74223005005535577E-003	-1	2.20301643714174589E-003	-1	OK
71.750000000000000	2.07079733429508424E-002	1.29231961164277213E-002	9.70169914668815754E-003	3.22149696973956894E-003	7.78477722652312111E-003	5.62536698323374239E-003	-1	2.15941024328937872E-003	-1	OK
72.000000000000000	2.03076665429236317E-002	1.26795961271173180E-002	9.51997666327969970E-003	3.15961946383761915E-003	7.62807041580631281E-003	5.51123989071015605E-003	-1	2.11683052509615676E-003	-1	OK
72.250000000000000	1.99163895886834419E-002	1.24413253229524162E-002	9.34220465663994533E-003	3.09912066631247603E-003	7.47506426573102574E-003	5.39977626365314035E-003	-1	2.07528800207788539E-003	-1	OK
72.500000000000000	1.95338415690382260E-002	1.22082504666942322E-002	9.16828517881976279E-003	3.03996528787446509E-003	7.32559110234399461E-003	5.29090109665442294E-003	-1	2.03469000568957167E-003	-1	OK
72.750000000000000	1.91597928328330024E-002	1.19802419798560253E-002	8.99812302242398825E-003	2.98211895743203748E-003	7.17955085297697707E-003	5.18454678744893500E-003	-1	1.99500406552804207E-003	-1	OK
73.000000000000000	1.87940161654503030E-002	1.17571746565594201E-002	8.83162575853349736E-003	2.92554889802592710E-003	7.03684150889088283E-003	5.08065021790148758E-003	-1	1.95619129098939526E-003	-1	OK
73.250000000000000	1.84363261636822547E-002	1.15389277458376321E-002	8.66870359483024391E-003	2.87022415100738910E-003	6.89739841784462165E-003	4.97914278640436154E-003	-1	1.91825563144026011E-003	-1	OK
73.500000000000000	1.80865191606517095E-002	1.13253825205134606E-002	8.50926899908575722E-003	2.81611352142770123E-003	6.76113664013824802E-003	4.87996346973634809E-003	-1	1.88117317040189993E-003	-1	OK
73.750000000000000	1.77443972741050497E-002	1.11164234070983189E-002	8.35323678383596661E-003	2.76318662326235356E-003	6.62797386700673171E-003	4.78304043792972516E-003	-1	1.84493342907700655E-003	-1	OK
74.000000000000000	1.74097676313341651E-002	1.09119376143708546E-002	8.20052402682790345E-003	2.71141358754295328E-003	6.49783001696330881E-003	4.68832504375117729E-003	-1	1.80950497321213152E-003	-1	OK
74.250000000000000	1.70824400117123333E-002	1.07118153404434195E-002	8.05105005894563713E-003	2.66076528149778195E-003	6.37062467126891293E-003	4.59576651980744474E-003	-1	1.77485815146146819E-003	-1	OK
74.500000000000000	1.67622369780054958E-002	1.05159505536604331E-002	7.90473665072786817E-003	2.61121390293256447E-003	6.24628642434506103E-003	4.50530999785338747E-003	-1	1.74097642649167356E-003	-1	OK
74.750000000000000	1.64489829462299147E-002	1.03242403325483553E-002	7.76150766250758520E-003	2.56273267004077446E-003	6.12474261368156116E-003	4.41689581451952876E-003	-1	1.70784679916203240E-003	-1	OK
75.000000000000000	1.61427362697495747E-002	1.01365839225953658E-002	7.62128894310077059E-003	2.51529497949459346E-003	6.00615234715420714E-003	4.33047179727024441E-003	-1	1.67568054988396272E-003	-1	OK
75.250000000000000	1.58428641470265558E-002	9.95288397908481413E-003	7.48400842498721328E-003	2.46887555409760345E-003	5.88998016794174337E-003	4.24599213886231626E-003	-1	1.64398802907942711E-003	-1	OK
75.500000000000000	1.55494392778609599E-002	9.77304509541104469E-003	7.34959588748638169E-003	2.42344920792466343E-003	5.77639418244991522E-003	4.16340790411912770E-003	-1	1.61298627833078752E-003	-1	OK
75.750000000000000	1.52620445214499585E-002	9.59697402131313645E-003	7.21798296656754167E-003	2.37899105474559391E-003	5.66507050013682293E-003	4.08267183717372223E-003	-1	1.58239866296310070E-003	-1	OK
76.000000000000000	1.49808515431849847E-002	9.42458064715844673E-003	7.08910325606066337E-003	2.33547739109778640E-003	5.55627089602653799E-003	4.00373547205092484E-003	-1	1.55253542397561315E-003	-1	OK
76.250000000000000	1.47057909414362985E-002	9.25577878858577924E-003	6.96289231945684036E-003	2.29288646912893974E-003	5.45001215285051931E-003	3.92655365683278103E-003	-1	1.52345849601773827E-003	-1	OK
76.500000000000000	1.44367813365417329E-002	9.09048366530016728E-003	6.83928721301618227E-003	2.25119645228398632E-003	5.34629767124156566E-003	3.85108198709592465E-003	-1	1.49521568414564101E-003	-1	OK
76.750000000000000	1.41732861292821546E-002	8.92861235337853200E-003	6.71822660454820825E-003	2.21038574883032158E-003	5.24467377590362265E-003	3.77728630395646799E-003	-1	1.46738747194715465E-003	-1	OK
77.000000000000000	1.39153552186653783E-002	8.77008388109067408E-003	6.59965072408870337E-003	2.17043315700196724E-003	5.14527133757470504E-003	3.70512052742513450E-003	-1	1.44015081014957054E-003	-1	OK
77.250000000000000	1.36628554463375275E-002	8.61481919999832965E-003	6.48350136951797700E-003	2.13131783048035048E-003	5.04803624633919871E-003	3.63453703388104659E-003	-1	1.41349921245815212E-003	-1	OK
77.500000000000000	1.34156630998356480E-002	8.46274099853751294E-003	6.36972181917633794E-003	2.09301917936117413E-003	4.95292210129813591E-003	3.56549737956464051E-003	-1	1.38742472173349540E-003	-1	OK
77.750000000000000	1.31736564174119337E-002	8.31377489478722989E-003	6.25825700056592115E-003	2.05551789422130787E-003	4.85988152262470299E-003	3.49796477107040382E-003	-1	1.36191675155429917E-003	-1	OK
78.000000000000000	1.29366992309037851E-002	8.16784845499432532E-003	6.14905333581243409E-003	2.01879511918189036E-003	4.76885077590945890E-003	3.43190195370537314E-003	-1	1.33694882220408576E-003	-1	OK
78.250000000000000	1.27046699352893564E-002	8.02489127436943617E-003	6.04205862130392703E-003	1.98283265306550870E-003	4.67977866091992024E-003	3.36727268961350750E-003	-1	1.31250597130641274E-003	-1	OK
78.500000000000000	1.24774587882802799E-002	7.88483487761004742E-003	5.93722203903492007E-003	1.94761283857512735E-003	4.59262391067023247E-003	3.30405266397723650E-003	-1	1.28857124669299597E-003	-1	OK
78.750000000000000	1.22549535081548019E-002	7.74761277810574918E-003	5.83449404756002273E-003	1.91311873054572559E-003	4.50734073004905363E-003	3.24220441366979183E-003	-1	1.26513631637926180E-003	-1	OK
79.000000000000000	1.20370397283525617E-002	7.61315930737393488E-003	5.73382621124104812E-003	1.87933309613288828E-003	4.42388042097862592E-003	3.18168835632397272E-003	-1	1.24219206465465319E-003	-1	OK
79.250000000000000	1.18236095958392448E-002	7.48141020800728238E-003	5.63517132269316691E-003	1.84623888531411633E-003	4.34219938783196157E-003	3.12246986253006615E-003	-1	1.21972952530189542E-003	-1	OK
79.500000000000000	1.16145568877380565E-002	7.35230323709655693E-003	5.53848348173658495E-003	1.81381975535997199E-003	4.26225365064149958E-003	3.06452539241472898E-003	-1	1.19772825822677060E-003	-1	OK
79.750000000000000	1.14097792203249684E-002	7.22577806923782942E-003	5.44371801566118346E-003	1.78206005357664900E-003	4.18400115108713815E-003	3.00781663636376156E-003	-1	1.17618451472337659E-003	-1	OK
80.000000000000000	1.12091775688627736E-002	7.10177620480602605E-003	5.35083143569633612E-003	1.75094476910969080E-003	4.10740136405674840E-003	2.95231248353167641E-003	-1	1.15508888052507199E-003	-1	OK
80.250000000000000	1.10126585190649367E-002	6.98024058538989668E-003	5.25978132330067166E-003	1.72045926208922611E-003	4.03241793367504001E-003	2.89798471854827528E-003	-1	1.13443321512676472E-003	-1	OK
80.500000000000000	1.08201260377545679E-002	6.86111512100030622E-003	5.17052628117993865E-003	1.69058883982036671E-003	3.95901091675426170E-003	2.84480514136217473E-003	-1	1.11420577539208697E-003	-1	OK
80.750000000000000	1.06314841540606619E-002	6.74434513623601781E-003	5.08302595853887904E-003	1.66131917769713855E-003	3.88713901782464363E-003	2.79274630765533223E-003	-1	1.09439271016931140E-003	-1	OK
81.000000000000000	1.04466293441148189E-002	6.62987762982598667E-003	4.99724108869618704E-003	1.63263654112979746E-003	3.81675171428883181E-003	2.74178098539036054E-003	-1	1.07497072889847127E-003	-1	OK
81.250000000000000	1.02654880058063568E-002	6.51766057911168199E-003	4.91313332475601557E-003	1.60452725435566469E-003	3.74782742669467440E-003	2.69188144996723592E-003	-1	1.05594597672743849E-003	-1	OK
81.500000000000000	1.00879780629261062E-002	6.40764368537775561E-003	4.83066538082844305E-003	1.57697830454931278E-003	3.68033437754835061E-003	2.64302002394031484E-003	-1	1.03731435360803577E-003	-1	OK
81.750000000000000	9.91415487820015984E-003	6.29977826734903247E-003	4.74980090612251403E-003	1.54997736122651801E-003	3.61437661085112780E-003	2.59517694397735617E-003	-1	1.01919966687377163E-003	-1	OK
82.000000000000000	9.74366250712269295E-003	6.19401666860158566E-003	4.67050439274440451E-003	1.52351227585718159E-003	3.54964583852110729E-003	2.54832816531387401E-003	-1	1.00131767320723328E-003	-1	OK
82.250000000000000	9.57655945066020024E-003	6.09031178431866833E-003	4.59274113240641570E-003	1.49757065191225198E-003	3.48624766634153191E-003	2.50042104701281775E-003	-1	9.85826619328714158E-004	-1	OK
82.500000000000000	9.41276695694908891E-003	5.98861783720523559E-003	4.51647731400258313E-003	1.47214052320265073E-003	3.42414911974385245E-003	2.45552656264789006E-003	-1	9.68622557095962389E-004	-1	OK
82.750000000000000	9.25222360023997964E-003	5.88889009200821954E-003	4.44167995648653540E-003	1.44721013552168197E-003	3.36333350823176096E-003	2.41155020981793531E-003	-1	9.51783298413825651E-004	-1	OK
83.000000000000000	9.09484531123027837E-003	5.79108536828636805E-003	4.36831680923348720E-003	1.42276855905288085E-003	3.30375994294391075E-003	2.36847785994169328E-003	-1	9.35282083002217466E-004	-1	OK
83.250000000000000	8.94056148294698240E-003	5.69516126602008510E-003	4.29635650315097952E-003	1.39880476286910471E-003	3.24540021692689730E-003	2.32628866899621881E-003	-1	9.19111547930678494E-004	-1	OK
83.500000000000000	8.78931059499068155E-003	5.60107705035191999E-003	4.22576856439211071E-003	1.37530848595980885E-003	3.18823354463876199E-003	2.28496222777223833E-003	-1	9.03271316866523667E-004	-1	OK
83.750000000000000	8.64101733076463527E-003	5.50879274693730214E-003	4.15652322818612155E-003	1.35226951875118016E-003	3.13222458382733399E-003	2.24447842973473678E-003	-1	8.87746154092597210E-004	-1	OK
84.000000000000000	8.49561517685828299E-003	5.41826905288428796E-003	4.08859139095894830E-003	1.32967766192533922E-003	3.07734612397399503E-003	2.20481776421481163E-003	-1	8.72528359759183400E-004	-1	OK
84.250000000000000	8.35303854751677163E-003	5.32946739783125237E-003	4.02194460056869065E-003	1.30752279726256237E-003	3.02357114968551969E-003	2.16596186510356397E-003	-1	8.57609284581955719E-004	-1	OK
84.500000000000000	8.21322621667801116E-003	5.24235013985824110E-003	3.95655511344213465E-003	1.28579502641610558E-003	2.97087607681977050E-003	2.12789184636220843E-003	-1	8.42984230457562069E-004	-1	OK
84.750000000000000	8.07610645669164240E-003	5.15688079897251399E-003	3.89239592570327650E-003	1.26448487326923792E-003	2.91922565771912754E-003	2.09058979024753441E-003	-1	8.28635867471593131E-004	-1	OK
85.000000000000000	7.94162544206457668E-003	5.07302381104189452E-003	3.82944068412124656E-003	1.24358312692064970E-003	2.86860163102268303E-003	2.05403818855495615E-003	-1	8.14563442467726873E-004	-1	OK
85.250000000000000	7.80973072971189938E-003	4.99074491061125489E-003	3.76766373757885398E-003	1.22308117303240047E-003	2.81898581910064450E-003	2.01821611113844326E-003	-1	8.00769707962201236E-004	-1	OK
85.500000000000000	7.68036668156417759E-003	4.91001060357982959E-003	3.70704003445840704E-003	1.20297056912142364E-003	2.77035607798434801E-003	1.98310823506884452E-003	-1	7.87247842915503489E-004	-1	OK
85.750000000000000	7.55335002303945090E-003	4.83078791099948376E-003	3.64754506053516139E-003	1.18324285046432303E-003	2.72256211203996713E-003	1.94870112396775593E-003	-1	7.73860988072211202E-004	-1	OK
86.000000000000000	7.42887436956596835E-003	4.75304433274486085E-003	3.58915483331792877E-003	1.16388949942693295E-003	2.67583003682110793E-003	1.91497949817662325E-003	-1	7.60850538644484682E-004	-1	OK
86.250000000000000	7.30666165827216496E-003	4.67674822997351733E-003	3.53184596431057500E-003	1.14490226566294232E-003	2.62991342829864763E-003	1.88192855600676379E-003	-1	7.47984872291883839E-004	-1	OK
86.500000000000000	7.18687195795303119E-003	4.60186888333313261E-003	3.47559564599760713E-003	1.12627323733552548E-003	2.58500307461989858E-003	1.84953975550967791E-003	-1	7.35463319110220672E-004	-1	OK
86.750000000000000	7.06934872901484115E-003	4.52837632453623185E-003	3.42038163180656161E-003	1.10799469272967110E-003	2.54097240447860888E-003	1.81778996765704997E-003	-1	7.23182436821558907E-004	-1	OK
87.000000000000000	6.95399492309041294E-003	4.45624143202984213E-003	3.36618221335267375E-003	1.09005921867716838E-003	2.49775349106057124E-003	1.78666532246113895E-003	-1	7.11088168599432286E-004	-1	OK
87.250000000000000	6.84086146796616772E-003	4.38543566618676724E-003	3.31297620617623106E-003	1.07245946001053704E-003	2.45542580177940005E-003	1.75615202506266806E-003	-1	6.99273776716731986E-004	-1	OK
87.500000000000000	6.72985281924826182E-003	4.31593161692027383E-003	3.26074296759772250E-003	1.05518864932255155E-003	2.41392120232798799E-003	1.72623644545891685E-003	-1	6.87684756869071144E-004	-1	OK
87.750000000000000	6.62092540688952874E-003	4.24770198121816184E-003	3.20946222179138664E-003	1.03823975942677563E-003	2.37322342567136734E-003	1.69690543986692876E-003	-1	6.76317985804438578E-004	-1	OK
88.000000000000000	6.51403530011668373E-003	4.18071996070750775E-003	3.15911415120024696E-003	1.02160580950726035E-003	2.33331533940917598E-003	1.66814603665980379E-003	-1	6.65169302749372190E-004	-1	OK
88.250000000000000	6.40913813374838649E-003	4.11495929386889413E-003	3.10967938616186828E-003	1.00527990770702671E-003	2.29417883987949236E-003	1.63994566400366398E-003	-1	6.54233175875828382E-004	-1	OK
88.500000000000000	6.30590504800303438E-003	4.05039441368218629E-003	3.06113904781038807E-003	9.89255365871798652E-004	2.25551063432084852E-003	1.61229309929662658E-003	-1	6.43217535024221939E-004	-1	OK
88.750000000000000	6.20487097535355088E-003	3.98700072426830341E-003	3.01347475570954608E-003	9.73525968558757327E-004	2.21787025108524704E-003	1.58517520696563677E-003	-1	6.32695044119610268E-004	-1	OK
89.000000000000000	6.10570601534661094E-003	3.92475423785119612E-003	2.96666856298117123E-003	9.58085674870025003E-004	2.18095177749541482E-003	1.55858029742292781E-003	-1	6.22371480072487007E-004	-1	OK
89.250000000000000	6.00837114793003387E-003	3.86363130046040327E-003	2.92070288614235509E-003	9.42928414318048506E-004	2.14473984746963060E-003	1.53248753743942361E-003	-1	6.12252310030206998E-004	-1	OK
89.500000000000000	5.91281982355731928E-003	3.80360880648763708E-003	2.87556055634297352E-003	9.28048250144662148E-004	2.10921101706968220E-003	1.50689428327698861E-003	-1	6.02316733792693584E-004	-1	OK
89.750000000000000	5.81895449229134082E-003	3.74466417719262297E-003	2.83122477885084387E-003	9.13439398341778339E-004	2.07429031509871742E-003	1.48179075052435705E-003	-1	5.92499564574360373E-004	-1	OK
90.000000000000000	5.72686603232184285E-003	3.68677535947860421E-003	2.78767917869198736E-003	8.99096180786617067E-004	2.04009067284323864E-003	1.45717028725656211E-003	-1	5.82920385586676530E-004	-1	OK
90.250000000000000	5.63645916108722507E-003	3.62992089304401896E-003	2.74490773952949189E-003	8.85013153514526102E-004	2.00653826804320611E-003	1.43301902307879604E-003	-1	5.73519244964410067E-004	-1	OK
90.500000000000000	5.54769875826503778E-003	3.57407978611015871E-003	2.70289482344220327E-003	8.71184962667955008E-004	1.97361897215487907E-003	1.40932624675965093E-003	-1	5.64292725395228135E-004	-1	OK
90.750000000000000	5.46055119533911046E-003	3.51923175248611969E-003	2.66162517954337619E-003	8.57606572942744803E-004	1.94131944285299098E-003	1.38608253290710610E-003	-1	5.55236909945884885E-004	-1	OK
91.000000000000000	5.37498334865355119E-003	3.46535673536476057E-003	2.62108385585787954E-003	8.44272879506881247E-004	1.90962661328879062E-003	1.36327834567890075E-003	-1	5.46348267609889863E-004	-1	OK
91.250000000000000	5.29096240526127221E-003	3.41243503055335250E-003	2.58125621386837926E-003	8.31178816684974547E-004	1.87852737470792014E-003	1.34090428706707234E-003	-1	5.37623087640847798E-004	-1	OK
91.500000000000000	5.20845762262201785E-003	3.36044744615532961E-003	2.54212795655058259E-003	8.18319489604747664E-004	1.84801017646668867E-003	1.31895119584501583E-003	-1	5.29058980621672842E-004	-1	OK
91.750000000000000	5.12743716145643447E-003	3.30937519004954146E-003	2.50368510645620395E-003	8.05690083593337079E-004	1.81806197140689280E-003	1.29741013664221895E-003	-1	5.20651834764673848E-004	-1	OK
92.000000000000000	5.04787010154032940E-003	3.25919978423771422E-003	2.46591397260640527E-003	7.93285811631308621E-004	1.78867031730261541E-003	1.27627232695957612E-003	-1	5.12397990343039286E-004	-1	OK
92.250000000000000	4.96972684929278350E-003	3.20990324576789568E-003	2.42880121925491540E-003	7.81102026512980061E-004	1.75982360352488760E-003	1.25552909749540044E-003	-1	5.04294506029487159E-004	-1	OK
92.500000000000000	4.89302012909609979E-003	3.16146821244590783E-003	2.39233380900324153E-003	7.69134403442666196E-004	1.73155191665019196E-003	1.23517646578790645E-003	-1	4.96375450862285511E-004	-1	OK
92.750000000000000	4.81763878812662555E-003	3.11387748664957668E-003	2.35649898194937799E-003	7.57378504700198258E-004	1.70376130147704844E-003	1.21520337632009118E-003	-1	4.88557925156957260E-004	-1	OK
93.000000000000000	4.74359863451020124E-003	3.06711442558856191E-003	2.32128429200269444E-003	7.45830133585867580E-004	1.67648420892163976E-003	1.19560044023637514E-003	-1	4.80883768685264621E-004	-1	OK
93.250000000000000	4.67087086134670808E-003	3.02116268432559574E-003	2.28667755087106662E-003	7.34485133454528785E-004	1.64970817702111191E-003	1.17635990501505040E-003	-1	4.73348272006061509E-004	-1	OK
93.500000000000000	4.59942943955842388E-003	2.97600647204340502E-003	2.25266685463811804E-003	7.23339617405287195E-004	1.62342296751501864E-003	1.15747420138805719E-003	-1	4.65948766126961450E-004	-1	OK
93.750000000000000	4.52924898178750420E-003	2.93163023418418480E-003	2.21924054124853377E-003	7.12389692935651254E-004	1.59761874760331918E-003	1.13893594218583629E-003	-1	4.58682805417482894E-004	-1	OK
94.000000000000000	4.46030335736138407E-003	2.88801861926260735E-003	2.18638717901839660E-003	7.01631440244210747E-004	1.57228473809877672E-003	1.12073791128735798E-003	-1	4.51546826811418745E-004	-1	OK
94.250000000000000	4.39256820427018704E-003	2.84515653933260261E-003	2.15409558016867826E-003	6.91060959163924461E-004	1.54741166493758465E-003	1.10287185882231367E-003	-1	4.44539806115270978E-004	-1	OK
94.500000000000000	4.32597176368801004E-003	2.80302920005247227E-003	2.12235480399347327E-003	6.80674396058998459E-004	1.52294256363553820E-003	1.08533151571229246E-003	-1	4.37611047923245743E-004	-1	OK
94.750000000000000	4.26063109087002068E-003	2.76162242455949610E-003	2.09115418853831258E-003	6.70468236021183844E-004	1.49900866631052457E-003	1.06811020189150670E-003	-1	4.30898464419017871E-004	-1	OK
95.000000000000000	4.19638350921427723E-003	2.72092218413163287E-003	2.06048327630411641E-003	6.60438907827516457E-004	1.47546132508264436E-003	1.05120048473783707E-003	-1	4.24260840344807284E-004	-1	OK
95.250000000000000	4.13325373030071393E-003	2.68091485205146840E-003	2.03033185710445275E-003	6.50582994947016295E-004	1.45233887824924531E-003	1.03459854474517265E-003	-1	4.17740333504072660E-004	-1	OK
95.500000000000000	4.07122014007866087E-003	2.64158696813105885E-003	2.00068991459081231E-003	6.40897053540246753E-004	1.42963317194760202E-003	1.01829704909693316E-003	-1	4.11336122850668867E-004	-1	OK
95.750000000000000	4.01023504569944945E-003	2.60292536333352892E-003	1.97154765091432562E-003	6.31377712419203948E-004	1.40730968236592053E-003	1.00228957470741096E-003	-1	4.05020107658509571E-004	-1	OK
96.000000000000000	3.95033165731941815E-003	2.56491723364680362E-003	1.94289549848103448E-003	6.22021735165769569E-004	1.38541442367261431E-003	9.86570649362889830E-004	-1	3.98843774309724482E-004	-1	OK
96.250000000000000	3.89145996339936885E-003	2.52755002007532415E-003	1.91472407182726573E-003	6.12825948248058527E-004	1.36390994332404448E-003	9.71135684326487328E-004	-1	3.92774258997557156E-004	-1	OK
96.500000000000000	3.83359981633344489E-003	2.49081134867464200E-003	1.88702419708167211E-003	6.03787151592969891E-004	1.34278846765880288E-003	9.55980148958953508E-004	-1	3.86808318699849375E-004	-1	OK
96.750000000000000	3.77673133780461953E-003	2.45468917973937998E-003	1.85978689590385608E-003	5.94902283835523895E-004	1.32204215806523955E-003	9.41095459831050056E-004	-1	3.80946698234189496E-004	-1	OK
97.000000000000000	3.72081235619432359E-003	2.41917165283318325E-003	1.83300338060983026E-003	5.86168272223353318E-004	1.30164070336114056E-003	9.26476146633779525E-004	-1	3.75164556727361031E-004	-1	OK
97.250000000000000	3.66587339627099263E-003	2.38424748099543352E-003	1.80666508990764193E-003	5.77582391087791912E-004	1.28162591527555933E-003	9.12117063573824206E-004	-1	3.69508851701735126E-004	-1	OK
97.500000000000000	3.61186969424448848E-003	2.34990535518529720E-003	1.78076358965810672E-003	5.69141765527190796E-004	1.26196433905919150E-003	8.98012944013150427E-004	-1	3.63951395046041072E-004	-1	OK
97.750000000000000	3.55878289282464573E-003	2.31613415678890051E-003	1.75529063399912973E-003	5.60843522789771214E-004	1.24264873603574543E-003	8.84158506413168575E-004	-1	3.58490229622576858E-004	-1	OK
98.000000000000000	3.50659471312995269E-003	2.28292311822812788E-003	1.73023815698391029E-003	5.52684961244217371E-004	1.22367159490182503E-003	8.70548779651361009E-004	-1	3.53122815250464018E-004	-1	OK
98.250000000000000	3.45528631364084779E-003	2.25026154193262804E-003	1.70559825583624760E-003	5.44663286096379795E-004	1.20502477170821997E-003	8.57178934517159293E-004	-1	3.47845837191060672E-004	-1	OK
98.500000000000000	3.40480411888780584E-003	2.21813916368528586E-003	1.68136322535421918E-003	5.36775938331066895E-004	1.18666495520252020E-003	8.44044059284223321E-004	-1	3.42620895918296876E-004	-1	OK
98.750000000000000	3.35520970654930089E-003	2.18654581419191812E-003	1.65752549605474868E-003	5.29020318137169224E-004	1.16866389235738277E-003	8.31139431617707123E-004	-1	3.37524460739675649E-004	-1	OK
99.000000000000000	3.30644766440721903E-003	2.15547169760605967E-003	1.63407770101112117E-003	5.21393996594938396E-004	1.15097596680115957E-003	8.18460627779699123E-004	-1	3.32515339021460452E-004	-1	OK
99.250000000000000	3.25850212000062655E-003	2.12490727274868268E-003	1.61101260756074194E-003	5.13894665187940086E-004	1.13359484725194387E-003	8.06003188241420404E-004	-1	3.27591659010523467E-004	-1	OK
99.500000000000000	3.21143506992743136E-003	2.09484297837939744E-003	1.58832311237568709E-003	5.06519866003710345E-004	1.11659209154803415E-003	7.93762758248981013E-004	-1	3.22829333299053133E-004	-1	OK
99.750000000000000	3.16507424912090655E-003	2.06526955371285617E-003	1.56600227037588828E-003	4.99267283336967457E-004	1.09980469540805060E-003	7.81735076665620015E-004	-1	3.18069618742430589E-004	-1	OK
100.00000000000000	3.11948446597451381E-003	2.03617781448162637E-003	1.54404326323706207E-003	4.92134551244563967E-004	1.08330665149288766E-003	7.69915972543604708E-004	-1	3.13390678949282951E-004	-1	OK
