#pt	totcs	totdirect	directLO	directNLO	totfrag	fragLO	err_fragLO	fragNLO	err_fragNLO	errmess
0.50000000000000000	-916111878.36639965	-718920080.33253813	33163947.392786659	-752084027.72532475	-197191798.03386149	144471878.82880712	-1	-341663676.86266863	-1	Error
0.75000000000000000	48049383.179460220	-12499038.777367197	3210882.9767209021	-15709921.754088098	60548421.956827417	24931828.822255280	-1	35616593.134572133	-1	Error
1.0000000000000000	32981025.573074095	983367.63357843645	726597.93955063226	256769.69402780689	31997657.939495657	7179868.3399671111	-1	24817789.599528544	-1	Error
1.2500000000000000	14210443.323597685	938490.63202301506	240434.08925285653	698056.54277015862	13271952.691574669	2739785.0438715946	-1	10532167.647703074	-1	Error
1.5000000000000000	7061764.8343886826	585276.38093026308	133530.06912750617	451746.31180275674	6476488.4534584191	1389211.8711511968	-1	5087276.5823072223	-1	Error
1.7500000000000000	4282127.7373400936	417545.62084595195	121285.74179499237	296259.87905095989	3864582.1164941415	1007905.2543599657	-1	2856676.8621341758	-1	Error
2.0000000000000000	2667504.0569603248	294412.42278178874	98613.183579632940	195799.23920215585	2373091.6341785360	693152.85538843158	-1	1679938.7787901044	-1	Error
2.2500000000000000	1657063.4528342357	209055.44198572845	77224.564298296900	131830.87768743155	1448008.0108485073	475522.18209657783	-1	972485.82875192945	-1	Error
2.5000000000000000	1063975.2381418990	150486.08656025951	59792.294205335318	90693.792354924240	913489.15158163954	328191.34335872193	-1	585297.80822291761	-1	Error
2.7500000000000000	707144.13328001671	110039.12034128746	46289.922956223643	63749.197385063810	597105.01293872925	229859.00177608925	-1	367246.01116264000	-1	Error
3.0000000000000000	480038.01322637440	81727.854081007536	36005.956040511788	45721.898040495769	398310.15914536687	163941.87585359541	-1	234368.28329177145	-1	Error
3.2500000000000000	335098.08938447543	61624.092412372600	28211.996062420912	33412.096349951680	273473.99697210285	118658.80532003412	-1	154815.19165206872	-1	Error
3.5000000000000000	240339.28950658330	47124.552318076778	22287.680847445648	24836.871470631129	193214.73718850652	87393.249548433218	-1	105821.48764007330	-1	Error
3.7500000000000000	175772.68130302749	36510.611018537908	17758.424271237498	18752.186747300406	139262.07028448960	65421.319448245355	-1	73840.750836244246	-1	Error
4.0000000000000000	130843.31464327419	28640.228432988471	14276.035243031385	14364.193189957085	102203.08621028572	49693.067746473629	-1	52510.018463812092	-1	OK
4.2500000000000000	98509.110474880174	22707.976155908014	11565.726327796076	11142.249828111946	75801.134318972167	38242.586086197698	-1	37558.548232774468	-1	OK
4.5000000000000000	75537.921552910178	18172.925566914480	9433.9277448937319	8738.9978220207486	57364.995985995694	29752.902491044566	-1	27612.093494951128	-1	OK
4.7500000000000000	58826.050943463808	14668.162712305446	7744.7452470401558	6923.4174652652846	44157.888231158366	23388.438540597163	-1	20769.449690561203	-1	OK
5.0000000000000000	46272.274559652898	11937.895528856981	6400.0811450159672	5537.8143838410106	34334.379030795913	18567.740637208208	-1	15766.638393587706	-1	OK
6.0000000000000000	19571.041119239995	5647.4658510344188	3179.5518595870590	2467.9139914473585	13923.575268205575	8051.0462406486376	-1	5872.5290275569378	-1	OK
7.0000000000000000	9407.4970743539416	2950.1390450036924	1721.9666621343163	1228.1723828693762	6457.3580293502491	3918.2601270541536	-1	2539.0979022960955	-1	OK
8.0000000000000000	4972.7454729163956	1661.3750724808947	997.14389821100065	664.23117426989347	3311.3704004355009	2078.6292333158126	-1	1232.7411671196883	-1	OK
9.0000000000000000	2822.2632025745111	992.81932125445928	609.33762008365306	383.48170117080656	1829.4438813200518	1182.9547208494994	-1	646.48916047055241	-1	OK
10.000000000000000	1694.4884860662278	622.47965924826894	389.12636017096600	233.35329907730298	1072.0088268179588	712.05906968285296	-1	359.94975713510587	-1	OK
11.000000000000000	1068.3296267850892	406.04530957384844	257.77471741446618	148.27059215938220	662.28431721124070	448.04160900401234	-1	214.24270820722836	-1	OK
12.000000000000000	699.70305328009385	273.83334118080722	176.14897793773986	97.684363243067352	425.86971209928663	292.67785756197048	-1	133.19185453731615	-1	OK
13.000000000000000	473.67882639999459	189.98482839367713	123.61704554375926	66.367782849917802	283.69399800631743	197.18017540996811	-1	86.513822596349314	-1	OK
14.000000000000000	329.35388487867687	135.07297929260025	88.773180060768524	46.299799231831734	194.28090558607661	136.45271019419479	-1	57.828195391881820	-1	OK
15.000000000000000	234.38091198812356	98.099031988524374	65.047841475141652	33.051190513382721	136.28187999959920	96.788525827423044	-1	39.493354172176154	-1	OK
16.000000000000000	170.37940431723695	72.592705676768688	48.518109162855076	24.074596513913569	97.786698640468273	69.882865951569983	-1	27.903832688898291	-1	OK
17.000000000000000	126.06384155985486	54.617390488272612	36.765457669832003	17.851932818440623	71.446451071582246	51.472585107514597	-1	19.973865964067649	-1	OK
18.000000000000000	94.910941921520788	41.706263389186205	28.256394807985430	13.449868581200780	53.204678532334583	38.540624546297423	-1	14.664053986037160	-1	OK
19.000000000000000	72.497268155338617	32.273643029772096	21.994813845862559	10.278829183909536	40.223625125566521	29.273117260120330	-1	10.950507865446191	-1	OK
20.000000000000000	56.075415255346684	25.276220872699550	17.319111106255590	7.9571097664439598	30.799194382647133	22.527887321619112	-1	8.2713070610280219	-1	OK
22.500000000000000	31.039327006349321	14.361466020388299	9.9562007366785448	4.4052652837097552	16.677860985961022	12.303220970867210	-1	4.3746400150938118	-1	OK
25.000000000000000	18.233565477904385	8.6196871336936880	6.0340268110271733	2.5856603226665174	9.6138783442106988	7.1307821760589469	-1	2.4830961681517518	-1	OK
27.500000000000000	11.220660202992049	5.4107625785228164	3.8189921827762223	1.5917703957465965	5.8098976244692322	4.3285344386317535	-1	1.4813631858374787	-1	OK
30.000000000000000	7.1896761696342937	3.5258602066112745	2.5062848093234771	1.0195753972877959	3.6638159630230192	2.7411366017980066	-1	0.92267936122501260	-1	OK
32.500000000000000	4.7665873140792243	2.3715409991168848	1.6961930058532921	0.67534799326359263	2.3950463149623391	1.7964008343070825	-1	0.59864548065525658	-1	OK
35.000000000000000	3.2506497774598651	1.6390916785876912	1.1787125089650390	0.46037916962265246	1.6115580988721738	1.2122005060580561	-1	0.39935759281411776	-1	OK
37.500000000000000	2.2720677431038254	1.1598919772286114	0.83814626176600315	0.32174571546260844	1.1121757658752143	0.83899732286045736	-1	0.27317844301475691	-1	OK
40.000000000000000	1.6238550687038991	0.83792733718165713	0.60811865250650288	0.22980868467515378	0.78592773152224193	0.59402065064492415	-1	0.19190708087731778	-1	OK
42.500000000000000	1.1829817075199571	0.61649227120445449	0.44916456530968429	0.16732770589477011	0.56648943631550275	0.42876444898283950	-1	0.13772498733266325	-1	OK
45.000000000000000	0.87661771112826126	0.46101179961999550	0.33707754162254350	0.12393425799745204	0.41560591150826576	0.31491814174780003	-1	0.10068776976046573	-1	OK
47.500000000000000	0.65962827370074106	0.34980754512725121	0.25659738889920813	9.32101562280430868E-002	0.30982072857348986	0.23490560732309437	-1	7.49151212503954833E-002	-1	OK
50.000000000000000	0.50324312191423415	0.26894032868437212	0.19786448070828169	7.10758479760904283E-002	0.23430279322986197	0.17770464659909008	-1	5.65981466307718950E-002	-1	OK
52.500000000000000	0.38859345659977873	0.20924549314574623	0.15436758774045833	5.48779054052878634E-002	0.17934796345403251	0.13615343934181434	-1	4.31945241122181633E-002	-1	OK
55.000000000000000	0.30359165661295517	0.16457538102369007	0.12172049666497467	4.28548843587154213E-002	0.13901627558926510	0.10553146983046471	-1	3.34848057588003900E-002	-1	OK
57.500000000000000	0.23962541117404462	0.13073146499849450	9.69166651045740568E-002	3.38147998939204580E-002	0.10889394617555011	8.26582012981092462E-002	-1	2.62357448774408614E-002	-1	OK
60.000000000000000	0.19093316707866054	0.10479692693495402	7.78603762411128331E-002	2.69365506938412137E-002	8.61362401437065356E-002	6.53693933477049044E-002	-1	2.07668467960016312E-002	-1	OK
62.500000000000000	0.15346141194283289	8.47148770692046776E-002	6.30689033200704519E-002	2.16459737491341946E-002	6.87465348736282095E-002	5.21617806806401740E-002	-1	1.65847541929880354E-002	-1	OK
65.000000000000000	0.12433872938476626	6.90144077026745018E-002	5.14786617569104946E-002	1.75357459457640003E-002	5.53243216820917469E-002	4.19679098456790314E-002	-1	1.33564118364127155E-002	-1	OK
67.500000000000000	0.10149538601021324	5.66299003300509557E-002	4.23169318541311776E-002	1.43129684759197903E-002	4.48654856801622773E-002	3.40256714773663413E-002	-1	1.08398142027959360E-002	-1	OK
70.000000000000000	8.34264274189106814E-002	4.67798159213184753E-002	3.50156291568297917E-002	1.17641867644886697E-002	3.66466114975922061E-002	2.77837510790462927E-002	-1	8.86286041854591339E-003	-1	OK
72.500000000000000	6.90173346396542597E-002	3.88849093616328578E-002	2.91526753206866607E-002	9.73223404094617807E-003	3.01324252780213950E-002	2.28387490612678296E-002	-1	7.29367621675356542E-003	-1	OK
75.000000000000000	5.74433202904555407E-002	3.25115051153511553E-002	2.44112980568056033E-002	8.10020705854555545E-003	2.49318151751043819E-002	1.88902219247846954E-002	-1	6.04159325031968647E-003	-1	OK
77.500000000000000	4.80820653318090388E-002	2.73317102151602112E-002	2.05514732495770437E-002	6.78023696558317270E-003	2.07503551166488276E-002	1.57153382803544607E-002	-1	5.03501683629436689E-003	-1	OK
80.000000000000000	4.04614624648563792E-002	2.30954219047112864E-002	1.73897357468727545E-002	5.70568615783853973E-003	1.73660405601450962E-002	1.31454866634681446E-002	-1	4.22055389667695159E-003	-1	OK
82.500000000000000	3.42175306816044841E-002	1.96102233064438525E-002	1.47846707951579896E-002	4.82555251128585945E-003	1.46073073751606317E-002	1.10518985323452505E-002	-1	3.55540884281538121E-003	-1	OK
85.000000000000000	2.90412434175657576E-002	1.67268850621231785E-002	1.26264008436684609E-002	4.10048421845472019E-003	1.23143583554425791E-002	9.33658132860419251E-003	-1	2.97777702683838658E-003	-1	OK
87.500000000000000	2.47846850561595292E-002	1.43288620269470413E-002	1.08289674268036602E-002	3.49989460014338500E-003	1.04558230292124896E-002	7.92336398289955786E-003	-1	2.53245904631293171E-003	-1	OK
90.000000000000000	2.12408979736196796E-002	1.23245528880704825E-002	9.32469787038785365E-003	2.99985501768263146E-003	8.91634508554919707E-003	6.75273832574320703E-003	-1	2.16360675980599004E-003	-1	OK
92.500000000000000	1.82761380192188287E-002	1.06414404222968852E-002	8.05993078058415621E-003	2.58150964171273162E-003	7.63469759692194435E-003	5.77838777123973121E-003	-1	1.85630982568221314E-003	-1	OK
95.000000000000000	1.57844701772852300E-002	9.22175799368690416E-003	6.99185753889946821E-003	2.22990045478743465E-003	6.56271218359832757E-003	4.96384351897155140E-003	-1	1.59886866462677617E-003	-1	OK
97.500000000000000	1.36809013177639389E-002	8.01921546166990337E-003	6.08612293898375730E-003	1.93309252268614737E-003	5.66168585609403644E-003	4.28009717375002745E-003	-1	1.38158868234400899E-003	-1	OK
100.00000000000000	1.18996571949671961E-002	6.99652178386511378E-003	5.31500598287852101E-003	1.68151580098659147E-003	4.90313541110208324E-003	3.70368820596844121E-003	-1	1.19944720513364203E-003	-1	OK
105.00000000000000	9.08282077954186869E-003	5.37538945640729082E-003	4.09082168327627380E-003	1.28456777313101680E-003	3.70743132313457830E-003	2.79562813464489298E-003	-1	9.11803188489685324E-004	-1	OK
110.00000000000000	7.01792108902354623E-003	4.17740154456545162E-003	3.18441795087552387E-003	9.92983593689927965E-004	2.84051954445809461E-003	2.13998368169858065E-003	-1	7.00535862759513964E-004	-1	OK
115.00000000000000	5.48125389485983831E-003	3.28052148504106786E-003	2.50461841125144231E-003	7.75903073789625439E-004	2.20073240981877045E-003	1.65631932849066897E-003	-1	5.44413081328101473E-004	-1	OK
120.00000000000000	4.32259271990896414E-003	2.60103850772603349E-003	1.98874009609080167E-003	6.12298411635232029E-004	1.72155421218293065E-003	1.29505707566557890E-003	-1	4.26497136517351751E-004	-1	OK
125.00000000000000	3.44087055696631894E-003	2.08061725293540471E-003	1.59300375963216615E-003	4.87613493303238124E-004	1.36025330403091423E-003	1.02217772251051212E-003	-1	3.38075581520402109E-004	-1	OK
130.00000000000000	2.76200086594555281E-003	1.67798208727909623E-003	1.28638232708544811E-003	3.91599760193648552E-004	1.08401877866645658E-003	8.13858263009593582E-004	-1	2.70160515656862996E-004	-1	OK
135.00000000000000	2.23447719873214479E-003	1.36355126494552619E-003	1.04660118239555339E-003	3.16950082549973075E-004	8.70925933786618708E-004	6.53244239937191191E-004	-1	2.17681693849427517E-004	-1	OK
140.00000000000000	1.82032846500413282E-003	1.11586460510717687E-003	8.57474454994460182E-004	2.58390150112716905E-004	7.04463859896956057E-004	5.28267079359682795E-004	-1	1.76196780537273261E-004	-1	OK
145.00000000000000	1.49300392311633350E-003	9.19178031448421111E-004	7.07105776156810996E-004	2.12072255291610089E-004	5.73825891667912279E-004	4.30185292806620667E-004	-1	1.43640598861291611E-004	-1	OK
150.00000000000000	1.23260368161919997E-003	7.61817068335726754E-004	5.86659347603767068E-004	1.75157720731959442E-004	4.70786613283473107E-004	3.52601621308997111E-004	-1	1.18184991974475996E-004	-1	OK
160.00000000000000	8.54240826875957929E-004	5.32196355243032227E-004	4.10625026156656451E-004	1.21571329086375696E-004	3.22044471632925756E-004	2.40103390649951543E-004	-1	8.19410809829742128E-005	-1	OK
170.00000000000000	6.04851806033609432E-004	3.79394557415803748E-004	2.93246929101864554E-004	8.61476283139391534E-005	2.25457248617805684E-004	1.67730290130578845E-004	-1	5.77269584872268393E-005	-1	OK
180.00000000000000	4.36261783624638014E-004	2.75382946755345142E-004	2.13199479134375231E-004	6.21834676209699790E-005	1.60878836869292845E-004	1.19433207021061718E-004	-1	4.14456298482311273E-005	-1	OK
190.00000000000000	3.19913299842880950E-004	2.03134422632919435E-004	1.57501734539500942E-004	4.56326880934184589E-005	1.16778877209961502E-004	8.65120768498911573E-005	-1	3.02668003600703445E-005	-1	OK
200.00000000000000	2.38079265843741506E-004	1.52028536416466112E-004	1.18041538262910931E-004	3.39869981535551602E-005	8.60507294272753944E-005	6.36400753724157271E-005	-1	2.24106540548596673E-005	-1	OK
