#pt	totcs	totdirect	directLO	directNLO	totfrag	fragLO	err_fragLO	fragNLO	err_fragNLO	errmess
0.50000000000000000	-319932271.63519329	-122740473.60133182	14479410.831342952	-137219884.43267477	-197191798.03386149	144471878.82880712	-1	-341663676.86266863	-1	Error
0.75000000000000000	64645555.153013676	-4357421.4809639417	2627834.5874363924	-6985256.0684003364	69002976.633977622	27808097.003813833	-1	41194879.630163789	-1	Error
1.0000000000000000	33609499.084312275	-472095.90052208491	2027803.3925197194	-2499899.2930418039	34081594.984834358	14901959.992417444	-1	19179634.992416915	-1	Error
1.2500000000000000	18064446.365094829	184690.90524165798	1268247.4705398944	-1083556.5652982362	17879755.459853172	7436628.5281491475	-1	10443126.931704026	-1	Error
1.5000000000000000	8839914.1993947327	258012.87816371536	783568.70181821042	-525555.82365449378	8581901.3212310169	3872283.5285603362	-1	4709617.7926706802	-1	Error
1.7500000000000000	4678556.9325549193	219253.72119484935	495685.68229612411	-276431.96110127500	4459303.2113600699	2141423.5420319024	-1	2317879.6693281676	-1	Error
2.0000000000000000	2641263.5235417616	168511.39120726450	323526.65027036140	-155015.25906309698	2472752.1323344973	1249519.4358002816	-1	1223232.6965342157	-1	Error
2.2500000000000000	1596692.0838560266	126026.32503162185	217325.19646000187	-91298.871428379760	1470665.7588244048	763313.00197590224	-1	707352.75684850255	-1	Error
2.5000000000000000	1005281.7145207806	93786.259199416207	149560.53351071916	-55774.274311302892	911495.45532136434	485504.87982364930	-1	425990.57549771504	-1	Error
2.7500000000000000	655121.79770570353	70242.657429896528	105481.22480196228	-35238.567372065656	584879.14027580700	319936.59389053617	-1	264942.54638527083	-1	Error
3.0000000000000000	440212.56525161513	53181.920624943945	76150.548267449965	-22968.627642505999	387030.64462667122	217219.47089236337	-1	169811.17373430784	-1	Error
3.2500000000000000	306394.61707566044	40746.748164328746	56121.818930255744	-15375.070765926977	265647.86891133169	152062.80771997332	-1	113585.06119135837	-1	Error
3.5000000000000000	219280.31124695617	31585.472279588881	42111.997800184727	-10526.525520595880	187694.83896736728	109680.09571354013	-1	78014.743253827153	-1	Error
3.7500000000000000	160392.65515638981	24758.081667309627	32107.592110855770	-7349.5104435461526	135634.57348908018	80084.977672659312	-1	55549.595816420871	-1	Error
4.0000000000000000	119362.37455200382	19611.122819094075	24831.171695465691	-5220.0488763716367	99751.251732909746	59504.398419510151	-1	40246.853313399595	-1	OK
4.2500000000000000	90290.823882225246	15689.379393443349	19453.128823556548	-3763.7494301132006	74601.444488781897	44935.240956444926	-1	29666.203532336971	-1	OK
4.5000000000000000	69308.109647301011	12668.761805247777	15418.693789032253	-2749.9319837844687	56639.347842053234	34448.679895402893	-1	22190.667946650341	-1	OK
4.7500000000000000	53953.087670879773	10317.951537242097	12350.838715713422	-2032.8871784713301	43635.136133637672	26769.857903650882	-1	16865.278229986790	-1	OK
5.0000000000000000	42471.925911488681	8470.5586880411938	9989.0647192016804	-1518.5060311604905	34001.367223447487	21052.245860695319	-1	12949.121362752168	-1	OK
6.0000000000000000	18196.277853800973	4123.3353158682166	4636.3075095893491	-512.97219372113216	14072.942537932757	8913.8000060147097	-1	5159.1425319180471	-1	OK
7.0000000000000000	8815.7422311722694	2198.0580984365961	2386.9638542811235	-188.90575584452657	6617.6841327356742	4275.4644135853032	-1	2342.2197191503710	-1	OK
8.0000000000000000	4679.3285746868678	1257.2705717448684	1329.1469323532035	-71.876360608335105	3422.0580029419998	2244.3757033972729	-1	1177.6822995447269	-1	OK
9.0000000000000000	2670.6269929977088	760.77912842632782	787.10288322726979	-26.323754800942385	1909.8478645713808	1262.1739817184414	-1	647.67388285293941	-1	OK
10.000000000000000	1612.9032565332268	481.92303485157481	489.78130960863172	-7.8582747570568801	1130.9802216816520	750.99639794231814	-1	379.98382373933384	-1	OK
11.000000000000000	1018.6349059772358	317.09394937068629	317.44282283557544	-0.34887346488924914	701.54095660654946	467.92229710431491	-1	233.61865950223455	-1	OK
12.000000000000000	668.67080486430075	215.43618291540582	212.89205810566872	2.5441248097371565	453.23462194889493	303.65730718554443	-1	149.57731476335050	-1	OK
13.000000000000000	453.44657747904751	150.43631946416531	146.98258732035472	3.4537321438106074	303.01025801488220	203.16112720472918	-1	99.849130810153014	-1	OK
14.000000000000000	315.78319759495696	107.56483046919962	104.04590698768358	3.5189234815160164	208.21836712575731	139.78152950395929	-1	68.436837621798020	-1	OK
15.000000000000000	225.20261845681844	78.516760705980289	75.270382743994531	3.2463779619857562	146.68585775083815	98.325795167540079	-1	48.360062583298074	-1	OK
16.000000000000000	163.86731865760871	58.365580405261156	55.502476795624119	2.8631036096370419	105.50173825234755	70.768459051969174	-1	34.733279200378377	-1	OK
17.000000000000000	121.39602240665488	44.092611201290445	41.623647157581324	2.4689640437091191	77.303411205364441	51.892347906150626	-1	25.411063299213815	-1	OK
18.000000000000000	91.358442672043225	33.794574883947213	31.689388204668898	2.1051866792783227	57.563867788096012	38.679327909490908	-1	18.884539878605104	-1	OK
19.000000000000000	69.783453104605258	26.240204215435060	24.454689827331993	1.7855143881030695	43.543248889170194	29.259333526811538	-1	14.283915362358655	-1	OK
20.000000000000000	54.063101790815828	20.615125375064828	19.103505606762898	1.5116197683019210	33.447976415751000	22.433780831561656	-1	11.014195584189345	-1	OK
22.500000000000000	29.927229658023830	11.793171661008529	10.792516397795728	1.0006552632128007	18.134057997015301	12.148372700657548	-1	5.9856852963577527	-1	OK
25.000000000000000	17.569515168007683	7.1187285922240786	6.4459575491509051	0.67277104307317170	10.450786575783606	6.9896682846681681	-1	3.4611182911154383	-1	OK
27.500000000000000	10.815431195316553	4.4904602070742818	4.0290105067444886	0.46144970032978988	6.3249709882422698	4.2268564500139210	-1	2.0981145382283488	-1	OK
30.000000000000000	6.9279468697063749	2.9385759628436898	2.6155162657101894	0.32305969713350069	3.9893709068626850	2.6637367835103896	-1	1.3256341233522955	-1	OK
32.500000000000000	4.5866800148291578	1.9838731300946213	1.7532373697714796	0.23063576032314168	2.6028068847345360	1.7377606334907010	-1	0.86504625124383505	-1	OK
35.000000000000000	3.1267952037272631	1.3756707743647481	1.2080063346410153	0.16766443972373299	1.7511244293625152	1.1678939842818670	-1	0.58323044508064825	-1	OK
37.500000000000000	2.1853859149150838	0.97636368500397708	0.85243543938879940	0.12392824561517765	1.2090222299111069	0.80538868138844666	-1	0.40363354852266020	-1	OK
40.000000000000000	1.5608831497075182	0.70723338943886993	0.61423349785783921	9.29998915810308774E-002	0.85364976026864825	0.56812497375891824	-1	0.28552478650973001	-1	OK
42.500000000000000	1.1364614620345337	0.52160731274612837	0.45084554221479184	7.07617705313367124E-002	0.61485414928840532	0.40861382959700776	-1	0.20624031969139756	-1	OK
45.000000000000000	0.84139065613465003	0.39092624766790973	0.33640164741680539	5.45246002511043173E-002	0.45046440846674035	0.29907860133433523	-1	0.15138580713240513	-1	OK
47.500000000000000	0.63275199320255482	0.29723293652616312	0.25473153714826891	4.25013993778941834E-002	0.33551905667639170	0.22239425849377778	-1	0.11312479818261392	-1	OK
50.000000000000000	0.48241285143081619	0.22894773642558397	0.19546574102134984	3.34819954042341328E-002	0.25346511500523222	0.16773909368005052	-1	8.57260213251817005E-002	-1	OK
52.500000000000000	0.37238892603093110	0.17843742717180944	0.15180322726340342	2.66341999084059970E-002	0.19395149885912169	0.12815868882516479	-1	6.57928100339569000E-002	-1	OK
55.000000000000000	0.29071925779042573	0.14057007756555720	0.11919216147397932	2.13779160915778116E-002	0.15014918022486851	9.90741829033830457E-002	-1	5.10749973214854602E-002	-1	OK
57.500000000000000	0.22931724120054814	0.11183079968925989	9.45287708101845009E-002	1.73020288790754068E-002	0.11748644151128826	7.74141678451213677E-002	-1	4.00722736661668910E-002	-1	OK
60.000000000000000	0.18260431536469673	8.97724213738010368E-002	7.56611714143044650E-002	1.41112499594965492E-002	9.28318939908956836E-002	6.10876599360391653E-002	-1	3.17442340548565183E-002	-1	OK
62.500000000000000	0.14668291682795861	7.26659314950246077E-002	6.10746795133796372E-002	1.15912519816449618E-002	7.40169853329340072E-002	4.86406560337230773E-002	-1	2.53763292992109299E-002	-1	OK
65.000000000000000	0.11878218634259326	5.92727157294898124E-002	4.96879828688361475E-002	9.58473286065367365E-003	5.95094706131034448E-002	3.90533660489063225E-002	-1	2.04561045641971223E-002	-1	OK
67.500000000000000	9.69048576242085014E-002	4.86940180428786507E-002	4.07190041451745907E-002	7.97501389770404953E-003	4.82108395813298576E-002	3.15993532949952402E-002	-1	1.66114862863346174E-002	-1	OK
70.000000000000000	7.96086770490440077E-002	4.02695267317037253E-002	3.35951828417348150E-002	6.67434388996891899E-003	3.93391503173402893E-002	2.57517673320193027E-002	-1	1.35873829853209865E-002	-1	OK
72.500000000000000	6.58242859408285363E-002	3.35089655869667824E-002	2.78927018397044056E-002	5.61626374726237072E-003	3.23153203538617539E-002	2.11272485072691515E-002	-1	1.11880718465926024E-002	-1	OK
75.000000000000000	5.47574672639682541E-002	2.80448741775972780E-002	2.32947698837802850E-002	4.75010429381699829E-003	2.67125930863709796E-002	1.74422442384109047E-002	-1	9.27034884796007486E-003	-1	OK
77.500000000000000	4.57921999732465029E-002	2.35991424140215220E-002	1.95622734636532770E-002	4.03686895036824839E-003	2.21930575592249810E-002	1.44847998874581569E-002	-1	7.70825767176682407E-003	-1	OK
80.000000000000000	3.84876880400895627E-002	1.99593730732034388E-002	1.65130522124059993E-002	3.44632086079745036E-003	1.85283149668861273E-002	1.20954165210040449E-002	-1	6.43289844588208239E-003	-1	OK
82.500000000000000	3.25332761764826339E-002	1.69619356498050475E-002	1.40071371304486825E-002	2.95479851935636631E-003	1.55713405266775864E-002	1.01526599587307368E-002	-1	5.41868056794684964E-003	-1	OK
85.000000000000000	2.76299136175764543E-002	1.44798032498577658E-002	1.19361341359815291E-002	2.54366911387623540E-003	1.31501103677186884E-002	8.56356695413678162E-003	-1	4.58654341358190679E-003	-1	OK
87.500000000000000	2.35702073975488507E-002	1.24136420230734797E-002	1.02154812148475393E-002	2.19816080822593778E-003	1.11565653744753711E-002	7.24335350554596025E-003	-1	3.91321186892941084E-003	-1	OK
90.000000000000000	2.01918929638508909E-002	1.06852508132680036E-002	8.77874758761350987E-003	1.90650322565449329E-003	9.50664215058288908E-003	6.16510543610574498E-003	-1	3.34153671447714410E-003	-1	OK
92.500000000000000	1.73667879490363858E-002	9.23266556255611381E-003	7.57339911277037352E-003	1.65926644978573877E-003	8.13412238648027197E-003	5.26953915185438947E-003	-1	2.86458323462588250E-003	-1	OK
95.000000000000000	1.49935228755662935E-002	8.00647809735923789E-003	6.55763502707271389E-003	1.44884307028652379E-003	6.98704477820705563E-003	4.52175861657869941E-003	-1	2.46528616162835622E-003	-1	OK
97.500000000000000	1.29881066269007996E-002	6.96705982144154787E-003	5.69799140368615169E-003	1.26906841775539748E-003	6.02104680545925176E-003	3.89457495251924407E-003	-1	2.12647185294000769E-003	-1	OK
100.00000000000000	1.12928763825423193E-002	6.08246408098338243E-003	4.96753087898024488E-003	1.11493320200313712E-003	5.21041230155893688E-003	3.36641095476430735E-003	-1	1.84400134679462953E-003	-1	OK
105.00000000000000	8.61790102253556789E-003	4.67883740105001777E-003	3.81100645251346943E-003	8.67830948536548884E-004	3.93906362148554925E-003	2.54037664540219003E-003	-1	1.39868697608335922E-003	-1	OK
110.00000000000000	6.65459863141294392E-003	3.64024200644218199E-003	2.95766391348270844E-003	6.82578092959474302E-004	3.01435662497076149E-003	1.94064122998874951E-003	-1	1.07371539498201198E-003	-1	OK
115.00000000000000	5.19313749630928925E-003	2.86174840471048030E-003	2.31972382977094476E-003	5.42024574939534132E-004	2.33138909159880852E-003	1.49927176172514535E-003	-1	8.32117329873663164E-004	-1	OK
120.00000000000000	4.09394752735881516E-003	2.27128605087860338E-003	1.83707122375522270E-003	4.34214827123381166E-004	1.82266147648021200E-003	1.17034572922201214E-003	-1	6.52315747258199862E-004	-1	OK
125.00000000000000	3.25636633402467263E-003	1.81856679701334809E-003	1.46786928661921156E-003	3.50697510394136480E-004	1.43779953701132432E-003	9.22175304651268852E-004	-1	5.15624232360055467E-004	-1	OK
130.00000000000000	2.61254362824792953E-003	1.46795019068689161E-003	1.18256043693000914E-003	2.85389753756882852E-004	1.14459343756103771E-003	7.33007179307346027E-004	-1	4.11586258253691679E-004	-1	OK
135.00000000000000	2.11191139332806950E-003	1.19387436158365770E-003	9.59999072273653325E-004	2.33875289310004291E-004	9.18037031744411806E-004	5.87381371113134790E-004	-1	3.30655660631277016E-004	-1	OK
140.00000000000000	1.71980273164601839E-003	9.77776936405742522E-004	7.84866418364118796E-004	1.92910518041623807E-004	7.42025795240275755E-004	4.74245757160602212E-004	-1	2.67780038079673544E-004	-1	OK
145.00000000000000	1.41024819731116764E-003	8.06029702352325703E-004	6.45937089272504068E-004	1.60092613079821419E-004	6.04218494958842041E-004	3.85613497136937339E-004	-1	2.18604997821904702E-004	-1	OK
150.00000000000000	1.16344241949847306E-003	6.68514429291263172E-004	5.34892876882951261E-004	1.33621552408311911E-004	4.94927990207209888E-004	3.14558787511522511E-004	-1	1.80369202695687377E-004	-1	OK
160.00000000000000	8.05590511904380989E-004	4.67636315054938470E-004	3.73071848417578697E-004	9.45644666373598813E-005	3.37954196849442464E-004	2.14547093168429993E-004	-1	1.23407103681012471E-004	-1	OK
170.00000000000000	5.69845508501158637E-004	3.33775386004973016E-004	2.65571825276055755E-004	6.82035607289172073E-005	2.36070122496185648E-004	1.49547841362940347E-004	-1	8.65222811332453008E-005	-1	OK
180.00000000000000	4.10712265411916600E-004	2.42541425439823108E-004	1.92509585095308245E-004	5.00318403445149172E-005	1.68170839972093492E-004	1.06272442641660510E-004	-1	6.18983973304329825E-005	-1	OK
190.00000000000000	3.00975670825116522E-004	1.79094466130512583E-004	1.41830422192190702E-004	3.72640439383218472E-005	1.21881204694603926E-004	7.68343909508734845E-005	-1	4.50468137437304414E-005	-1	OK
200.00000000000000	2.23859394878112033E-004	1.34165291899147269E-004	1.06028676525897798E-004	2.81366153732494544E-005	8.96941029789647640E-005	5.63705849447871239E-005	-1	3.33235180341776401E-005	-1	OK
