#pt	totcs	totdirect	directLO	directNLO	totfrag	fragLO	err_fragLO	fragNLO	err_fragNLO	errmess
0.50000000000000000	29714253.532238990	-850083.45428659581	6597781.7758467468	-7447865.2301333416	30564336.986525588	9873702.2545537557	-1	20690634.731971830	-1	Error
0.75000000000000000	3984853.3620464392	757293.06247624173	1123273.6906511805	-365980.62817493855	3227560.2995701972	1038120.4565898007	-1	2189439.8429803965	-1	Error
1.0000000000000000	909940.82642292546	300367.70283183339	280960.00416447571	19407.698667357716	609573.12359109207	194585.72044542697	-1	414987.40314566507	-1	Error
1.2500000000000000	278003.69727231702	117079.06369690959	89393.648102358289	27685.415594551283	160924.63357540741	50659.951580083871	-1	110264.68199532354	-1	Error
1.5000000000000000	101965.48960043368	49318.804563103244	33472.995267093669	15845.809296009567	52646.685037330426	16447.681904458517	-1	36199.003132871905	-1	Error
1.7500000000000000	42457.443328620924	22447.232046375131	14095.105078358623	8352.1269680165060	20010.211282245797	6217.8923700426558	-1	13792.318912203140	-1	Error
2.0000000000000000	19407.585110915716	10921.518575140275	6486.8115516425823	4434.7070234976945	8486.0665357754424	2614.1581697531833	-1	5871.9083660222586	-1	Error
2.2500000000000000	9532.2654138912003	5618.2495334813284	3199.9122786443440	2418.3372548369830	3914.0158804098710	1199.7941046170756	-1	2714.2217757927956	-1	Error
2.5000000000000000	4961.9756503992967	3028.3587769025080	1668.9890211326931	1359.3697557698147	1933.6168734967885	588.73740268900076	-1	1344.8794708077876	-1	Error
2.7500000000000000	2706.8702050169418	1698.0354595786162	911.19728742458210	786.83817215403360	1008.8347454383255	305.26435132335746	-1	703.57039411496805	-1	Error
3.0000000000000000	1534.6859824026565	984.59130756597585	516.77299912244359	467.81830844353232	550.09467483668072	165.36991435209353	-1	384.72476048458719	-1	Error
3.2500000000000000	899.46147595478283	587.58320685666297	302.65698893660067	284.92621792006236	311.87826909811992	93.137886065086576	-1	218.74038303303334	-1	Error
3.5000000000000000	541.98877300654112	359.50670586959410	182.19339027493905	177.31331559465505	182.48206713694708	54.163657030956557	-1	128.31841010599052	-1	Error
3.7500000000000000	334.55946822065050	224.79496843614743	112.30753671364059	112.48743172250688	109.76449978450309	32.437836561014478	-1	77.326663223488609	-1	Error
4.0000000000000000	210.87109646715209	143.26589349282813	70.669522879162869	72.596370613665258	67.605202974323973	19.909728586380574	-1	47.695474387943399	-1	OK
4.2500000000000000	135.44133298979307	92.854220624684871	45.278377025601003	47.575843599083882	42.587112365108212	12.461163244113989	-1	30.125949120994221	-1	OK
4.5000000000000000	88.437593829176095	61.086202644919879	29.475763748441302	31.610438896478581	27.351391184256212	7.9133786658128082	-1	19.438012518443404	-1	OK
4.7500000000000000	58.559421213273858	40.724775074826404	19.461084016991439	21.263691057834979	17.834646138447454	5.1631391300508476	-1	12.671507008396606	-1	OK
5.0000000000000000	39.269934171554169	27.475499426445516	13.011443312303955	14.464056114141560	11.794434745108656	3.3803229273855182	-1	8.4141118177231391	-1	OK
5.2500000000000000	26.640937550000739	18.735736144888410	8.7974723124525305	9.9382638324358759	7.9052014051123303	2.2578734471171522	-1	5.6473279579951781	-1	OK
5.5000000000000000	18.264386612933105	12.899399888438237	6.0083816562376064	6.8910182322006284	5.3649867244948686	1.5229345781596102	-1	3.8420521463352584	-1	OK
5.7500000000000000	12.638444775803269	8.9585185770830211	4.1407882801412965	4.8177302969417202	3.6799261987202470	1.0405114922040528	-1	2.6394147065161944	-1	OK
6.0000000000000000	8.8172480724186766	6.2704524011946825	2.8769969569622198	3.3934554442324636	2.5467956712239941	0.71703576507733269	-1	1.8297599061466614	-1	OK
6.2500000000000000	6.1988673044302143	4.4202453693537311	2.0136563937946539	2.4065889755590786	1.7786219350764829	0.49796242604929974	-1	1.2806595090271831	-1	OK
6.5000000000000000	4.3857413365413080	3.1359869138912302	1.4187502821167814	1.7172366317744481	1.2497544226500781	0.34883890847812216	-1	0.90091551417195592	-1	OK
6.7500000000000000	3.1233529434585359	2.2379427887584771	1.0056454042762260	1.2322973844822511	0.88541015470005879	0.24602082370148864	-1	0.63938933099857009	-1	OK
7.0000000000000000	2.2365314278920381	1.6055587663649113	0.71672009968594197	0.88883866667896994	0.63097266152712683	0.17417792328073342	-1	0.45679473824639338	-1	OK
7.2500000000000000	1.6101220190677079	1.1574597159277538	0.51333707613176904	0.64412263979598472	0.45266230313995420	0.12450164167453025	-1	0.32816066146542394	-1	OK
7.5000000000000000	1.1644145480347143	0.83807610980977032	0.36931156182343328	0.46876454798633699	0.32633843822494413	8.92862251522089645E-002	-1	0.23705221307273516	-1	OK
7.7500000000000000	0.84560082246578061	0.60923147451346948	0.26677005171518015	0.34246142279828945	0.23636934795231113	6.44827744722882845E-002	-1	0.17188657348002284	-1	OK
8.0000000000000000	0.61655300019966552	0.44447360301526867	0.19340347480692208	0.25107012820834668	0.17207939718439685	4.65388224410527851E-002	-1	0.12554057474334407	-1	OK
8.2500000000000000	0.45095633782077593	0.32531750751916255	0.14067308451477015	0.18464442300439246	0.12563883030161335	3.37976364692452597E-002	-1	9.18411938323680926E-002	-1	OK
8.5000000000000000	0.33078531570113018	0.23880610109130365	0.10262161399840256	0.13618448709290107	9.19792146098265123E-002	2.46464376621087847E-002	-1	6.73327769477177207E-002	-1	OK
8.7500000000000000	0.24335469471094973	0.17575363925366916	7.50584729200052259E-002	0.10069516633366393	6.76010554572805678E-002	1.80370540995525540E-002	-1	4.95640013577280103E-002	-1	OK
9.0000000000000000	0.17952468995375911	0.12965245758406255	5.50271671655129593E-002	7.46252904185495808E-002	4.98722323696965675E-002	1.32214624591029378E-002	-1	3.66507699105936280E-002	-1	OK
9.2500000000000000	0.13271881212496428	9.58407627376589299E-002	4.04244709113296685E-002	5.54162918263292337E-002	3.68780493873053436E-002	9.71955742619152498E-003	-1	2.71584919611138204E-002	-1	OK
9.5000000000000000	9.82802630936430721E-002	7.09737913114436431E-002	2.97501819827576883E-002	4.12236093286859548E-002	2.73064717821994221E-002	7.15099592370601733E-003	-1	2.01554758584934039E-002	-1	OK
9.7500000000000000	7.29021024469930085E-002	5.26432544130696345E-002	2.19288087251440882E-002	3.07144456879255498E-002	2.02588480339233740E-002	5.27679174163316403E-003	-1	1.49820562922902099E-002	-1	OK
10.000000000000000	5.41278302903261815E-002	3.90976093485048137E-002	1.61846069510836361E-002	2.29130023974211845E-002	1.50302209418213713E-002	3.90282947900791885E-003	-1	1.11273914628134529E-002	-1	OK
10.250000000000000	4.02469437013648623E-002	2.90708227320927923E-002	1.19583689189075044E-002	1.71124538131852862E-002	1.11761209692720718E-002	2.87984925463877564E-003	-1	8.29627171463329614E-003	-1	OK
10.500000000000000	2.99619876077279676E-002	2.16355687889777937E-002	8.84353696373909107E-003	1.27920318252387009E-002	8.32641881875017566E-003	2.13604683137870932E-003	-1	6.19037198737146591E-003	-1	OK
10.750000000000000	2.23068482368411827E-002	1.61137861665195080E-002	6.54463683431138858E-003	9.56914933220811940E-003	6.19306207032167474E-003	1.58263313947250360E-003	-1	4.61042893084917093E-003	-1	OK
11.000000000000000	1.66223027776885163E-002	1.20085617824677703E-002	4.84593355146425899E-003	7.16262823100351047E-003	4.61374099522074681E-003	1.17485773007313765E-003	-1	3.43888326514760895E-003	-1	OK
11.250000000000000	1.23911137473523125E-002	8.95203754756080348E-003	3.58917840539580433E-003	5.36285914216499873E-003	3.43907619979150940E-003	8.70112612515640022E-004	-1	2.56896358727586949E-003	-1	OK
11.500000000000000	9.23739806398049187E-003	6.67500078466183849E-003	2.65877431433651865E-003	4.01622647032531983E-003	2.56239727931865295E-003	6.45803878360144516E-004	-1	1.91659340095850844E-003	-1	OK
11.750000000000000	6.88961813318788446E-003	4.97740308923107222E-003	1.96947828248626548E-003	3.00792480674480587E-003	1.91221504395681224E-003	4.79189695639451352E-004	-1	1.43302534831736095E-003	-1	OK
12.000000000000000	5.13761245073559875E-003	3.71073453535868255E-003	1.45851627512171836E-003	2.25221826023696333E-003	1.42687791537691598E-003	3.55124304757786834E-004	-1	1.07175361061912920E-003	-1	OK
12.250000000000000	3.82849087799830073E-003	2.76566415268511036E-003	1.07971575654883202E-003	1.68594839613627812E-003	1.06282672531319037E-003	2.63347619516688368E-004	-1	7.99479105796502059E-004	-1	OK
12.500000000000000	2.85114540817541255E-003	2.06017939993163694E-003	7.98808004013842237E-004	1.26137139591779557E-003	7.90966008243775606E-004	1.94714477442258600E-004	-1	5.96251530801517006E-004	-1	OK
12.750000000000000	2.12200794187236393E-003	1.53359629026866427E-003	5.90535607048506511E-004	9.43060683220158088E-004	5.88411651603699547E-004	1.44001338851105479E-004	-1	4.44410312752594068E-004	-1	OK
13.000000000000000	1.57825807978313271E-003	1.14070591505242391E-003	4.36166906936365890E-004	7.04539008116058401E-004	4.37552164730708798E-004	1.06343584395782886E-004	-1	3.31208580334925885E-004	-1	OK
13.250000000000000	1.17277187614926357E-003	8.47519361287061060E-004	3.21774009759903808E-004	5.25745351527157523E-004	3.25252514862202564E-004	7.85552012658531548E-005	-1	2.46697313596349395E-004	-1	OK
13.500000000000000	8.69974854964765572E-004	6.28959769810435456E-004	2.37081803920618486E-004	3.91877965889816807E-004	2.41015085154330170E-004	5.79096654291931290E-005	-1	1.83105419725137055E-004	-1	OK
13.750000000000000	6.44550236685194041E-004	4.66127181243659178E-004	1.74421219943457370E-004	2.91705961300201834E-004	1.78423055441534836E-004	4.23700874258332719E-005	-1	1.36052968015701564E-004	-1	OK
14.000000000000000	4.76763432971346332E-004	3.44877929443529842E-004	1.28102189312042118E-004	2.16775740131487643E-004	1.31885503527816517E-004	3.11533163808731581E-005	-1	1.00732187146943366E-004	-1	OK
14.250000000000000	3.51968038885872416E-004	2.54740626449573738E-004	9.39123780124896554E-005	1.60828248437084096E-004	9.72274124362986511E-005	2.29092066144744956E-005	-1	7.43182058218241589E-005	-1	OK
14.500000000000000	2.59156812590649252E-004	1.87786987807032413E-004	6.87032361098210216E-005	1.19083751697211419E-004	7.13698247836168251E-005	1.66571451854699119E-005	-1	5.47126795981469098E-005	-1	OK
14.750000000000000	1.90473955254163128E-004	1.38127601349987696E-004	5.01470553078076157E-005	8.79805460421800807E-005	5.23463539041754388E-005	1.21924819681745222E-005	-1	4.01538719360009199E-005	-1	OK
15.000000000000000	1.39700388070150214E-004	1.01370936988088884E-004	3.65139957039720126E-005	6.48569412841168847E-005	3.83294510820613232E-005	8.85793103004049119E-006	-1	2.94715200520208321E-005	-1	OK
15.250000000000000	1.02157092500258204E-004	7.41961495522247089E-005	2.65140226467403186E-005	4.76821269054843869E-005	2.79609429480334881E-005	6.44468829958436666E-006	-1	2.15162546484491222E-005	-1	OK
15.500000000000000	7.45041630527571450E-005	5.41571249576884735E-005	1.91974872289786282E-005	3.49596377287098487E-005	2.03470380950686749E-005	4.65424952314861915E-006	-1	1.56927885719200549E-005	-1	OK
15.750000000000000	5.41666545374550344E-005	3.94147154519057332E-005	1.38568743644656191E-005	2.55578410874401056E-005	1.47519390855492996E-005	3.35208269378548484E-006	-1	1.13998563917638143E-005	-1	OK
16.000000000000000	3.92421581792521822E-005	2.85889717200258024E-005	9.96758833133236831E-006	1.86213833886934324E-005	1.06531864592263798E-005	2.40434084764725096E-006	-1	8.24884561157912921E-006	-1	OK
16.250000000000000	2.83233237624003696E-005	2.06659305481958239E-005	7.14434150171995347E-006	1.35215890464758687E-005	7.65739321420454564E-006	1.71658970802886005E-006	-1	5.94080350617568538E-006	-1	OK
16.500000000000000	2.03680652179646606E-005	1.48835634414044319E-005	5.10096982766946845E-006	9.78259361373496516E-006	5.48450177656022870E-006	1.22082783000044360E-006	-1	4.26367394655978510E-006	-1	OK
16.750000000000000	1.45853095303451384E-005	1.06750710523390564E-005	3.62669266263631677E-006	7.04837838970273961E-006	3.91023847800608200E-006	8.65439405087750507E-007	-1	3.04479907291833160E-006	-1	OK
17.000000000000000	1.04000168539522637E-005	7.62355267829732277E-006	2.56703265486696217E-006	5.05652002343035891E-006	2.77646417565494003E-006	6.09947215691834635E-007	-1	2.16651695996310540E-006	-1	OK
17.250000000000000	7.37643073769082760E-006	5.41902003309892016E-006	1.80832715098656355E-006	3.61069288211235576E-006	1.95741070459190743E-006	4.26086601983651451E-007	-1	1.53132410260825609E-006	-1	OK
17.500000000000000	5.20704762118158113E-006	3.83356581587944064E-006	1.26751163969576484E-006	2.56605417618367622E-006	1.37348180530214049E-006	2.97410390661834646E-007	-1	1.07607141464030589E-006	-1	OK
17.750000000000000	3.65924848225235817E-006	2.69793821307902188E-006	8.83632515357846747E-007	1.81430569772117482E-006	9.61310269173336498E-007	2.06255073833795268E-007	-1	7.55055195339541177E-007	-1	OK
18.000000000000000	2.55340361041706224E-006	1.88750402243644824E-006	6.12369618756475557E-007	1.27513440367997311E-006	6.65899587980614210E-007	1.41952577303146105E-007	-1	5.23947010677468105E-007	-1	OK
18.250000000000000	1.77149211750902338E-006	1.31282084225504475E-006	4.21831162867055158E-007	8.90989679387989649E-007	4.58671275253978577E-007	9.63278164100180192E-008	-1	3.62343458843960545E-007	-1	OK
18.500000000000000	1.22161707698500316E-006	9.07579838419013037E-007	2.88714137309485002E-007	6.18865701109528141E-007	3.14037238565990021E-007	6.58610071418424124E-008	-1	2.48176231424147595E-007	-1	OK
18.750000000000000	8.36289827132379379E-007	6.22968866201178625E-007	1.96182023456999825E-007	4.26786842744178747E-007	2.13320960931200780E-007	4.39815107369018945E-008	-1	1.69339450194298899E-007	-1	OK
19.000000000000000	5.67791277573975258E-007	4.24412711105700408E-007	1.32300950346706750E-007	2.92111760758993790E-007	1.43378566468274850E-007	2.96415104617314380E-008	-1	1.13737056006543408E-007	-1	OK
19.250000000000000	3.82627699819330943E-007	2.86964391390677711E-007	8.85231464036492810E-008	1.98441244987028417E-007	9.56633084286532321E-008	1.93801647516054162E-008	-1	7.62831436770478192E-008	-1	OK
19.500000000000000	2.55804256122986095E-007	1.92416707645492301E-007	5.87239663414359099E-008	1.33692741304056365E-007	6.33875484774937935E-008	1.27134101648208716E-008	-1	5.06741383126729202E-008	-1	OK
19.750000000000000	1.69334992514769555E-007	1.27845622236770376E-007	3.85956170353118745E-008	8.92500052014585148E-008	4.14893702779991918E-008	8.25678807184580542E-009	-1	3.32325822061533897E-008	-1	OK
20.000000000000000	1.11045501855217989E-007	8.41274007844648118E-008	2.51176961359677232E-008	5.90097046484970820E-008	2.69181010707531806E-008	5.34697447564916925E-009	-1	2.15711265951040097E-008	-1	OK
