#pt	totcs	totdirect	directLO	directNLO	totfrag	fragLO	err_fragLO	fragNLO	err_fragNLO	errmess
0.50000000000000000	37483236.911522746	-2066655.6182683073	4398544.0539512923	-6465199.6722195968	39549892.529791050	13504640.940560479	-1	26045251.589230571	-1	Error
0.75000000000000000	5167945.7184016909	641442.59764063172	1046720.6515719283	-405278.05393129634	4526503.1207610592	1502013.9206204449	-1	3024489.2001406141	-1	Error
1.0000000000000000	1152781.8515309216	315114.62109922408	300997.09593187401	14117.525167350028	837667.23043169745	279734.25813572161	-1	557932.97229597578	-1	Error
1.2500000000000000	349110.21792007284	133223.80353355242	103218.98207916900	30004.821454383404	215886.41438652040	71674.539262810213	-1	144211.87512371020	-1	Error
1.5000000000000000	127929.10746895839	58617.123874169760	40447.872878264243	18169.250995905499	69311.983594788631	23032.449023209992	-1	46279.534571578639	-1	Error
1.7500000000000000	53501.363357521128	27464.828984044088	17590.178848695141	9874.6501353489457	26036.534373477039	8637.8116038793232	-1	17398.722769597716	-1	Error
2.0000000000000000	24607.062870304610	13639.982002984518	8290.4557256618882	5349.5262773226295	10967.080867320092	3635.9996072630606	-1	7331.0812600570316	-1	Error
2.2500000000000000	12171.586021200355	7125.2439260920664	4165.4491097577547	2959.7948163343135	5046.3420951082890	1665.0806330836367	-1	3381.2614620246522	-1	Error
2.5000000000000000	6370.5982946511840	3886.5688264778146	2204.5387197573491	1682.0301067204659	2484.0294681733694	817.84979237439586	-1	1666.1796757989737	-1	Error
2.7500000000000000	3494.3797678875417	2200.0787437019544	1218.0458242111529	982.03291949080096	1294.3010241855870	424.35896226264538	-1	869.94206192294166	-1	Error
3.0000000000000000	1992.0530874694423	1285.6746271130489	697.72598750249813	587.94863961055114	706.37846035639336	230.44596833176288	-1	475.93249202463051	-1	Error
3.2500000000000000	1172.6144752661612	772.29927918808391	412.12757426867790	360.17170491940584	400.31519607807718	129.76272777789009	-1	270.55246830018712	-1	Error
3.5000000000000000	709.44712631568768	475.18147436801712	249.93200728174961	225.24946708626752	234.26565194767056	75.659307078793276	-1	158.60634486887727	-1	Error
3.7500000000000000	439.64306184557142	298.58341895407949	155.06890018913856	143.51451876494096	141.05964289149196	45.303118211154967	-1	95.756524680336994	-1	Error
4.0000000000000000	278.09231262056574	191.12261533171116	98.147390378591595	92.975224953119579	86.969697288854604	27.839221627589570	-1	59.130475661265038	-1	OK
4.2500000000000000	179.18115968241031	124.36168239012122	63.218814919307732	61.142867470813457	54.819477292289100	17.448199893980053	-1	37.371277398309047	-1	OK
4.5000000000000000	117.35942678259013	82.111766200388857	41.356521607065019	40.755244593323845	35.247660582201284	11.089685767553267	-1	24.157974814648018	-1	OK
4.7500000000000000	77.930720912881114	54.927316511892677	27.429452083854219	27.497864428038458	23.003404400988440	7.2448899071909665	-1	15.758514493797474	-1	OK
5.0000000000000000	52.415440163706727	37.175293760469053	18.417086166946810	18.758207593522240	15.240146403237674	4.7510529360667606	-1	10.489093467170914	-1	OK
5.2500000000000000	35.649920662704787	25.426548593797623	12.502399282172446	12.924149311625174	10.223372068907166	3.1776657683396690	-1	7.0457063005674971	-1	OK
5.5000000000000000	24.506406847517304	17.556388474349248	8.5712366967925959	8.9851517775566485	6.9500183731680565	2.1478984869392650	-1	4.8021198862287910	-1	OK
5.7500000000000000	16.998351350188649	12.226835955773122	5.9286601570186725	6.2981757987544462	4.7715153944155260	1.4690741214833065	-1	3.3024412729322195	-1	OK
6.0000000000000000	11.888547433714024	8.5817213013157172	4.1339169489267986	4.4478043523889177	3.3068261323983066	1.0136445422704836	-1	2.2931815901278227	-1	OK
6.2500000000000000	8.3792881018926035	6.0661516910299644	2.9035473305790540	3.1626043604509095	2.3131364108626387	0.70498039128109224	-1	1.6081560195815463	-1	OK
6.5000000000000000	5.9434036940336039	4.3155473729009390	2.0528284737706888	2.2627188991302511	1.6278563211326647	0.49467192095133905	-1	1.1331844001813256	-1	OK
6.7500000000000000	4.2430024702647406	3.0881629296360753	1.4600578927874914	1.6281050368485837	1.1548395406286653	0.34920412205703122	-1	0.80563541857163412	-1	OK
7.0000000000000000	3.0460844295687122	2.2215937798690368	1.0440753160798164	1.1775184637892204	0.82449064969967534	0.24793588023956958	-1	0.57655476946010575	-1	OK
7.2500000000000000	2.1982412268976304	1.6059412788156131	0.75027953434803929	0.85566174446757370	0.59229994808201714	0.17756247480836462	-1	0.41473747327365251	-1	OK
7.5000000000000000	1.5938252383336005	1.1659877982839830	0.54154748851835788	0.62444030976562526	0.42783744004961743	0.12755897747088540	-1	0.30027846257873203	-1	OK
7.7500000000000000	1.1607469683822196	0.84992752828233320	0.39245565673966792	0.45747187154266528	0.31081944009988632	9.21613587546115526E-002	-1	0.21865808134527476	-1	OK
8.0000000000000000	0.84826183588049575	0.62177986222070891	0.28544064747969378	0.33633921474101530	0.22648197365978684	6.66588437049519117E-002	-1	0.15982312995483494	-1	OK
8.2500000000000000	0.62203239241137143	0.45634548482394877	0.20828149119654421	0.24806399362740469	0.16568690758742269	4.84620100206996293E-002	-1	0.11722489756672305	-1	OK
8.5000000000000000	0.45746237989613736	0.33592394775955231	0.15242921381441119	0.18349473394514118	0.12153843213658504	3.54702311979930851E-002	-1	8.60682009385919516E-002	-1	OK
8.7500000000000000	0.33741356110087212	0.24793323698923855	0.11184873964643548	0.13608449734280309	8.94803241116335635E-002	2.59717705134652026E-002	-1	6.35085535981683574E-002	-1	OK
9.0000000000000000	0.24956451389018108	0.18343020271841007	8.22666574634731834E-002	0.10116354525493688	6.61343111717710014E-002	1.91028747570105399E-002	-1	4.70314364147604580E-002	-1	OK
9.2500000000000000	0.18500385654587859	0.13599653113883078	6.06349058928536966E-002	7.53616252459770875E-002	4.90073254070478095E-002	1.40550751708198689E-002	-1	3.49522502362279441E-002	-1	OK
9.5000000000000000	0.13737955692111836	0.10101669358785764	4.47731902573102192E-002	5.62435033305474300E-002	3.63628633332607198E-002	1.03765612716554129E-002	-1	2.59863020616053070E-002	-1	OK
9.7500000000000000	0.10219166278907643	7.51595605755002588E-002	3.31140768317237100E-002	4.20454837437765419E-002	2.70321022135761729E-002	7.67317548986348307E-003	-1	1.93589267237126890E-002	-1	OK
10.000000000000000	7.60961676109080942E-002	5.59980581698845056E-002	2.45240416102934268E-002	3.14740165595910754E-002	2.00981094410235886E-002	5.67753852310647414E-003	-1	1.44205709179171145E-002	-1	OK
10.250000000000000	5.67545961983916131E-002	4.17727801710021177E-002	1.81834730341752793E-002	2.35893071368268419E-002	1.49818160273894954E-002	4.20753987526285931E-003	-1	1.07742761521266370E-002	-1	OK
10.500000000000000	4.23813358949801239E-002	3.11924582742188032E-002	1.34948582261006141E-002	1.76976000481181873E-002	1.11888776207613189E-002	3.12835741365349775E-003	-1	8.06052020710782205E-003	-1	OK
10.750000000000000	3.16518755864499263E-002	2.33103093872684929E-002	1.00225816899193274E-002	1.32877276973491654E-002	8.34156619918142994E-003	2.32312958579435850E-003	-1	6.01843661338707144E-003	-1	OK
11.000000000000000	2.36634498231334811E-002	1.74313061906419056E-002	7.44793014494122847E-003	9.98337604570067629E-003	6.23214363249157462E-003	1.72637584330860095E-003	-1	4.50576778918297324E-003	-1	OK
11.250000000000000	1.76958942140998492E-002	1.30399002107941201E-002	5.53646507690829046E-003	7.50343513388582878E-003	4.65599400330572906E-003	1.28360959373699491E-003	-1	3.37238440956873393E-003	-1	OK
11.500000000000000	1.32362922601514162E-002	9.75745668348304215E-003	4.11633759062454956E-003	5.64111909285849433E-003	3.47883557666837451E-003	9.53423478528171850E-004	-1	2.52541209814020288E-003	-1	OK
11.750000000000000	9.90454058735582531E-003	7.30197799448492006E-003	3.06045358015772425E-003	4.24152441432719494E-003	2.60256259287090525E-003	7.10261899588095214E-004	-1	1.89230069328281004E-003	-1	OK
12.000000000000000	7.41025115775271678E-003	5.46352935745022909E-003	2.27491711597914382E-003	3.18861224147108571E-003	1.94672180030248726E-003	5.27780238258792624E-004	-1	1.41894156204369452E-003	-1	OK
12.250000000000000	5.54090646832348412E-003	4.08699946900653241E-003	1.69042044550945180E-003	2.39657902349708126E-003	1.45390699931695149E-003	3.91740939909145536E-004	-1	1.06216605940780595E-003	-1	OK
12.500000000000000	4.13951694752236372E-003	3.05578688975568016E-003	1.25537248951471201E-003	1.80041440024096859E-003	1.08373005776668399E-003	2.90952581185256363E-004	-1	7.92777476581427686E-004	-1	OK
12.750000000000000	3.09258324371609579E-003	2.28328474632585659E-003	9.31607568366517574E-004	1.35167717795933924E-003	8.09298497390239092E-004	2.15469685979697640E-004	-1	5.93828811410541425E-004	-1	OK
13.000000000000000	2.30842963853934236E-003	1.70480186083159669E-003	6.90736723016193311E-004	1.01406513781540338E-003	6.03627777707745560E-004	1.59584303831104666E-004	-1	4.44043473876640921E-004	-1	OK
13.250000000000000	1.72153846733114828E-003	1.27156696861569266E-003	5.11579469062727640E-004	7.59987499552964912E-004	4.49971498715455670E-004	1.18167011854262616E-004	-1	3.31804486861193067E-004	-1	OK
13.500000000000000	1.28147786035107819E-003	9.47398818692161168E-004	3.78432927745363929E-004	5.68965890946797077E-004	3.34079041658917077E-004	8.73536146760420555E-005	-1	2.46725426982874994E-004	-1	OK
13.750000000000000	9.53109929392056965E-004	7.04966690216755724E-004	2.79542191678586931E-004	4.25424498538168577E-004	2.48143239175301186E-004	6.41302072112462466E-005	-1	1.84013031964054953E-004	-1	OK
14.000000000000000	7.07619199319563285E-004	5.23750271487053885E-004	2.06155020176121970E-004	3.17595251310931806E-004	1.83868927832509400E-004	4.73115492666166407E-005	-1	1.36557378565892759E-004	-1	OK
14.250000000000000	5.24550023489618058E-004	3.88493669260918124E-004	1.51767294647158017E-004	2.36726374613760080E-004	1.36056354228699907E-004	3.48938489889699999E-005	-1	1.01162505239729900E-004	-1	OK
14.500000000000000	3.87645574812784223E-004	2.87619877849450546E-004	1.11502460602709799E-004	1.76117417246740652E-004	1.00025696963333691E-004	2.54420888951475277E-005	-1	7.45836080681861629E-005	-1	OK
14.750000000000000	2.86183208400089633E-004	2.12491918829709267E-004	8.17406929695595696E-005	1.30751225860149697E-004	7.36912895703803792E-005	1.86808649996573991E-005	-1	5.50104245707229835E-005	-1	OK
15.000000000000000	2.10783205247371105E-004	1.56646065514643248E-004	5.97819424194764645E-005	9.68641230951667768E-005	5.41371397327278573E-005	1.36121019308738192E-005	-1	4.05250378018540364E-005	-1	OK
15.250000000000000	1.54789971802552504E-004	1.15180723752789598E-004	4.36057053277936278E-005	7.15750184249959768E-005	3.96092480497629059E-005	9.92334729952814037E-006	-1	2.96859007502347673E-005	-1	OK
15.500000000000000	1.13388545915836997E-004	8.44671059559106471E-005	3.17179200292842445E-005	5.27491859266264026E-005	2.89214399599263461E-005	7.18959707105280300E-006	-1	2.17318428888735448E-005	-1	OK
15.750000000000000	8.27983665421412867E-005	6.17682117123093680E-005	2.30014362706391984E-005	3.87667754416701595E-005	2.10301548298319153E-005	5.19650258006370595E-006	-1	1.58336522497682094E-005	-1	OK
16.000000000000000	6.02609576200023746E-005	4.50228595156171985E-005	1.66246470803026116E-005	2.83982124353145869E-005	1.52380981043851744E-005	3.73918146459520562E-006	-1	1.14989166397899684E-005	-1	OK
16.250000000000000	4.37086869022312033E-005	3.27085901025160180E-005	1.19739176486996478E-005	2.07346724538163769E-005	1.10000967997151854E-005	2.67818236860859829E-006	-1	8.32191443110658749E-006	-1	OK
16.500000000000000	3.15853804640451666E-005	2.36773932738220405E-005	8.59172579110757605E-006	1.50856674827144679E-005	7.90798719022312440E-006	1.91350641950294283E-006	-1	5.99448077072018158E-006	-1	OK
16.750000000000000	2.27303732498378578E-005	1.70715702681510534E-005	6.13957612038387558E-006	1.09319941477671795E-005	5.65880298168680443E-006	1.36050838485312085E-006	-1	4.29829459683368316E-006	-1	OK
17.000000000000000	1.62884355642308322E-005	1.22571118354953353E-005	4.36822132742747373E-006	7.88889050806786074E-006	4.03132372873549601E-006	9.62064616458869342E-007	-1	3.06925911227662688E-006	-1	OK
17.250000000000000	1.16132369288750165E-005	8.76069307738934464E-006	3.09346406419923251E-006	5.66722901319011128E-006	2.85254385148567275E-006	6.73484485834585623E-007	-1	2.17905936565108702E-006	-1	OK
17.500000000000000	8.24250312395583927E-006	6.23246336174428575E-006	2.18002030241116763E-006	4.05244305933311855E-006	2.01003976221155352E-006	4.72850535112318300E-007	-1	1.53718922709923527E-006	-1	OK
17.750000000000000	5.82317178716107331E-006	4.41137747395263989E-006	1.52813543644303533E-006	2.88324203750960393E-006	1.41179431320843299E-006	3.28928740071208687E-007	-1	1.08286557313722420E-006	-1	OK
18.000000000000000	4.08797477551098973E-006	3.10438628085713262E-006	1.06495607098218898E-006	2.03943020987494407E-006	9.83588494653857103E-007	2.27214726000953811E-007	-1	7.56373768652903265E-007	-1	OK
18.250000000000000	2.85194013859226691E-006	2.17210805070883413E-006	7.37768296383806333E-007	1.43433975432502790E-006	6.79832087883432673E-007	1.54871183723898881E-007	-1	5.24960904159533792E-007	-1	OK
18.500000000000000	1.97805888577430246E-006	1.51072650023553952E-006	5.07862933707568067E-007	1.00286356652797145E-006	4.67332385538762942E-007	1.06270282918358483E-007	-1	3.61062102620404445E-007	-1	OK
18.750000000000000	1.36206664090379046E-006	1.04340550486726422E-006	3.47121535468681128E-007	6.96283969398583195E-007	3.18661136036526245E-007	7.12554930172480261E-008	-1	2.47405643019278246E-007	-1	OK
19.000000000000000	9.30613512655019817E-007	7.15339799280852207E-007	2.35488565436028906E-007	4.79851233844823433E-007	2.15273713374167583E-007	4.82997526778522272E-008	-1	1.66973960696315356E-007	-1	OK
19.250000000000000	6.31288125826715285E-007	4.86773861084137993E-007	1.58518881406002833E-007	3.28254979678135001E-007	1.44514264742577318E-007	3.17135734138933206E-008	-1	1.12800691328683998E-007	-1	OK
19.500000000000000	4.24611194188974088E-007	3.28524874879515104E-007	1.05802611031569013E-007	2.22722263847946051E-007	9.60863193094589842E-008	2.11159770307733402E-008	-1	7.49703422786856440E-008	-1	OK
19.750000000000000	2.82964673346473955E-007	2.19731118988350047E-007	6.99706357322604969E-008	1.49760483256089576E-007	6.32335543581238947E-008	1.36387412394053350E-008	-1	4.95948131187185613E-008	-1	OK
20.000000000000000	1.86783214093967077E-007	1.45568747282442587E-007	4.58235250537518552E-008	9.97452222286907121E-008	4.12144668115244963E-008	8.86636869199240680E-009	-1	3.23480981195320895E-008	-1	OK
