#pt	totcs	totdirect	directLO	directNLO	totfrag	fragLO	err_fragLO	fragNLO	err_fragNLO	errmess
0.50000000000000000	33721463.690387651	-4834037.0336614549	3296290.9998619184	-8130328.0335233714	38555500.724049106	14562947.275194051	-1	23992553.448855057	-1	Error
0.75000000000000000	7362342.8354613595	562296.78216277808	683692.05630742165	-121395.27414464366	6800046.0532985814	2464626.5099374172	-1	4335419.5433611646	-1	Error
1.0000000000000000	1676897.1007898259	333855.67114600522	276407.29982215993	57448.371323845349	1343041.4296438207	482798.07062754483	-1	860243.35901627596	-1	Error
1.2500000000000000	488249.35163960286	154204.64158892550	110717.05219415738	43487.589394768169	334044.71005067736	121280.56226558221	-1	212764.14778509515	-1	Error
1.5000000000000000	174856.80552051839	71602.055939122569	47514.781221875033	24087.274717247539	103254.74958139581	37781.256245724660	-1	65473.493335671148	-1	Error
1.7500000000000000	72319.486383898649	34731.790755314069	21903.120045359326	12828.670709954744	37587.695628584581	13799.914347652955	-1	23787.781280931624	-1	Error
2.0000000000000000	33118.831346335821	17678.526521471518	10754.718215711182	6923.8083057603335	15440.304824864303	5695.2307573391909	-1	9745.0740675251109	-1	Error
2.2500000000000000	16379.987869434337	9399.2679137198593	5566.5598547477066	3832.7080589721545	6980.7199557144777	2573.7072363479019	-1	4407.0127193665758	-1	Error
2.5000000000000000	8583.2954456751904	5189.3246838811201	3009.9375746772230	2179.3871092038976	3393.9707617940712	1249.3210063206000	-1	2144.6497554734715	-1	Error
2.7500000000000000	4711.6757738310507	2963.5002365212786	1690.4166960873672	1273.0835404339109	1748.1755373097722	644.63784980903722	-1	1103.5376875007350	-1	Error
3.0000000000000000	2692.0971629043243	1744.4694661501612	981.38766142239683	763.08180472776496	947.62769675416314	348.65383257728581	-1	598.97386417687733	-1	Error
3.2500000000000000	1589.0037389417696	1054.3458336365602	586.23117286335196	468.11466077320836	534.65790530520940	196.18716109448405	-1	338.47074421072534	-1	Error
3.5000000000000000	964.21547312593748	652.08063386438005	358.91529262538774	293.16534123899226	312.13483926155737	113.88337691873295	-1	198.25146234282442	-1	Error
3.7500000000000000	599.01035112167028	411.57042799448442	224.52410587736054	187.04632211712382	187.43992312718584	68.082037986772846	-1	119.35788514041299	-1	Error
4.0000000000000000	379.90650433544806	264.48205626722222	143.13437202775560	121.34768423946660	115.42444806822584	41.797423250170077	-1	73.627024818055759	-1	OK
4.2500000000000000	245.38282166523453	172.70127773352345	92.787478769976758	79.913798963546711	72.681543931711076	26.182949441090884	-1	46.498594490620192	-1	OK
4.5000000000000000	161.00409594453726	114.39462142123665	61.051170603963953	53.343450817272647	46.609474523300612	16.742584417028127	-1	29.866890106272486	-1	OK
4.7500000000000000	107.23224538075624	76.750294141459449	40.706095011312001	36.044199130147440	30.481951239296794	10.867688205261627	-1	19.614263034035169	-1	OK
5.0000000000000000	72.268426171080108	52.090933267259622	27.465227281892620	24.625705985367013	20.177492903820482	7.1249157572511841	-1	13.052577146569298	-1	OK
5.2500000000000000	49.269058999985667	35.723552491168832	18.729907561737051	16.993644929431778	13.545506508816835	4.7682648084191070	-1	8.7772417003977274	-1	OK
5.5000000000000000	33.942269213873779	24.729930707095008	12.896004561173516	11.833926145921495	9.2123385067787709	3.2223676220151019	-1	5.9899708847636690	-1	OK
5.7500000000000000	23.594719127991191	17.266425096470808	8.9568897883713827	8.3095353080994236	6.3282940315203806	2.2060907296797940	-1	4.1222033018405870	-1	OK
6.0000000000000000	16.542465962570887	12.149262778504136	6.2702256556976579	5.8790371228064773	4.3932031840667518	1.5230662007756273	-1	2.8701369832911245	-1	OK
6.2500000000000000	11.679765885781109	8.6092913929872097	4.4209483657861082	4.1883430272011015	3.0704744927938994	1.0609728274807875	-1	2.0095016653131119	-1	OK
6.5000000000000000	8.3056664175545194	6.1400026496204188	3.1373347515527952	3.0026678980676236	2.1656637679341011	0.74417311992331692	-1	1.4214906480107841	-1	OK
6.7500000000000000	5.9419497853651437	4.4046685309855906	2.2395662489713946	2.1651022820141961	1.5372812543795531	0.52588055090743446	-1	1.0114007034721186	-1	OK
7.0000000000000000	4.2771080461707296	3.1766172162444217	1.6072486626127043	1.5693685536317177	1.1004908299263083	0.37450853375893634	-1	0.72598229616737198	-1	OK
7.2500000000000000	3.0934555870470501	2.3020972680890575	1.1590641395022256	1.1430331285868318	0.79135831895799258	0.26822994564566405	-1	0.52312837331232853	-1	OK
7.5000000000000000	2.2481788683544051	1.6756804039344475	0.83952693185483196	0.83615347207961588	0.57249846441995755	0.19322943431046624	-1	0.37926903010949131	-1	OK
7.7500000000000000	1.6410886991615345	1.2246169072437110	0.61051196665224616	0.61410494059146448	0.41647179191782363	0.13961828622380235	-1	0.27685350569402128	-1	OK
8.0000000000000000	1.2023137275396174	0.89828130792623084	0.44559272786869786	0.45268858005753315	0.30403241961338656	0.10118534743870529	-1	0.20284707217468129	-1	OK
8.2500000000000000	0.88370652385263615	0.66110302849259472	0.32629564091143048	0.33480738758116430	0.22260349536004143	7.37409991125003439E-002	-1	0.14886249624754108	-1	OK
8.5000000000000000	0.65183317495822868	0.48803046818592904	0.23965055166399088	0.24837991652193819	0.16380270677229966	5.40031271976277941E-002	-1	0.10979957957467187	-1	OK
8.7500000000000000	0.48224744118241963	0.36124353633596962	0.17648162082102303	0.18476191551494653	0.12100390484645002	3.96117203281732416E-002	-1	8.13921845182767750E-002	-1	OK
9.0000000000000000	0.35757547491997554	0.26805362267371879	0.13027438223876259	0.13777924043495621	8.95218522462567778E-002	2.92037171914823444E-002	-1	6.03181350547744299E-002	-1	OK
9.2500000000000000	0.26582808563166260	0.19933874417081748	9.63685555491979179E-002	0.10297018862161955	6.64893414608451472E-002	2.15057857681428335E-002	-1	4.49835556927023136E-002	-1	OK
9.5000000000000000	0.19796247297051936	0.14852450876669829	7.14199817770885675E-002	7.71045269896097202E-002	4.94379642038210720E-002	1.59212539503776930E-002	-1	3.35167102534433825E-002	-1	OK
9.7500000000000000	0.14764578107263043	0.11085498063971271	5.30169110360056428E-002	5.78380696037070555E-002	3.67908004329177141E-002	1.17972675857322268E-002	-1	2.49935328471854873E-002	-1	OK
10.000000000000000	0.11030433981957172	8.28588812265098479E-002	3.94100894459418483E-002	4.34487917805680135E-002	2.74454585930618764E-002	8.73435315985430193E-003	-1	1.87111054332075727E-002	-1	OK
10.250000000000000	8.25255557207023316E-002	6.20123876521165018E-002	2.93303474419383571E-002	3.26820402101781413E-002	2.05131680685858228E-002	6.50518307819152215E-003	-1	1.40079849903943007E-002	-1	OK
10.500000000000000	6.18134738797061697E-002	4.64599293014775691E-002	2.18497320695730489E-002	2.46101972319045133E-002	1.53535445782286006E-002	4.84231730485155682E-003	-1	1.05112272733770447E-002	-1	OK
10.750000000000000	4.63103419180541931E-002	3.48373842510279058E-002	1.62894676474578844E-002	1.85479166035700145E-002	1.14729576670262873E-002	3.60895191426629028E-003	-1	7.86400575275999700E-003	-1	OK
11.000000000000000	3.47326780216908396E-002	2.61406282504836121E-002	1.21512989758013525E-002	1.39893292746822578E-002	8.59204977120722919E-003	2.68461456176444973E-003	-1	5.90743520944277990E-003	-1	OK
11.250000000000000	2.60638178541418783E-002	1.96240123175101394E-002	9.06788746047745495E-003	1.05561248570326845E-002	6.43980553663173715E-003	2.00145595675927735E-003	-1	4.43834957987246023E-003	-1	OK
11.500000000000000	1.95632482219551887E-002	1.47373365464449416E-002	6.76866424909505944E-003	7.96867229734988039E-003	4.82591167551024540E-003	1.49282647321307207E-003	-1	3.33308520229717332E-003	-1	OK
11.750000000000000	1.46874439273777281E-002	1.10696830855485165E-002	5.05278354685514790E-003	6.01689953869336686E-003	3.61776084182921119E-003	1.11114203400442869E-003	-1	2.50661880782478228E-003	-1	OK
12.000000000000000	1.10275392346684976E-002	8.31437418023341784E-003	3.77139047119986028E-003	4.54298370903355887E-003	2.71316505443507973E-003	8.28201688807929078E-004	-1	1.88496336562715065E-003	-1	OK
12.250000000000000	8.27561051375685745E-003	6.24405482560304315E-003	2.81422327465332680E-003	3.42983155094971721E-003	2.03155568815381474E-003	6.16083159257996239E-004	-1	1.41547252889581850E-003	-1	OK
12.500000000000000	6.20764423548497615E-003	4.68751932514817077E-003	2.09897056484783639E-003	2.58854876030033395E-003	1.52012491033680559E-003	4.59556807177572411E-004	-1	1.06056810315923312E-003	-1	OK
12.750000000000000	4.65582090018791875E-003	3.51713879127147754E-003	1.56451270553309321E-003	1.95262608573838498E-003	1.13868210891644164E-003	3.41255367947528834E-004	-1	7.97426740968912805E-004	-1	OK
13.000000000000000	3.48966492635282123E-003	2.63728033260656955E-003	1.16522000335028664E-003	1.47206032925628269E-003	8.52384593746251793E-004	2.53810362247844823E-004	-1	5.98574231498406970E-004	-1	OK
13.250000000000000	2.61218762507718898E-003	1.97568821908857212E-003	8.66944033126051624E-004	1.10874418596252039E-003	6.36499405988616971E-004	1.88446939572679877E-004	-1	4.48052466415937121E-004	-1	OK
13.500000000000000	1.95273055627741797E-003	1.47857801447181061E-003	6.44285700513222924E-004	8.34292313958587793E-004	4.74152541805607252E-004	1.39537060205529624E-004	-1	3.34615481600077655E-004	-1	OK
13.750000000000000	1.45865224907404888E-003	1.10522318593496535E-003	4.78166963700338960E-004	6.27056222234626502E-004	3.53429063139083528E-004	1.03072520530219831E-004	-1	2.50356542608863683E-004	-1	OK
14.000000000000000	1.08768709534487950E-003	8.24933708353051045E-004	3.54325299629237932E-004	4.70608408723813059E-004	2.62753386991828404E-004	7.61348006912446570E-005	-1	1.86618586300583761E-004	-1	OK
14.250000000000000	8.09802674766146478E-004	6.14789012932848069E-004	2.62114734492664692E-004	3.52674278440183323E-004	1.95013661833298382E-004	5.62942491560006883E-005	-1	1.38719412677297700E-004	-1	OK
14.500000000000000	6.01255889558818726E-004	4.57351599912242976E-004	1.93524584450285896E-004	2.63827015461957188E-004	1.43904289646575777E-004	4.11911692612964927E-005	-1	1.02713120385279291E-004	-1	OK
14.750000000000000	4.45869244707007095E-004	3.39549627548952878E-004	1.42580608810517984E-004	1.96969018738434840E-004	1.06319617158054204E-004	3.03443985704891226E-005	-1	7.59752185875650849E-005	-1	OK
15.000000000000000	3.29970152783958242E-004	2.51561202416813480E-004	1.04807340065935130E-004	1.46753862350878323E-004	7.84089503671447479E-005	2.21816712291289094E-005	-1	5.62272791380158385E-005	-1	OK
15.250000000000000	2.43503771191694356E-004	1.85914271840140156E-004	7.68421908133910011E-005	1.09072081026749155E-004	5.75894993515541930E-005	1.62061357302170780E-005	-1	4.13833636213371150E-005	-1	OK
15.500000000000000	1.79273506983558463E-004	1.37045750503886332E-004	5.61856619973974904E-005	8.08600885064888217E-005	4.22277564796721378E-005	1.17797334721623588E-005	-1	3.04480230075097807E-005	-1	OK
15.750000000000000	1.31557011810687601E-004	1.00744799721992970E-004	4.09608833284142262E-005	5.97839163935787437E-005	3.08122120886946180E-005	8.55208177540186832E-006	-1	2.22601303132927497E-005	-1	OK
16.000000000000000	9.62192120999358352E-005	7.38270407427114877E-005	2.97642285467592206E-005	4.40628121959522637E-005	2.23921713572243475E-005	6.16285987739986132E-006	-1	1.62293114798244871E-005	-1	OK
16.250000000000000	7.01461067999717685E-005	5.39265654625049298E-005	2.15542957139320340E-005	3.23722697485728924E-005	1.62195413374668420E-005	4.43609835280040519E-006	-1	1.17834429846664377E-005	-1	OK
16.500000000000000	5.09529442583154960E-005	3.92526709626454118E-005	1.55511473685056676E-005	2.37015235941397374E-005	1.17002732956700825E-005	3.17962403878786830E-006	-1	8.52064925688221462E-006	-1	OK
16.750000000000000	3.68789608150433260E-005	2.84616343253267797E-005	1.11750954424505725E-005	1.72865388828762088E-005	8.41732648971654299E-006	2.27190666491950110E-006	-1	6.14541982479704231E-006	-1	OK
17.000000000000000	2.65710798751269867E-005	2.05534186321666803E-005	7.99647961284334302E-006	1.25569390193233355E-005	6.01766124296030562E-006	1.61068657155614212E-006	-1	4.40697467140416307E-006	-1	OK
17.250000000000000	1.90573821691896768E-005	1.47777808261291445E-005	5.69606498617587731E-006	9.08171583995326716E-006	4.27960134306053318E-006	1.13351395161692218E-006	-1	3.14608739144361100E-006	-1	OK
17.500000000000000	1.36065267698961948E-005	1.05770484196018873E-005	4.03810002958822238E-006	6.53894839001366409E-006	3.02947835029430836E-006	7.91266609035574906E-007	-1	2.23821174125873356E-006	-1	OK
17.750000000000000	9.66877275085965047E-006	7.53316109657242449E-006	2.84787687703113837E-006	4.68528421954128655E-006	2.13561165428722598E-006	5.56570720793826763E-007	-1	1.57904093349339921E-006	-1	OK
18.000000000000000	6.82856916247091123E-006	5.33531938544582636E-006	1.99710456196995843E-006	3.33821482347586751E-006	1.49324977702508487E-006	3.86971616528026538E-007	-1	1.10627816049705828E-006	-1	OK
18.250000000000000	4.79542213258784351E-006	3.75763816571936654E-006	1.39237291562021606E-006	2.36526525009915069E-006	1.03778396686847718E-006	2.66505919750309873E-007	-1	7.71278047118167255E-007	-1	OK
18.500000000000000	3.34797912984965701E-006	2.63107639384777613E-006	9.64730488567606632E-007	1.66634590528016865E-006	7.16902736001880670E-007	1.82559812393338961E-007	-1	5.34342923608541683E-007	-1	OK
18.750000000000000	2.32089815489757451E-006	1.82981441532567562E-006	6.63802955559161733E-007	1.16601145976651367E-006	4.91083739571899002E-007	1.23039879207335302E-007	-1	3.68043860364563700E-007	-1	OK
19.000000000000000	1.59706747269695108E-006	1.26344927731893985E-006	4.53415035686358667E-007	8.10034241632581238E-007	3.33618195378011279E-007	8.29397822562543766E-008	-1	2.50678413121756889E-007	-1	OK
19.250000000000000	1.09120819939385086E-006	8.66042925879085535E-007	3.07354888352221769E-007	5.58688037526864083E-007	2.25165273514765377E-007	5.52475812795824164E-008	-1	1.69917692235182954E-007	-1	OK
19.500000000000000	7.39248387688835599E-007	5.88898496159020943E-007	2.06616088690691183E-007	3.82282407468329760E-007	1.50349891529814630E-007	3.69688580963223363E-008	-1	1.13381033433492287E-007	-1	OK
19.750000000000000	4.96514313507912896E-007	3.96939632112196391E-007	1.37648794784428594E-007	2.59290837327767823E-007	9.95746813957165322E-008	2.39766043739553381E-008	-1	7.55980770217611907E-008	-1	OK
20.000000000000000	3.30343427380291081E-007	2.65068306132885255E-007	9.08263783300961943E-008	1.74241927802788981E-007	6.52751212474058262E-008	1.56721601382954244E-008	-1	4.96029611091104052E-008	-1	OK
