#pt	totcs	totdirect	directLO	directNLO	totfrag	fragLO	err_fragLO	fragNLO	err_fragNLO	errmess
0.50000000000000000	-3882584.4722247571	-42438085.196273863	7549894.3005402433	-49987979.496814094	38555500.724049106	14562947.275194051	-1	23992553.448855057	-1	Error
0.75000000000000000	7214256.7130693123	322896.28804505710	1019467.1262905571	-696570.83824549976	6891360.4250242552	2517815.9616642692	-1	4373544.4633599855	-1	Error
1.0000000000000000	2171528.6858290895	430523.39037195058	280986.92795470555	149536.46241724485	1741005.2954571389	669208.06109761191	-1	1071797.2343595270	-1	Error
1.2500000000000000	746113.20477902365	201799.49807122000	104631.73144041379	97167.766630806189	544313.70670780365	225489.00125347165	-1	318824.70545433200	-1	Error
1.5000000000000000	286059.66999678517	95978.169011027174	48598.487446247782	47379.681564779392	190081.50098575800	84476.367026900276	-1	105605.13395885772	-1	Error
1.7500000000000000	113161.39898134593	47686.033215852032	25588.163437459283	22097.869778392756	65475.365765493909	29431.990609782501	-1	36043.375155711408	-1	Error
2.0000000000000000	50176.749188574344	24622.089924849111	13623.081687101476	10999.008237747625	25554.659263725232	11543.325359608978	-1	14011.333904116254	-1	Error
2.2500000000000000	24223.671006209079	13222.735180940312	7446.7335928630782	5776.0015880772344	11000.935825268765	4994.5553975876383	-1	6006.3804276811270	-1	Error
2.5000000000000000	12515.133984117969	7361.9432622331415	4191.2739600053956	3170.6693022277454	5153.1907218848273	2347.0452299181247	-1	2806.1454919667026	-1	Error
2.7500000000000000	6816.1185070839483	4233.0433556575153	2426.5287541340535	1806.5146015234616	2583.0751514264330	1175.6027289457152	-1	1407.4724224807178	-1	Error
3.0000000000000000	3870.4028374621121	2504.6489606594519	1442.0413873214709	1062.6075733379819	1365.7538768026600	621.27623604385917	-1	744.47764075880082	-1	Error
3.2500000000000000	2277.4700942373588	1519.8395034324351	877.43254428846660	642.40695914396849	757.63059080492371	344.19562517130936	-1	413.43496563361435	-1	Error
3.5000000000000000	1379.9332919676817	943.06627579437827	545.32231474292473	397.74396105145360	436.86701617330351	197.68687903103796	-1	239.18013714226555	-1	Error
3.7500000000000000	856.79016656510544	596.92658865815702	345.43405675512230	251.49253190303463	259.86357790694848	116.93642044489866	-1	142.92715746204982	-1	Error
4.0000000000000000	543.63192487980484	384.59272932437932	222.59175826717609	162.00097105720315	159.03919555542555	71.068204440315171	-1	87.970991115110380	-1	OK
4.2500000000000000	351.29017154540946	251.70287426641784	145.62995070891333	106.07292355750450	99.587297278991642	44.284013566123541	-1	55.303283712868101	-1	OK
4.5000000000000000	230.55038765983778	167.03667178822690	96.573868219349677	70.462803568877220	63.513715871610898	28.109461674785621	-1	35.404254196825278	-1	OK
4.7500000000000000	153.56096202918854	112.23358404222937	64.821777512893604	47.411806529335735	41.327377986959192	18.079962387136504	-1	23.247415599822688	-1	OK
5.0000000000000000	103.62862745919460	76.267170633469149	43.991559751800615	32.275610881668541	27.361456825725448	11.950593767059965	-1	15.410863058665482	-1	OK
5.2500000000000000	70.680085613660665	52.363764248144946	30.157328308292765	22.206435939852181	18.316321365515719	7.9192489516512143	-1	10.397072413864505	-1	OK
5.5000000000000000	48.728040032460250	36.292482126428297	20.864765030631624	15.427717095796671	12.435557906031955	5.3396195682055838	-1	7.0959383378263707	-1	OK
5.7500000000000000	33.911237325014817	25.371401724500444	14.557468931679082	10.813932792821369	8.5398356005143725	3.6498326123461302	-1	4.8900029881682423	-1	OK
6.0000000000000000	23.792040644386830	17.876707248406859	10.235034669453011	7.6416725789538527	5.9153333959799692	2.5181644342882814	-1	3.3971689616916878	-1	OK
6.2500000000000000	16.828573882391378	12.686463327332834	7.2464304709528786	5.4400328563799620	4.1421105550585446	1.7527977314675571	-1	2.3893128235909877	-1	OK
6.5000000000000000	11.980407399601653	9.0619588584251041	5.1631740133670530	3.8987848450580533	2.9184485411765486	1.2282551934723924	-1	1.6901933477041562	-1	OK
6.7500000000000000	8.5856276955182338	6.5116603732152063	3.7002042950244949	2.8114560781907114	2.0739673223030279	0.86742006446798903	-1	1.2065472578350389	-1	OK
7.0000000000000000	6.1899770266370329	4.7045343588417285	2.6657710684122682	2.0387632904294604	1.4854426677953045	0.61775554762277041	-1	0.86768712017253413	-1	OK
7.2500000000000000	4.4873529876997917	3.4158217528664929	1.9297705956515767	1.4860511572149160	1.0715312348332988	0.44256268188844733	-1	0.62896855294485143	-1	OK
7.5000000000000000	3.2671418208052350	2.4913283006130822	1.4030736957983287	1.0882546048147530	0.77581352019215288	0.31898667768497752	-1	0.45682684250717537	-1	OK
7.7500000000000000	2.3891856738060997	1.8245139616975043	1.0241731322608361	0.80034082943666873	0.56467171210859546	0.23065960587948331	-1	0.33401210622911215	-1	OK
8.0000000000000000	1.7536137330164518	1.3411965501116230	0.75029034838977937	0.59090620172184349	0.41241718290482887	0.16764813486783778	-1	0.24476904803699109	-1	OK
8.2500000000000000	1.2921616114165233	0.98930751863267663	0.55146848571975748	0.43783903291291920	0.30285409278384656	0.12200854711799798	-1	0.18084554566584859	-1	OK
8.5000000000000000	0.95549696757107538	0.73204660323993187	0.40655247232992214	0.32549413091000962	0.22345036433114346	8.93043942951848857E-002	-1	0.13414597003595857	-1	OK
8.7500000000000000	0.70843299327168585	0.54321625337861912	0.30052605564375634	0.24269019773486289	0.16521673989306671	6.56799382549127647E-002	-1	9.95368016381539406E-002	-1	OK
9.0000000000000000	0.52678113520914038	0.40413179248481834	0.22269116708560127	0.18144062539921701	0.12264934272432200	4.83621006498643549E-002	-1	7.42872420744576378E-002	-1	OK
9.2500000000000000	0.39242037843880373	0.30134959102421344	0.16537146840373301	0.13597812262048053	9.10707874145903068E-002	3.57546544229367033E-002	-1	5.53161329916536035E-002	-1	OK
9.5000000000000000	0.29299879768644421	0.22516620773750481	0.12304039420722659	0.10212581353027819	6.78325899489394119E-002	2.64091059766017010E-002	-1	4.14234839723377074E-002	-1	OK
9.7500000000000000	0.21918294652492581	0.16855106470574616	9.16994213739772829E-002	7.68516433317688874E-002	5.06318818191796582E-002	1.96773857716739040E-002	-1	3.09544960475057543E-002	-1	OK
10.000000000000000	0.16426424171825502	0.12636753310916177	6.84397423905273583E-002	5.79277907186344088E-002	3.78967086090932492E-002	1.45949737555798129E-002	-1	2.33017348535134380E-002	-1	OK
10.250000000000000	0.12323326040605044	9.48720092658165426E-002	5.11433970142241706E-002	4.37286122515923373E-002	2.83612511402338945E-002	1.08907950272172267E-002	-1	1.74704561130166677E-002	-1	OK
10.500000000000000	9.25917963393935728E-002	7.13091527905761746E-002	3.82572609641190081E-002	3.30518918264571734E-002	2.12826435488173982E-002	8.12249839698748165E-003	-1	1.31601451518299165E-002	-1	OK
10.750000000000000	6.96214873299218079E-002	5.36491327772443405E-002	2.86413859313745280E-002	2.50077468458698021E-002	1.59723545526774639E-002	6.04970761183559486E-003	-1	9.92264694084186993E-003	-1	OK
11.000000000000000	5.23861368548627845E-002	4.03960434234408028E-002	2.14569866088470430E-002	1.89390568145937459E-002	1.19900934314219835E-002	4.51655820445435660E-003	-1	7.47353522696762688E-003	-1	OK
11.250000000000000	3.94422569743802243E-002	3.04351963537832781E-002	1.60824949764602106E-002	1.43527013773230711E-002	9.00706062059694612E-003	3.37582630747805664E-003	-1	5.63123431311888904E-003	-1	OK
11.500000000000000	2.97122845268669548E-002	2.29414365659216177E-002	1.20582813693658666E-002	1.08831551965557546E-002	6.77084796094533717E-003	2.52012312320695894E-003	-1	4.25072483773837780E-003	-1	OK
11.750000000000000	2.23865221689936444E-002	1.72981185451723113E-002	9.04239861092409440E-003	8.25571993424822036E-003	5.08840362382133402E-003	1.88369101725169318E-003	-1	3.20471260656964105E-003	-1	OK
12.000000000000000	1.68722368019094161E-002	1.30439228902590725E-002	6.78051758338666776E-003	6.26340530687240563E-003	3.82831391165034491E-003	1.40755272184385017E-003	-1	2.42076118980649475E-003	-1	OK
12.250000000000000	1.27107353708706388E-002	9.83572409160552406E-003	5.08350656817302318E-003	4.75221752343250002E-003	2.87501127926511474E-003	1.05077290267195926E-003	-1	1.82423837659315548E-003	-1	OK
12.500000000000000	9.57691148652686786E-003	7.41474068678730537E-003	3.80972486557019365E-003	3.60501582121711258E-003	2.16217079973956205E-003	7.83158055633480948E-004	-1	1.37901274410608121E-003	-1	OK
12.750000000000000	7.21211435906108853E-003	5.58734170207787414E-003	2.85355567007110735E-003	2.73378603200676680E-003	1.62477265698321481E-003	5.84461500966656383E-004	-1	1.04031115601655854E-003	-1	OK
13.000000000000000	5.42650483196550557E-003	4.20805253781399331E-003	2.13585477108136756E-003	2.07219776673262662E-003	1.21845229415151204E-003	4.35474834224935481E-004	-1	7.82977459926576555E-004	-1	OK
13.250000000000000	4.07984838149075008E-003	3.16670302242749941E-003	1.59717485437054006E-003	1.56952816805695891E-003	9.13145359063250567E-004	3.24538480337969787E-004	-1	5.88606878725280781E-004	-1	OK
13.500000000000000	3.06439878836544093E-003	2.38091213153041352E-003	1.19309202308005608E-003	1.18782010845035744E-003	6.83486656835027634E-004	2.41070130972884198E-004	-1	4.42416525862143436E-004	-1	OK
13.750000000000000	2.29890045714633597E-003	1.78816627027963016E-003	8.90117454468283375E-004	8.98048815811346894E-004	5.10734186866706021E-004	1.78195386766164150E-004	-1	3.32538800100541871E-004	-1	OK
14.000000000000000	1.72262881302619186E-003	1.34118713838763358E-003	6.63105438882659911E-004	6.78081699504973559E-004	3.81441674638558392E-004	1.32488959686882774E-004	-1	2.48952714951675646E-004	-1	OK
14.250000000000000	1.28841981959315123E-003	1.00450657748116321E-003	4.93196323172183566E-004	5.11310254308979862E-004	2.83913242111987960E-004	9.81654233505526184E-005	-1	1.85747818761435328E-004	-1	OK
14.500000000000000	9.61625621834192343E-004	7.51077983097270642E-004	3.66144174078702838E-004	3.84933809018567804E-004	2.10547638736921727E-004	7.21435223371370480E-005	-1	1.38404116399784680E-004	-1	OK
14.750000000000000	7.16811628420637066E-004	5.60525877316534935E-004	2.71269853082612181E-004	2.89256024233922699E-004	1.56285751104102185E-004	5.32810056479684824E-005	-1	1.03004745456133703E-004	-1	OK
15.000000000000000	5.33142207954094061E-004	4.17480770051047580E-004	2.00535693758529848E-004	2.16945076292517785E-004	1.15661437903046496E-004	3.90927588439793236E-005	-1	7.65686790590671719E-005	-1	OK
15.250000000000000	3.95528549133490224E-004	3.10216820758110550E-004	1.47878052362127325E-004	1.62338768395983197E-004	8.53117283753796878E-005	2.86625227199053524E-005	-1	5.66492056554743320E-005	-1	OK
15.500000000000000	2.92742264006923118E-004	2.29958175111263675E-004	1.08766058166204324E-004	1.21192116945059283E-004	6.27840888956594567E-005	2.09098257938170649E-005	-1	4.18742631018423952E-005	-1	OK
15.750000000000000	2.15973941911612021E-004	1.70024578289763064E-004	7.97747927051717799E-005	9.02497855845913252E-005	4.59493636218489567E-005	1.51871467508426608E-005	-1	3.07622168710062959E-005	-1	OK
16.000000000000000	1.58905900164943653E-004	1.25342933919193899E-004	5.83301612580081053E-005	6.70127726611857667E-005	3.35629662457497544E-005	1.10119902472351224E-005	-1	2.25509759985146319E-005	-1	OK
16.250000000000000	1.16592508763938704E-004	9.21223568653038244E-005	4.25113732322973293E-005	4.96109836330064748E-005	2.44701518986348831E-005	7.95087358188321667E-006	-1	1.65192783167516664E-005	-1	OK
16.500000000000000	8.52174126353246391E-005	6.74834876944613440E-005	3.08731937293293864E-005	3.66102939651319576E-005	1.77339249408632985E-005	5.72456455343838345E-006	-1	1.20093603874249159E-005	-1	OK
16.750000000000000	6.20668859203096990E-005	4.92535132933141003E-005	2.23349967008269641E-005	2.69185165924871362E-005	1.28133726269956038E-005	4.10168926959791969E-006	-1	8.71168335739768497E-006	-1	OK
17.000000000000000	4.50104238124170907E-005	3.58084135295930826E-005	1.60920249658403228E-005	1.97163885637527598E-005	9.20201028282401141E-006	2.92033884960772075E-006	-1	6.28167143321629024E-006	-1	OK
17.250000000000000	3.25035758820598500E-005	2.59247686178133214E-005	1.15432752466402988E-005	1.43814933711730192E-005	6.57880726424652947E-006	2.06862078522850100E-006	-1	4.51018647901802847E-006	-1	OK
17.500000000000000	2.33735541534819060E-005	1.86874356670698361E-005	8.24203244180389046E-006	1.04454032252659456E-005	4.68611848641206909E-006	1.46226100749198730E-006	-1	3.22385747892008178E-006	-1	OK
17.750000000000000	1.67241860997310381E-005	1.34067278211087132E-005	5.85528211792420433E-006	7.55144570318451142E-006	3.31745827862232576E-006	1.02451391593507130E-006	-1	2.29294436268725446E-006	-1	OK
18.000000000000000	1.19029325880606264E-005	9.56675422240728118E-006	4.13688998828266235E-006	5.42986423412462137E-006	2.33617836565334526E-006	7.15115668514903304E-007	-1	1.62106269713844195E-006	-1	OK
18.250000000000000	8.42081190959369875E-006	6.78983596335193361E-006	2.90629789003744541E-006	3.88353807331448777E-006	1.63097594624176578E-006	4.91761998454928901E-007	-1	1.13921394778683677E-006	-1	OK
18.500000000000000	5.92431956648083965E-006	4.79180081325269354E-006	2.02939635258754134E-006	2.76240446066515390E-006	1.13251875322814653E-006	3.40774394336545306E-007	-1	7.91744358891601227E-007	-1	OK
18.750000000000000	4.13924109888758540E-006	3.35969878393470988E-006	1.40753474337567140E-006	1.95216404055903849E-006	7.79542314952875836E-007	2.30853253397057415E-007	-1	5.48689061555818421E-007	-1	OK
19.000000000000000	2.87248352148498509E-006	2.33925031760399026E-006	9.69286753488331534E-007	1.36996356411565873E-006	5.33233203880994723E-007	1.56267949229322531E-007	-1	3.76965254651672219E-007	-1	OK
19.250000000000000	1.97939430308785324E-006	1.61722832765024973E-006	6.62524795339186147E-007	9.54703532311063367E-007	3.62165975437603456E-007	1.04467029586892378E-007	-1	2.57698945850711051E-007	-1	OK
19.500000000000000	1.35270173632927742E-006	1.10940863888688449E-006	4.49171310913670967E-007	6.60237327973213466E-007	2.43293097442392882E-007	6.96088612100421185E-008	-1	1.73684236232350764E-007	-1	OK
19.750000000000000	9.16734058635653368E-007	7.54582765118895787E-007	3.01849390965822731E-007	4.52733374153073056E-007	1.62151293516757581E-007	4.59720199236663795E-008	-1	1.16179273593091208E-007	-1	OK
20.000000000000000	6.15683367336965167E-007	5.08601089479452645E-007	2.00946254353079966E-007	3.07654835126372599E-007	1.07082277857512483E-007	3.01808999993485575E-008	-1	7.69013778581639256E-008	-1	OK
