#pt	totcs	totdirect	directLO	directNLO	totfrag	fragLO	err_fragLO	fragNLO	err_fragNLO	errmess
0.50000000000000000	247894718.13600808	-74004742.273768023	23857205.442703672	-97861947.716471642	321899460.40977609	165789910.76905593	-1	156109549.64072016	-1	Error
0.75000000000000000	64722657.301985547	-11753270.429215450	8576174.6389815528	-20329445.068197008	76475927.731200993	38107025.500685453	-1	38368902.230515540	-1	Error
1.0000000000000000	19538343.141193148	-2515416.7292499244	3364437.0540496595	-5879853.7832995858	22053759.870443072	11392517.827586437	-1	10661242.042856636	-1	Error
1.2500000000000000	7377179.1309596403	-605561.16251540743	1496394.7118447043	-2101955.8743601115	7982740.2934750477	4205856.5295577087	-1	3776883.7639173390	-1	Error
1.5000000000000000	3232566.6899243323	-132436.35784974764	738702.04608698736	-871138.40393673547	3365003.0477740797	1807489.4627891982	-1	1557513.5849848816	-1	Error
1.7500000000000000	1595779.5833980544	-6933.9450235575205	397919.79420819803	-404853.73923175561	1602713.5284216118	873873.41730716929	-1	728840.11111444246	-1	Error
2.0000000000000000	863379.36959298374	24270.792656213278	229354.07792362859	-205083.28526741528	839108.57693677046	461119.79164741799	-1	377988.78528935247	-1	Error
2.2500000000000000	499510.64696008188	28427.000255486753	139576.55844870218	-111149.55819321546	471083.64670459513	261336.52955832469	-1	209747.11714627044	-1	Error
2.5000000000000000	305424.93465155398	25199.819258690346	88804.288294489073	-63604.469035798764	280225.11539286363	156505.10824190127	-1	123720.00715096237	-1	Error
2.7500000000000000	195359.37238018238	20571.284824917137	58630.794564078409	-38059.509739161280	174788.08755526526	98079.702635418580	-1	76708.384919846678	-1	Error
3.0000000000000000	129605.69643327896	16303.469153597522	39941.760607347729	-23638.291453750207	113302.22727968144	63802.612161002718	-1	49499.615118678717	-1	Error
3.2500000000000000	88758.950604662095	12798.440430397844	27950.077395695102	-15151.636965297268	75960.510174264244	42822.677468631533	-1	33137.832705632711	-1	Error
3.5000000000000000	62412.099910329896	10040.394492790514	20018.219394599655	-9977.8249018091374	52371.705417539386	29568.013369359200	-1	22803.692048180186	-1	Error
3.7500000000000000	44883.266948991848	7905.3115744248535	14631.447403091699	-6726.1358286668419	36977.955374566998	20890.277679337152	-1	16087.677695229846	-1	Error
4.0000000000000000	32902.070654788004	6260.1753887241030	10887.592566163503	-4627.4171774393972	26641.895266063901	15042.395580505379	-1	11599.499685558521	-1	OK
4.2500000000000000	24553.061217626935	4991.0135002970583	8231.8275793307130	-3240.8140790336593	19562.047717329879	11050.500622198026	-1	8511.5470951318530	-1	OK
4.5000000000000000	18604.684436577198	4007.5315320158352	6313.2153482732774	-2305.6838162574413	14597.152904561362	8251.4943905897399	-1	6345.6585139716226	-1	OK
4.7500000000000000	14314.791204381378	3240.8782473678011	4904.2867428647478	-1663.4084954969464	11073.912957013577	6251.4962611907722	-1	4822.4166958228052	-1	OK
5.0000000000000000	11162.307955536817	2639.2549759751009	3854.2698490278590	-1215.0148730527583	8523.0529795617149	4800.8064053036960	-1	3722.2465742580189	-1	OK
5.2500000000000000	8791.7124112362544	2163.8601016284288	3061.2074323519855	-897.34733072355687	6627.8523096078252	3730.8779409117105	-1	2896.9743686961147	-1	OK
5.5000000000000000	6996.7178874915162	1785.5869015960961	2454.8857119703339	-669.29881037423888	5211.1309858954201	2931.3857394643655	-1	2279.7452464310545	-1	OK
5.7500000000000000	5622.0110712352680	1482.5409931787863	1986.1405822870970	-503.59958910831085	4139.4700780564817	2326.2742122525497	-1	1813.1958658039321	-1	OK
6.0000000000000000	4555.4276178435484	1238.1482311980499	1620.0291996270382	-381.88096842898813	3317.2793866454990	1862.9653897257585	-1	1454.3139969197405	-1	OK
6.2500000000000000	3722.3280704564986	1039.7887920000514	1331.3736360313926	-291.58484403134088	2682.5392784564469	1501.3242737059520	-1	1181.2150047504949	-1	OK
6.5000000000000000	3063.9794670133456	877.80201270047746	1101.7972567557849	-223.99524405530713	2186.1774543128681	1221.8286163798075	-1	964.34883793306062	-1	OK
6.7500000000000000	2539.3738671987826	744.74171903763170	917.72810399221169	-172.98638495458039	1794.6321481611510	1001.5881072927807	-1	793.04404086837030	-1	OK
7.0000000000000000	2117.9382226634730	634.83108501842116	769.03332685160717	-134.20224183318635	1483.1071376450518	826.65520083960962	-1	656.45193680544219	-1	OK
7.2500000000000000	1777.1031016727093	543.55913522032949	648.07097544221392	-104.51184022188443	1233.5439664523797	686.58690362260438	-1	546.95706282977528	-1	OK
7.5000000000000000	1498.6713907292428	467.38079864930148	549.02278247577499	-81.641983826473549	1031.2905920799412	573.56905982459261	-1	457.72153225534862	-1	OK
7.7500000000000000	1270.9191657797737	403.49350590827828	467.41994408287684	-63.926438174598644	867.42565987149533	481.80789468829892	-1	385.61776518319641	-1	OK
8.0000000000000000	1083.0134325541458	349.66783357905507	399.80173186290529	-50.133898283850350	733.34559897509064	406.81617319635319	-1	326.52942577873745	-1	OK
8.2500000000000000	927.08825105180290	304.12114309430598	343.46744995722071	-39.346306862914808	622.96710795749698	345.32625584187554	-1	277.64085211562144	-1	OK
8.5000000000000000	797.01170989985917	265.41905764835701	296.29309236574687	-30.874034717389886	531.59265225150216	294.33091723840499	-1	237.26173501309717	-1	OK
8.7500000000000000	687.97420328948010	232.40224881913329	256.59812147257014	-24.195872653436826	455.57195447034684	251.95646050445885	-1	203.61549396588799	-1	OK
9.0000000000000000	596.14601164326155	204.12879689263323	223.04425675638308	-18.915459863749774	392.01721475062834	216.57448600523455	-1	175.44272874539379	-1	OK
9.2500000000000000	518.29774207793776	179.82970845245626	194.55887729738311	-14.729168844926827	338.46803362548144	186.88999443583080	-1	151.57803918965064	-1	OK
9.5000000000000000	452.32087219966263	158.87445902705971	170.27734742675929	-11.402888399699544	293.44641317260289	161.87186654691448	-1	131.57454662568841	-1	OK
9.7500000000000000	396.03482603626344	140.74326999515546	149.49874823032440	-8.7554782351688765	255.29155604110801	140.68996304006197	-1	114.60159300104604	-1	OK
10.000000000000000	347.64369836753065	125.00596890877210	131.65189118988329	-6.6459222811111935	222.63772945875851	122.68334834367204	-1	99.954381115086477	-1	OK
10.250000000000000	306.24988550233451	111.30531613089143	116.26913246274812	-4.9638163318567186	194.94456937144307	107.31341354516491	-1	87.631155826278160	-1	OK
10.500000000000000	270.55044131833739	99.343007021809740	102.96566396340805	-3.6226569415983518	171.20743429652765	94.151726129442679	-1	77.055708167084973	-1	OK
10.750000000000000	239.65494079306967	88.869568385889082	91.423542318769009	-2.5539739328799307	150.78537240718057	82.840714190537909	-1	67.944658216642665	-1	OK
11.000000000000000	212.84421025702048	79.675155151888077	81.378884904224591	-1.7037297523365504	133.16905510513240	73.089055192881446	-1	60.079999912250955	-1	OK
11.250000000000000	189.48762906617225	71.582963447120832	72.611806542513747	-1.0288430953929355	117.90466561905140	64.657385986409736	-1	53.247279632641664	-1	OK
11.500000000000000	169.08566859660550	64.443416537676256	64.938364253793040	-0.49494771611676669	104.64225205892924	57.341957657673603	-1	47.300294401255641	-1	OK
11.750000000000000	151.22298128153196	58.129381960997691	58.204044711708818	-7.46627507110990407E-002	93.093599320534267	50.976569435229216	-1	42.117029885305051	-1	OK
12.000000000000000	135.54310834760153	52.532731675592721	52.278668505091133	0.25406317050157107	83.010376672008803	45.422301292310486	-1	37.588075379698317	-1	OK
12.250000000000000	121.74502858828235	47.560994807786997	47.052120952028069	0.50887385575893584	74.184033780495355	40.563218309376950	-1	33.620815471118405	-1	OK
12.500000000000000	109.57113812622273	43.135077412372929	42.431011416528669	0.70406599584426821	66.436060713849798	36.301941246628232	-1	30.134119467221566	-1	OK
12.750000000000000	98.760167328939445	39.186964412948100	38.335842632416671	0.85112178053142828	59.573202915991338	32.554638632457241	-1	27.018564283534097	-1	OK
13.000000000000000	89.225634517283353	35.658135792572409	34.698728504986306	0.95940728758608806	53.567498724710944	29.250923875504032	-1	24.316574849206912	-1	OK
13.250000000000000	80.757188998188781	32.497988868178950	31.461529269906713	1.0364595982722478	48.259200130009823	26.330996844750480	-1	21.928203285259343	-1	OK
13.500000000000000	73.219546289536765	29.662833435588514	28.574390905706526	1.0884425298819951	43.556712853948255	23.746000641780498	-1	19.810712212167758	-1	OK
13.750000000000000	66.496855888581791	27.114743122752031	25.994386307131229	1.1203568156208041	39.382112765829767	21.453099642608702	-1	17.929013123221065	-1	OK
14.000000000000000	60.488809144051658	24.820743393722058	23.684459909155613	1.1362834845664407	35.668065750329603	19.414664792992472	-1	16.253400957337131	-1	OK
14.250000000000000	55.108987140537877	22.752058469757053	21.612533422790769	1.1395250469662848	32.356928670780825	17.598861824209937	-1	14.758066846570888	-1	OK
14.500000000000000	50.282972446683814	20.883556511987074	19.750783250589965	1.1327732613971042	29.399415934696737	15.978183124382335	-1	13.421232810314402	-1	OK
14.750000000000000	45.945208493635761	19.193221009874300	18.075012535887261	1.1182084739870444	26.751987483761461	14.529235891655150	-1	12.222751592106311	-1	OK
15.000000000000000	42.042231401733147	17.661756652619822	16.564137299733076	1.0976193528867477	24.380474749113326	13.231345818327076	-1	11.149128930786249	-1	OK
15.250000000000000	38.523331383073625	16.272192351198239	15.199741314789174	1.0724510364090627	22.251139031875383	12.066891315851876	-1	10.184247716023506	-1	OK
15.500000000000000	35.345334883560014	15.009595236208552	13.965705571205914	1.0438896650026381	20.335739647351463	11.020088494000895	-1	9.3156511533505686	-1	OK
15.750000000000000	32.470983649256453	13.860780364675231	12.847890807791989	1.0128895568832401	18.610203284581221	10.077752796630197	-1	8.5324504879510243	-1	OK
16.000000000000000	29.855312306583357	12.814099551415966	11.833871260360130	0.98022829105583531	17.041212755167390	9.2281631762952117	-1	7.8130495788721781	-1	OK
16.250000000000000	27.494603584312706	11.859228134474808	10.912701519449836	0.94652661502497371	15.635375449837900	8.4609813143537984	-1	7.1743941354841017	-1	OK
16.500000000000000	25.351039883995579	10.987014969458389	10.074729182903798	0.91228578655458870	14.364024914537190	7.7671662965471358	-1	6.5968586179900539	-1	OK
16.750000000000000	23.400367289213769	10.189334278128705	9.3114215381076910	0.87791274002101904	13.211033011085064	7.1388077407147739	-1	6.0722252703702901	-1	OK
17.000000000000000	21.623727186952173	9.4589412536880637	8.6152214132827911	0.84371984040527237	12.164785933264108	6.5689021737605087	-1	5.5958837595035993	-1	OK
17.250000000000000	20.003415893587018	8.7893864719352379	7.9794288407579126	0.80995763117732866	11.214029421651778	6.0513327065457121	-1	5.1626967151060663	-1	OK
17.500000000000000	18.523872986449938	8.1749046871090734	7.3980883057980842	0.77681638131098774	10.348968299340862	5.5806847720656343	-1	4.7682835272752282	-1	OK
17.750000000000000	17.169956232930311	7.6103473619501951	6.8659025018889608	0.74444486006123234	9.5596088709801137	5.1521552809486506	-1	4.4074535900314631	-1	OK
18.000000000000000	15.932036099438655	7.0910968768865947	6.3781484744374843	0.71294840244911450	8.8409392225520591	4.7614782094881924	-1	4.0794610130638667	-1	OK
18.250000000000000	14.797553217707918	6.6130172956730542	5.9306112352634770	0.68240606040957608	8.1845359220348630	4.4048679070746992	-1	3.7796680149601638	-1	OK
18.500000000000000	13.756716684120757	6.1723995530308997	5.5195233586403267	0.65287619439057554	7.5843171310898585	4.0789292878957157	-1	3.5053878431941428	-1	OK
18.750000000000000	12.800663154704274	5.7658997541030930	5.1415105600889923	0.62438919401410176	7.0347634006011814	3.7807163034810616	-1	3.2540470971201199	-1	OK
19.000000000000000	11.921354164282452	5.3905137407906087	4.7935490691001466	0.59696467169046252	6.5308404234918438	3.5075756662133037	-1	3.0232647572785400	-1	OK
19.250000000000000	11.112674762177100	5.0435353589725782	4.4729239781675743	0.57061138080500406	6.0691394032045221	3.2571073607334768	-1	2.8120320424710452	-1	OK
19.500000000000000	10.364992428599455	4.7225149620818563	4.1771933692612162	0.54532159282063952	5.6424774665175992	3.0272303859444429	-1	2.6152470805731562	-1	OK
19.750000000000000	9.6709657974553043	4.4252398593673323	3.9041602619232609	0.52107959744407251	5.2457259380879719	2.8159806945758876	-1	2.4297452435120843	-1	OK
20.000000000000000	9.0329950636408398	4.1497190183524655	3.6518457220128564	0.49787329633961008	4.8832760452883743	2.6216772797499508	-1	2.2615987655384235	-1	OK
20.250000000000000	8.4475475392313228	3.8941377229100222	3.4184618869877634	0.47567583592225771	4.5534098163213015	2.4427901379837182	-1	2.1106196783375832	-1	OK
20.500000000000000	7.9061181046173088	3.6568521149415423	3.2023940264601589	0.45445808848138380	4.2492659896757665	2.2779448996474847	-1	1.9713210900282818	-1	OK
20.750000000000000	7.4024534937623212	3.4363771855895333	3.0021825014456960	0.43419468414383822	3.9660763081727874	2.1258902725696589	-1	1.8401860356031285	-1	OK
21.000000000000000	6.9381020628837682	3.2313536078482281	2.8165015029275455	0.41485210492068220	3.7067484550355401	1.9855767915952491	-1	1.7211716634402909	-1	OK
21.250000000000000	6.5140377766344049	3.0405440157306902	2.6441507970208362	0.39639321870985383	3.4734937609037151	1.8559457328758859	-1	1.6175480280278292	-1	OK
21.500000000000000	6.1115109223933537	2.8628292951135457	2.4840430535172304	0.37878624159631530	3.2486816272798080	1.7360620554929496	-1	1.5126195717868585	-1	OK
21.750000000000000	5.7383470672510573	2.6971887905949536	2.3351897446110210	0.36199904598393273	3.0411582766561036	1.6251010235588013	-1	1.4160572530973023	-1	OK
22.000000000000000	5.3908421527364396	2.5426864949109911	2.1966907244563343	0.34599577045465701	2.8481556578254490	1.5222859097146881	-1	1.3258697481107609	-1	OK
22.250000000000000	5.0699009194770959	2.3984695049927787	2.0677269964393288	0.33074250855345011	2.6714314144843172	1.4243292901970155	-1	1.2471021242873017	-1	OK
22.500000000000000	4.7711054259639747	2.2637590828621885	1.9475523125686354	0.31620677029355315	2.5073463431017862	1.3360357476273994	-1	1.1713105954743868	-1	OK
22.750000000000000	4.4927246610365463	2.1378437130348606	1.8354857909130766	0.30235792212178397	2.3548809480016857	1.2540557284640539	-1	1.1008252195376318	-1	OK
23.000000000000000	4.2331764187367966	2.0200670400195406	1.7309045720485343	0.28916246797100553	2.2131093787172560	1.1778657162321449	-1	1.0352436624851111	-1	OK
23.250000000000000	3.9909937216060216	1.9098302690857680	1.6332402353832098	0.27659003370255819	2.0811634525202534	1.1070038395242117	-1	0.97415961299604170	-1	OK
23.500000000000000	3.7648733866943163	1.8065840825425705	1.5419726586246603	0.26461142391791048	1.9582893041517460	1.0410478636541547	-1	0.91724144049759126	-1	OK
23.750000000000000	3.5535980134388634	1.7098255362789678	1.4566256314395991	0.25319990483936800	1.8437724771598956	0.97961234658634100	-1	0.86416013057355456	-1	OK
24.000000000000000	3.3560641387527896	1.6190886870549437	1.3767618517381717	0.24232683531677221	1.7369754516978457	0.92234732391931840	-1	0.81462812777852733	-1	OK
24.250000000000000	3.1712706925563081	1.5339462368975516	1.3019806713010327	0.23196556559651868	1.6373244556587563	0.86893133025810387	-1	0.76839312540065241	-1	OK
24.500000000000000	2.9971508431874474	1.4540066105396565	1.2319145198153241	0.22209209072433250	1.5431442326477909	0.81906669502895935	-1	0.72407753761883153	-1	OK
24.750000000000000	2.8351319245595628	1.3789080662628910	1.1662253834449381	0.21268268281795275	1.4562238582966718	0.77249506577842597	-1	0.68372879251824581	-1	OK
25.000000000000000	2.6832676281785348	1.3083178062195964	1.1046024288272944	0.20371537739230172	1.3749498219589382	0.72897135752857956	-1	0.64597846443035867	-1	OK
25.250000000000000	2.5408331642196411	1.2419265953992404	1.0467591438590511	0.19516745154018908	1.2989065688204007	0.68826903226821279	-1	0.61063753655218789	-1	OK
25.500000000000000	2.4071600801481559	1.1794508404191451	0.99243206241260451	0.18701877800654085	1.2277092397290110	0.65018477319481294	-1	0.57752446653419809	-1	OK
25.750000000000000	2.2816269062468275	1.1206278234959262	0.94137811119161974	0.17924971230430653	1.1609990827509014	0.61452587341806242	-1	0.54647320933283894	-1	OK
26.000000000000000	2.1636824421751921	1.0652150506453433	0.89337303475036611	0.17184201589497744	1.0984673915298488	0.58112443072429854	-1	0.51734296080555031	-1	OK
26.250000000000000	2.0523005941175381	1.0129861387552892	0.84820941171468300	0.16477672704060631	1.0393144553622486	0.54981314612128840	-1	0.48950130924096025	-1	OK
26.500000000000000	1.9480258626493780	0.96373275030198868	0.80569596267335231	0.15803678762863660	0.98429311234738948	0.52044365907578161	-1	0.46384945327160787	-1	OK
26.750000000000000	1.8502896797861781	0.91726216196386856	0.76565586426518006	0.15160629769868825	0.93302751782230953	0.49287953214953517	-1	0.44014798567277436	-1	OK
27.000000000000000	1.7574312729537436	0.87339575396778668	0.72792551770393832	0.14547023626384820	0.88403551898595689	0.46699589472567471	-1	0.41703962426028218	-1	OK
27.250000000000000	1.6703715625420181	0.83196733163824232	0.69235329763015363	0.13961403400808872	0.83840423090377580	0.44267854387887634	-1	0.39572568702489946	-1	OK
27.500000000000000	1.5883025467901857	0.79282212318968059	0.65879865003823768	0.13402347315144311	0.79548042360050497	0.41982049844957436	-1	0.37565992515093061	-1	OK
27.750000000000000	1.5109066350802856	0.75581665636263085	0.62713135334635728	0.12868530301627348	0.75508997871765482	0.39832088271356136	-1	0.35676909600409346	-1	OK
28.000000000000000	1.4378801405391006	0.72081780664366835	0.59723070154523494	0.12358710509843338	0.71706233389543217	0.37808852615568717	-1	0.33897380773974500	-1	OK
28.250000000000000	1.3689431090826205	0.68770211241115764	0.56898464179181829	0.11871747061933950	0.68124099667146298	0.35903895296496025	-1	0.32220204370650274	-1	OK
28.500000000000000	1.3038943311860365	0.65635405098563970	0.54228896439955032	0.11406508658608952	0.64754028020039678	0.34109399972651322	-1	0.30644628047388356	-1	OK
28.750000000000000	1.2423686801956624	0.62666570536903665	0.51704675610908768	0.10961894925994908	0.61570297482662562	0.32418096001287100	-1	0.29152201481375462	-1	OK
29.000000000000000	1.1842055109178773	0.59853702781365759	0.49316802415607813	0.10536900365757952	0.58566848310421982	0.30823320674598298	-1	0.27743527635823684	-1	OK
29.250000000000000	1.1291429244460949	0.57187510928278062	0.47056907802498332	0.10130603125779747	0.55726781516331425	0.29319023502771779	-1	0.26407758013559646	-1	OK
29.500000000000000	1.0771478503904652	0.54659261613463073	0.44917183466500016	9.74207814696304436E-002	0.53055523425583462	0.27899202092321840	-1	0.25156321333261622	-1	OK
29.750000000000000	1.0278794706369798	0.52260853630820736	0.42890367335689344	9.37048629513137499E-002	0.50527093432877246	0.26558510523904816	-1	0.23968582908972430	-1	OK
30.000000000000000	0.98122351582330825	0.49984684140771390	0.40969680749259990	9.01500339151138641E-002	0.48137667441559429	0.25291974406586276	-1	0.22845693034973152	-1	OK
30.250000000000000	0.93701985059912918	0.47823683635437853	0.39148807119906992	8.67487651553085076E-002	0.45878301424475060	0.24094962430690514	-1	0.21783338993784546	-1	OK
30.500000000000000	0.89506535514310881	0.45771208883770786	0.37421843119242054	8.34936576452872808E-002	0.43735326630540095	0.22963150876159238	-1	0.20772175754380856	-1	OK
30.750000000000000	0.85533952519161371	0.43821063988889281	0.35783282413435807	8.03778157545347177E-002	0.41712888530272091	0.21892511676588763	-1	0.19820376853683327	-1	OK
31.000000000000000	0.81744882981140554	0.41967465272231530	0.34227981249111555	7.73948402311997741E-002	0.39777417708909019	0.20879406940966402	-1	0.18898010767942616	-1	OK
31.250000000000000	0.78169467107582702	0.40204959939417600	0.32751122851059911	7.45383708835770376E-002	0.37964507168165101	0.19920202150185568	-1	0.18044305017979534	-1	OK
31.500000000000000	0.74775217497397950	0.38528441283139825	0.31348201877648452	7.18023940549136902E-002	0.36246776214258131	0.19011654097806305	-1	0.17235122116451826	-1	OK
31.750000000000000	0.71551877575407596	0.36933115534928079	0.30015003320815892	6.91811221411219035E-002	0.34618762040479523	0.18150751552019231	-1	0.16468010488460291	-1	OK
32.000000000000000	0.68489786025164023	0.35414507279839086	0.28747585132001668	6.66692214783741327E-002	0.33075278745324932	0.17334820679647517	-1	0.15740458065677415	-1	OK
32.250000000000000	0.65560414128965760	0.33968418794679150	0.27542256041712426	6.42616275296672840E-002	0.31591995334286604	0.16561278598121806	-1	0.15030716736164798	-1	OK
32.500000000000000	0.62794380597521904	0.32590909025235082	0.26395555507978297	6.19535351725677835E-002	0.30203471572286822	0.15827459575827840	-1	0.14376011996458982	-1	OK
32.750000000000000	0.60163495078015283	0.31278272047384703	0.25304237051465078	5.97403499591961998E-002	0.28885223030630575	0.15131018695127274	-1	0.13754204335503301	-1	OK
33.000000000000000	0.57660307792428578	0.30027004138231378	0.24265251936128193	5.76175220210318195E-002	0.27633303654197200	0.14469832154437107	-1	0.13163471499760093	-1	OK
33.250000000000000	0.55277708955321470	0.28833844524277830	0.23275747595221646	5.55809692905618394E-002	0.26443864431043645	0.13841881339295634	-1	0.12601983091748012	-1	OK
33.500000000000000	0.53009139724887167	0.27695727889966515	0.22333045611916399	5.36268227805011682E-002	0.25313411834920657	0.13245168992482967	-1	0.12068242842437690	-1	OK
33.750000000000000	0.50848400142984329	0.26609769317453325	0.21434629054257234	5.17514026319609369E-002	0.24238630825531010	0.12677803126091608	-1	0.11560827699439402	-1	OK
34.000000000000000	0.48787868208725776	0.25573244756447855	0.20578129984935636	4.99511477151222058E-002	0.23214623452277922	0.12138397159764164	-1	0.11076226292513758	-1	OK
34.250000000000000	0.46825848386527258	0.24583585481444231	0.19761321958591782	4.82226352285244908E-002	0.22242262905083027	0.11574378840275414	-1	0.10667884064807613	-1	OK
34.500000000000000	0.44944549268588324	0.23638377130343979	0.18982113227391884	4.65626390295209233E-002	0.21306172138244345	0.11088343489974939	-1	0.10217828648269406	-1	OK
34.750000000000000	0.43160858406505853	0.22735353563015134	0.18238536919408901	4.49681664360623012E-002	0.20425504843490716	0.10625755769730094	-1	9.79974907376062188E-002	-1	OK
35.000000000000000	0.41459105344210406	0.21872373792492950	0.17528739095925874	4.34363469656708356E-002	0.19586731551717457	0.10185361883555515	-1	9.40136966816194214E-002	-1	OK
35.250000000000000	0.39833796847133096	0.21047408247335014	0.16850970431118992	4.19643781621603235E-002	0.18786388599798082	9.76594831823560938E-002	-1	9.02044028156247235E-002	-1	OK
35.500000000000000	0.38271591074482614	0.20258549408998044	0.16203586458296984	4.05496295070105761E-002	0.18013041665484569	9.36636620499930461E-002	-1	8.64667546048526470E-002	-1	OK
35.750000000000000	0.36791419205408454	0.19504000679765859	0.15585038786017821	3.91896189374804221E-002	0.17287418525642595	8.98558725110762124E-002	-1	8.30183127453497371E-002	-1	OK
36.000000000000000	0.35377258691145053	0.18782067421658166	0.14993867791862253	3.78819962979591029E-002	0.16595191269486884	8.62259822235074691E-002	-1	7.97259304713613670E-002	-1	OK
36.250000000000000	0.34026724437425893	0.18091151092602109	0.14428695857312734	3.66245523528937050E-002	0.15935573344823784	8.27646563083379028E-002	-1	7.65910771398999324E-002	-1	OK
36.500000000000000	0.32735843937043441	0.17429729581496323	0.13888220789027445	3.54150879246887818E-002	0.15306114355547115	7.94630599693654099E-002	-1	7.35980835861057420E-002	-1	OK
36.750000000000000	0.31501595926788933	0.16796360444521546	0.13371213092500525	3.42514735202101919E-002	0.14705235482267387	7.63127865519403620E-002	-1	7.07395682707335077E-002	-1	OK
37.000000000000000	0.30321222633016631	0.16189688841491007	0.12876514810454334	3.31317403103666627E-002	0.14131533791525627	7.33059071267869733E-002	-1	6.80094307884692995E-002	-1	OK
37.250000000000000	0.29192043484241237	0.15608449280528391	0.12403034204515798	3.20541507601258754E-002	0.13583594203712848	7.04352316399414480E-002	-1	6.54007103971870341E-002	-1	OK
37.500000000000000	0.28111550389172069	0.15051428306233006	0.11949736011875581	3.10169229435742350E-002	0.13060122082939060	6.76937666265527427E-002	-1	6.29074542028378592E-002	-1	OK
37.750000000000000	0.27077341495501916	0.14517478441104334	0.11515641094452288	3.00183734665204309E-002	0.12559863054397580	6.50749412196295757E-002	-1	6.05236893243462221E-002	-1	OK
38.000000000000000	0.26086628945298196	0.14005500897485573	0.11099821103588225	2.90567979389734846E-002	0.12081128047812623	6.25728250732271868E-002	-1	5.82384554048990394E-002	-1	OK
38.250000000000000	0.25138371550384725	0.13514461156778018	0.10701400234641321	2.81306092213670089E-002	0.11623910393606707	6.01813317850645596E-002	-1	5.60577721510025079E-002	-1	OK
38.500000000000000	0.24229999100296157	0.13043385578303340	0.10319551320413108	2.72383425789023137E-002	0.11186613521992815	5.78947754960220870E-002	-1	5.39713597239060636E-002	-1	OK
38.750000000000000	0.23359528251327549	0.12591360680672517	9.95349260375484879E-002	2.63786807691766580E-002	0.10768167570655031	5.57080603868073607E-002	-1	5.19736153197429482E-002	-1	OK
39.000000000000000	0.22525256464106697	0.12157508097748140	9.60248081996597780E-002	2.55502727778216220E-002	0.10367748366358555	5.36162603126372067E-002	-1	5.00612233509483417E-002	-1	OK
39.250000000000000	0.21725476508380165	0.11740992689016318	9.26581162985543327E-002	2.47518105916088409E-002	9.98448381936384577E-002	5.16147390137365186E-002	-1	4.82300991799019391E-002	-1	OK
39.500000000000000	0.20958550152562963	0.11341024458191867	8.94281787144946827E-002	2.39820658674239386E-002	9.61752569437109572E-002	4.96991316567737401E-002	-1	4.64761252869372171E-002	-1	OK
39.750000000000000	0.20222921275249120	0.10956853051407114	8.63286732630055842E-002	2.32398572510655807E-002	9.26606822384200557E-002	4.78652078504292963E-002	-1	4.47954743879907594E-002	-1	OK
40.000000000000000	0.19517174192611353	0.10587766093594861	8.33536083562212704E-002	2.25240525797273314E-002	8.92940809901649341E-002	4.61090344272657160E-002	-1	4.31850465628992181E-002	-1	OK
40.250000000000000	0.18839916149373628	0.10233091507353451	8.04973113571507276E-002	2.18336037163837579E-002	8.60682464202017772E-002	4.44267477467500740E-002	-1	4.16414986734517031E-002	-1	OK
40.500000000000000	0.18186616548922963	9.89219474916992608E-002	7.77544002500319964E-002	2.11675472416672818E-002	8.29442179975303506E-002	4.28150580150233745E-002	-1	4.01291599825069761E-002	-1	OK
40.750000000000000	0.17562594068084753	9.56446405785549708E-002	7.51197489206300029E-002	2.05248916579249333E-002	7.99813001022925546E-002	4.12705627056279903E-002	-1	3.87107373966645643E-002	-1	OK
41.000000000000000	0.16963302582095990	9.24931725078179390E-002	7.25884918144334146E-002	1.99046806933845036E-002	7.71398533131419789E-002	3.97900558044715358E-002	-1	3.73497975086704431E-002	-1	OK
41.250000000000000	0.16387659127000401	8.94620573139902342E-002	7.01560185631143751E-002	1.93060387508758279E-002	7.44145339560137731E-002	3.83706720683739677E-002	-1	3.60438618876398054E-002	-1	OK
41.500000000000000	0.15834603050631682	8.65460710012920520E-002	6.78179461401108852E-002	1.87281248611811425E-002	7.17999595050247685E-002	3.70094811440360369E-002	-1	3.47904783609887316E-002	-1	OK
41.750000000000000	0.15303135519733113	8.37402006248494091E-002	6.55701039198395841E-002	1.81700967050098458E-002	6.92911545724817085E-002	3.57037821206884418E-002	-1	3.35873724517932667E-002	-1	OK
42.000000000000000	0.14792289936565012	8.10397578559382964E-002	6.34085469527076728E-002	1.76312109032306132E-002	6.68831415097118076E-002	3.44510137273757039E-002	-1	3.24321277823361037E-002	-1	OK
42.250000000000000	0.14301163346758530	7.84402843373335212E-002	6.13295164949662699E-002	1.71107678423672513E-002	6.45713491302517817E-002	3.32487368424344565E-002	-1	3.13226122878173252E-002	-1	OK
42.500000000000000	0.13828900890849330	7.59374629851091304E-002	5.93294233645025107E-002	1.66080396206066475E-002	6.23515459233841760E-002	3.20946450309033404E-002	-1	3.02569008924808355E-002	-1	OK
42.750000000000000	0.13374664353987833	7.35271647894566310E-002	5.74048529213965833E-002	1.61223118680600616E-002	6.02194787504217108E-002	3.09866264969359470E-002	-1	2.92328522534857638E-002	-1	OK
43.000000000000000	0.12937679263001892	7.12055109373644773E-002	5.55525672251058200E-002	1.56529437122586469E-002	5.81712816926544390E-002	2.99226705189748095E-002	-1	2.82486111736796296E-002	-1	OK
43.250000000000000	0.12517198850587982	6.89688282560796811E-002	5.37694879409241211E-002	1.51993403151555514E-002	5.62031602498001479E-002	2.88758428261859622E-002	-1	2.73273174236141857E-002	-1	OK
43.500000000000000	0.12112515650420461	6.68135963641498520E-002	5.20526764565040836E-002	1.47609199076457736E-002	5.43115601400547612E-002	2.78946561179025491E-002	-1	2.64169040221522121E-002	-1	OK
43.750000000000000	0.11722961025808581	6.47364009964614684E-002	5.03993236480238319E-002	1.43370773484376140E-002	5.24932092616243393E-002	2.69518807797604204E-002	-1	2.55413284818639189E-002	-1	OK
44.000000000000000	0.11344112883859597	6.27340234771478628E-002	4.88067621196534782E-002	1.39272613574943811E-002	5.07071053614481168E-002	2.60457034351086886E-002	-1	2.46614019263394282E-002	-1	OK
44.250000000000000	0.10982891074292606	6.08034116550417864E-002	4.72724529602806046E-002	1.35309586947611783E-002	4.90254990878842695E-002	2.51745109009572296E-002	-1	2.38509881869270399E-002	-1	OK
44.500000000000000	0.10634976419136173	5.89416263592405232E-002	4.57939707409454333E-002	1.31476556182950899E-002	4.74081378321212082E-002	2.43367868725335584E-002	-1	2.30713509595876498E-002	-1	OK
44.750000000000000	0.10299796353399492	5.71458652924068528E-002	4.43690049883620971E-002	1.27768603040447366E-002	4.58520982415880629E-002	2.35310767572425271E-002	-1	2.23210214843455358E-002	-1	OK
45.000000000000000	9.97680110565866834E-002	5.54134802797435835E-002	4.29953578017443563E-002	1.24181224779992324E-002	4.43545307768430999E-002	2.27560330078825923E-002	-1	2.15984977689605076E-002	-1	OK
45.250000000000000	9.66551501815861580E-002	5.37419434117585512E-002	4.16709294785594792E-002	1.20710139331990842E-002	4.29132067698276068E-002	2.20102948331738109E-002	-1	2.09029119366537959E-002	-1	OK
45.500000000000000	9.36545429050175127E-002	5.21287997452740681E-002	4.03937105164934515E-002	1.17350892287806131E-002	4.15257431597434515E-002	2.12926163116248200E-002	-1	2.02331268481186315E-002	-1	OK
45.750000000000000	9.07615763377478818E-002	5.05717304897976769E-002	3.91617897805152382E-002	1.14099407092824474E-002	4.01898458479502049E-002	2.06017974519408925E-002	-1	1.95880483960093124E-002	-1	OK
46.000000000000000	8.79718360210277883E-002	4.90685335845295056E-002	3.79733442433821539E-002	1.10951893411473396E-002	3.89033024364982757E-002	1.99367045234981090E-002	-1	1.89665979130001668E-002	-1	OK
46.250000000000000	8.52812222654445173E-002	4.76170973842026668E-002	3.68266299414945833E-002	1.07904674427080939E-002	3.76641248812418575E-002	1.92962386602421390E-002	-1	1.83678862209997185E-002	-1	OK
46.500000000000000	8.26857179947215193E-002	4.62153674833144096E-002	3.57199746957730727E-002	1.04953927875413387E-002	3.64703505114071097E-002	1.86793599099411151E-002	-1	1.77909906014659946E-002	-1	OK
46.750000000000000	8.01813949645287793E-002	4.48613944854325958E-002	3.46517862200134003E-002	1.02096082654191834E-002	3.53200004790961766E-002	1.80850940306595334E-002	-1	1.72349064484366432E-002	-1	OK
47.000000000000000	7.77647889798300657E-002	4.35533479365545484E-002	3.36205495020388406E-002	9.93279843451571297E-003	3.42114410432755173E-002	1.75125272976728828E-002	-1	1.66989137456026344E-002	-1	OK
47.250000000000000	7.54322566938747385E-002	4.22894698798082225E-002	3.26248134874265322E-002	9.66465639238168854E-003	3.31427868140665161E-002	1.69607632457873178E-002	-1	1.61820235682791982E-002	-1	OK
47.500000000000000	7.31804519515598939E-002	4.10680437589897723E-002	3.16631847370512434E-002	9.40485902193852717E-003	3.21124081925701146E-002	1.64289477450198784E-002	-1	1.56834604475502362E-002	-1	OK
47.750000000000000	7.10062780027992668E-002	3.98874395071502283E-002	3.07343339452368601E-002	9.15310556191336298E-003	3.11188384956490316E-002	1.59162653342771569E-002	-1	1.52025731613718747E-002	-1	OK
48.000000000000000	6.89067488642126080E-002	3.87461092043214633E-002	2.98369931112303609E-002	8.90911609309111112E-003	3.01606396598911447E-002	1.54219407248612026E-002	-1	1.47386989350299421E-002	-1	OK
48.250000000000000	6.68791657813498919E-002	3.76425860440357044E-002	2.89699509387115438E-002	8.67263510532416751E-003	2.92365797373141875E-002	1.49452351019628508E-002	-1	1.42913446353513367E-002	-1	OK
48.500000000000000	6.49205247874128921E-002	3.65754339342910795E-002	2.81320409195940889E-002	8.44339301469699231E-003	2.83450908531218161E-002	1.44854493408961039E-002	-1	1.38596415122257122E-002	-1	OK
48.750000000000000	6.30256853172834891E-002	3.55432702515591920E-002	2.73221473119973357E-002	8.22112293956186319E-003	2.74824150657242972E-002	1.40418998118903276E-002	-1	1.34405152538339696E-002	-1	OK
49.000000000000000	6.11970425967481024E-002	3.45448027866392185E-002	2.65392089908542857E-002	8.00559379578492589E-003	2.66522398101088839E-002	1.36139287323078142E-002	-1	1.30383110778010698E-002	-1	OK
49.250000000000000	5.94296557602982528E-002	3.35787821909240211E-002	2.57822068609688849E-002	7.79657532995513269E-003	2.58508735693742352E-002	1.32008514777200558E-002	-1	1.26500220916541794E-002	-1	OK
49.500000000000000	5.77211917608984881E-002	3.26440049228277282E-002	2.50501639356615867E-002	7.59384098716614237E-003	2.50771868380707599E-002	1.28021456015430662E-002	-1	1.22750412365276937E-002	-1	OK
49.750000000000000	5.60692145784923990E-002	3.17393226112130528E-002	2.43421462942775453E-002	7.39717631693551005E-003	2.43298919672793497E-002	1.24172504209762724E-002	-1	1.19126415463030773E-002	-1	OK
50.000000000000000	5.44717887357233227E-002	3.08636462298765152E-002	2.36572611550226082E-002	7.20638507485390611E-003	2.36081425058468110E-002	1.20456314345287474E-002	-1	1.15625110713180636E-002	-1	OK
50.250000000000000	5.29268593470773457E-002	3.00159202105429075E-002	2.29946495447343642E-002	7.02127066580854158E-003	2.29109391365344417E-002	1.16867824448109257E-002	-1	1.12241566917235160E-002	-1	OK
50.500000000000000	5.14324029256733525E-002	2.91951274421871354E-002	2.23534876879958079E-002	6.84163975419132923E-003	2.22372754834862171E-002	1.13402033310611525E-002	-1	1.08970721524250646E-002	-1	OK
50.750000000000000	4.99866143218413161E-002	2.84002872089041472E-002	2.17329854603638406E-002	6.66730174854030400E-003	2.15863271129371689E-002	1.10053798460735628E-002	-1	1.05809472668636061E-002	-1	OK
51.000000000000000	4.85877071797687909E-002	2.76304698457203596E-002	2.11323876106760712E-002	6.49808223504429010E-003	2.09572373340484279E-002	1.06819255992485849E-002	-1	1.02753117347998430E-002	-1	OK
51.250000000000000	4.72340164431831466E-002	2.68847827047853684E-002	2.05509701532865310E-002	6.33381255149883735E-003	2.03492337383977748E-002	1.03694104977252594E-002	-1	9.97982324067251542E-003	-1	OK
51.500000000000000	4.59238817920565728E-002	2.61623753609127666E-002	1.99880394396929201E-002	6.17433592121984127E-003	1.97615064311438098E-002	1.00673800645156609E-002	-1	9.69412636662814881E-003	-1	OK
51.750000000000000	4.46557060479592510E-002	2.54624273144471031E-002	1.94429283334219376E-002	6.01949898102516895E-003	1.91932787335121514E-002	9.77544353163486111E-003	-1	9.41783520187729033E-003	-1	OK
52.000000000000000	4.34279295891789180E-002	2.47841365732345206E-002	1.89149942320524858E-002	5.86914234118204176E-003	1.86437930159443974E-002	9.49321467197412720E-003	-1	9.15057834397027016E-003	-1	OK
52.250000000000000	4.22391060028564913E-002	2.41267428567169886E-002	1.84036224719656902E-002	5.72312038475130107E-003	1.81123631461395061E-002	9.22031617751109707E-003	-1	8.89204696862840906E-003	-1	OK
52.500000000000000	4.10878340992182622E-002	2.34895159805168924E-002	1.79082228192402257E-002	5.58129316127666756E-003	1.75983181187013699E-002	8.95637293108780472E-003	-1	8.64194518761356514E-003	-1	OK
52.750000000000000	3.99727752823528792E-002	2.28717502994115474E-002	1.74282279111300613E-002	5.44352238828148174E-003	1.71010249829413319E-002	8.70103197127241983E-003	-1	8.39999301166891206E-003	-1	OK
53.000000000000000	3.88926363605158615E-002	2.22727708740991931E-002	1.69630934059838076E-002	5.30967746811538202E-003	1.66198654864166719E-002	8.45402008973373566E-003	-1	8.16584539668293620E-003	-1	OK
53.250000000000000	3.78461688326581711E-002	2.16919235314277647E-002	1.65122957747166621E-002	5.17962775671109918E-003	1.61542453012304063E-002	8.21504394604832301E-003	-1	7.93920135518208329E-003	-1	OK
53.500000000000000	3.68321744287762598E-002	2.11285840321584449E-002	1.60753331798391685E-002	5.05325085231927811E-003	1.57035903966178149E-002	7.98380755144250005E-003	-1	7.71978284517531484E-003	-1	OK
53.750000000000000	3.58495013548314201E-002	2.05821539386336419E-002	1.56517230922702151E-002	4.93043084636343026E-003	1.52673474161977747E-002	7.76002812131425246E-003	-1	7.50731929488352226E-003	-1	OK
54.000000000000000	3.48970526729874622E-002	2.00520514919094901E-002	1.52410010219442265E-002	4.81105046996526536E-003	1.48450011810779704E-002	7.54343681449345851E-003	-1	7.30156436658451185E-003	-1	OK
54.250000000000000	3.39737762535336080E-002	1.95377196144496217E-002	1.48427215340218490E-002	4.69499808042776745E-003	1.44360566390839846E-002	7.33377297446070539E-003	-1	7.10228366462327919E-003	-1	OK
54.500000000000000	3.30786635879331270E-002	1.90386283920485760E-002	1.44564575815372964E-002	4.58217081051127961E-003	1.40400351958845510E-002	7.13078511597765776E-003	-1	6.90925007990689320E-003	-1	OK
54.750000000000000	3.22107587048965985E-002	1.85542719197466857E-002	1.40817987495625817E-002	4.47247317018410404E-003	1.36564867851499128E-002	6.93423182269276538E-003	-1	6.72225496245714739E-003	-1	OK
55.000000000000000	3.13691145584177600E-002	1.80841548770066841E-002	1.37183487816486278E-002	4.36580609535805377E-003	1.32849596814110776E-002	6.74388731281723268E-003	-1	6.54107236859384489E-003	-1	OK
55.250000000000000	3.05528452069090753E-002	1.76277993825614647E-002	1.33657262686409633E-002	4.26207311392050227E-003	1.29250458243476123E-002	6.55953599757274144E-003	-1	6.36550982677487089E-003	-1	OK
55.500000000000000	2.97610638305903091E-002	1.71847418589030076E-002	1.30235636371617402E-002	4.16117822174127180E-003	1.25763219716873032E-002	6.38095801712893970E-003	-1	6.19536395455836351E-003	-1	OK
55.750000000000000	2.89908670911270747E-002	1.67545407116903369E-002	1.26915084343210641E-002	4.06303227736927453E-003	1.22363263794367395E-002	6.20796024420660654E-003	-1	6.02836613523013293E-003	-1	OK
56.000000000000000	2.82456358553730691E-002	1.63367746819150887E-002	1.23692223080392408E-002	3.96755237387585048E-003	1.19088611734579804E-002	6.04034594133993907E-003	-1	5.86851523211804130E-003	-1	OK
56.250000000000000	2.75224878257293235E-002	1.59310364950048487E-002	1.20563793350692804E-002	3.87465715993557010E-003	1.15914513307244730E-002	5.87792176889391244E-003	-1	5.71352956183056055E-003	-1	OK
56.500000000000000	2.68206793390054765E-002	1.55369313639911397E-002	1.17526650338364898E-002	3.78426633015464808E-003	1.12837479750143369E-002	5.72050057456455208E-003	-1	5.56324740044978477E-003	-1	OK
56.750000000000000	2.61395027868709592E-002	1.51540792314400329E-002	1.14577768082182816E-002	3.69630242322174958E-003	1.09854235554309246E-002	5.56790933127176285E-003	-1	5.41751422415916173E-003	-1	OK
57.000000000000000	2.54782608417937970E-002	1.47821177052921832E-002	1.11714243492195518E-002	3.61069335607262787E-003	1.06961431365016155E-002	5.41998010072238749E-003	-1	5.27616303577922805E-003	-1	OK
57.250000000000000	2.48362863252690608E-002	1.44206960799132464E-002	1.08933276384960351E-002	3.52736844141721172E-003	1.04155902453558161E-002	5.27655215693443452E-003	-1	5.13903808842138161E-003	-1	OK
57.500000000000000	2.42129283774589407E-002	1.40694781896619735E-002	1.06232167916491520E-002	3.44626139801281622E-003	1.01434501877969672E-002	5.13742972827526019E-003	-1	5.00602045952170706E-003	-1	OK
57.750000000000000	2.36075522956182803E-002	1.37281316064608166E-002	1.03608303872566136E-002	3.36730121920420216E-003	9.87942068915746360E-003	5.00249655532872782E-003	-1	4.87692413382873578E-003	-1	OK
58.000000000000000	2.30196089651987443E-002	1.33963417564057496E-002	1.01059181347488911E-002	3.29042362165685685E-003	9.62326720879299463E-003	4.87163743740689874E-003	-1	4.75162977138609589E-003	-1	OK
58.250000000000000	2.24485184806051188E-002	1.30738075122800237E-002	9.85823882058449799E-003	3.21556869169552619E-003	9.37471096832509336E-003	4.74469939249554020E-003	-1	4.63001157582955316E-003	-1	OK
58.500000000000000	2.18937557826182835E-002	1.27602333798766954E-002	9.61755884610171995E-003	3.14267453377497716E-003	9.13352240274158990E-003	4.62154976046520727E-003	-1	4.51197264227638263E-003	-1	OK
58.750000000000000	2.13547784632939774E-002	1.24553326175591735E-002	9.38365297052113322E-003	3.07167964703803980E-003	8.89944584573480572E-003	4.50205930541263278E-003	-1	4.39738654032217294E-003	-1	OK
59.000000000000000	2.08310928044808386E-002	1.21588321809323000E-002	9.15630520739812125E-003	3.00252697353417791E-003	8.67226062354853680E-003	4.38610543450848427E-003	-1	4.28615518904005253E-003	-1	OK
59.250000000000000	2.03222246962862750E-002	1.18704768869265613E-002	8.93530872976887151E-003	2.93516815715768892E-003	8.45174780935971370E-003	4.27357008251792389E-003	-1	4.17817772684178981E-003	-1	OK
59.500000000000000	1.98276756791333497E-002	1.15900134038683274E-002	8.72046229610094412E-003	2.86955110776738239E-003	8.23766227526502061E-003	4.16432614554454981E-003	-1	4.07333612972047079E-003	-1	OK
59.750000000000000	1.93469846029632464E-002	1.13171974822483465E-002	8.51157187587633750E-003	2.80562560637201116E-003	8.02978712071489992E-003	4.05828423221546615E-003	-1	3.97150288849943377E-003	-1	OK
60.000000000000000	1.88797422486028932E-002	1.10517934120444462E-002	8.30845019621268173E-003	2.74334321583176010E-003	7.82794883655844528E-003	3.95534315182936077E-003	-1	3.87260568472908451E-003	-1	OK
60.250000000000000	1.84254635943044524E-002	1.07935696002932867E-002	8.11091576492009581E-003	2.68265383537318958E-003	7.63189399401116575E-003	3.85539333829292702E-003	-1	3.77650065571823873E-003	-1	OK
60.500000000000000	1.79837673604686873E-002	1.05423040292627786E-002	7.91879384827932215E-003	2.62351018098345642E-003	7.44146333120591051E-003	3.75833484750097554E-003	-1	3.68312848370493497E-003	-1	OK
60.750000000000000	1.75542558654023725E-002	1.02977819572754991E-002	7.73191591045427687E-003	2.56586604682122006E-003	7.25647390812687171E-003	3.66407116258460688E-003	-1	3.59240274554226482E-003	-1	OK
61.000000000000000	1.71347428287878904E-002	1.00597995972731020E-002	7.55012022306157920E-003	2.50967937421151888E-003	7.07494323151478845E-003	3.57251189183429435E-003	-1	3.50243133968049410E-003	-1	OK
61.250000000000000	1.67285217353345256E-002	9.82816074864202235E-003	7.37325041367649456E-003	2.45491033496552779E-003	6.90036098669250149E-003	3.48357219925976265E-003	-1	3.41678878743273884E-003	-1	OK
61.500000000000000	1.63333960992906972E-002	9.60267460519527438E-003	7.20115528630661979E-003	2.40151931888865546E-003	6.73072149409542197E-003	3.39716878748302226E-003	-1	3.33355270661239971E-003	-1	OK
61.750000000000000	1.59490185358412140E-002	9.38315540666957021E-003	7.03368851321220945E-003	2.34946689345735728E-003	6.56586312917164204E-003	3.31321689856062078E-003	-1	3.25264623061102126E-003	-1	OK
62.000000000000000	1.55750550765282915E-002	9.16942404547265756E-003	6.87070876382154128E-003	2.29871528165111541E-003	6.40563103105563393E-003	3.23163805451552816E-003	-1	3.17399297654010577E-003	-1	OK
62.250000000000000	1.52111871346977436E-002	8.96130859863864850E-003	6.71207982911923174E-003	2.24922876951941545E-003	6.24987853605909593E-003	3.15235659290239367E-003	-1	3.09752194315670226E-003	-1	OK
62.500000000000000	1.48570983931234357E-002	8.75864016639843826E-003	6.55766944611205129E-003	2.20097072028638653E-003	6.09845822672499659E-003	3.07529956713826136E-003	-1	3.02315865958673524E-003	-1	OK
62.750000000000000	1.45124736684371820E-002	8.56125378817544636E-003	6.40734967770269139E-003	2.15390411047275540E-003	5.95121988026173481E-003	3.00039668000926267E-003	-1	2.95082320025247214E-003	-1	OK
63.000000000000000	1.41770531940233514E-002	8.36899317109285855E-003	6.26099770197573440E-003	2.10799546911712415E-003	5.80806002293049375E-003	2.92758001306840524E-003	-1	2.88048000986208851E-003	-1	OK
63.250000000000000	1.38505608313606223E-002	8.18170773459719197E-003	6.11849485896730216E-003	2.06321287562988938E-003	5.66885309676343034E-003	2.85677466522000784E-003	-1	2.81207843154342250E-003	-1	OK
63.500000000000000	1.35327242846071255E-002	7.99925215841930382E-003	5.97972646133455420E-003	2.01952569708475091E-003	5.53347212618782256E-003	2.78791809475441906E-003	-1	2.74555403143340350E-003	-1	OK
63.750000000000000	1.32232825470487390E-002	7.82148539013008057E-003	5.84458150990497475E-003	1.97690388022510582E-003	5.40179715691865847E-003	2.72094803883016429E-003	-1	2.68084911808849418E-003	-1	OK
64.000000000000000	1.29219733750539981E-002	7.64826957296190976E-003	5.71295245711881793E-003	1.93531711584309356E-003	5.27370380209208917E-003	2.65580695048930112E-003	-1	2.61789685160278805E-003	-1	OK
64.250000000000000	1.26285554468505874E-002	7.47947307671798216E-003	5.58473579874273554E-003	1.89473727797524641E-003	5.14908237013260613E-003	2.59244877219773351E-003	-1	2.55663359793487262E-003	-1	OK
64.500000000000000	1.23427906977372111E-002	7.31496782691442617E-003	5.45983113660900281E-003	1.85513669030542465E-003	5.02782287082278404E-003	2.53081796543894698E-003	-1	2.49700490538383706E-003	-1	OK
64.750000000000000	1.20644616124216640E-002	7.15463017342625202E-003	5.33814144916877967E-003	1.81648872425747301E-003	4.90983143899541286E-003	2.47086148107799729E-003	-1	2.43896995791741556E-003	-1	OK
65.000000000000000	1.17933498509530822E-002	6.99833992690999419E-003	5.21957272066362298E-003	1.77876720624637187E-003	4.79500992404308796E-003	2.41252804393275386E-003	-1	2.38248188011033410E-003	-1	OK
65.250000000000000	1.15292411783090160E-002	6.84597933689051925E-003	5.10403389352727822E-003	1.74194544336324169E-003	4.68326184141849584E-003	2.35576817606442807E-003	-1	2.32749366535406777E-003	-1	OK
65.500000000000000	1.12719280410250866E-002	6.69743753639261662E-003	4.99143751666947504E-003	1.70600001972314157E-003	4.57449050463246912E-003	2.30053400561848692E-003	-1	2.27395649901398220E-003	-1	OK
65.750000000000000	1.10214250344435796E-002	6.55260516410019651E-003	4.88169842633895054E-003	1.67090673776124467E-003	4.46881987034338304E-003	2.24677958735160872E-003	-1	2.22204028299177432E-003	-1	OK
66.000000000000000	1.07771073943491568E-002	6.41137614553796958E-003	4.77473423048299216E-003	1.63664191505498023E-003	4.36573124881118723E-003	2.19446025802415507E-003	-1	2.17127099078703216E-003	-1	OK
66.250000000000000	1.05390130989277027E-002	6.27364962443831969E-003	4.67046570520265273E-003	1.60318391923566610E-003	4.26536347448938386E-003	2.14353277265707685E-003	-1	2.12183070183230701E-003	-1	OK
66.500000000000000	1.03069622309231688E-002	6.13932752898234575E-003	4.56881597152024397E-003	1.57051155746209983E-003	4.16763470194082396E-003	2.09395542876182270E-003	-1	2.07367927317900127E-003	-1	OK
66.750000000000000	1.00807797554907999E-002	6.00831490357244414E-003	4.46971063127735158E-003	1.53860427229509386E-003	4.07246485191835490E-003	2.04568776371793788E-003	-1	2.02677708820041703E-003	-1	OK
67.000000000000000	9.86029677820812051E-003	5.88051960612652382E-003	4.37307758486024482E-003	1.50744202126628095E-003	3.97977717208159755E-003	1.99869084187892119E-003	-1	1.98108633020267636E-003	-1	OK
67.250000000000000	9.64535338082919691E-003	5.75585182226792842E-003	4.27884696637102421E-003	1.47700485589690573E-003	3.88950155856126892E-003	1.95292885074752520E-003	-1	1.93657270781374372E-003	-1	OK
67.500000000000000	9.43579170222379540E-003	5.63422588710689540E-003	4.18695142743188368E-003	1.44727445967501064E-003	3.80156581511690043E-003	1.90836358795218818E-003	-1	1.89320222716471225E-003	-1	OK
67.750000000000000	9.23145999044791207E-003	5.51555833977280391E-003	4.09732545542056733E-003	1.41823288435223658E-003	3.71590165067510730E-003	1.86495960119278698E-003	-1	1.85094204948232032E-003	-1	OK
68.000000000000000	9.03221368386556908E-003	5.39976664041481348E-003	4.00990522968389194E-003	1.38986141073092241E-003	3.63244704345075647E-003	1.82268286170520627E-003	-1	1.80976418174555020E-003	-1	OK
68.250000000000000	8.83790848203929585E-003	5.28677110136408120E-003	3.92462906398018119E-003	1.36214203738389914E-003	3.55113738067521509E-003	1.78150043904807664E-003	-1	1.76963694162713845E-003	-1	OK
68.500000000000000	8.64840129668863027E-003	5.17649416587788458E-003	3.84143725221245845E-003	1.33505691366542570E-003	3.47190713081074525E-003	1.74138043811852871E-003	-1	1.73052669269221655E-003	-1	OK
68.750000000000000	8.46356049148180856E-003	5.06886166487688708E-003	3.76027220677866000E-003	1.30858945809822665E-003	3.39469882660492104E-003	1.70229169712836576E-003	-1	1.69240712947655528E-003	-1	OK
69.000000000000000	8.28325188664724710E-003	4.96380330330614336E-003	3.68107837938351458E-003	1.28272492392262922E-003	3.31944858334110374E-003	1.66420459641754542E-003	-1	1.65524398692355832E-003	-1	OK
69.250000000000000	8.10734974914052373E-003	4.86124977182893128E-003	3.60380160294988426E-003	1.25744816887904788E-003	3.24609997731159202E-003	1.62709027060117415E-003	-1	1.61900970671041786E-003	-1	OK
69.500000000000000	7.93556587124235289E-003	4.76113350355777346E-003	3.52838937825650017E-003	1.23274412530127242E-003	3.17443236768457943E-003	1.59091980679877589E-003	-1	1.58351256088580354E-003	-1	OK
69.750000000000000	7.76813474561563987E-003	4.66338993144123012E-003	3.45479095294668132E-003	1.20859897849454837E-003	3.10474481417440974E-003	1.55566355045555016E-003	-1	1.54908126371885958E-003	-1	OK
70.000000000000000	7.60472575280272435E-003	4.56795514476263011E-003	3.38295680083907247E-003	1.18499834392355764E-003	3.03677060804009380E-003	1.52129981663650087E-003	-1	1.51547079140359293E-003	-1	OK
70.250000000000000	7.44529873710099606E-003	4.47476647155153548E-003	3.31283879448331878E-003	1.16192767706821756E-003	2.97053226554946101E-003	1.48780210661914785E-003	-1	1.48273015893031317E-003	-1	OK
70.500000000000000	7.28970846796649780E-003	4.38376306901993879E-003	3.24439031928235207E-003	1.13937274973758586E-003	2.90594539894655857E-003	1.45514581946880111E-003	-1	1.45079957947775746E-003	-1	OK
70.750000000000000	7.13784992622503930E-003	4.29488688770546419E-003	3.17756639975789101E-003	1.11732048794757383E-003	2.84296303851957555E-003	1.42331120031864841E-003	-1	1.41965183820092714E-003	-1	OK
71.000000000000000	6.98962372424986357E-003	4.20808270214633080E-003	3.11232358408481324E-003	1.09575911806151626E-003	2.78154102210353320E-003	1.39227121239545218E-003	-1	1.38926980970808102E-003	-1	OK
71.250000000000000	6.84493322083731988E-003	4.12329573403258029E-003	3.04861944204811710E-003	1.07467629198446319E-003	2.72163748680473916E-003	1.36201152385376418E-003	-1	1.35962596295097497E-003	-1	OK
71.500000000000000	6.70367830602690111E-003	4.04047163580218902E-003	2.98641260202446752E-003	1.05405903377772106E-003	2.66320667022471253E-003	1.33250494550282424E-003	-1	1.33070172472188829E-003	-1	OK
71.750000000000000	6.56535317515122112E-003	3.95955854916715810E-003	2.92566318476590679E-003	1.03389536440125066E-003	2.60579462598406258E-003	1.30372751420907091E-003	-1	1.30206711177499167E-003	-1	OK
72.000000000000000	6.43070490998051691E-003	3.88050727047148120E-003	2.86633274146681511E-003	1.01417452900466653E-003	2.55019763950903528E-003	1.27565940653043166E-003	-1	1.27453823297860361E-003	-1	OK
72.250000000000000	6.29922468002173507E-003	3.80326893556357090E-003	2.80838374336265682E-003	9.94885192200914295E-004	2.49595574445816417E-003	1.24828235034405376E-003	-1	1.24767339411411041E-003	-1	OK
72.500000000000000	6.17082916962061710E-003	3.72779831285243324E-003	2.75178018240491117E-003	9.76018130447522296E-004	2.44303085676818386E-003	1.22157645657283232E-003	-1	1.22145440019535154E-003	-1	OK
72.750000000000000	6.04543136502246926E-003	3.65404962296814488E-003	2.69648662577279567E-003	9.57562997195348558E-004	2.39138174205432482E-003	1.19552215265455466E-003	-1	1.19585958939977016E-003	-1	OK
73.000000000000000	5.92295752171835554E-003	3.58197766129573787E-003	2.64246856116109831E-003	9.39509100134640644E-004	2.34097986042261725E-003	1.17010181255875314E-003	-1	1.17087804786386411E-003	-1	OK
73.250000000000000	5.80333187558158999E-003	3.51153916452217945E-003	2.58969264543209470E-003	9.21846519090084105E-004	2.29179271105941053E-003	1.14529756307345633E-003	-1	1.14649514798595420E-003	-1	OK
73.500000000000000	5.68511012622236953E-003	3.44269174644729710E-003	2.53812643674611012E-003	9.04565309701185999E-004	2.24241837977507243E-003	1.12109128391013526E-003	-1	1.12132709586493717E-003	-1	OK
73.750000000000000	5.57099184153601011E-003	3.37539448264307035E-003	2.48773849154720287E-003	8.87655991095867482E-004	2.19559735889293976E-003	1.09746830557769909E-003	-1	1.09812905331524067E-003	-1	OK
74.000000000000000	5.45950109243624471E-003	3.30960817796623931E-003	2.43849838611351170E-003	8.71109791852727714E-004	2.14989291447000540E-003	1.07441281936248938E-003	-1	1.07548009510751602E-003	-1	OK
74.250000000000000	5.35056880229895122E-003	3.24529405133583762E-003	2.39037643482816701E-003	8.54917616507669528E-004	2.10527475096311360E-003	1.05190942984144083E-003	-1	1.05336532112167277E-003	-1	OK
74.500000000000000	5.24412940502939386E-003	3.18241428602455186E-003	2.34334382092792016E-003	8.39070465096630183E-004	2.06171511900484156E-003	1.02994326707440986E-003	-1	1.03177185193043170E-003	-1	OK
74.750000000000000	5.14011807375722943E-003	3.12093327309705907E-003	2.29737279670952929E-003	8.23560476387529233E-004	2.01918480066017036E-003	1.00849990556137930E-003	-1	1.01068489509879107E-003	-1	OK
75.000000000000000	5.03847165363748451E-003	3.06081579541595634E-003	2.25243624738754710E-003	8.08379548028408915E-004	1.97765585822152817E-003	9.87565349684541667E-004	-1	9.90090508536986503E-004	-1	OK
75.250000000000000	4.93912964376715460E-003	3.00202733863188685E-003	2.20850779555224926E-003	7.93519543079636183E-004	1.93710230513526797E-003	9.67126036937583861E-004	-1	9.69976268197684111E-004	-1	OK
75.500000000000000	4.84203374052124234E-003	2.94453526085331797E-003	2.16556195536881302E-003	7.78973305484505067E-004	1.89749847966792459E-003	9.47169127733453356E-004	-1	9.50329351934471231E-004	-1	OK
75.750000000000000	4.74703591972629527E-003	2.88830703794992110E-003	2.12357378857689749E-003	7.64733249373023938E-004	1.85872888177637395E-003	9.27680367980457800E-004	-1	9.31048513795916153E-004	-1	OK
76.000000000000000	4.65426356230434074E-003	2.83331086683198804E-003	2.08251905300259115E-003	7.50791813829396019E-004	1.82095269547235270E-003	9.08647651486701883E-004	-1	9.12305043985650816E-004	-1	OK
76.250000000000000	4.56266214856002224E-003	2.77951617163507431E-003	2.04237427742456467E-003	7.37141894210509535E-004	1.78314597692494749E-003	8.90059819454348138E-004	-1	8.93086157470599352E-004	-1	OK
76.500000000000000	4.47401423763783401E-003	2.72689326888541500E-003	2.00311664285982970E-003	7.23776626025585731E-004	1.74712096875241922E-003	8.71905172340324596E-004	-1	8.75215796412094627E-004	-1	OK
76.750000000000000	4.38733944897762296E-003	2.67541287160009793E-003	1.96472387132122939E-003	7.10689000278868859E-004	1.71192657737752546E-003	8.54172370612122094E-004	-1	8.57754206765403370E-004	-1	OK
77.000000000000000	4.30258821679355835E-003	2.62504693477767781E-003	1.92717443847899013E-003	6.97872496298687032E-004	1.67754128201588032E-003	8.36850448779208876E-004	-1	8.40690833236671449E-004	-1	OK
77.250000000000000	4.21860362198829553E-003	2.57576805423706447E-003	1.89044736400104238E-003	6.85320690236022097E-004	1.64283556775123149E-003	8.19928978641482347E-004	-1	8.22906589109749140E-004	-1	OK
77.500000000000000	4.13757804501493735E-003	2.52754950688960150E-003	1.85452229255396298E-003	6.73027214335638084E-004	1.61002853812533542E-003	8.03397279560467406E-004	-1	8.06631258564868012E-004	-1	OK
77.750000000000000	4.05833512101052250E-003	2.48036624405421685E-003	1.81937956746731260E-003	6.60986676586904358E-004	1.57796887695630522E-003	7.87245236868089056E-004	-1	7.90723640088216166E-004	-1	OK
78.000000000000000	3.98083042251486368E-003	2.43419284637273400E-003	1.78499985548633282E-003	6.49192990886401618E-004	1.54663757614212989E-003	7.71462998713606817E-004	-1	7.75174577428523076E-004	-1	OK
78.250000000000000	3.90502039605540151E-003	2.38900453025416406E-003	1.75136436576632287E-003	6.37640164487841181E-004	1.51601586580123724E-003	7.56040994699006246E-004	-1	7.59974871102230996E-004	-1	OK
78.500000000000000	3.83086330291755161E-003	2.34477777254663835E-003	1.71845496224281810E-003	6.26322810303820364E-004	1.48608553037091347E-003	7.40970049344414272E-004	-1	7.45115481026499202E-004	-1	OK
78.750000000000000	3.75811262023369131E-003	2.30148942910115206E-003	1.68625394519027563E-003	6.15235483910876540E-004	1.45662319113253926E-003	7.26241209608998644E-004	-1	7.30381981523540611E-004	-1	OK
79.000000000000000	3.68714378766731889E-003	2.25911720292529521E-003	1.65474410585123369E-003	6.04373097074061309E-004	1.42802658474202389E-003	7.11845724152548594E-004	-1	7.16180860589475297E-004	-1	OK
79.250000000000000	3.61770953533101930E-003	2.21763936849416398E-003	1.62390870303035428E-003	5.93730665463809920E-004	1.40007016683685532E-003	6.97775838473075130E-004	-1	7.02294328363780185E-004	-1	OK
79.500000000000000	3.54977218960403351E-003	2.17703434752822191E-003	1.59373135816103613E-003	5.83302989367186437E-004	1.37273784207581182E-003	6.84024169327709713E-004	-1	6.88713672748102104E-004	-1	OK
79.750000000000000	3.48329488081053264E-003	2.13728093341634820E-003	1.56419613124205077E-003	5.73084802174297545E-004	1.34601394739418422E-003	6.70581056279273297E-004	-1	6.75432891114910927E-004	-1	OK
80.000000000000000	3.41824396265970809E-003	2.09835925995324486E-003	1.53528767005946102E-003	5.63071589893784376E-004	1.31988470270646323E-003	6.57438706759124847E-004	-1	6.62445995947338385E-004	-1	OK
80.250000000000000	3.35458370695333654E-003	2.06024979490506289E-003	1.50699096790197942E-003	5.53258827003083467E-004	1.29433391204827344E-003	6.44589551583242939E-004	-1	6.49744360465030497E-004	-1	OK
80.500000000000000	3.29228003448575526E-003	2.02293334104363884E-003	1.47929137478060692E-003	5.43641966263031808E-004	1.26934669344211663E-003	6.32026240935494262E-004	-1	6.37320452506622372E-004	-1	OK
80.750000000000000	3.23129721456317555E-003	1.98639109017294865E-003	1.45217463688655335E-003	5.34216453286395516E-004	1.24490612439022669E-003	6.19741218000779579E-004	-1	6.25164906389447106E-004	-1	OK
81.000000000000000	3.17160714430888982E-003	1.95060533591914992E-003	1.42562697731945880E-003	5.24978358599691337E-004	1.22100180838973990E-003	6.07727917498893230E-004	-1	6.13273890890846671E-004	-1	OK
81.250000000000000	3.11317884785899121E-003	1.91555809717106193E-003	1.39963485599798351E-003	5.15923241173078199E-004	1.19762075068792929E-003	5.95979612324229577E-004	-1	6.01641138363699711E-004	-1	OK
81.500000000000000	3.05598190973221332E-003	1.88123214256978588E-003	1.37418513280616319E-003	5.07047009763622689E-004	1.17474976716242722E-003	5.84489724985590002E-004	-1	5.90260042176837221E-004	-1	OK
81.750000000000000	2.99998724539176287E-003	1.84761068101133106E-003	1.34926502719893179E-003	4.98345653812399376E-004	1.15237656438043181E-003	5.73251851268768032E-004	-1	5.79124713111663775E-004	-1	OK
82.000000000000000	2.94516733724363260E-003	1.81467746227297012E-003	1.32486209986003886E-003	4.89815362412931369E-004	1.13048987497066248E-003	5.62259789304640702E-004	-1	5.68230085666021774E-004	-1	OK
82.250000000000000	2.89149375607913438E-003	1.78241636576168439E-003	1.30096420763336790E-003	4.81452158128315994E-004	1.10907739031745000E-003	5.51508046903447088E-004	-1	5.57569343414002910E-004	-1	OK
82.500000000000000	2.83893940096870785E-003	1.75081233447927330E-003	1.27755965458179648E-003	4.73252679897477092E-004	1.08812706648943455E-003	5.40990658422899301E-004	-1	5.47136408066535248E-004	-1	OK
82.750000000000000	2.78748067851159473E-003	1.71985056555687150E-003	1.25463698127458128E-003	4.65213584282290051E-004	1.06763011295472323E-003	5.30701488531269000E-004	-1	5.36928624423454234E-004	-1	OK
83.000000000000000	2.73707740769779748E-003	1.68951625463181244E-003	1.23218494163199578E-003	4.57331312999816606E-004	1.04756115306598482E-003	5.20634822097905772E-004	-1	5.26926330968079050E-004	-1	OK
83.250000000000000	2.68772828151859610E-003	1.65979480332352622E-003	1.21019255009049867E-003	4.49602253233027330E-004	1.02793347819506989E-003	5.10785346057262527E-004	-1	5.17148132137807358E-004	-1	OK
83.500000000000000	2.63939666935213840E-003	1.63067197817160468E-003	1.18864912036185130E-003	4.42022857809753653E-004	1.00872469118053394E-003	5.01147794916726483E-004	-1	5.07576896263807454E-004	-1	OK
83.750000000000000	2.59205891973431990E-003	1.60213404107702184E-003	1.16754426464215602E-003	4.34589776434864898E-004	9.89924878657298061E-004	4.91717050531254984E-004	-1	4.98207828126043077E-004	-1	OK
84.000000000000000	2.54569153267371426E-003	1.57416774416028657E-003	1.14686791034268663E-003	4.27299833817599564E-004	9.71523788513427582E-004	4.82488135732820863E-004	-1	4.89035652780606773E-004	-1	OK
84.250000000000000	2.50027248780050745E-003	1.54676015298428702E-003	1.12661021308485846E-003	4.20149939899428502E-004	9.53512334816220431E-004	4.73456127233020535E-004	-1	4.80056207583199896E-004	-1	OK
84.500000000000000	2.45577919113612337E-003	1.51989841164081345E-003	1.10676154330960905E-003	4.13136868331204774E-004	9.35880779495309924E-004	4.64618184558940643E-004	-1	4.71262594936369282E-004	-1	OK
84.750000000000000	2.41219053948368758E-003	1.49357019291189268E-003	1.08731257268793072E-003	4.06257620223961582E-004	9.18620346571795009E-004	4.55967413205613436E-004	-1	4.62652933366181573E-004	-1	OK
85.000000000000000	2.36934626285600566E-003	1.46776358453149436E-003	1.06825422895992267E-003	3.99509355571571521E-004	9.01582678324511526E-004	4.47498357715240191E-004	-1	4.54084320609271334E-004	-1	OK
85.250000000000000	2.32750778080598967E-003	1.44246687992420760E-003	1.04957766805810720E-003	3.92889211866100292E-004	8.85040900881782174E-004	4.39208053546292685E-004	-1	4.45832847335489489E-004	-1	OK
85.500000000000000	2.28651335519238332E-003	1.41766876248716799E-003	1.03127427686182513E-003	3.86394485625342918E-004	8.68844592705215329E-004	4.31092258797980332E-004	-1	4.37752333907234998E-004	-1	OK
85.750000000000000	2.24634403813257517E-003	1.39335825623607872E-003	1.01333566598821941E-003	3.80022590247859095E-004	8.52985781896496665E-004	4.23147025369120940E-004	-1	4.29838756527375725E-004	-1	OK
86.000000000000000	2.20698010313295605E-003	1.36952469607871312E-003	9.95753662641882384E-004	3.73771033436830680E-004	8.37455407054243147E-004	4.15368873790537157E-004	-1	4.22086533263705990E-004	-1	OK
86.250000000000000	2.16842427965285422E-003	1.34615749761352369E-003	9.78520242193589270E-004	3.67637255419934312E-004	8.22266782039330745E-004	4.07753762551808980E-004	-1	4.14513019487521765E-004	-1	OK
86.500000000000000	2.13061712043509377E-003	1.32324628402314499E-003	9.61627594112551961E-004	3.61618689910593247E-004	8.07370836411948670E-004	4.00297661625933165E-004	-1	4.07073174786015506E-004	-1	OK
86.750000000000000	2.09356211140990451E-003	1.30078109419719625E-003	9.45068115787108930E-004	3.55712978410087648E-004	7.92781017212708253E-004	3.92995825620659229E-004	-1	3.99785191592049024E-004	-1	OK
87.000000000000000	2.05724226532181999E-003	1.27875200383524459E-003	9.28834358972939825E-004	3.49917644862304984E-004	7.78490261486575186E-004	3.85844320646257417E-004	-1	3.92645940840317769E-004	-1	OK
87.250000000000000	2.02164173385157653E-003	1.25714933569436678E-003	9.12919050229055716E-004	3.44230285465310897E-004	7.64492398157209647E-004	3.78840610987254739E-004	-1	3.85651787169954908E-004	-1	OK
87.500000000000000	1.98674380015014971E-003	1.23596358971647105E-003	8.97315095681569855E-004	3.38648494034901029E-004	7.50780210433678557E-004	3.71981267306827025E-004	-1	3.78798943126851533E-004	-1	OK
87.750000000000000	1.95253400460976560E-003	1.21518558320143737E-003	8.82015607118980731E-004	3.33169976082456148E-004	7.37348421408328238E-004	3.65262765790698310E-004	-1	3.72085655617629928E-004	-1	OK
88.000000000000000	1.91899665808130133E-003	1.19480641764128145E-003	8.67013883145631849E-004	3.27792534495649653E-004	7.24190240440019989E-004	3.58682009319505487E-004	-1	3.65508231120514502E-004	-1	OK
88.250000000000000	1.88611587068575901E-003	1.17481757700990327E-003	8.52303423915930897E-004	3.22514153093972594E-004	7.11298293675855734E-004	3.52235871044205356E-004	-1	3.59062422631650378E-004	-1	OK
88.500000000000000	1.85387762279843812E-003	1.15521077055587632E-003	8.37877889511776737E-004	3.17332881044099198E-004	6.98666852242561809E-004	3.45921410994759124E-004	-1	3.52745441247802685E-004	-1	OK
88.750000000000000	1.82226757282508665E-003	1.13597780136621366E-003	8.23731060861775111E-004	3.12246740504438548E-004	6.86289771458873103E-004	3.39735340420126359E-004	-1	3.46554431038746745E-004	-1	OK
89.000000000000000	1.79127240627599701E-003	1.11711046482884050E-003	8.09856833585399349E-004	3.07253631243441315E-004	6.74161941447156505E-004	3.33674052065903513E-004	-1	3.40487889381252992E-004	-1	OK
89.250000000000000	1.76087850118534584E-003	1.09860100789536106E-003	7.96249307839606521E-004	3.02351700055754379E-004	6.62277493289984884E-004	3.27735513298221695E-004	-1	3.34541979991763189E-004	-1	OK
89.500000000000000	1.73107313938868621E-003	1.08044183247785457E-003	7.82902710566194026E-004	2.97539121911660602E-004	6.50631306910831641E-004	3.21916934454848785E-004	-1	3.28714372455982855E-004	-1	OK
89.750000000000000	1.70184430360455219E-003	1.06262559191505060E-003	7.69811427865271661E-004	2.92814164049778609E-004	6.39218711689501593E-004	3.16215593122095066E-004	-1	3.23003118567406528E-004	-1	OK
90.000000000000000	1.67307868087222030E-003	1.04514493972935880E-003	7.56969935184670178E-004	2.88175004544688842E-004	6.27933741142861607E-004	3.10628838032465276E-004	-1	3.17304903110396332E-004	-1	OK
90.250000000000000	1.64496541401624118E-003	1.02799263943614588E-003	7.44372832777425233E-004	2.83619806658720489E-004	6.16972774580095296E-004	3.05154082449168829E-004	-1	3.11818692130926467E-004	-1	OK
90.500000000000000	1.61739100170582312E-003	1.01116175879292715E-003	7.32014869413368787E-004	2.79146889379558308E-004	6.06229242912895865E-004	2.99076867610232851E-004	-1	3.07152375302663014E-004	-1	OK
90.750000000000000	1.59034429916037447E-003	9.94645396424227593E-004	7.19890898699958575E-004	2.74754497724269344E-004	5.95698902736146985E-004	2.93831991229783732E-004	-1	3.01866911506363253E-004	-1	OK
91.000000000000000	1.56381344989086984E-003	9.78436810281362685E-004	7.07995893943121892E-004	2.70440916338240739E-004	5.85376639609507150E-004	2.88692021666607155E-004	-1	2.96684617942899996E-004	-1	OK
91.250000000000000	1.53778702491792589E-003	9.62529395034276503E-004	6.96324975295856997E-004	2.66204419738419343E-004	5.75257629883649496E-004	2.83654065329656661E-004	-1	2.91603564553992835E-004	-1	OK
91.500000000000000	1.51225452449275325E-003	9.46917051460182497E-004	6.84873427141801435E-004	2.62043624318381171E-004	5.65337473032570862E-004	2.78715349602178062E-004	-1	2.86622123430392800E-004	-1	OK
91.750000000000000	1.48720536964339458E-003	9.31593588058033783E-004	6.73636602435134899E-004	2.57956985622898830E-004	5.55611781585360902E-004	2.73874048790192441E-004	-1	2.81737732795168461E-004	-1	OK
92.000000000000000	1.46262938396260478E-003	9.16553156889934927E-004	6.62609997088015328E-004	2.53943159801919762E-004	5.46076227072669743E-004	2.69129036470148520E-004	-1	2.76947190602521223E-004	-1	OK
92.250000000000000	1.43851639088041455E-003	9.01789773998214758E-004	6.51789153993722671E-004	2.50000620004492034E-004	5.36726616882199793E-004	2.64477284458144589E-004	-1	2.72249332424055203E-004	-1	OK
92.500000000000000	1.41485648679831860E-003	8.87297566514643789E-004	6.41169733771379947E-004	2.46127832743264004E-004	5.27558920283674807E-004	2.59916756574583158E-004	-1	2.67642163709091649E-004	-1	OK
92.750000000000000	1.39164015475572601E-003	8.73071001338214807E-004	6.30747536408518593E-004	2.42323464929696241E-004	5.18569153417511308E-004	2.55445445935239776E-004	-1	2.63123707482271533E-004	-1	OK
93.000000000000000	1.36885807786849716E-003	8.59104628637972698E-004	6.20518443550851563E-004	2.38586185087121135E-004	5.09753449230524467E-004	2.51061300350297707E-004	-1	2.58692148880226760E-004	-1	OK
93.250000000000000	1.34650125228859838E-003	8.45393241020269011E-004	6.10478451525021709E-004	2.34914789495247411E-004	5.01108011268329261E-004	2.46762468140695622E-004	-1	2.54345543127633639E-004	-1	OK
93.500000000000000	1.32456058124061056E-003	8.31931536022786000E-004	6.00623599420946038E-004	2.31307936601839745E-004	4.92629045217824672E-004	2.42547116835272109E-004	-1	2.50081928382552563E-004	-1	OK
93.750000000000000	1.30293277377458317E-003	8.18714245490494586E-004	5.90950010686832521E-004	2.27764234803661984E-004	4.84218528284088531E-004	2.38413413124318049E-004	-1	2.45805115159770482E-004	-1	OK
94.000000000000000	1.28179940589185780E-003	8.05736318046300489E-004	5.81453922814131104E-004	2.24282395232169656E-004	4.76063087845557257E-004	2.34359582590932131E-004	-1	2.41703505254625125E-004	-1	OK
94.250000000000000	1.26099006285587418E-003	7.92992967618689018E-004	5.72131690979786329E-004	2.20861276638902688E-004	4.67997095237185107E-004	2.30383988012937164E-004	-1	2.37613107224247944E-004	-1	OK
94.500000000000000	1.24063032749012090E-003	7.80479456084309147E-004	5.62979728296940894E-004	2.17499727787368307E-004	4.60150871405811811E-004	2.26484892144460868E-004	-1	2.33665979261350943E-004	-1	OK
94.750000000000000	1.22064486710100548E-003	7.68191071141604968E-004	5.53994523962927769E-004	2.14196547178677199E-004	4.52453795959400563E-004	2.22660597040255897E-004	-1	2.29793198919144665E-004	-1	OK
95.000000000000000	1.20102446756895380E-003	7.56123196506021454E-004	5.45172649171796740E-004	2.10950547334224741E-004	4.44901271062932233E-004	2.18910531636216498E-004	-1	2.25990739426715735E-004	-1	OK
95.250000000000000	1.18176308142572397E-003	7.44271406938866301E-004	5.36510768608241531E-004	2.07760638330624554E-004	4.37491674486857726E-004	2.15232595566446110E-004	-1	2.22259078920411616E-004	-1	OK
95.500000000000000	1.16285338424149121E-003	7.32631464873080432E-004	5.28005643542500225E-004	2.04625821330580180E-004	4.30221919368410828E-004	2.11624695072931495E-004	-1	2.18597224295479333E-004	-1	OK
95.750000000000000	1.14428818013830643E-003	7.21199134884048759E-004	5.19654077759238863E-004	2.01545057124810032E-004	4.23089045254257618E-004	2.08085332066713859E-004	-1	2.15003713187543759E-004	-1	OK
96.000000000000000	1.12606059549654738E-003	7.09970211097887632E-004	5.11452937441127025E-004	1.98517273656760606E-004	4.16090384398659695E-004	2.04613049527770964E-004	-1	2.11477334870888731E-004	-1	OK
96.250000000000000	1.10816364238354361E-003	6.98940533595821933E-004	5.03399151489905224E-004	1.95541382105916654E-004	4.09223108787721678E-004	2.01206429485262537E-004	-1	2.08016679302459141E-004	-1	OK
96.500000000000000	1.09059078906582289E-003	6.88106063690841082E-004	4.95489729138950605E-004	1.92616334551890613E-004	4.02484725374981697E-004	1.97864079186974267E-004	-1	2.04620646188007429E-004	-1	OK
96.750000000000000	1.07333492604162945E-003	6.77462872983893493E-004	4.87721744722009254E-004	1.89741128261884402E-004	3.95872053057735960E-004	1.94467845688744084E-004	-1	2.01404207368991876E-004	-1	OK
97.000000000000000	1.05639003240913846E-003	6.67007200041707326E-004	4.80092361651081041E-004	1.86914838390626501E-004	3.89382832367431186E-004	1.91251744013860479E-004	-1	1.98131088353570707E-004	-1	OK
97.250000000000000	1.03974961522133435E-003	6.56735353171927446E-004	4.72598798750478429E-004	1.84136554421449045E-004	3.83014262049406794E-004	1.88095890826903747E-004	-1	1.94918371222503047E-004	-1	OK
97.500000000000000	1.02340740639261514E-003	6.46643633135473433E-004	4.65238317754120467E-004	1.81405315381352885E-004	3.76763773257141705E-004	1.84999021226011002E-004	-1	1.91764752031130703E-004	-1	OK
97.750000000000000	1.00735762848835160E-003	6.36728440807729111E-004	4.58008260684180659E-004	1.78720180123548316E-004	3.70629187680622432E-004	1.81959873407282218E-004	-1	1.88669314273340213E-004	-1	OK
98.000000000000000	9.91594453302864368E-004	6.26986420012000606E-004	4.50906050666241218E-004	1.76080369345759307E-004	3.64608033290863707E-004	1.78977200705004080E-004	-1	1.85630832585859627E-004	-1	OK
98.250000000000000	9.76112022321712195E-004	6.17414182680894115E-004	4.43929145431694219E-004	1.73485037249199869E-004	3.58697839640818080E-004	1.76049891825980016E-004	-1	1.82647947814838064E-004	-1	OK
98.500000000000000	9.60904751386913898E-004	6.08008430099740162E-004	4.37075059839685926E-004	1.70933370260054399E-004	3.52896321287173790E-004	1.73176797413342317E-004	-1	1.79719523873831473E-004	-1	OK
98.750000000000000	9.45967123413417538E-004	5.98765878525108798E-004	4.30341356381563791E-004	1.68424522143544953E-004	3.47201244888308794E-004	1.70356796601999838E-004	-1	1.76844448286308956E-004	-1	OK
99.000000000000000	9.31293988858201407E-004	5.89683340670550064E-004	4.23725652166916133E-004	1.65957688503633822E-004	3.41610648187651398E-004	1.67588791234656281E-004	-1	1.74021856952995117E-004	-1	OK
99.250000000000000	9.16879857924708273E-004	5.80757671392473406E-004	4.17225613800960272E-004	1.63532057591513188E-004	3.36122186532234921E-004	1.64871685246502716E-004	-1	1.71250501285732205E-004	-1	OK
99.500000000000000	9.02565531581813645E-004	5.71985864370918814E-004	4.10838966768464233E-004	1.61146897602454608E-004	3.30579667210894777E-004	1.62204433273485335E-004	-1	1.68375233937409442E-004	-1	OK
99.750000000000000	8.88656487623359480E-004	5.63364875722339922E-004	4.04563464673396477E-004	1.58801411048943391E-004	3.25291611901019613E-004	1.59586027289995377E-004	-1	1.65705584611024236E-004	-1	OK
100.00000000000000	8.74991217885152505E-004	5.54891700423743701E-004	3.98396909636967826E-004	1.56494790786776064E-004	3.20099517461408750E-004	1.57015463246801420E-004	-1	1.63084054214607331E-004	-1	OK
