#pt	totcs	totdirect	directLO	directNLO	totfrag	fragLO	err_fragLO	fragNLO	err_fragNLO	errmess
0.50000000000000000	120827955.69478892	-62048476.819593027	9474681.2207501959	-71523158.040343225	182876432.51438195	87402772.968198970	-1	95473659.546182975	-1	Error
0.75000000000000000	47615766.670062393	-1636128.2439109329	1750057.6158601115	-3386185.8597710412	49251894.913973324	16902331.786287796	-1	32349563.127685528	-1	Error
1.0000000000000000	19184241.079350069	98660.862907662988	1186905.0765191915	-1088244.2136115290	19085580.216442406	7641767.0316600418	-1	11443813.184782363	-1	Error
1.2500000000000000	7923275.1133551262	265552.00632425351	683288.08912724373	-417736.08280298946	7657723.1070308723	3327898.7979553039	-1	4329824.3090755679	-1	Error
1.5000000000000000	3571075.9883071585	216007.27716422779	395286.48076421436	-179279.20359998688	3355068.7111429307	1564840.2590721129	-1	1790228.4520708178	-1	Error
1.7500000000000000	1773903.3842659106	153191.20799418772	236760.88158369539	-83569.673589507802	1620712.1762717229	793961.30359755410	-1	826750.87267416879	-1	Error
2.0000000000000000	955236.30054551200	105937.87602222682	147476.51369570164	-41538.637673474928	849298.42452328524	433180.90690236253	-1	416117.51762092271	-1	Error
2.2500000000000000	551555.25472182489	73501.922871578077	95130.003319665688	-21628.080448087596	478053.33185024682	250766.68196710141	-1	227286.64988314541	-1	Error
2.5000000000000000	335740.04458552087	51589.279931323108	63193.460503428847	-11604.180572105679	284150.76465419779	152275.49287903041	-1	131875.27177516738	-1	Error
2.7500000000000000	212611.42626524231	36810.241271673120	43178.939052324451	-6368.6977806513587	175801.18499356919	96351.337831906945	-1	79449.847161662241	-1	Error
3.0000000000000000	139887.37404770267	26733.197650395923	30283.693528829837	-3550.4958784339324	113154.17639730674	63013.770362471121	-1	50140.406034835622	-1	Error
3.2500000000000000	95021.536039116007	19744.784771405328	21731.055737850034	-1986.2709664446916	75276.751267710672	42537.458465138392	-1	32739.292802572279	-1	Error
3.5000000000000000	66444.063622834030	14810.824071515559	15907.777364485632	-1096.9532929700667	51633.239551318475	29492.262123396995	-1	22140.977427921480	-1	Error
3.7500000000000000	47556.455490619090	11268.838893461059	11852.331050084185	-583.49215662312793	36287.616597158034	20934.089334719851	-1	15353.527262438183	-1	Error
4.0000000000000000	34785.518222940969	8686.3424599787504	8970.8693980749504	-284.52693809619893	26099.175762962223	15172.476516984192	-1	10926.699245978030	-1	OK
4.2500000000000000	25919.089821751681	6776.4490133687723	6886.6891491369342	-110.24013576816256	19142.640808382908	11216.401835364153	-1	7926.2389730187551	-1	OK
4.5000000000000000	19605.772906165294	5344.9516729314983	5354.6141606481060	-9.6624877166090961	14260.821233233797	8405.5114701073471	-1	5855.3097631264500	-1	OK
4.7500000000000000	15060.399269517009	4258.6138771607139	4211.7773786549069	46.836498505808564	10801.785392356296	6392.8809978876861	-1	4408.9043944686100	-1	OK
5.0000000000000000	11717.773352256498	3424.7122531845562	3347.8848940860148	76.827359098541791	8293.0610990719415	4926.0828085863604	-1	3366.9782904855811	-1	OK
5.2500000000000000	9218.4010068179214	2777.7836295183447	2686.8957429823099	90.887886536034998	6440.6173772995771	3840.9366094735151	-1	2599.6807678260620	-1	OK
5.5000000000000000	7329.3545624968374	2270.9760560632694	2175.5188557726087	95.457200290660523	5058.3785064335680	3027.3432732959418	-1	2031.0352331376262	-1	OK
5.7500000000000000	5879.2981823997361	1870.3370436287701	1775.8412914628811	94.495752165888817	4008.9611387709656	2409.3964601525095	-1	1599.5646786184561	-1	OK
6.0000000000000000	4759.9229894575492	1550.9365358986561	1460.5133376310994	90.423198267556202	3208.9864535588927	1934.4899024119925	-1	1274.4965511469002	-1	OK
6.2500000000000000	3883.3729444362489	1294.2881788026616	1209.5609242985568	84.727254504104664	2589.0847656335873	1565.9644250672063	-1	1023.1203405663809	-1	OK
6.5000000000000000	3197.4704644552194	1086.5431804567359	1008.2246836738091	78.318496782926772	2110.9272839984837	1277.5011722687786	-1	833.42611172970510	-1	OK
6.7500000000000000	2649.0229748905940	917.22450741902605	845.47888196884719	71.745625450179219	1731.7984674715678	1049.6036313174250	-1	682.19483615414288	-1	OK
7.0000000000000000	2208.6164954046812	778.33401862914559	713.00359124986323	65.330427379282256	1430.2824767755358	868.11640543871249	-1	562.16607133682328	-1	OK
7.2500000000000000	1852.7499452697325	663.71389419276136	604.46140232633343	59.252491866427881	1189.0360510769710	720.98970220751698	-1	468.04634886945405	-1	OK
7.5000000000000000	1562.9744583609195	568.58463804310168	514.98221064868164	53.602427394420182	994.38982031781791	603.50674041215461	-1	390.88307990566329	-1	OK
7.7500000000000000	1324.9812165615958	489.20820350376175	440.79181011440158	48.416393389360152	835.77301305783408	507.99459530182787	-1	327.77841775600621	-1	OK
8.0000000000000000	1129.1593428279652	422.63974528561829	378.94270485921311	43.697040426405160	706.51959754234701	429.79298974781750	-1	276.72660779452951	-1	OK
8.2500000000000000	966.81624571464431	366.54569309920788	327.11844647545320	39.427246623754755	600.27055261543637	365.53978333735671	-1	234.73076927807966	-1	OK
8.5000000000000000	831.47191174971499	319.06413973732896	283.48473488945388	35.579404847875061	512.40777201238598	312.12136722403079	-1	200.28640478835518	-1	OK
8.7500000000000000	717.95437824168368	278.70058125731714	246.57962066919731	32.120960588119843	439.25379698436655	267.64579674134404	-1	171.60800024302250	-1	OK
9.0000000000000000	622.39320325804965	244.24831482800272	215.23072677090275	29.017588057100024	378.14488843004688	230.43153657399949	-1	147.71335185604738	-1	OK
9.2500000000000000	541.51126541297776	214.72800137068489	188.49253511241102	26.235466258273913	326.78326404229290	199.14713657920896	-1	127.63612746308394	-1	OK
9.5000000000000000	472.74590990154928	189.34086366176405	165.59833035254545	23.742533309218651	283.40504623978524	172.72605547625312	-1	110.67899076353211	-1	OK
9.7500000000000000	413.95442740419901	167.43185975750694	145.92305837069463	21.508801386812280	246.52256764669204	150.31740886507964	-1	96.205158781612397	-1	OK
10.000000000000000	363.71370651003861	148.46137728654864	128.95460875106016	19.506768535488494	215.25232922348994	131.24173869521192	-1	84.010590528278016	-1	OK
10.250000000000000	320.52129268384437	131.98303970071146	114.27151223937028	17.711527461341127	188.53825298313291	114.68194642917584	-1	73.856306553957069	-1	OK
10.500000000000000	283.26398599263001	117.62575945343305	101.52525593090881	16.100503522524221	165.63822653919695	100.74129511193634	-1	64.896931427260611	-1	OK
10.750000000000000	251.01317205779679	105.08014582430719	90.426505198096777	14.653640626210370	145.93302623348958	88.748254489925444	-1	57.184771743564141	-1	OK
11.000000000000000	223.02341937714067	94.086960317298377	80.734027125598757	13.352933191699634	128.93645905984229	78.394551967271482	-1	50.541907092570810	-1	OK
11.250000000000000	198.62825709994371	84.428202645089286	72.245730670799531	12.182471974289767	114.20005445485444	69.425157659330594	-1	44.774896795523844	-1	OK
11.500000000000000	177.26470623515451	75.920102820364662	64.791986645179207	11.128116175185449	101.34460341478984	61.630724631760508	-1	39.713878783029337	-1	OK
11.750000000000000	158.61244400509037	68.407103401249188	58.229844535867329	10.177258865381848	90.205340603841194	54.841877581483971	-1	35.363463022357223	-1	OK
12.000000000000000	142.22879865122295	61.757156280904375	52.438383763503452	9.3187725174009355	80.471642370318577	48.912616146757088	-1	31.559026223561489	-1	OK
12.250000000000000	127.74038514434554	55.857683884359638	47.314941511638764	8.5427423727208662	71.882701259985893	43.719455594996184	-1	28.163245664989709	-1	OK
12.500000000000000	115.02044952162159	50.612548987588170	42.772121581307943	7.8404274062802228	64.407900534033416	39.162087611554988	-1	25.245812922478429	-1	OK
12.750000000000000	103.77201251152123	45.939316972347619	38.735270423802902	7.2040465485447260	57.832695539173606	35.151446482303889	-1	22.681249056869717	-1	OK
13.000000000000000	93.795121094832226	41.767197705287202	35.140452690934531	6.6267450143526778	52.027923389545023	31.613135097182418	-1	20.414788292362605	-1	OK
13.250000000000000	84.931595320183874	38.035145987573401	31.932738885676528	6.1024071018968735	46.896449332610480	28.485287841426167	-1	18.411161491184313	-1	OK
13.500000000000000	77.037771599054238	34.690453045917209	29.064822526958466	5.6256305189587481	42.347318553137029	25.713913050897549	-1	16.633405502239480	-1	OK
13.750000000000000	69.993840323953933	31.687451247958268	26.495845426639558	5.1916058213187135	38.306389075995668	23.253029249847646	-1	15.053359826148021	-1	OK
14.000000000000000	63.695858558623634	28.986492045854959	24.190433716754487	4.7960583291004673	34.709366512768675	21.063048048721797	-1	13.646318464046878	-1	OK
14.250000000000000	58.056419965542680	26.553046478029657	22.117879083199071	4.4351673948305805	31.503373487513024	19.110417102867970	-1	12.392956384645053	-1	OK
14.500000000000000	52.994195032215558	24.356997920434772	20.251470793727542	4.1055271267072353	28.637197111780790	17.366110817300662	-1	11.271086294480128	-1	OK
14.750000000000000	48.444623833238836	22.372013882062305	18.567918307302577	3.8040955747597316	26.072609951176531	15.805615548158860	-1	10.266994403017671	-1	OK
15.000000000000000	44.326903243828937	20.575031895983557	17.046871858268922	3.5281600377146320	23.751871347845384	14.406184047343219	-1	9.3456873005021652	-1	OK
15.250000000000000	40.632489259761989	18.945806019205719	15.670512518073354	3.2752935011323658	21.686683240556270	13.149716017417227	-1	8.5369672231390439	-1	OK
15.500000000000000	37.296541655157576	17.466533436025305	14.423204003945486	3.0433294320798154	19.830008219132271	12.019532962839287	-1	7.8104752562929836	-1	OK
15.750000000000000	34.277523633635653	16.121518766805266	13.291198109167773	2.8303206576374960	18.156004866830383	11.001224200515550	-1	7.1547806663148332	-1	OK
16.000000000000000	31.541973076584597	14.896910119354638	12.262383863953236	2.6345262554014028	16.645062957229957	10.082147488572307	-1	6.5629154686576499	-1	OK
16.250000000000000	29.059652931115554	13.780442207987520	11.326068932096424	2.4543732758910943	15.279210723128035	9.2517056389685521	-1	6.0275050841594826	-1	OK
16.500000000000000	26.803892416346109	12.761255620653669	10.472801980832559	2.2884536398211077	14.042636795692440	8.4998480159090448	-1	5.5427887797833950	-1	OK
16.750000000000000	24.751003774803536	11.829696360364174	9.6941961847622284	2.1355001756019441	12.921307414439362	7.8183269847696844	-1	5.1029804296696772	-1	OK
17.000000000000000	22.880305935025540	10.977183475835220	8.9828197373932444	1.9943637384419726	11.903122459190319	7.1997759498201885	-1	4.7033465093701308	-1	OK
17.250000000000000	21.173418127288912	10.196091511239244	8.3320752894828018	1.8640162217564400	10.977326616049670	6.6376605168369114	-1	4.3396660992127583	-1	OK
17.500000000000000	19.614221484207629	9.4796102048085054	7.7360866014498431	1.7435236033586594	10.134611279399124	6.1260775439809736	-1	4.0085337354181503	-1	OK
17.750000000000000	18.188171892619195	8.8216604083983565	7.1896160781638567	1.6320443302344980	9.3665114842208403	5.6598865593609364	-1	3.7066249248599039	-1	OK
18.000000000000000	16.882350882213935	8.2167994986435726	6.6879853577064763	1.5288141409370954	8.6655513835703619	5.2343848074263759	-1	3.4311665761439860	-1	OK
18.250000000000000	15.684961463602466	7.6601522570781020	6.2270107250205653	1.4331415320575369	8.0248092065243650	4.8455820761085322	-1	3.1792271304158328	-1	OK
18.500000000000000	14.585892835675850	7.1473482758829689	5.8029456675291113	1.3444026083538576	7.4385445597928799	4.4900258982242471	-1	2.9485186615686327	-1	OK
18.750000000000000	13.576041490977065	6.6744545752913762	5.4124288507419163	1.2620257245494619	6.9015869156856882	4.1645929697422233	-1	2.7369939459434649	-1	OK
19.000000000000000	12.647323896604817	6.2379376405825706	5.0524423691726064	1.1854952714099669	6.4093862560222474	3.8663235697650831	-1	2.5430626862571644	-1	OK
19.250000000000000	11.792308566295571	5.8346142477020031	4.7202716895379613	1.1143425581640398	5.9576943185935685	3.5926579522419959	-1	2.3650363663515725	-1	OK
19.500000000000000	11.004746645392625	5.4616091024298639	4.4134715362516035	1.0481375661782604	5.5431375429627625	3.3413023674165401	-1	2.2018351755462224	-1	OK
19.750000000000000	10.277826655025898	5.1163259206172995	4.1298378884460503	0.98648803217124847	5.1615007344085990	3.1101934586323123	-1	2.0513072757762867	-1	OK
20.000000000000000	9.6065916319139895	4.7964248674868912	3.8673818744065156	0.92904299308037430	4.8101667644270991	2.8974769807646794	-1	1.9126897836624197	-1	OK
20.250000000000000	8.9861924414266809	4.4997796925618392	3.6243042902283373	0.87547540233350041	4.4864127488648409	2.7015546182477324	-1	1.7848581306171085	-1	OK
20.500000000000000	8.4122474364820903	4.2244647700375602	3.3989774564929252	0.82548731354463434	4.1877826664445292	2.5208910404642473	-1	1.6668916259802820	-1	OK
20.750000000000000	7.8808260878952296	3.9687383014756095	3.1899276214201633	0.77881068005544629	3.9120877864196197	2.3541147762557242	-1	1.5579730101638956	-1	OK
21.000000000000000	7.3883623565256382	3.7310123589650135	2.9958164256687296	0.73519593329628341	3.6573499975606252	2.2000437262284072	-1	1.4573062713322180	-1	OK
21.250000000000000	6.9303753203748837	3.5098413857223179	2.8154287765931416	0.69441260912917613	3.4205339346525654	2.0575876868692635	-1	1.3629462477833019	-1	OK
21.500000000000000	6.5064786346651591	3.3039147407254008	2.6476613335351518	0.65625340719024927	3.2025638939397583	1.9257576397898082	-1	1.2768062541499501	-1	OK
21.750000000000000	6.1126506282470370	3.1120374930068961	2.4915096790359068	0.62052781397098888	3.0006131352401413	1.8036612569863972	-1	1.1969518782537441	-1	OK
22.000000000000000	5.7464659770672686	2.9331167300889813	2.3460582355428343	0.58705849454614611	2.8133492469782877	1.6904990094255361	-1	1.1228502375527516	-1	OK
22.250000000000000	5.4057525243974469	2.7661559662023958	2.2104726552983123	0.55568331090408363	2.6395965581950511	1.5855232602721905	-1	1.0540732979228606	-1	OK
22.500000000000000	5.0884574625068115	2.6102453300932877	2.0839916306265169	0.52625369946676925	2.4782121324135238	1.4881008158467770	-1	0.99011131656674678	-1	OK
22.750000000000000	4.7926954351303461	2.4645535068249531	1.9659196637848935	0.49863384304005964	2.3281419283053926	1.3975865333206292	-1	0.93055539498476336	-1	OK
23.000000000000000	4.5169267487099409	2.3283156859707135	1.8556199192564446	0.47269576671426827	2.1886110627392275	1.3134226621278262	-1	0.87518840061140124	-1	OK
23.250000000000000	4.2595655126556844	2.2008333978154253	1.7525103087451450	0.44832308907028007	2.0587321148402591	1.2350938466318679	-1	0.82363826820839114	-1	OK
23.500000000000000	4.0192142427658801	2.0814659949621763	1.6560575254650378	0.42540846949713917	1.9377482478037042	1.1621491386767349	-1	0.77559910912696939	-1	OK
23.750000000000000	3.7946025157996752	1.9696265150758177	1.5657726821481537	0.40385383292766408	1.8249760007238576	1.0941671587328672	-1	0.73080884199099039	-1	OK
24.000000000000000	3.5845478187387334	1.8647729668262727	1.4812064836781438	0.38356648314812852	1.7197748519124607	1.0307656161890637	-1	0.68900923572339701	-1	OK
24.250000000000000	3.3856488562448468	1.7664077825398772	1.4019466664518743	0.36446111608800297	1.6192410737049696	0.97158893569066085	-1	0.64765213801430876	-1	OK
24.500000000000000	3.2002990327999816	1.6740746271990417	1.3276145385981506	0.34646008860089145	1.5262244056009400	0.91632253634909144	-1	0.60990186925184853	-1	OK
24.750000000000000	3.0280397675688064	1.5873524191664643	1.2578615063201120	0.32949091284635251	1.4406873484023421	0.86467762543243387	-1	0.57600972296990827	-1	OK
25.000000000000000	2.8664566124028301	1.5058536272084770	1.1923666421485060	0.31348698505997119	1.3606029851943531	0.81638667381979424	-1	0.54421631137455884	-1	OK
25.250000000000000	2.7150025668279514	1.4292190308500676	1.1308338818473871	0.29838514900268071	1.2857835359778838	0.77120099453190416	-1	0.51458254144597959	-1	OK
25.500000000000000	2.5727574939223028	1.3571186777353237	1.0729906111537006	0.28412806658162310	1.2156388161869791	0.72889464136222015	-1	0.48674417482475896	-1	OK
25.750000000000000	2.4391700594513686	1.2892468701950475	1.0185848057505837	0.27066206444446395	1.1499231892563211	0.68926647389236495	-1	0.46065671536395614	-1	OK
26.000000000000000	2.3136177846116759	1.2253209465555788	0.96738348703234800	0.25793745952323088	1.0882968380560973	0.65211122846021052	-1	0.43618560959588681	-1	OK
26.250000000000000	2.1955621328838264	1.1650787445970319	0.91917158258881371	0.24590716200821830	1.0304833882867943	0.61726037108877274	-1	0.41322301719802157	-1	OK
26.500000000000000	2.0844932141926873	1.1082785036341254	0.87375047306121001	0.23452803057291571	0.97621471055856179	0.58346703902110952	-1	0.39274767153745227	-1	OK
26.750000000000000	1.9799009452602181	1.0546965239793908	0.83093635036874813	0.22376017361064274	0.92520442128082725	0.55279872163915600	-1	0.37240569964167125	-1	OK
27.000000000000000	1.8814249471772362	1.0041254057525861	0.79055896988309360	0.21356643586949248	0.87729954142464994	0.52398273155020836	-1	0.35331680987444158	-1	OK
27.250000000000000	1.7886322591040948	0.95637247815360527	0.75246043580979394	0.20391204234381125	0.83225978095048947	0.49689149789032072	-1	0.33536828306016875	-1	OK
27.500000000000000	1.7011189278738512	0.91125852181678946	0.71649425185322768	0.19476426996356147	0.78986040605706176	0.47141637233761668	-1	0.31844403371944507	-1	OK
27.750000000000000	1.6185851846639028	0.86861728678412575	0.68252453469514429	0.18609275208898146	0.74996789787977691	0.44744706479567720	-1	0.30252083308409972	-1	OK
28.000000000000000	1.5406925936363862	0.82829444631605242	0.65042518647426339	0.17786925984178889	0.71239814732033380	0.42488114736705251	-1	0.28751699995328128	-1	OK
28.250000000000000	1.4671448144362420	0.79014675820568425	0.62007904065936559	0.17006771754631866	0.67699805623055775	0.40362678796889118	-1	0.27337126826166658	-1	OK
28.500000000000000	1.3976659676046617	0.75404050505117692	0.59137706796212164	0.16266343708905531	0.64362546255348485	0.38359729144342541	-1	0.26002817111005944	-1	OK
28.750000000000000	1.3320000829851797	0.71985091029065207	0.56421778577733628	0.15563312451331585	0.61214917269452762	0.36471413695190030	-1	0.24743503574262732	-1	OK
29.000000000000000	1.2699068482164737	0.68746210364502791	0.53850684134994453	0.14895526229508327	0.58244474457144590	0.34689993693914328	-1	0.23554480763230262	-1	OK
29.250000000000000	1.2108790520455424	0.65676637687455686	0.51415640057206380	0.14260997630249309	0.55411267517098539	0.33008992337153720	-1	0.22402275179944819	-1	OK
29.500000000000000	1.1553054154604745	0.62766272669060097	0.49108447559523738	0.13657825109536376	0.52764268876987352	0.31421778837764530	-1	0.21342490039222822	-1	OK
29.750000000000000	1.1026880589632371	0.60005736164440204	0.46921473168138861	0.13084262996301332	0.50263069731883514	0.29922440170348030	-1	0.20340629561535484	-1	OK
30.000000000000000	1.0528467971082660	0.57386236463699702	0.44847586249892935	0.12538650213806768	0.47898443247126904	0.28505476221391335	-1	0.19392967025735569	-1	OK
30.250000000000000	1.0056172145008899	0.54899587466311428	0.42880135387780649	0.12019452078530789	0.45662133983777570	0.27165746317864581	-1	0.18496387665912989	-1	OK
30.500000000000000	0.96084582754572834	0.52538109040658054	0.41012900970346661	0.11525208070311384	0.43546473713914780	0.25898517056721077	-1	0.17647956657193703	-1	OK
30.750000000000000	0.91818147920148585	0.50294638238092249	0.39240076429952708	0.11054561808139553	0.41523509682056337	0.24699336020443791	-1	0.16824173661612546	-1	OK
31.000000000000000	0.87790088904413799	0.48162477777381341	0.37556231771046839	0.10606246006334495	0.39627611127032464	0.23564082293600605	-1	0.16063528833431859	-1	OK
31.250000000000000	0.83966841730173547	0.46135330079388276	0.35956280326116979	0.10179049753271291	0.37831511650785271	0.22488895424693758	-1	0.15342616226091513	-1	OK
31.500000000000000	0.80336243906955551	0.44207298264455691	0.34435460777326027	9.77183748712965317E-002	0.36128945642499860	0.21470200580882920	-1	0.14658745061616940	-1	OK
31.750000000000000	0.76888176931075791	0.42372849402199869	0.32989315014417958	9.38353438778190829E-002	0.34515327528875916	0.20504628613731812	-1	0.14010698915144104	-1	OK
32.000000000000000	0.73611578757436313	0.40626814118611820	0.31613669834522273	9.01314428408955953E-002	0.32984764638824499	0.19589047918181568	-1	0.13395716720642931	-1	OK
32.250000000000000	0.70496844544877091	0.38964340506115580	0.30304613812804465	8.65972669331111777E-002	0.31532504038761511	0.18720530517134215	-1	0.12811973521627296	-1	OK
32.500000000000000	0.67536111199121018	0.37380875279989367	0.29058477749394207	8.32239753059516169E-002	0.30155235919131651	0.17896340320516205	-1	0.12258895598615446	-1	OK
32.750000000000000	0.64717377733432069	0.35872141406535746	0.27871817666998538	8.00032373953720455E-002	0.28845236326896317	0.17113932968832182	-1	0.11731303358064135	-1	OK
33.000000000000000	0.62020584556728797	0.34434101957362967	0.26741397512310194	7.69270444505278650E-002	0.27586482599365830	0.16370911817876951	-1	0.11215570781488879	-1	OK
33.250000000000000	0.59467356917293346	0.33062990700919098	0.25664185841586024	7.39880485933307741E-002	0.26404366216374242	0.15665001047960983	-1	0.10739365168413259	-1	OK
33.500000000000000	0.57036329769761129	0.31755266312224795	0.24637334049187257	7.11793226303753662E-002	0.25281063457536335	0.14994204030633074	-1	0.10286859426903261	-1	OK
33.750000000000000	0.54720945735417115	0.30507595875519322	0.23658163510282776	6.84943236523654908E-002	0.24213349859897795	0.14356495540329337	-1	9.85685431956845881E-002	-1	OK
34.000000000000000	0.52519272865900435	0.29316837945887986	0.22724153356051341	6.59268458983665040E-002	0.23202434920012444	0.13750009579827227	-1	9.45242534018521652E-002	-1	OK
34.250000000000000	0.50400332451368790	0.28180030580236481	0.21832931651818155	6.34709892841833351E-002	0.22220301871132303	0.13173014489965104	-1	9.04728738116719888E-002	-1	OK
34.500000000000000	0.48394659243080651	0.27094390427678772	0.20982268227313222	6.11212220036555579E-002	0.21300268815401882	0.12623862537456382	-1	8.67640627794550034E-002	-1	OK
34.750000000000000	0.46481477403075078	0.26057301211037998	0.20170064123723447	5.88723708731455284E-002	0.20424176192037080	0.12101039000559040	-1	8.32313719147804026E-002	-1	OK
35.000000000000000	0.44655746762053428	0.25066292692866993	0.19394340616111466	5.67195207675551885E-002	0.19589454069186438	0.11603108221814391	-1	7.98634584737204639E-002	-1	OK
35.250000000000000	0.42913129242692699	0.24119031229256122	0.18653232556185709	5.46579867307041833E-002	0.18794098013436578	0.11128756525490194	-1	7.66534148794638381E-002	-1	OK
35.500000000000000	0.41249242883307824	0.23213318153970672	0.17944982070372442	5.26833608359823652E-002	0.18035924729337149	0.10676720439341369	-1	7.35920428999577991E-002	-1	OK
35.750000000000000	0.39660040110920292	0.22347081260442844	0.17267932258795293	5.07914900164754407E-002	0.17312958850477447	0.10245812793921684	-1	7.06714605655576339E-002	-1	OK
36.000000000000000	0.38141721427004871	0.21518365438313636	0.16620520112108261	4.89784532620538005E-002	0.16623355988691232	9.83491814342564857E-002	-1	6.78843784526558386E-002	-1	OK
36.250000000000000	0.36680595456788284	0.20725325675785705	0.16001269610195970	4.72405606558973373E-002	0.15955269781002579	9.44298415284688525E-002	-1	6.51228562815569373E-002	-1	OK
36.500000000000000	0.35294195295606245	0.19966208825744872	0.15408785084409762	4.55742374133510791E-002	0.15327986469861371	9.06902177088084877E-002	-1	6.25896469898052227E-002	-1	OK
36.750000000000000	0.33968305560451162	0.19239354653451246	0.14841748080548400	4.39760657290284435E-002	0.14728950906999913	8.71214360503806406E-002	-1	6.01680730196184899E-002	-1	OK
37.000000000000000	0.32688720929803433	0.18543201745336862	0.14298915691334305	4.24428605400255232E-002	0.14145519184466571	8.32973050948898203E-002	-1	5.81578867497758861E-002	-1	OK
37.250000000000000	0.31475686970596284	0.17876286626776863	0.13779114965612804	4.09717166116405837E-002	0.13599400343819418	8.00581276236404515E-002	-1	5.59358758145537260E-002	-1	OK
37.500000000000000	0.30314751691582359	0.17237211692334251	0.13281233674025517	3.95597801830873189E-002	0.13077539999248108	7.69637587348743213E-002	-1	5.38116412576067626E-002	-1	OK
37.750000000000000	0.29203402236058024	0.16624655292718007	0.12804219362931746	3.82043592978626376E-002	0.12578746943340016	7.40067517227333271E-002	-1	5.17807177106668348E-002	-1	OK
38.000000000000000	0.28128764939520701	0.16037355002881842	0.12347073931307631	3.69028107157420709E-002	0.12091409936638858	7.11800797696272441E-002	-1	4.97340195967613391E-002	-1	OK
38.250000000000000	0.27109949077411799	0.15474120033738437	0.11908854811681532	3.56526522205690699E-002	0.11635829043673360	6.84773611610400706E-002	-1	4.78809292756935262E-002	-1	OK
38.500000000000000	0.26133836840699526	0.14933828874160390	0.11488671181058166	3.44515769310222569E-002	0.11200007966539136	6.58926476835145353E-002	-1	4.61074319818768202E-002	-1	OK
38.750000000000000	0.25198412839029466	0.14415426643486537	0.11085680402502708	3.32974624098383160E-002	0.10782986195542929	6.34201128616909415E-002	-1	4.44097490937383488E-002	-1	OK
39.000000000000000	0.24301784999945614	0.13917902796965115	0.10699081369227773	3.21882142773734226E-002	0.10383882202980500	6.10542467897083815E-002	-1	4.27845752400966214E-002	-1	OK
39.250000000000000	0.23442113871870940	0.13440297128841616	0.10328114569239824	3.11218255960178936E-002	0.10001816743029322	5.87898550185442723E-002	-1	4.12283124117489505E-002	-1	OK
39.500000000000000	0.22617646449378703	0.12981700981922215	9.97206019203091404E-002	3.00964078989130190E-002	9.63594546745648872E-002	5.66220464818501037E-002	-1	3.97374081927147835E-002	-1	OK
39.750000000000000	0.21826456601538835	0.12541250958061814	9.63023564406724070E-002	2.91101531399457283E-002	9.28520564347702082E-002	5.45462223943328772E-002	-1	3.83058340404373310E-002	-1	OK
40.000000000000000	0.21067206045897691	0.12118127528993924	9.30199365417760798E-002	2.81613387481631991E-002	8.94907851690376621E-002	5.25580492866600524E-002	-1	3.69327358823776097E-002	-1	OK
40.250000000000000	0.20338850252559779	0.11711556645999184	8.98672096152475786E-002	2.72483568447442794E-002	8.62729360656059457E-002	5.06532022819762492E-002	-1	3.56197337836296965E-002	-1	OK
40.500000000000000	0.19634347866270235	0.11320806419771949	8.68383542365058908E-002	2.63697099612136034E-002	8.31354144649828625E-002	4.88277360473507172E-002	-1	3.43076784176321453E-002	-1	OK
40.750000000000000	0.18963130944615059	0.10945174170653008	8.39278263052323781E-002	2.55239154012977254E-002	8.01795677396204970E-002	4.70779018528161078E-002	-1	3.31016658868043892E-002	-1	OK
41.000000000000000	0.18318465378432200	0.10583991232301694	8.11303603900160319E-002	2.47095519330009193E-002	7.73447414613050582E-002	4.54001647192120508E-002	-1	3.19445767420930074E-002	-1	OK
41.250000000000000	0.17699156624387757	0.10236626257778772	7.84409630767632232E-002	2.39252995010245280E-002	7.46253036660898539E-002	4.37911599273255181E-002	-1	3.08341437387643358E-002	-1	OK
41.500000000000000	0.17104844460782698	9.90247712060726704E-002	7.58548796849748547E-002	2.31698915210977949E-002	7.20236734017543068E-002	4.22477027684276113E-002	-1	2.97759706333266955E-002	-1	OK
41.750000000000000	0.16532818461993432	9.58096642417997912E-002	7.33675787030664550E-002	2.24420855387333154E-002	6.95185203781345379E-002	4.07667683941052919E-002	-1	2.87517519840292460E-002	-1	OK
42.000000000000000	0.15982905238553008	9.27155381425288083E-002	7.09747807035584627E-002	2.17407574389703283E-002	6.71135142430012849E-002	3.93455665450640549E-002	-1	2.77679476979372300E-002	-1	OK
42.250000000000000	0.15453812303889924	8.97372573447058758E-002	6.86724083743359276E-002	2.10648489703699170E-002	6.48008656941933547E-002	3.79812761772586882E-002	-1	2.68195895169346665E-002	-1	OK
42.500000000000000	0.14945315430486189	8.68698709274609987E-002	6.64565688240819907E-002	2.04133021033790114E-002	6.25832833774009056E-002	3.66713784210474236E-002	-1	2.59119049563534820E-002	-1	OK
42.750000000000000	0.14456177853655758	8.41086464166534153E-002	6.43235563233336416E-002	1.97850900933197599E-002	6.04531321199041696E-002	3.54134065676852822E-002	-1	2.50397255522188875E-002	-1	OK
43.000000000000000	0.13985559493212252	8.14491224236838229E-002	6.22698532462865120E-002	1.91792691773972901E-002	5.84064725084386949E-002	3.42050590751824535E-002	-1	2.42014134332562414E-002	-1	OK
43.250000000000000	0.13532681046571585	7.88870653572692343E-002	6.02921128168778450E-002	1.85949525403913962E-002	5.64397451084466123E-002	3.30439813874917263E-002	-1	2.33957637209548860E-002	-1	OK
43.500000000000000	0.13096758670706754	7.64184264418058534E-002	5.83871401567191833E-002	1.80312862850866701E-002	5.45491602652616939E-002	3.19282057119847362E-002	-1	2.26209545532769576E-002	-1	OK
43.750000000000000	0.12677082278708127	7.40392949259659483E-002	5.65518814270572975E-002	1.74874134989086577E-002	5.27315278611153251E-002	3.08557121761616239E-002	-1	2.18758156849537012E-002	-1	OK
44.000000000000000	0.12272954423528178	7.17459764422680862E-002	5.47834347947689926E-002	1.69625416474990902E-002	5.09835677930136899E-002	2.98245006456427895E-002	-1	2.11590671473709004E-002	-1	OK
44.250000000000000	0.11883716786852827	6.95349660813357334E-002	5.30790366487664464E-002	1.64559294325692732E-002	4.93022017871925303E-002	2.88328324406962530E-002	-1	2.04693693464962773E-002	-1	OK
44.500000000000000	0.11508694262172832	6.74028905069555678E-002	5.14360456465799559E-002	1.59668448603756154E-002	4.76840521147727514E-002	2.78791133263767803E-002	-1	1.98049387883959711E-002	-1	OK
44.750000000000000	0.11147393620403030	6.53465336972550298E-002	4.98519443302197704E-002	1.54945893670352716E-002	4.61274025067752724E-002	2.69616333107712894E-002	-1	1.91657691960039830E-002	-1	OK
45.000000000000000	0.10799209086444736	6.33628491136670746E-002	4.83243359482928639E-002	1.50385131653742125E-002	4.46292417507802852E-002	2.60788376262577858E-002	-1	1.85504041245224995E-002	-1	OK
45.250000000000000	0.10463586697839199	6.14489280219817219E-002	4.68509301711431334E-002	1.45979978508386128E-002	4.31869389564102646E-002	2.52292346124254017E-002	-1	1.79577043439848628E-002	-1	OK
45.500000000000000	0.10140014501997688	5.96019577924117791E-002	4.54295352946878853E-002	1.41724224977239025E-002	4.17981872275650992E-002	2.44113556906856224E-002	-1	1.73868315368794768E-002	-1	OK
45.750000000000000	9.82800762699745922E-002	5.78192767295228616E-002	4.40580653053994700E-002	1.37612114241234002E-002	4.04607995404517376E-002	2.36239004553748869E-002	-1	1.68368990850768507E-002	-1	OK
46.000000000000000	9.52709842588382733E-002	5.60983545149497387E-002	4.27345293607036061E-002	1.33638251542461187E-002	3.91726297438885346E-002	2.28656155494681747E-002	-1	1.63070141944203599E-002	-1	OK
46.250000000000000	9.23682895425798900E-002	5.44367651376475303E-002	4.14570223751785857E-002	1.29797427624689359E-002	3.79315244049323666E-002	2.21352806231814338E-002	-1	1.57962437817509328E-002	-1	OK
46.500000000000000	8.95677724434966044E-002	5.28321583768148889E-002	4.02237179023003724E-002	1.26084404745145234E-002	3.67356140666817155E-002	2.14138459528374174E-002	-1	1.53217681138442981E-002	-1	OK
46.750000000000000	8.68653409152621431E-002	5.12822989922579325E-002	3.90328750801252969E-002	1.22494239121326357E-002	3.55830419230042105E-002	2.07365424016729138E-002	-1	1.48464995213312967E-002	-1	OK
47.000000000000000	8.42244185156604541E-002	4.97850790918318506E-002	3.78828358845454821E-002	1.19022432072863858E-002	3.44393394238286035E-002	2.00839132536990810E-002	-1	1.43554261701295226E-002	-1	OK
47.250000000000000	8.17073728095325386E-002	4.83384760965495167E-002	3.67720120225686828E-002	1.15664640739808425E-002	3.33688967129830219E-002	1.94548844634655216E-002	-1	1.39140122495175003E-002	-1	OK
47.500000000000000	7.92747972720854455E-002	4.69405262000095122E-002	3.56988789799127099E-002	1.12416472200968093E-002	3.23342710720759333E-002	1.88484549672993731E-002	-1	1.34858161047765601E-002	-1	OK
47.750000000000000	7.69282756645298105E-002	4.55893627022731646E-002	3.46619816043649762E-002	1.09273810979081728E-002	3.13389129622566390E-002	1.82636913707855987E-002	-1	1.30752215914710403E-002	-1	OK
48.000000000000000	7.46620027783914814E-002	4.42832091411480971E-002	3.36599305991730213E-002	1.06232785419750793E-002	3.03787936372433877E-002	1.76997496056097922E-002	-1	1.26790440316335955E-002	-1	OK
48.250000000000000	7.24729122361451317E-002	4.30203768332867095E-002	3.26913977728799446E-002	1.03289790604067615E-002	2.94525354028584221E-002	1.71557726623219158E-002	-1	1.22967627405365064E-002	-1	OK
48.500000000000000	7.03558559037947701E-002	4.17992210762573729E-002	3.17551046961270442E-002	1.00441163801303305E-002	2.85566348275374006E-002	1.66309649852842169E-002	-1	1.19256698422531837E-002	-1	OK
48.750000000000000	6.83107187453994569E-002	4.06181601035837808E-002	3.08498280281137224E-002	9.76833207547005665E-003	2.76925586418156691E-002	1.61245701265297983E-002	-1	1.15679885152858708E-002	-1	OK
49.000000000000000	6.63357924843619440E-002	3.94757066776475624E-002	2.99744027035958836E-002	9.50130397405169087E-003	2.68600858067143747E-002	1.56358751295569941E-002	-1	1.12242106771573806E-002	-1	OK
49.250000000000000	6.44268103782512092E-002	3.83704262315460107E-002	2.91277099531712484E-002	9.24271627837477266E-003	2.60563841467052019E-002	1.51642435957790069E-002	-1	1.08921405509261951E-002	-1	OK
49.500000000000000	6.25812670437003032E-002	3.73009400327255006E-002	2.83086772863867867E-002	8.99226274633871565E-003	2.52803270109748027E-002	1.47089534792230591E-002	-1	1.05713735317517436E-002	-1	OK
49.750000000000000	6.07968335236774016E-002	3.62659318802181080E-002	2.75162788864115569E-002	8.74965299380656494E-003	2.45309016434592971E-002	1.42693510851800744E-002	-1	1.02615505582792227E-002	-1	OK
50.000000000000000	5.90712122236396950E-002	3.52641494256105970E-002	2.67495332411195955E-002	8.51461618449099802E-003	2.38070627980290980E-002	1.38448310290514402E-002	-1	9.96223176897765780E-003	-1	OK
50.250000000000000	5.74021550359110067E-002	3.42943813535122391E-002	2.60074960993934567E-002	8.28688525411878409E-003	2.31077736823987676E-002	1.34348027976955841E-002	-1	9.67297088470318346E-003	-1	OK
50.500000000000000	5.57875150576490342E-002	3.33554618371789610E-002	2.52892616730973525E-002	8.06620016408159286E-003	2.24320532204700697E-002	1.30387121689849173E-002	-1	9.39334105148515244E-003	-1	OK
50.750000000000000	5.42253569077213726E-002	3.24462681666505270E-002	2.45939609558785861E-002	7.85230721077194438E-003	2.17790887410708456E-002	1.26560251909971014E-002	-1	9.12306355007374420E-003	-1	OK
51.000000000000000	5.27137619335469668E-002	3.15657328762039280E-002	2.39207626098877253E-002	7.64497026631619659E-003	2.11480290573430388E-002	1.22862251252967829E-002	-1	8.86180393204625584E-003	-1	OK
51.250000000000000	5.12508816629464875E-002	3.07128313216810146E-002	2.32688694243869641E-002	7.44396189729404443E-003	2.05380503412654694E-002	1.19288251534460550E-002	-1	8.60922518781941440E-003	-1	OK
51.500000000000000	4.98349131850002597E-002	2.98865869570032749E-002	2.26375173776221482E-002	7.24906957938112328E-003	1.99483262279969847E-002	1.15833271198648047E-002	-1	8.36499910813217999E-003	-1	OK
51.750000000000000	4.84641127107092451E-002	2.90860581077269781E-002	2.20259714955868754E-002	7.06008661214010524E-003	1.93780546029822635E-002	1.12492996080775509E-002	-1	8.12875499490471262E-003	-1	OK
52.000000000000000	4.71368344298648059E-002	2.83103271253209408E-002	2.14335238473701735E-002	6.87680327795077342E-003	1.88265073045438651E-002	1.09263209899293830E-002	-1	7.90018631461448205E-003	-1	OK
52.250000000000000	4.58515247229849543E-002	2.75585222411369526E-002	2.08594968648126711E-002	6.69902537632428245E-003	1.82930024818480051E-002	1.06139866124489914E-002	-1	7.67901586939901369E-003	-1	OK
52.500000000000000	4.46066841705053813E-002	2.68298067952881664E-002	2.03032397774328618E-002	6.52656701785530279E-003	1.77768773752172149E-002	1.03118941618376373E-002	-1	7.46498321337957758E-003	-1	OK
52.750000000000000	4.34008590685263651E-002	2.61233722554548957E-002	1.97641267393531793E-002	6.35924551610172768E-003	1.72774868130714659E-002	1.00196623679626139E-002	-1	7.25782444510885208E-003	-1	OK
53.000000000000000	4.22326627273851563E-002	2.54384443013505948E-002	1.92415569834889326E-002	6.19688731786166482E-003	1.67942184260345614E-002	9.73699655571494405E-003	-1	7.05722187031961740E-003	-1	OK
53.250000000000000	4.11007546325393575E-002	2.47742739815949957E-002	1.87349526828330254E-002	6.03932129876197550E-003	1.63264806509443652E-002	9.46350548776899066E-003	-1	6.86297516317537458E-003	-1	OK
53.500000000000000	4.00029262386867243E-002	2.41301462638645707E-002	1.82437597731520858E-002	5.88638649071247539E-003	1.58727799748221536E-002	9.19881207242501456E-003	-1	6.67396790239713905E-003	-1	OK
53.750000000000000	3.89397427350780118E-002	2.35053755576635423E-002	1.77674453734155691E-002	5.73793018424796283E-003	1.54343671774144729E-002	8.94261206972933251E-003	-1	6.49175510768514041E-003	-1	OK
54.000000000000000	3.79098264226076509E-002	2.28992964927638640E-002	1.73054963936983934E-002	5.59380009906546797E-003	1.50105299298437904E-002	8.69459466332553679E-003	-1	6.31593526651825360E-003	-1	OK
54.250000000000000	3.69098521002292554E-002	2.23112711164807007E-002	1.68574204714485830E-002	5.45385064503211506E-003	1.45985809837485530E-002	8.45446728907346158E-003	-1	6.14411369467509141E-003	-1	OK
54.500000000000000	3.59411294458372582E-002	2.17406912752101805E-002	1.64227452788917108E-002	5.31794599631847057E-003	1.42004381706270760E-002	8.22194401235561839E-003	-1	5.97849415827145757E-003	-1	OK
54.750000000000000	3.50017456988733280E-002	2.11869752838052192E-002	1.60010166671848558E-002	5.18595861662036160E-003	1.38147704150681089E-002	7.99675211512849635E-003	-1	5.81801829993961253E-003	-1	OK
55.000000000000000	3.40906742521332740E-002	2.06495555216114623E-002	1.55917961876131869E-002	5.05775933399827109E-003	1.34411187305218081E-002	7.77861700134761976E-003	-1	5.66250172917418838E-003	-1	OK
55.250000000000000	3.32069782016121903E-002	2.01278850293747751E-002	1.51946617969760094E-002	4.93322323239875869E-003	1.30790931722374135E-002	7.56730123882741468E-003	-1	5.51179193340999886E-003	-1	OK
55.500000000000000	3.23497165485180371E-002	1.96214339908128282E-002	1.48092067321744479E-002	4.81222725863838467E-003	1.27282825577052124E-002	7.36256118533865078E-003	-1	5.36572137236656158E-003	-1	OK
55.750000000000000	3.15179685054803593E-002	1.91296968877401469E-002	1.44350407295910487E-002	4.69465615814910163E-003	1.23882716177402125E-002	7.16416966656452901E-003	-1	5.22410195117568345E-003	-1	OK
56.000000000000000	3.07108791355124103E-002	1.86521904729207294E-002	1.40717888738425088E-002	4.58040159907821976E-003	1.20586886625916826E-002	6.97190507772541164E-003	-1	5.08678358486627097E-003	-1	OK
56.250000000000000	2.99267698953025810E-002	1.81884477504250970E-002	1.37190899143236570E-002	4.46935783610143220E-003	1.17383221448774840E-002	6.78555411060300078E-003	-1	4.95276803427448318E-003	-1	OK
56.500000000000000	2.91665352771929495E-002	1.77380165220702504E-002	1.33765952866846637E-002	4.36142123538559110E-003	1.14285187551226991E-002	6.60491153704005889E-003	-1	4.82360721808264021E-003	-1	OK
56.750000000000000	2.84285578377600594E-002	1.73004616725761229E-002	1.30439695279879787E-002	4.25649214458814935E-003	1.11280961651839365E-002	6.42977999840372953E-003	-1	4.69831616678020696E-003	-1	OK
57.000000000000000	2.77121009865916729E-002	1.68753677208086025E-002	1.27208905925860118E-002	4.15447712822259070E-003	1.08367332657830686E-002	6.25996955957011571E-003	-1	4.57676370621295289E-003	-1	OK
57.250000000000000	2.70164523189829614E-002	1.64623324236586946E-002	1.24070477158740033E-002	4.05528470778468864E-003	1.05541198953242668E-002	6.09529777438039874E-003	-1	4.45882212094386807E-003	-1	OK
57.500000000000000	2.63419299898207601E-002	1.60609701459878719E-002	1.21021413569301194E-002	3.95882878905775074E-003	1.02809598438328900E-002	5.93558915358048059E-003	-1	4.34537069025240936E-003	-1	OK
57.750000000000000	2.56858352605939116E-002	1.56709013980006057E-002	1.18058814796661755E-002	3.86501991833443402E-003	1.00149338625933077E-002	5.78067743703478219E-003	-1	4.23425642555852553E-003	-1	OK
58.000000000000000	2.50485617550366274E-002	1.52917658695175211E-002	1.15179901282413451E-002	3.77377574127617894E-003	9.75679588551910809E-003	5.63039287629755938E-003	-1	4.12640300922154871E-003	-1	OK
58.250000000000000	2.44295054382862795E-002	1.49232181376475880E-002	1.12381993179450686E-002	3.68501881970251591E-003	9.50628730063869144E-003	5.48455686488269478E-003	-1	4.02173043575599666E-003	-1	OK
58.500000000000000	2.38280729163280088E-002	1.45649204240272008E-002	1.09662495943949802E-002	3.59867082963221709E-003	9.26315249230080795E-003	5.34304746724501099E-003	-1	3.92010502505579696E-003	-1	OK
58.750000000000000	2.32430088830454309E-002	1.42165451444222109E-002	1.07018907262561407E-002	3.51465441816606718E-003	9.02646373862321834E-003	5.20572450752918546E-003	-1	3.82073923109403288E-003	-1	OK
59.000000000000000	2.26751416119844798E-002	1.38777795994538683E-002	1.04448825620195532E-002	3.43289703743431202E-003	8.79736201253060977E-003	5.07244422140128159E-003	-1	3.72491779112932818E-003	-1	OK
59.250000000000000	2.21232483507242325E-002	1.35483300060479841E-002	1.01949949059721833E-002	3.35333510007580294E-003	8.57491834467624843E-003	4.94306972042507769E-003	-1	3.63184862425117074E-003	-1	OK
59.500000000000000	2.15868199337572834E-002	1.32279059883651812E-002	9.95200388089527606E-003	3.27590210746990171E-003	8.35891394539210221E-003	4.81743669701094075E-003	-1	3.54147724838116146E-003	-1	OK
59.750000000000000	2.10653705562574775E-002	1.29162277386690623E-002	9.71569359914620408E-003	3.20053413952285735E-003	8.14914281758841695E-003	4.69544352387836310E-003	-1	3.45369929371005385E-003	-1	OK
60.000000000000000	2.05584306959149532E-002	1.26130254571073970E-002	9.48585566041046206E-003	3.12716979669693798E-003	7.94540523880755620E-003	4.57697137348613177E-003	-1	3.36843386532142443E-003	-1	OK
60.250000000000000	2.00655389876636392E-002	1.23180346428622273E-002	9.26228810111302987E-003	3.05574654174919609E-003	7.74750434480141106E-003	4.46193865687161736E-003	-1	3.28556568792979370E-003	-1	OK
60.500000000000000	1.95862519461650862E-002	1.20310012535260920E-002	9.04479636442570394E-003	2.98620488910039238E-003	7.55525069263899510E-003	4.35023490501763518E-003	-1	3.20501578762135992E-003	-1	OK
60.750000000000000	1.91201397407822146E-002	1.17516798645845785E-002	8.83319276788898863E-003	2.91848709669558816E-003	7.36845987619763609E-003	4.24173253348215755E-003	-1	3.12672734271547854E-003	-1	OK
61.000000000000000	1.86667959404655907E-002	1.14798368973042398E-002	8.62729706123245219E-003	2.85253983607178544E-003	7.18695904316135181E-003	4.13632934165684626E-003	-1	3.05062970150450554E-003	-1	OK
61.250000000000000	1.82258177793902451E-002	1.12152472193344302E-002	8.42693492156887901E-003	2.78831229776554989E-003	7.01057056005581578E-003	4.03393058772118923E-003	-1	2.97663997233462655E-003	-1	OK
61.500000000000000	1.77962620405570197E-002	1.09576920606817632E-002	8.23193776837013134E-003	2.72575429231163143E-003	6.83856997987525566E-003	3.93443282282048955E-003	-1	2.90413715705476611E-003	-1	OK
61.750000000000000	1.73786388238916095E-002	1.07069589897233856E-002	8.04214251877832104E-003	2.66481647094506417E-003	6.67167983416822302E-003	3.83771191105649690E-003	-1	2.83396792311172612E-003	-1	OK
62.000000000000000	1.69725744702967085E-002	1.04628433873601712E-002	7.85739180731601441E-003	2.60545158004415849E-003	6.50973108293653735E-003	3.74371989566921496E-003	-1	2.76601118726732239E-003	-1	OK
62.250000000000000	1.65780653776215724E-002	1.02251484579859893E-002	7.67753370078491908E-003	2.54761475720107150E-003	6.35291691963558221E-003	3.65236213160239796E-003	-1	2.70055478803318426E-003	-1	OK
62.500000000000000	1.61935040278414870E-002	9.99368122905090576E-003	7.50242063997241370E-003	2.49126058907849206E-003	6.19982279879058122E-003	3.56355807473851495E-003	-1	2.63626472405206628E-003	-1	OK
62.750000000000000	1.58192123655760859E-002	9.76825356749051223E-003	7.33190987504980969E-003	2.43634369244069993E-003	6.05095879808557283E-003	3.47722465277090125E-003	-1	2.57373414531467158E-003	-1	OK
63.000000000000000	1.54543523931069786E-002	9.54868639858823254E-003	7.16586421715098305E-003	2.38282218143724819E-003	5.90566599451874518E-003	3.39328419703420611E-003	-1	2.51238179748453907E-003	-1	OK
63.250000000000000	1.50994348011372209E-002	9.33480728823234823E-003	7.00415112150779874E-003	2.33065616672454949E-003	5.76462751290487355E-003	3.31166189341325400E-003	-1	2.45296561949161955E-003	-1	OK
63.500000000000000	1.47541350289913682E-002	9.12644976104240446E-003	6.84664244350169891E-003	2.27980731754070338E-003	5.62768526794896369E-003	3.23228561787368288E-003	-1	2.39539965007528081E-003	-1	OK
63.750000000000000	1.44179173179644210E-002	8.92345220465809962E-003	6.69321413335774006E-003	2.23023807130035652E-003	5.49446511330632138E-003	3.15508567615670503E-003	-1	2.33937943714961636E-003	-1	OK
64.000000000000000	1.40905105175472695E-002	8.72565703082798551E-003	6.54374600788949247E-003	2.18191102293849217E-003	5.36485348671928309E-003	3.07999482826471242E-003	-1	2.28485865845457067E-003	-1	OK
64.250000000000000	1.37716544285807589E-002	8.53291360757200447E-003	6.39812233708856974E-003	2.13479127048343516E-003	5.23874082100875358E-003	3.00694674345822026E-003	-1	2.23179407755053332E-003	-1	OK
64.500000000000000	1.34610890478159967E-002	8.34507532731849737E-003	6.25623084550746590E-003	2.08884448181103537E-003	5.11601372049749932E-003	2.93587919459641685E-003	-1	2.18013452590108247E-003	-1	OK
64.750000000000000	1.31585836677913445E-002	8.16200064829256978E-003	6.11796301599433316E-003	2.04403763229823966E-003	4.99658301949877388E-003	2.86673332723539351E-003	-1	2.12984969226338037E-003	-1	OK
65.000000000000000	1.28638994743794817E-002	7.98355224652791233E-003	5.98321369627829308E-003	2.00033855024961882E-003	4.88034722785157023E-003	2.79945545179547187E-003	-1	2.08089177605609837E-003	-1	OK
65.250000000000000	1.25768036169769601E-002	7.80959581946563588E-003	5.85188102609599577E-003	1.95771479336964184E-003	4.76720779751132334E-003	2.73398321747168839E-003	-1	2.03322458003963496E-003	-1	OK
65.500000000000000	1.22970741846843493E-002	7.64000417750785536E-003	5.72386706160895459E-003	1.91613711589889903E-003	4.65707000717649391E-003	2.67024958329453244E-003	-1	1.98682042388196147E-003	-1	OK
65.750000000000000	1.20244960640023858E-002	7.47465233259358465E-003	5.59907647579063143E-003	1.87557585680295301E-003	4.54984373140880031E-003	2.60821349885763821E-003	-1	1.94163023255116210E-003	-1	OK
66.000000000000000	1.17588611714842667E-002	7.31341912017937495E-003	5.47741702219167910E-003	1.83600209798769477E-003	4.44544205130489260E-003	2.54782518914002318E-003	-1	1.89761686216486942E-003	-1	OK
66.250000000000000	1.14999730118273795E-002	7.15618893413110663E-003	5.35879991977733592E-003	1.79738901435377266E-003	4.34378407769627373E-003	2.48903534929728566E-003	-1	1.85474872839898807E-003	-1	OK
66.500000000000000	1.12476400445071876E-002	7.00284940936615231E-003	5.24313901063381584E-003	1.75971039873233821E-003	4.24479063514103527E-003	2.43179622318422063E-003	-1	1.81299441195681465E-003	-1	OK
66.750000000000000	1.10016910051784420E-002	6.85329180910180039E-003	5.13035090343811825E-003	1.72294090566368126E-003	4.14839919607664157E-003	2.37606171179546551E-003	-1	1.77233748428117606E-003	-1	OK
67.000000000000000	1.07613570176712248E-002	6.70741062360327711E-003	5.02035476698980184E-003	1.68705585661347896E-003	4.05394639406794679E-003	2.32178722308658877E-003	-1	1.73215917098135802E-003	-1	OK
67.250000000000000	1.05276109627143837E-002	6.56510308013983062E-003	4.91307226091928454E-003	1.65203081922054695E-003	3.96250788257455216E-003	2.26892968162929667E-003	-1	1.69357820094525550E-003	-1	OK
67.500000000000000	1.02997046286574471E-002	6.42627099564587086E-003	4.80842783336518382E-003	1.61784316228068856E-003	3.87343363301157623E-003	2.21745025549751349E-003	-1	1.65598337751406274E-003	-1	OK
67.750000000000000	1.00768656390716575E-002	6.29081885964766045E-003	4.70634800898448238E-003	1.58447085066317742E-003	3.78604677942399794E-003	2.16731158902764296E-003	-1	1.61873519039635498E-003	-1	OK
68.000000000000000	9.86107685661953039E-003	6.15865250910977574E-003	4.60676122642066869E-003	1.55189128268910900E-003	3.70242434750975508E-003	2.11846832945717864E-003	-1	1.58395601805257644E-003	-1	OK
68.250000000000000	9.64970726526428145E-003	6.02968089827869789E-003	4.50959827921112652E-003	1.52008261906757093E-003	3.62002636698558356E-003	2.07088284171067167E-003	-1	1.54914352527491190E-003	-1	OK
68.500000000000000	9.44354275004675656E-003	5.90381548169174701E-003	4.41479216520043391E-003	1.48902331649131180E-003	3.53972726835500911E-003	2.02451856946722413E-003	-1	1.51520869888778498E-003	-1	OK
68.750000000000000	9.24344142226819418E-003	5.78097142381892200E-003	4.32227822279875485E-003	1.45869320102016650E-003	3.46246999844927218E-003	1.97934022683571645E-003	-1	1.48312977161355573E-003	-1	OK
69.000000000000000	9.04723553566475804E-003	5.66106803782363919E-003	4.23199403849484727E-003	1.42907399932879170E-003	3.38616749784111928E-003	1.93531385914422465E-003	-1	1.45085363869689463E-003	-1	OK
69.250000000000000	8.85581401122206499E-003	5.54402593932048528E-003	4.14387876417448685E-003	1.40014717514599972E-003	3.31178807190158058E-003	1.89240637320971846E-003	-1	1.41938169869186212E-003	-1	OK
69.500000000000000	8.66904068121096376E-003	5.42976786383101307E-003	4.05787342267498706E-003	1.37189444115602558E-003	3.23927281737995025E-003	1.85058627171832296E-003	-1	1.38868654566162730E-003	-1	OK
69.750000000000000	8.48680475199788120E-003	5.31821974719741582E-003	3.97392095748514036E-003	1.34429878971227654E-003	3.16858500480046539E-003	1.80982326655602130E-003	-1	1.35876173824444409E-003	-1	OK
70.000000000000000	8.30896994040403528E-003	5.20930835345373693E-003	3.89196561757174922E-003	1.31734273588198945E-003	3.09966158695029878E-003	1.77008565786201922E-003	-1	1.32957592908827956E-003	-1	OK
70.250000000000000	8.13452211823393473E-003	5.10296215036342739E-003	3.81195328446834025E-003	1.29100886589508801E-003	3.03155996787050777E-003	1.73134436511075251E-003	-1	1.30021560275975527E-003	-1	OK
70.500000000000000	7.96514944507429982E-003	4.99911177261966669E-003	3.73383158538672776E-003	1.26528018723294044E-003	2.96603767245463270E-003	1.69356590673743661E-003	-1	1.27247176571719609E-003	-1	OK
70.750000000000000	7.79982736552378535E-003	4.89769092365671503E-003	3.65754996322351306E-003	1.24014096043320262E-003	2.90213644186706988E-003	1.65672510683009854E-003	-1	1.24541133503697134E-003	-1	OK
71.000000000000000	7.63844601835473973E-003	4.79863631049550626E-003	3.58305953719813058E-003	1.21557677329737590E-003	2.83980970785923303E-003	1.62079922510957467E-003	-1	1.21901048274965836E-003	-1	OK
71.250000000000000	7.47906944702505030E-003	4.70188535256635832E-003	3.51031259144262689E-003	1.19157276112373230E-003	2.77718409445869199E-003	1.58576343227338681E-003	-1	1.19142066218530518E-003	-1	OK
71.500000000000000	7.32529074593413210E-003	4.60737617725895995E-003	3.43926261531319038E-003	1.16811356194576848E-003	2.71791456867517215E-003	1.55159353821448013E-003	-1	1.16632103046069202E-003	-1	OK
71.750000000000000	7.17512462667263973E-003	4.51504957400995430E-003	3.36986473841844854E-003	1.14518483559150380E-003	2.66007505266268544E-003	1.51826306074728302E-003	-1	1.14181199191540242E-003	-1	OK
72.000000000000000	7.02848793255597855E-003	4.42484913300737921E-003	3.30207565753953000E-003	1.12277347546784921E-003	2.60363879954859890E-003	1.48574852516773900E-003	-1	1.11789027438085990E-003	-1	OK
72.250000000000000	6.88528818944387361E-003	4.33671904268560955E-003	3.23585312268509159E-003	1.10086592000051818E-003	2.54856914675826406E-003	1.45402800114883472E-003	-1	1.09454114560942934E-003	-1	OK
72.500000000000000	6.74544051918890379E-003	4.25060720111914998E-003	3.17115653809754445E-003	1.07945066302160596E-003	2.49483331806975425E-003	1.42308133353911547E-003	-1	1.07175198453063878E-003	-1	OK
72.750000000000000	6.60885366251511529E-003	4.16646128283001699E-003	3.10794600509041322E-003	1.05851527773960378E-003	2.44239237968509786E-003	1.39288658229075931E-003	-1	1.04950579739433855E-003	-1	OK
73.000000000000000	6.47542895355541527E-003	4.08422976418545535E-003	3.04618267029130004E-003	1.03804709389415445E-003	2.39119918936995992E-003	1.36342285137003674E-003	-1	1.02777633799992318E-003	-1	OK
73.250000000000000	6.34511140818824586E-003	4.00386321928326502E-003	2.98582897263688233E-003	1.01803424664638335E-003	2.34124818890498083E-003	1.33467330048940634E-003	-1	1.00657488841557449E-003	-1	OK
73.500000000000000	6.21780331030054659E-003	3.92531332142947130E-003	2.92684837258855779E-003	9.98464948840912430E-004	2.29248998887107529E-003	1.30661408228622904E-003	-1	9.85875906584846246E-004	-1	OK
73.750000000000000	6.09210326355244698E-003	3.84853338710775374E-003	2.86920544480855728E-003	9.79327942299196025E-004	2.24356987644469368E-003	1.27922619792236779E-003	-1	9.64343678522325883E-004	-1	OK
74.000000000000000	5.97060594306424511E-003	3.77347858830235239E-003	2.81286588906223128E-003	9.60612699240120569E-004	2.19712735476189271E-003	1.25249583239236528E-003	-1	9.44631522369527438E-004	-1	OK
74.250000000000000	5.85187524373726765E-003	3.70010471702292851E-003	2.75779624784359143E-003	9.42308469179337083E-004	2.15177052671433958E-003	1.22640243163367403E-003	-1	9.25368095080665544E-004	-1	OK
74.500000000000000	5.73584781174601641E-003	3.62836862778586136E-003	2.70396402665056294E-003	9.24404601135299072E-004	2.10747918396015461E-003	1.20092894563715168E-003	-1	9.06550238323002933E-004	-1	OK
74.750000000000000	5.62092871577930461E-003	3.55822948316547594E-003	2.65133790462964087E-003	9.06891578535834095E-004	2.06269923261382868E-003	1.17606079907001289E-003	-1	8.86638433543815788E-004	-1	OK
75.000000000000000	5.51014265747115650E-003	3.48964704641933389E-003	2.59988728960542812E-003	8.89759756813906524E-004	2.02049561105182218E-003	1.15177981545745559E-003	-1	8.68715795594366584E-004	-1	OK
75.250000000000000	5.40186003037217664E-003	3.42258192620753521E-003	2.54958241776805962E-003	8.72999508439474287E-004	1.97927810416464144E-003	1.12807039677488129E-003	-1	8.51207707389760142E-004	-1	OK
75.500000000000000	5.29601736350953419E-003	3.35699668906807528E-003	2.50039450854222176E-003	8.56602180525852549E-004	1.93902067444145913E-003	1.10491738583711504E-003	-1	8.34103288604344083E-004	-1	OK
75.750000000000000	5.19255133252950751E-003	3.29285421625989064E-003	2.45229541839740457E-003	8.40558797862486187E-004	1.89969711626961643E-003	1.08230606474351491E-003	-1	8.17391051526101522E-004	-1	OK
76.000000000000000	5.09140155138809811E-003	3.23011823711151416E-003	2.40525778611168665E-003	8.24860450999826962E-004	1.86128331427658418E-003	1.06022216891464810E-003	-1	8.01061145361936077E-004	-1	OK
76.250000000000000	4.99251071033453633E-003	3.16875382226378469E-003	2.35925510613092674E-003	8.09498716132858059E-004	1.82375688807075165E-003	1.03865186923944716E-003	-1	7.85105018831304489E-004	-1	OK
76.500000000000000	4.89578556793492971E-003	3.10872704172697901E-003	2.31426160344846196E-003	7.94465438278517161E-004	1.78705852620795092E-003	1.01758174842698492E-003	-1	7.69476777780965992E-004	-1	OK
76.750000000000000	4.80125306982622652E-003	3.05000452209191380E-003	2.27025212353030095E-003	7.79752398561613168E-004	1.75124854773431315E-003	9.96998772210796851E-004	-1	7.54249775523516304E-004	-1	OK
77.000000000000000	4.70881174534438889E-003	2.99255425110092057E-003	2.22720234597925844E-003	7.65351905121662134E-004	1.71625749424346853E-003	9.76890296103887076E-004	-1	7.39367198139581454E-004	-1	OK
77.250000000000000	4.61840898593275564E-003	2.93634498139614883E-003	2.18508856802173551E-003	7.51256413374413535E-004	1.68206400453660703E-003	9.57244014784643777E-004	-1	7.24819989751963249E-004	-1	OK
77.500000000000000	4.52999566081414926E-003	2.88134617572770270E-003	2.14388777424717042E-003	7.37458401480532927E-004	1.64864948508644635E-003	9.38047971945296178E-004	-1	7.10601513141150172E-004	-1	OK
77.750000000000000	4.44352126480832953E-003	2.82752906029675377E-003	2.10357772289028206E-003	7.23951337406471816E-004	1.61599220451157577E-003	9.19290702173927417E-004	-1	6.96701502337648349E-004	-1	OK
78.000000000000000	4.35894044188236789E-003	2.77486464270055916E-003	2.06413655638856743E-003	7.10728086311991506E-004	1.58407579918180873E-003	9.00960850554918618E-004	-1	6.83114948626890113E-004	-1	OK
78.250000000000000	4.27620360479138290E-003	2.72332464875899320E-003	2.02554302479023961E-003	6.97781623968754235E-004	1.55287895603238948E-003	8.83046783613479404E-004	-1	6.69832172418910075E-004	-1	OK
78.500000000000000	4.19523582629270642E-003	2.67288215331293929E-003	1.98777660304358221E-003	6.85105550269356862E-004	1.52235367297976713E-003	8.65536956007827130E-004	-1	6.56816716971939996E-004	-1	OK
78.750000000000000	4.11605329825514774E-003	2.62351071770737607E-003	1.95081726408188232E-003	6.72693453625493646E-004	1.49254258054777210E-003	8.48422219954803655E-004	-1	6.44120360592968441E-004	-1	OK
79.000000000000000	4.03857253070356165E-003	2.57518485491092276E-003	1.91464553551296966E-003	6.60539319397953099E-004	1.46338767579263910E-003	8.31692958191112587E-004	-1	6.31694717601526514E-004	-1	OK
79.250000000000000	3.96277384498784288E-003	2.52787972096118552E-003	1.87924246694499085E-003	6.48637254016194557E-004	1.43489412402665693E-003	8.15339410356898196E-004	-1	6.19554713669758731E-004	-1	OK
79.500000000000000	3.88860388799671178E-003	2.48157069735614570E-003	1.84458952138488296E-003	6.36981175971262957E-004	1.40703319064056586E-003	7.99352036795543093E-004	-1	6.07681153845022765E-004	-1	OK
79.750000000000000	3.81601989040156707E-003	2.43623363606762814E-003	1.81066865914944952E-003	6.25564976918179384E-004	1.37978625433393871E-003	7.83721203821644051E-004	-1	5.96065050512294657E-004	-1	OK
80.000000000000000	3.74498341335548820E-003	2.39184580490251712E-003	1.77746248858923488E-003	6.14383316313281587E-004	1.35313760845297087E-003	7.68438497710051643E-004	-1	5.84699110742919223E-004	-1	OK
80.250000000000000	3.67531032471298501E-003	2.34838488173777027E-003	1.74495401201560005E-003	6.03430869722170436E-004	1.32692544297521495E-003	7.53495117570812971E-004	-1	5.73430325404401982E-004	-1	OK
80.500000000000000	3.60726710526639060E-003	2.30582896173516091E-003	1.71312663613022308E-003	5.92702325604937833E-004	1.30143814353122968E-003	7.38882683056367819E-004	-1	5.62555460474861864E-004	-1	OK
80.750000000000000	3.54066579411849592E-003	2.26415656462989386E-003	1.68196420865577602E-003	5.82192355974117627E-004	1.27650922948860184E-003	7.24593120638600935E-004	-1	5.51916108850000905E-004	-1	OK
81.000000000000000	3.47547154649537103E-003	2.22334736080523083E-003	1.65145110384672935E-003	5.71896256958502017E-004	1.25212418569014021E-003	7.10618147797560749E-004	-1	5.41506037892579457E-004	-1	OK
81.250000000000000	3.41165116515968272E-003	2.18338086277203433E-003	1.62157198023308246E-003	5.61808882538951978E-004	1.22827030238764840E-003	6.96949983716509602E-004	-1	5.31320318671138795E-004	-1	OK
81.500000000000000	3.34917252105654826E-003	2.14423740045092265E-003	1.59231194433686381E-003	5.51925456114058291E-004	1.20493512060562561E-003	6.83581234674184761E-004	-1	5.21353885931440846E-004	-1	OK
81.750000000000000	3.28912119978933687E-003	2.10589780533427260E-003	1.56365650548662377E-003	5.42241299847648827E-004	1.18322339445506406E-003	6.70506283506098230E-004	-1	5.12717110948965825E-004	-1	OK
82.000000000000000	3.22919694986590787E-003	2.06834350704505638E-003	1.53559155697067682E-003	5.32751950074379340E-004	1.16085344282085149E-003	6.57716337295949339E-004	-1	5.03137105524902148E-004	-1	OK
82.250000000000000	3.17052112011781580E-003	2.03155613566196941E-003	1.50810332969897255E-003	5.23452805962997285E-004	1.13896498445584617E-003	6.45204158233533180E-004	-1	4.93760826222312994E-004	-1	OK
82.500000000000000	3.11306531527338285E-003	1.99551843584773805E-003	1.48117854686453075E-003	5.14339888983206760E-004	1.11754687942564501E-003	6.32962850495723045E-004	-1	4.84584028929921969E-004	-1	OK
82.750000000000000	3.05665618898307359E-003	1.96021344686464396E-003	1.45480420103985932E-003	5.05409245824785182E-004	1.09644274211842985E-003	6.20985816505871275E-004	-1	4.75456925612558574E-004	-1	OK
83.000000000000000	3.00155838170133339E-003	1.92562426716317669E-003	1.42896753296939904E-003	4.96656734193777006E-004	1.07593411453815692E-003	6.09266652184827970E-004	-1	4.66667462353328945E-004	-1	OK
83.250000000000000	2.94759776068187051E-003	1.89173426953435659E-003	1.40365608124470159E-003	4.88078188289654401E-004	1.05586349114751414E-003	5.97798905640011522E-004	-1	4.58064585507502614E-004	-1	OK
83.500000000000000	2.89474775405975694E-003	1.85852726008453053E-003	1.37885772340835106E-003	4.79669536676178979E-004	1.03622049397522641E-003	5.86576177588086600E-004	-1	4.49644316387139815E-004	-1	OK
83.750000000000000	2.84298212494278786E-003	1.82598758126950806E-003	1.35456067064656680E-003	4.71426910622941631E-004	1.01699454367327959E-003	5.75593125872159161E-004	-1	4.41401417801120426E-004	-1	OK
84.000000000000000	2.79227437924860818E-003	1.79410009989778695E-003	1.33075348352478711E-003	4.63346616372999629E-004	9.98174279350821231E-004	5.64843967546748869E-004	-1	4.33330311804072362E-004	-1	OK
84.250000000000000	2.74269161347518060E-003	1.76285004201913800E-003	1.30742498197756671E-003	4.55425060041570753E-004	9.79841571456042601E-004	5.54323131543870968E-004	-1	4.25518439912171633E-004	-1	OK
84.500000000000000	2.69402127935558641E-003	1.73222277319259790E-003	1.28456423340027868E-003	4.47658539792319325E-004	9.61798506162988513E-004	5.44025157924206220E-004	-1	4.17773348238782293E-004	-1	OK
84.750000000000000	2.64621327114833611E-003	1.70220421917598348E-003	1.26216063984464430E-003	4.40043579331339399E-004	9.44009051972352848E-004	5.33944687399759465E-004	-1	4.10064364572593383E-004	-1	OK
85.000000000000000	2.59949702579728237E-003	1.67278076014820893E-003	1.24020388986575449E-003	4.32576870282454879E-004	9.26716265649073332E-004	5.24076680839546038E-004	-1	4.02639584809527293E-004	-1	OK
85.250000000000000	2.55372324597293249E-003	1.64393903523921570E-003	1.21868393170153030E-003	4.25255103537686054E-004	9.09784210733716897E-004	5.14416772355476954E-004	-1	3.95367438378239943E-004	-1	OK
85.500000000000000	2.50887071715065208E-003	1.61566612764957578E-003	1.19759097554176597E-003	4.18075152107810028E-004	8.93204589501076407E-004	5.04959393794479367E-004	-1	3.88245195706597040E-004	-1	OK
85.750000000000000	2.46491879526992497E-003	1.58794949833850106E-003	1.17691548293412775E-003	4.11034015404373207E-004	8.76969296931423906E-004	4.95699672929895562E-004	-1	3.81269624001528344E-004	-1	OK
86.000000000000000	2.42184767765005193E-003	1.56077694013110257E-003	1.15664815673404732E-003	4.04128783397055360E-004	8.61070737518949579E-004	4.86632959810998826E-004	-1	3.74437777707950753E-004	-1	OK
86.250000000000000	2.37963702940985431E-003	1.53413637752569383E-003	1.13677987369142051E-003	3.97356503834273369E-004	8.45500651884160698E-004	4.77754729576775506E-004	-1	3.67745922307385193E-004	-1	OK
86.500000000000000	2.33826712661672903E-003	1.50801596411203557E-003	1.11730174888385360E-003	3.90714215228182241E-004	8.30251162504693245E-004	4.69060613519007013E-004	-1	3.61190548985686232E-004	-1	OK
86.750000000000000	2.29771904221546131E-003	1.48240430175221446E-003	1.09820513180548633E-003	3.84199169946728022E-004	8.15314740463246633E-004	4.60546323008967546E-004	-1	3.54768417454279087E-004	-1	OK
87.000000000000000	2.25797376217831344E-003	1.45729008909214509E-003	1.07948155274086520E-003	3.77808536351279889E-004	8.00683673086168132E-004	4.52207685635050947E-004	-1	3.48475987451117184E-004	-1	OK
87.250000000000000	2.21901304556233313E-003	1.43266230901286360E-003	1.06112274093617359E-003	3.71539568076690067E-004	7.86350736549469315E-004	4.44040631915185418E-004	-1	3.42310104634283897E-004	-1	OK
87.500000000000000	2.18081732634481038E-003	1.40851014940729987E-003	1.04312062748000071E-003	3.65389521927298616E-004	7.72307176937510396E-004	4.36041206229624816E-004	-1	3.36265970707885580E-004	-1	OK
87.750000000000000	2.14337437502242628E-003	1.38482314220852261E-003	1.02546737270151024E-003	3.59355769507012693E-004	7.58551232813903893E-004	4.28205531797574263E-004	-1	3.30345701016329630E-004	-1	OK
88.000000000000000	2.10666524285135163E-003	1.36159112388131091E-003	1.00815534606833691E-003	3.53435777812974110E-004	7.45074118970040717E-004	4.20529594745996319E-004	-1	3.24544524224044397E-004	-1	OK
88.250000000000000	2.07067372881982901E-003	1.33880433941959212E-003	9.91177141747480277E-004	3.47627197672111682E-004	7.31869389400236782E-004	4.13009888814485325E-004	-1	3.18859500585751457E-004	-1	OK
88.500000000000000	2.03538411764742425E-003	1.31645330097109959E-003	9.74525536150072321E-004	3.41927764821027265E-004	7.18930816676324551E-004	4.05643187573875234E-004	-1	3.13287629102449317E-004	-1	OK
88.750000000000000	2.00078075228463841E-003	1.29452865501572382E-003	9.58193446337429126E-004	3.36335208678294911E-004	7.06252097268914697E-004	3.98426542940994528E-004	-1	3.07825554327920169E-004	-1	OK
89.000000000000000	1.96684854320717910E-003	1.27302106701075463E-003	9.42173922172577592E-004	3.30847144838177204E-004	6.93827476196424682E-004	3.91356472572031025E-004	-1	3.02471003624393657E-004	-1	OK
89.250000000000000	1.93357311176502612E-003	1.25192167494266862E-003	9.26460239738315290E-004	3.25461435204353925E-004	6.81651436822357498E-004	3.84428908099384615E-004	-1	2.97222528722972882E-004	-1	OK
89.500000000000000	1.90094015580756894E-003	1.23122179449749818E-003	9.11045819630768613E-004	3.20175974866729514E-004	6.69718361310070866E-004	3.77640624370937218E-004	-1	2.92077736939133647E-004	-1	OK
89.750000000000000	1.86893564058562053E-003	1.21091301755019230E-003	8.95924260939337069E-004	3.14988756610855281E-004	6.58022623035428339E-004	3.70988476898587182E-004	-1	2.87034146136841157E-004	-1	OK
90.000000000000000	1.83754620958143620E-003	1.19098696340739899E-003	8.81089267774990163E-004	3.09897695632408506E-004	6.46559246174037102E-004	3.64469399247549324E-004	-1	2.82089846926487778E-004	-1	OK
90.250000000000000	1.80675838896624582E-003	1.17143538854096348E-003	8.66534686858794526E-004	3.04900701682169167E-004	6.35323000425282234E-004	3.58080360942487094E-004	-1	2.77242639482795140E-004	-1	OK
90.500000000000000	1.77655927581602847E-003	1.15225038041746821E-003	8.52254532097738689E-004	2.99995848319729516E-004	6.24308895398560377E-004	3.51818344207085304E-004	-1	2.72490551191475073E-004	-1	OK
90.750000000000000	1.74693599835021134E-003	1.13342408123201944E-003	8.38242937962086583E-004	2.95181143269932910E-004	6.13511917118191898E-004	3.45680676471677676E-004	-1	2.67831240646514222E-004	-1	OK
91.000000000000000	1.71778515304127572E-003	1.11494881795444131E-003	8.24494174832971286E-004	2.90454643121470027E-004	6.02836335086834405E-004	3.39664593214765063E-004	-1	2.63171741872069342E-004	-1	OK
91.250000000000000	1.68927773734048456E-003	1.09681706669458425E-003	8.11002676507517986E-004	2.85814390187066208E-004	5.92460670645900199E-004	3.33767386805987635E-004	-1	2.58693283839912564E-004	-1	OK
91.500000000000000	1.66130444031370233E-003	1.07902183425369314E-003	7.97763059841060870E-004	2.81258774412632270E-004	5.82282606060009083E-004	3.27200975765071537E-004	-1	2.55081630294937546E-004	-1	OK
91.750000000000000	1.63386372522503643E-003	1.06155605674412173E-003	7.84770022966718652E-004	2.76786033777403023E-004	5.72307668480914592E-004	3.21547592679449832E-004	-1	2.50760075801464760E-004	-1	OK
92.000000000000000	1.60693994155560187E-003	1.04441303243352646E-003	7.72018422703382029E-004	2.72394609730144380E-004	5.62526909122075406E-004	3.16005387672082269E-004	-1	2.46521521449993136E-004	-1	OK
92.250000000000000	1.58052370552841403E-003	1.02758595430904967E-003	7.59503175069841242E-004	2.68082779239208477E-004	5.52937751219364365E-004	3.10571511751283377E-004	-1	2.42366239468080988E-004	-1	OK
92.500000000000000	1.55460276536034778E-003	1.01106813762444109E-003	7.47219327252162465E-004	2.63848810372278517E-004	5.43534627735906689E-004	3.05243580353322329E-004	-1	2.38291047382584360E-004	-1	OK
92.750000000000000	1.52916607820247205E-003	9.94853248671852611E-004	7.35162080999127361E-004	2.59691167672725033E-004	5.34312829530619545E-004	3.00019371674583636E-004	-1	2.34293457856035909E-004	-1	OK
93.000000000000000	1.50420381074864310E-003	9.78935058450751622E-004	7.23326732820697726E-004	2.55608325630053896E-004	5.25268752297891476E-004	2.94896616764263363E-004	-1	2.30372135533628113E-004	-1	OK
93.250000000000000	1.47970566239747281E-003	9.63307603144385508E-004	7.11708708695976385E-004	2.51598894448409123E-004	5.16398059253087190E-004	2.89873102199369093E-004	-1	2.26524957053718097E-004	-1	OK
93.500000000000000	1.45566180628012342E-003	9.47964844941916055E-004	7.00303486990565922E-004	2.47661357951349970E-004	5.07696961338207362E-004	2.84946673091587301E-004	-1	2.22750288246620061E-004	-1	OK
93.750000000000000	1.43206314503762115E-003	9.32900794690037045E-004	6.89106642182537059E-004	2.43794152507499987E-004	4.99162350347583995E-004	2.80115225112458727E-004	-1	2.19047125235125267E-004	-1	OK
94.000000000000000	1.40890026142500343E-003	9.18109690550813757E-004	6.78113875889828268E-004	2.39995814660985218E-004	4.90790570874189780E-004	2.75377936748660618E-004	-1	2.15412634125529163E-004	-1	OK
94.250000000000000	1.38616356820469937E-003	9.03586053639490261E-004	6.67321021819884132E-004	2.36265031819606373E-004	4.82577514565209165E-004	2.70730971034229267E-004	-1	2.11846543530979899E-004	-1	OK
94.500000000000000	1.36384496715508206E-003	8.89324476936396123E-004	6.56723982011939329E-004	2.32600494924456468E-004	4.74520490218685934E-004	2.66172500158304705E-004	-1	2.08347990060381229E-004	-1	OK
94.750000000000000	1.34196889615617208E-003	8.75319594649864776E-004	6.46318745264417779E-004	2.29000849385447078E-004	4.66649301506307413E-004	2.61700364848505755E-004	-1	2.04948936657801657E-004	-1	OK
95.000000000000000	1.32046205455041790E-003	8.61566150844678461E-004	6.36101393032119898E-004	2.25464757812558563E-004	4.58895903705739490E-004	2.57313422687480240E-004	-1	2.01582481018259250E-004	-1	OK
95.250000000000000	1.29927935033489301E-003	8.48059085985090324E-004	6.26068110665359821E-004	2.21990975319730558E-004	4.51220264349802580E-004	2.53009852603303445E-004	-1	1.98210411746499134E-004	-1	OK
95.500000000000000	1.27855135310373132E-003	8.34793540039006584E-004	6.16215191593580012E-004	2.18578348445426572E-004	4.43757813064724787E-004	2.48787875196355426E-004	-1	1.94969937868369361E-004	-1	OK
95.750000000000000	1.25797677156261789E-003	8.21764677510325838E-004	6.06538980959871600E-004	2.15225696550453940E-004	4.36212094052292108E-004	2.44645793134193345E-004	-1	1.91566300918098763E-004	-1	OK
96.000000000000000	1.23799842621101996E-003	8.08967708713119503E-004	5.97035895594659623E-004	2.11931813118459717E-004	4.29030717497900452E-004	2.40581875816204383E-004	-1	1.88448841681696069E-004	-1	OK
96.250000000000000	1.21838147313521844E-003	7.96397902754681676E-004	5.87702424507705089E-004	2.08695478246976614E-004	4.21983570380536762E-004	2.36593809866407636E-004	-1	1.85389760514129126E-004	-1	OK
96.500000000000000	1.19888388470205140E-003	7.84050660836954063E-004	5.78535147012597330E-004	2.05515513824356598E-004	4.14833223865097335E-004	2.32680501762951800E-004	-1	1.82152722102145535E-004	-1	OK
96.750000000000000	1.17997135608128353E-003	7.71921504564498321E-004	5.69530716724215517E-004	2.02390787840282858E-004	4.08049851516785098E-004	2.28712212849870706E-004	-1	1.79337638666914392E-004	-1	OK
97.000000000000000	1.16139843950802319E-003	7.60006139825710391E-004	5.60685887471633402E-004	1.99320252354076908E-004	4.01392299682312747E-004	2.24946031708221698E-004	-1	1.76446267974091048E-004	-1	OK
97.250000000000000	1.14315805346326856E-003	7.48300352413952541E-004	5.51997476242618618E-004	1.96302876171334031E-004	3.94857701049315961E-004	2.21250106681809475E-004	-1	1.73607594367506486E-004	-1	OK
97.500000000000000	1.12524372746611225E-003	7.36799931644497555E-004	5.43462350178556164E-004	1.93337581465941012E-004	3.88443795821614697E-004	2.17622873294123889E-004	-1	1.70820922527490808E-004	-1	OK
97.750000000000000	1.10739900067695829E-003	7.25500772974607081E-004	5.35077465758174230E-004	1.90423307216433014E-004	3.81898227702351151E-004	2.14062891938045122E-004	-1	1.67835335764306029E-004	-1	OK
98.000000000000000	1.09012166326671227E-003	7.14399027581113935E-004	5.26839870465923817E-004	1.87559157115190091E-004	3.75722635685598228E-004	2.10568873749183744E-004	-1	1.65153761936414484E-004	-1	OK
98.250000000000000	1.07315118212458348E-003	7.03490827237369292E-004	5.18746653057904788E-004	1.84744174179464748E-004	3.69660354887214133E-004	2.07139554884840045E-004	-1	1.62520800002374089E-004	-1	OK
98.500000000000000	1.05648148437334781E-003	6.92772403195889030E-004	5.10794967284372570E-004	1.81977435911516433E-004	3.63709081177458781E-004	2.03773602143652758E-004	-1	1.59935479033806023E-004	-1	OK
98.750000000000000	1.04010654243291700E-003	6.82240017940127872E-004	5.02982022151187043E-004	1.79257995788940802E-004	3.57866524492789239E-004	2.00469589878063436E-004	-1	1.57396934614725803E-004	-1	OK
99.000000000000000	1.02402044165719112E-003	6.71890038204778174E-004	4.95305088216555292E-004	1.76584949988222909E-004	3.52130403452412949E-004	1.97226240150146593E-004	-1	1.54904163302266355E-004	-1	OK
99.250000000000000	1.00821745077967666E-003	6.61718878263279535E-004	4.87761492492446314E-004	1.73957385770833275E-004	3.46498572516397126E-004	1.94042303059631328E-004	-1	1.52456269456765798E-004	-1	OK
99.500000000000000	9.92630068074736374E-004	6.51723103402769414E-004	4.80348628760450893E-004	1.71374474642318493E-004	3.40906964671967069E-004	1.90915997682057138E-004	-1	1.49990966989909931E-004	-1	OK
99.750000000000000	9.77377673082590725E-004	6.41899252954782474E-004	4.73063924721566647E-004	1.68835328233215963E-004	3.35478420127808250E-004	1.87846691563167467E-004	-1	1.47631728564640783E-004	-1	OK
100.00000000000000	9.62346894160174063E-004	6.32243914800651461E-004	4.65904863350654263E-004	1.66339051449997062E-004	3.30102979359522548E-004	1.84833397545564363E-004	-1	1.45269581813958185E-004	-1	OK
