#pt	totcs	totdirect	directLO	directNLO	totfrag	fragLO	err_fragLO	fragNLO	err_fragNLO	errmess
0.50000000000000000	19542586.608924806	5169980.7798628220	3643423.8383469037	1526556.9415159179	14372605.829061985	3332712.9284944311	-1	11039892.900567554	-1	Error
0.75000000000000000	1580692.0432570977	814027.56992482312	409205.70196050976	404821.86796431342	766664.47333227471	187241.04352404681	-1	579423.42980822793	-1	Error
1.0000000000000000	236077.29241615435	146943.24627991387	66344.908677866755	80598.337602047104	89134.046136240475	22188.314089429805	-1	66945.732046810677	-1	Error
1.2500000000000000	47645.972363590619	32124.798612708037	13737.833053769449	18386.965558938580	15521.173750882583	3847.0124655541354	-1	11674.161285328448	-1	Error
1.5000000000000000	11551.873390990106	8112.7752152215216	3349.8332806986436	4762.9419345228780	3439.0981757685831	847.16785322935050	-1	2591.9303225392327	-1	Error
1.7500000000000000	3170.6742863402269	2280.1714375070878	916.11589165013152	1364.0555458569568	890.50284883313907	217.32174616085302	-1	673.18110267228599	-1	Error
2.0000000000000000	948.35369605419282	692.30157042648534	271.52253617803194	420.77903424845340	256.05212562770748	61.831379730220007	-1	194.22074589748746	-1	Error
2.2500000000000000	301.46689944498138	222.26212365774489	85.184464800847621	137.07765885689730	79.204775787236485	18.807610525422998	-1	60.397165261813484	-1	Error
2.5000000000000000	100.01479561697971	74.238130347811520	27.800796027465360	46.437334320346153	25.776665269168184	6.0241287743500740	-1	19.752536494818109	-1	Error
2.7500000000000000	34.104378980266404	25.456589310442578	9.3077202976159370	16.148869012826641	8.6477896698238279	1.9897365895404251	-1	6.6580530802834028	-1	Error
3.0000000000000000	11.814009430095714	8.8682963681664155	3.1622902674060520	5.7060061007603640	2.9457130619292982	0.66709762799107863	-1	2.2786154339382194	-1	Error
3.2500000000000000	4.1222005395737700	3.1095306281736041	1.0798481901023833	2.0296824380712208	1.0126699114001656	0.22493932744734638	-1	0.78773058395281925	-1	Error
3.5000000000000000	1.4341878734625080	1.0876405207975768	0.36722603012547428	0.72041449067210261	0.34654735266493125	7.53285262125313188E-002	-1	0.27121882645239992	-1	Error
3.7500000000000000	0.49278611660478117	0.37605407628621595	0.12322536151479005	0.25282871477142593	0.11673204031856520	2.48152267324944185E-002	-1	9.19168135860707752E-002	-1	Error
4.0000000000000000	0.16560116083594684	0.12736960338335374	4.04248735538492027E-002	8.69447298295045468E-002	3.82315574525931012E-002	7.95783713697219806E-003	-1	3.02737203156209014E-002	-1	OK
4.2500000000000000	5.39678272550334764E-002	4.18555033948149677E-002	1.28387309886130990E-002	2.90167724062018635E-002	1.21123238602185122E-002	2.46524174436702761E-003	-1	9.64708211585148419E-003	-1	OK
4.5000000000000000	1.68452317031448293E-002	1.31944604889195419E-002	3.90227821163422178E-003	9.29218227728532097E-003	3.65077121422528782E-003	7.23850754033873917E-004	-1	2.92692046019141401E-003	-1	OK
4.7500000000000000	4.96746224132896264E-003	3.93695796039083244E-003	1.11971139936401973E-003	2.81724656102681293E-003	1.03050428093813019E-003	1.98609361497384201E-004	-1	8.31894919440745993E-004	-1	OK
5.0000000000000000	1.36200180044848858E-003	1.09358636691110362E-003	2.98226052010977679E-004	7.95360314900126321E-004	2.68415433537385066E-004	4.99020455759931181E-005	-1	2.18513387961391948E-004	-1	OK
5.2500000000000000	3.39652873789420993E-004	2.76780198197825573E-004	7.21373164652396243E-005	2.04642881732585975E-004	6.28726755915954476E-005	1.13240921693394641E-005	-1	5.15485834222559835E-005	-1	OK
5.5000000000000000	7.49153680287697148E-005	6.20406582205393348E-005	1.53934621435821408E-005	4.66471960769571770E-005	1.28747098082303783E-005	2.25149454981486262E-006	-1	1.06232152584155165E-005	-1	OK
5.7500000000000000	1.40320195235541657E-005	1.18395442654408364E-005	2.78351805642570729E-006	9.05602620901512788E-006	2.19247525811332878E-006	3.62832270852746823E-007	-1	1.82964298726058206E-006	-1	OK
6.0000000000000000	2.10438150730588103E-006	1.81427636121548248E-006	4.01893215502360600E-007	1.41238314571312188E-006	2.90105146090398655E-007	4.63960385333545376E-008	-1	2.43709107557044117E-007	-1	OK
6.2500000000000000	2.30065385976436880E-007	2.03353109703634802E-007	4.21570329110752375E-008	1.61196076792559564E-007	2.67122762728020715E-008	4.00053199623649722E-009	-1	2.27117442765655743E-008	-1	OK
6.5000000000000000	1.56247170380932108E-008	1.42286212413666386E-008	2.73857975569568010E-009	1.14900414856709577E-008	1.39609579672657218E-009	1.98645886189699059E-010	-1	1.19744991053687315E-009	-1	OK
6.7500000000000000	4.88426821922726882E-010	4.60631720940587179E-010	8.15051869506856296E-011	3.79126533989901510E-010	2.77951009821397096E-011	3.72584551411853251E-012	-1	2.40692554680211787E-011	-1	OK
7.0000000000000000	3.62234563195576026E-012	3.54433931068436625E-012	5.61656595040713064E-013	2.98268271564365339E-012	7.80063212713939882E-014	9.53343642068999732E-015	-1	6.84728848507039862E-014	-1	OK
