#pt	totcs	totdirect	directLO	directNLO	totfrag	fragLO	err_fragLO	fragNLO	err_fragNLO	errmess
0.50000000000000000	28835343.856061798	5643651.5997216702	4786583.5060465364	857068.09367513238	23191692.256340127	5359677.8540536324	-1	17832014.402286496	-1	Error
0.75000000000000000	3131658.3772768350	1179987.4756615143	605385.81837934430	574601.65728217037	1951670.9016153209	484335.67966620770	-1	1467335.2219491133	-1	Error
1.0000000000000000	422602.12358638423	235860.14675252262	109321.23000954893	126538.91674297363	186741.97683386164	48911.672269737384	-1	137830.30456412426	-1	Error
1.2500000000000000	82759.094836263088	53394.896837113847	23679.674977715320	29715.221859398527	29364.197999149241	7880.7072137165669	-1	21483.490785432674	-1	Error
1.5000000000000000	19893.740620445536	13735.531841744760	5930.2200690528962	7805.3117726918636	6158.2087787007758	1650.5798903703169	-1	4507.6288883304587	-1	Error
1.7500000000000000	5454.1614945738093	3907.4970648765620	1652.4835692920103	2255.0134955845519	1546.6644296972477	412.23280931505263	-1	1134.4316203821950	-1	Error
2.0000000000000000	1636.1720450779894	1199.2096369426429	497.68047959975922	701.52915734288342	436.96240813534655	115.63885225793346	-1	321.32355587741307	-1	Error
2.2500000000000000	523.15420920096960	389.24022778712845	158.53548678654923	230.70474100057922	133.91398141384113	34.946476741451690	-1	98.967504672389438	-1	Error
2.5000000000000000	175.00704993301480	131.46888284330046	52.511543134585395	78.957339708715040	43.538167089714328	11.163048688355170	-1	32.375118401359160	-1	Error
2.7500000000000000	60.292877905951329	45.657953867304947	17.860189796424280	27.797764070880664	14.634924038646384	3.7014979861583086	-1	10.933426052488075	-1	Error
3.0000000000000000	21.145893543854609	16.135229679846326	6.1704343470756937	9.9647953327706311	5.0106638640082837	1.2471420250061964	-1	3.7635218390020873	-1	Error
3.2500000000000000	7.4837252720380807	5.7501187685105535	2.1456211912313710	3.6044975772791825	1.7336065035275272	0.42333121251807443	-1	1.3102752910094528	-1	Error
3.5000000000000000	2.6473993692306106	2.0485785846386029	0.74431590244715284	1.3042626821914505	0.59882078459200783	0.14310139153935217	-1	0.45571939305265563	-1	Error
3.7500000000000000	0.92703951846089383	0.72306982108123385	0.25524959096826128	0.46782023011297241	0.20396969737965998	4.77007484519848465E-002	-1	0.15626894892767512	-1	Error
4.0000000000000000	0.31816206244621831	0.25049780485781759	8.57128463511076522E-002	0.16478495850670988	6.76642575884007086E-002	1.54766105849199649E-002	-1	5.21876470034807471E-002	-1	OK
4.2500000000000000	0.10611704234258837	8.43815011831429151E-002	2.79161850408993530E-002	5.64653161422435865E-002	2.17355411594454470E-002	4.84499620489915045E-003	-1	1.68905449545462966E-002	-1	OK
4.5000000000000000	3.39927622779181357E-002	2.73380762910631660E-002	8.72094827007908156E-003	1.86171280209840861E-002	6.65468598685497233E-003	1.44659916397396073E-003	-1	5.20808682288101139E-003	-1	OK
4.7500000000000000	1.03228308562065170E-002	8.40679221223444330E-003	2.57823503179445543E-003	5.82855718043998831E-003	1.91603864397207392E-003	4.03789049989407571E-004	-1	1.51224959398266624E-003	-1	OK
5.0000000000000000	2.92240426132591531E-003	2.41414175615070050E-003	7.09415865523694731E-004	1.70472589062700599E-003	5.08262505175214804E-004	1.03325169780452437E-004	-1	4.04937335394762381E-004	-1	OK
5.2500000000000000	7.55721763353582382E-004	6.33836219284343648E-004	1.77801038657676345E-004	4.56035180626667357E-004	1.21885544069238747E-004	2.39177574687037965E-005	-1	9.79677866005349441E-005	-1	OK
5.5000000000000000	1.73582416072743729E-004	1.47983326317619379E-004	3.94475756055639556E-005	1.08535750712055389E-004	2.55990897551243635E-005	4.87164074564733135E-006	-1	2.07274490094770330E-005	-1	OK
5.7500000000000000	3.40609290980475776E-005	2.95726430585987012E-005	7.44977527402369078E-006	2.21228677845750087E-005	4.48828603944887722E-006	8.06487193926251544E-007	-1	3.68179884552262567E-006	-1	OK
6.0000000000000000	5.38945734350580380E-006	4.77452078025574654E-006	1.12885893416273918E-006	3.64566184609300715E-006	6.14936563250057042E-007	1.06744466208207702E-007	-1	5.08192097041849340E-007	-1	OK
6.2500000000000000	6.26790403774450478E-007	5.67827559561290733E-007	1.24906274918352627E-007	4.42921284642938132E-007	5.89628442131597718E-008	9.51398448764494918E-009	-1	4.94488597255148210E-008	-1	OK
6.5000000000000000	4.56727730622456043E-008	4.24446314624291858E-008	8.58863963209649633E-009	3.38559918303326763E-008	3.22814159981641851E-009	4.92360470630993501E-010	-1	2.73578112918542490E-009	-1	OK
6.7500000000000000	1.53808942373989977E-009	1.47062973149940006E-009	2.69621955067718659E-010	1.20100777643168140E-009	6.74596922404997343E-011	9.40753969026453287E-012	-1	5.80521525502352031E-011	-1	OK
7.0000000000000000	1.21517507440127139E-011	1.19594608506579306E-011	1.92609886060235457E-012	1.00333619900555784E-011	1.92289893354783484E-013	2.46923595472259829E-014	-1	1.67597533807557511E-013	-1	OK
