#pt	totcs	totdirect	directLO	directNLO	totfrag	fragLO	err_fragLO	fragNLO	err_fragNLO	errmess
0.50000000000000000	27998427.463187534	4806735.2068474069	10963291.630767584	-6156556.4239201760	23191692.256340127	5359677.8540536324	-1	17832014.402286496	-1	Error
0.75000000000000000	4123107.9162328113	2045791.1438014323	1006629.9112587123	1039161.2325427197	2077316.7724313790	516569.64061916433	-1	1560747.1318122146	-1	Error
1.0000000000000000	722084.28508140100	408850.36183810228	183262.23751695774	225588.12432114454	313233.92324329878	84963.256501493364	-1	228270.66674180541	-1	Error
1.2500000000000000	163663.73121300124	99111.794634493635	44722.282221841873	54389.512412651762	64551.936578507593	18966.517490386879	-1	45585.419088120718	-1	Error
1.5000000000000000	42298.817315336913	26999.420422647530	12425.823503818934	14573.596918828596	15299.396892689381	4759.8814777616963	-1	10539.515414927686	-1	Error
1.7500000000000000	11132.208447659506	7661.7459013770685	3523.0142805720202	4138.7316208050488	3470.4625462824383	1085.7249536742911	-1	2384.7375926081472	-1	Error
2.0000000000000000	3269.3114596338924	2347.1570456060299	1073.8942594294408	1273.2627861765889	922.15441402786234	287.26668526161808	-1	634.88772876624421	-1	Error
2.2500000000000000	1035.1479146268525	762.54682129306684	345.92749601574491	416.61932527732199	272.60109333378557	83.850435775354001	-1	188.75065755843156	-1	Error
2.5000000000000000	345.15561639969064	258.84862329745954	116.05526052684149	142.79336277061807	86.306993102231090	26.138588484836070	-1	60.168404617395019	-1	Error
2.7500000000000000	119.29286327245464	90.684385554785905	40.063162495904493	50.621223058881398	28.608477717668737	8.5230570419026606	-1	20.085420675766077	-1	Error
3.0000000000000000	42.161249523044624	32.431199405095235	14.076779869765856	18.354419535329388	9.7300501179493910	2.8490057033560987	-1	6.8810444145932923	-1	Error
3.2500000000000000	15.089910224000183	11.732116419695233	4.9890999655855381	6.7430164541096964	3.3577938043049507	0.96489102402945859	-1	2.3929027802754921	-1	Error
3.5000000000000000	5.4204274004819331	4.2556717977745411	1.7680169776097374	2.4876548201648041	1.1647556027073918	0.32654872797254020	-1	0.83820687473485156	-1	Error
3.7500000000000000	1.9324654923544022	1.5335153922143943	0.62062352219225514	0.91289187002213912	0.39895010014000803	0.10938662014819783	-1	0.28956347999181020	-1	Error
4.0000000000000000	0.67828152419490317	0.54444516191555636	0.21400851087912129	0.33043665103643510	0.13383636227934687	3.57461628949197474E-002	-1	9.80901993844271181E-002	-1	OK
4.2500000000000000	0.23208335347751075	0.18857997186294068	7.17737729641297478E-002	0.11680619889881087	4.35033816145700553E-002	1.12899945825760805E-002	-1	3.22133870319939730E-002	-1	OK
4.5000000000000000	7.65546070589921412E-002	6.30088515509025920E-002	2.31427829294325212E-002	3.98660686214700674E-002	1.35457555080895527E-002	3.39739755606644498E-003	-1	1.01483579520231081E-002	-1	OK
4.7500000000000000	2.40287065923102741E-002	2.00494550729583450E-002	7.08091092106524159E-003	1.29685441518931025E-002	3.97925151935192740E-003	9.68683366512654016E-004	-1	3.01056815283927328E-003	-1	OK
5.0000000000000000	7.06471177001926579E-003	5.98431120924076358E-003	2.02393469146613025E-003	3.96037651777463376E-003	1.08040056077850200E-003	2.53081821706434501E-004	-1	8.27318739072067499E-004	-1	OK
5.2500000000000000	1.90796250993496646E-003	1.64185072931143029E-003	5.29297669665606575E-004	1.11255305964582329E-003	2.66111780623536163E-004	5.98752648636889293E-005	-1	2.06236515759847234E-004	-1	OK
5.5000000000000000	4.60678281423941127E-004	4.03099316167171190E-004	1.23174902184732449E-004	2.79924413982438633E-004	5.75789652567699163E-005	1.25055530426551790E-005	-1	4.50734122141147373E-005	-1	OK
5.7500000000000000	9.57016241760611761E-005	8.52426656107364307E-005	2.45201342491846880E-005	6.07225313615517359E-005	1.04589585653247470E-005	2.13569842539899810E-006	-1	8.32326013992574934E-006	-1	OK
6.0000000000000000	1.61618972240657309E-005	1.46690370325269317E-005	3.93788174299379080E-006	1.07311552895331409E-005	1.49286019153879876E-006	2.92492119260080465E-007	-1	1.20036807227871830E-006	-1	OK
6.2500000000000000	2.02919576381354081E-006	1.87896909039475889E-006	4.65416980279289737E-007	1.41355211011546926E-006	1.50226673418781815E-007	2.71276225782543434E-008	-1	1.23099050840527475E-007	-1	OK
6.5000000000000000	1.61840147118286671E-007	1.53137505799341269E-007	3.44591981184581942E-008	1.18678307680883095E-007	8.70264131894541227E-009	1.47162816700411615E-009	-1	7.23101315194129571E-009	-1	OK
6.7500000000000000	6.02859483727775338E-009	5.83607630226710150E-009	1.16694537359156470E-009	4.66913092867553845E-009	1.92518535010651901E-010	2.90482843405054230E-011	-1	1.63470250670146481E-010	-1	OK
7.0000000000000000	5.18975137968137221E-011	5.13355056725172157E-011	8.78103622610645964E-012	4.25544694464107512E-011	5.62008124296508813E-013	7.77435272411078584E-014	-1	4.84264597055400929E-013	-1	OK
