#pt	totcs	totdirect	directLO	directNLO	totfrag	fragLO	err_fragLO	fragNLO	err_fragNLO	errmess
0.50000000000000000	11722780.805157211	4671349.7937884396	2969729.8764127125	1701619.9173757250	7051431.0113687702	1665283.1174258462	-1	5386147.8939429242	-1	Error
0.75000000000000000	1023799.2334589006	583427.65871400549	284680.12812121445	298747.53059279110	440371.57474489504	105727.62305374269	-1	334643.95169115235	-1	Error
1.0000000000000000	153540.58972112695	98550.687395420464	43437.522641627264	55113.164753793200	54989.902325706498	13144.304445310214	-1	41845.597880396286	-1	Error
1.2500000000000000	30816.571946881246	20927.702230850417	8718.3871330404800	12209.315097809937	9888.8697160308311	2332.0973140135375	-1	7556.7724020172936	-1	Error
1.5000000000000000	7422.0220282708087	5202.2214926244005	2085.1664322130059	3117.0550604113951	2219.8005356464078	518.60499515822983	-1	1701.1955404881778	-1	Error
1.7500000000000000	2022.0581988940594	1444.0926737812201	561.38542390825637	882.70724987296398	577.96552511283915	133.20654877606171	-1	444.75897633677744	-1	Error
2.0000000000000000	599.83443952246989	433.47128066343453	164.03147987117106	269.43980079226361	166.36315885903542	37.861213567047486	-1	128.50194529198794	-1	Error
2.2500000000000000	189.01808401438907	137.57410466575234	50.753929152447164	86.820175513305173	51.443979348636724	11.492042355784761	-1	39.951936992851962	-1	Error
2.5000000000000000	62.050043577966676	45.390161507662285	16.330850103362057	29.059311404300228	16.659882070304395	3.6577447991375069	-1	13.002137271166887	-1	Error
2.7500000000000000	20.917779294133098	15.358840874448891	5.3874527849179552	9.9713880895309366	5.5589384196842051	1.2000984233803969	-1	4.3588399963038080	-1	Error
3.0000000000000000	7.1530826015953801	5.2726956435893593	1.8017955319151928	3.4709001116741667	1.8803869580060208	0.39991369416689337	-1	1.4804732638391274	-1	Error
3.2500000000000000	2.4601318836892823	1.8194197201061602	0.60504007796731396	1.2143796421388462	0.64071216358312211	0.13368891847131995	-1	0.50702324511180219	-1	Error
3.5000000000000000	0.84233075416375824	0.62543692615620450	0.20212034382150712	0.42331658233469749	0.21689382800755372	4.42627152483135791E-002	-1	0.17263111275924015	-1	Error
3.7500000000000000	0.28456093479444805	0.21224321306779706	6.65534711348941127E-002	0.14568974193290293	7.23177217266509770E-002	1.44001019279108387E-002	-1	5.79176197987401400E-002	-1	Error
4.0000000000000000	9.38421187856268157E-002	7.04434910546155174E-002	2.13955014042477853E-002	4.90479896503677251E-002	2.33986277310113053E-002	4.56415740308589637E-003	-1	1.88344703279254080E-002	-1	OK
4.2500000000000000	2.99435826235301197E-002	2.26334809357786326E-002	6.64568781333392620E-003	1.59877931224447038E-002	7.31010168775148624E-003	1.39471241850259065E-003	-1	5.91538926924889581E-003	-1	OK
4.5000000000000000	9.13151954510456679E-003	6.96204356101102692E-003	1.97200750360087542E-003	4.99003605741015193E-003	2.16947598409353900E-003	4.04217139893292814E-004	-1	1.76525884420024618E-003	-1	OK
4.7500000000000000	2.62566392037673173E-003	2.02276960072134138E-003	5.51398678150039631E-004	1.47137092257130240E-003	6.02894319655390134E-004	1.09271556540186784E-004	-1	4.93622763115203391E-004	-1	OK
5.0000000000000000	7.00055823699828605E-004	5.45871533129534624E-004	1.42825723839455187E-004	4.03045809290079383E-004	1.54184290570294035E-004	2.69190054786755213E-005	-1	1.27265285091618521E-004	-1	OK
5.2500000000000000	1.69295715550586473E-004	1.33894322828078440E-004	3.35276642463708854E-005	1.00366658581707555E-004	3.54013927225080394E-005	6.04098642961935987E-006	-1	2.93604062928886795E-005	-1	OK
5.5000000000000000	3.61001532037097316E-005	2.90117424899536150E-005	6.92826055323152858E-006	2.20834819367220855E-005	7.08841071375611579E-006	1.16643255364922364E-006	-1	5.92197816010689194E-006	-1	OK
5.7500000000000000	6.51050671662764292E-006	5.33363937674566657E-006	1.20981519980503834E-006	4.12382417694062738E-006	1.17686733988197614E-006	1.83755590939097054E-007	-1	9.93111748942879084E-007	-1	OK
6.0000000000000000	9.35175781787990498E-007	7.83923575509677822E-007	1.68112625799411360E-007	6.15810949710266463E-007	1.51252206278312649E-007	2.28623658589087830E-008	-1	1.28389840419403866E-007	-1	OK
6.2500000000000000	9.73255181945413849E-008	8.38770581232826569E-008	1.69194696950769552E-008	6.69575884282056720E-008	1.34484600712587247E-008	1.90996516370973105E-009	-1	1.15384949075489936E-008	-1	OK
6.5000000000000000	6.25750018470526753E-009	5.58263810140359055E-009	1.05372360796090829E-009	4.52891449344268246E-009	6.74862083301676986E-010	9.13860173873423939E-011	-1	5.83476065914334618E-010	-1	OK
6.7500000000000000	1.85203712499319526E-010	1.72303171709456491E-010	3.02520745240516570E-011	1.42051097185404828E-010	1.29005407898630348E-011	1.65271145092058756E-012	-1	1.12478293389424473E-011	-1	OK
7.0000000000000000	1.30943482650540163E-012	1.27366708558300984E-012	2.03464753623196879E-013	1.07020233195981281E-012	3.57677409223918751E-014	4.19987659343561442E-015	-1	3.15678643289562638E-014	-1	OK
