#pt	totcs	totdirect	directLO	directNLO	totfrag	fragLO	err_fragLO	fragNLO	err_fragNLO	errmess
0.50000000000000000	282031903.55626333	-102439781.10006870	29484145.126020405	-131923926.22608911	384471684.65633202	216790141.92396411	-1	167681542.73236790	-1	Error
0.75000000000000000	82659795.310921669	-18033319.816899821	11175226.235143578	-29208546.052043397	100693115.12782149	54072143.536542058	-1	46620971.591279432	-1	Error
1.0000000000000000	26769858.741378650	-4354272.9352376927	4548780.7604861641	-8903053.6957238577	31124131.676616345	16985180.048072807	-1	14138951.628543537	-1	Error
1.2500000000000000	10418546.111137128	-1244165.8593435213	2080063.9218314223	-3324229.7811749433	11662711.970480649	6508672.7935351990	-1	5154039.1769454498	-1	Error
1.5000000000000000	4698103.4170211237	-380748.02924900828	1049865.0712244269	-1430613.1004734356	5078851.4462701324	2879348.6558357240	-1	2199502.7904344085	-1	Error
1.7500000000000000	2367602.0042774584	-111526.19538269332	576277.99273476307	-687804.18811745627	2479128.1996601517	1425682.8457697048	-1	1053445.3538904469	-1	Error
2.0000000000000000	1302396.7199765090	-21830.682875205646	337620.12624555180	-359450.80912075745	1324227.4028517148	774957.43574821344	-1	549269.96710350132	-1	Error
2.2500000000000000	765969.06444435695	7863.3099958401872	208451.92495079210	-200588.61495495189	758105.75444851676	446854.66783387156	-1	311251.08661464520	-1	Error
2.5000000000000000	475189.44150647352	16338.968605698145	134356.74705116780	-118017.77844546970	458850.47290077538	271150.35702400369	-1	187700.11587677168	-1	Error
2.7500000000000000	307535.70971402782	17223.833483084833	89754.133098791717	-72530.299615706885	290311.87623094296	172244.90602608392	-1	118066.97020485904	-1	Error
3.0000000000000000	206219.58186145645	15575.522819438498	61807.901498818319	-46232.378679379828	190644.05904201794	113471.58005984141	-1	77172.478982176530	-1	Error
3.2500000000000000	142503.65422756376	13287.139596796958	43685.782379594522	-30398.642782797571	129216.51463076680	77086.461467541652	-1	52130.053163225151	-1	Error
3.5000000000000000	101079.45742563214	11051.793991670005	31580.869939855391	-20529.075948185386	90027.663433962123	53778.465240477031	-1	36249.198193485092	-1	Error
3.7500000000000000	73245.227261719934	9094.8172666415558	23284.630780711166	-14189.813514069605	64150.409995078386	38387.522418298991	-1	25762.887576779394	-1	Error
4.0000000000000000	54182.911437832430	7459.1436127081215	17469.230288257335	-10010.086675549213	46723.767825124312	27954.239613981837	-1	18769.528211142475	-1	OK
4.2500000000000000	40578.547558124919	6121.0668916127870	13310.877507615560	-7189.8106160027719	34457.480666512129	20690.959745251192	-1	13766.520921260937	-1	OK
4.5000000000000000	31048.083967218547	5036.3716636306781	10283.958705626026	-5247.5870419953490	26011.712303587869	15581.966070601118	-1	10429.746232986750	-1	OK
4.7500000000000000	24022.821879308904	4159.8514441935531	8045.1862156179332	-3885.3347714243801	19862.970435115352	11903.163497141411	-1	7959.8069379739409	-1	OK
5.0000000000000000	18836.722870612110	3451.1722177902902	6365.2589011652690	-2914.0866833749760	15385.550652821817	9210.4419942545464	-1	6175.1086585672710	-1	OK
5.2500000000000000	14938.165958846101	2876.7381633081777	5088.0893291770290	-2211.3511658688512	12061.427795537924	7210.2395181014217	-1	4851.1882774365022	-1	OK
5.5000000000000000	11965.594393204490	2409.5061072602184	4105.5124686143781	-1696.0063613541597	9556.0882859442718	5698.5889722539650	-1	3857.4993136903067	-1	OK
5.7500000000000000	9672.3687473967948	2027.9096377480882	3341.3234616352725	-1313.4138238871835	7644.4591096487065	4554.1866908178390	-1	3090.2724188308675	-1	OK
6.0000000000000000	7885.1747907455692	1714.8673348479806	2741.0240285508180	-1026.1566937028367	6170.3074558975886	3666.3516588140515	-1	2503.9557970835372	-1	OK
6.2500000000000000	6477.2600219588667	1456.8648923008122	2265.0920803195818	-808.22718801876965	5020.3951296580544	2980.5637554606683	-1	2039.8313741973861	-1	OK
6.5000000000000000	5356.8517794773506	1243.1835997904350	1884.5262035285609	-641.34260373812606	4113.6681796869152	2441.4398288889515	-1	1672.2283507979637	-1	OK
6.7500000000000000	4461.8842106183074	1065.3616797707907	1577.8039529354380	-512.44227316464730	3396.5225308475169	2013.9557380886722	-1	1382.5667927588447	-1	OK
7.0000000000000000	3738.0046683280534	916.71697526498247	1328.7799967024589	-412.06302143747632	2821.2876930630709	1672.2126849259821	-1	1149.0750081370888	-1	OK
7.2500000000000000	3150.4641204027657	791.91540512208894	1125.2132190873579	-333.29781396526892	2358.5487152806768	1396.9253424283454	-1	961.62337285233139	-1	OK
7.5000000000000000	2669.6227764372197	686.67317070593072	957.73561373034670	-271.06244302441615	1982.9496057312892	1173.6124003629084	-1	809.33720536838086	-1	OK
7.7500000000000000	2273.6500561426274	597.56124638804670	819.12350471789421	-221.56225832984748	1676.0888097545806	991.21707746629716	-1	684.87173228828340	-1	OK
8.0000000000000000	1945.5894684203217	521.79931343502858	703.75166986704426	-181.95235643201565	1423.7901549852932	841.37266875322962	-1	582.41748623206354	-1	OK
8.2500000000000000	1672.2457582067850	457.13455326753251	607.21348095723977	-150.07892768970731	1215.1112049392525	717.54931706539116	-1	497.56188787386134	-1	OK
8.5000000000000000	1443.5173908328179	401.73816249819947	526.02987351019476	-124.29171101199539	1041.7792283346184	614.68123899259081	-1	427.09798934202763	-1	OK
8.7500000000000000	1251.0259006822012	354.11204236660978	457.43673035535704	-103.32468798874734	896.91385831559137	528.75408496252408	-1	368.15977335306729	-1	OK
9.0000000000000000	1087.4357691611140	313.02857869258725	399.22335671430903	-86.194778021721746	774.40719046852678	456.64359340566347	-1	317.76359706286331	-1	OK
9.2500000000000000	949.25422164165184	277.47353381206682	349.61024566562867	-72.136711853561792	671.78068782958508	395.85267335375642	-1	275.92801447582866	-1	OK
9.5000000000000000	831.41793250117337	246.60295290138583	307.15624912876029	-60.553296227374517	584.81497959978753	344.38072088602149	-1	240.43425871376604	-1	OK
9.7500000000000000	730.57498376203989	219.71920829585679	270.69044997188985	-50.971241676033053	510.85577546618305	300.61030083798914	-1	210.24547462819390	-1	OK
10.000000000000000	643.62751006418182	196.24083398466601	239.25496859236924	-43.014134607703269	447.38667607951578	263.24450529024233	-1	184.14217078927345	-1	OK
10.250000000000000	568.94859684895562	175.67754380217607	212.06193909238371	-36.384395290207664	393.27105304677951	231.22628836290264	-1	162.04476468387688	-1	OK
10.500000000000000	504.31249118708172	157.61833281288574	188.46151439221205	-30.843181579326373	346.69415837419598	203.69466388456783	-1	142.99949448962815	-1	OK
10.750000000000000	448.20843243900413	141.71775106497947	167.91496520154669	-26.197214136567201	306.49068137402469	179.94062041525939	-1	126.55006095876530	-1	OK
11.000000000000000	399.35529147303856	127.68174918709963	149.97334765078847	-22.291598463688846	271.67354228593894	159.37677925165517	-1	112.29676303428377	-1	OK
11.250000000000000	356.68573553275195	115.26395035226881	134.26196216728030	-18.998011815011484	241.42178518048314	141.51955903879636	-1	99.902226141686782	-1	OK
11.500000000000000	319.31970605203742	104.25240797656828	120.46576333570735	-16.213355359139079	215.06729807546913	125.97091205276203	-1	89.096386022707094	-1	OK
11.750000000000000	286.50837886294846	94.466504076568256	108.31946042400340	-13.852956347435123	192.04187478638022	112.39292790271627	-1	79.648946883663953	-1	OK
12.000000000000000	257.60608102630113	85.750608464963463	97.598610768866479	-11.848002303903042	171.85547256133765	100.50332638205906	-1	71.352146179278591	-1	OK
12.250000000000000	232.09098097609228	77.971254135762592	88.112963770275556	-10.141709634512974	154.11972684032969	90.068128981022440	-1	64.051597859307250	-1	OK
12.500000000000000	209.51904897970178	71.014505398554192	79.700807400508410	-8.6863020019541963	138.50454358114760	80.878499603378557	-1	57.626043977769044	-1	OK
12.750000000000000	189.50358531621859	64.781649094843985	72.223959989712682	-7.4423108948686849	124.72193622137461	72.770954361955305	-1	51.950981859419301	-1	OK
13.000000000000000	171.71435290028222	59.186583687336167	65.563959827975182	-6.3773761406390248	112.52776921294607	65.601811641955109	-1	46.925957570990960	-1	OK
13.250000000000000	155.86733451918320	54.154817887202590	59.619152695427864	-5.4643348082252690	101.71251663198061	59.247947963981439	-1	42.464568667999167	-1	OK
13.500000000000000	141.72111884597939	49.621872884344391	54.302155711973519	-4.6802828276291084	92.099245961635006	53.604618086694558	-1	38.494627874940448	-1	OK
13.750000000000000	129.06835601118198	45.531331387022540	49.537474584176501	-4.0061431971539676	83.537024624159429	48.582147100674717	-1	34.954877523484711	-1	OK
14.000000000000000	117.72895008606292	41.833886090677048	45.259824953533105	-3.4259388628560363	75.895063995385868	44.102655074300287	-1	31.792408921085581	-1	OK
14.250000000000000	107.54856328985201	38.486816549131397	41.412611209652574	-2.9257946605211820	69.061746740720608	40.100002523122768	-1	28.961744217597840	-1	OK
14.500000000000000	98.391673703713721	35.452385158441757	37.946523875694417	-2.4941387172526528	62.939288545271964	36.518534374611569	-1	26.420754170660395	-1	OK
14.750000000000000	90.141628834283210	32.697299854256045	34.818544839450972	-2.1212449851949287	57.444328980027159	33.305003859405211	-1	24.139325120621947	-1	OK
15.000000000000000	82.696736747034635	30.192140134662193	31.991072408434455	-1.7989322737722602	52.504596612372438	30.418244987359355	-1	22.086351625013084	-1	OK
15.250000000000000	75.967265073032593	27.910961333704059	29.431192376212252	-1.5202310425081935	48.056303739328541	27.820559256390386	-1	20.235744482938156	-1	OK
15.500000000000000	69.874752201601837	25.830900586887449	27.110056139111443	-1.2791555522239895	44.043851614714384	25.479092695000709	-1	18.564758919713675	-1	OK
15.750000000000000	64.350873508992862	23.931788084608112	25.002311190848751	-1.0705231062406477	40.419085424384754	23.365407847924981	-1	17.053677576459773	-1	OK
16.000000000000000	59.335421178335430	22.195767970084887	23.085629735194026	-0.88986176510914072	37.139653208250543	21.454393036513519	-1	15.685260171737024	-1	OK
16.250000000000000	54.775104451930645	20.606845799574341	21.340260479296859	-0.73341467972251562	34.168258652356307	19.723852707929574	-1	14.444405944426734	-1	OK
16.500000000000000	50.622680213362244	19.150728420791751	19.748732795331101	-0.59800437453935085	31.471951792570490	18.154627684616862	-1	13.317324107953628	-1	OK
16.750000000000000	46.836558156944875	17.814743524185751	18.295587803311516	-0.48084427912576577	29.021814632759128	16.729701006025333	-1	12.292113626733794	-1	OK
17.000000000000000	43.380147679574463	16.587542969314988	16.967103419061281	-0.37956044974628372	26.792604710259475	15.434869945020459	-1	11.357734765239016	-1	OK
17.250000000000000	40.220648913605793	15.459063384183702	15.751098805323872	-0.29203542114016884	24.761585529422092	14.255454075188448	-1	10.506131454233644	-1	OK
17.500000000000000	37.328319323026868	14.420211789671070	14.636709743979187	-0.21649795430812233	22.908107533355800	13.180182889853402	-1	9.7279246435023978	-1	OK
17.750000000000000	34.678570625942847	13.462840517043151	13.614255566451128	-0.15141504940797393	21.215730108899695	12.198614620287875	-1	9.0171154886118199	-1	OK
18.000000000000000	32.247681074462129	12.579736480986535	12.675110420218017	-9.5373939231479854E-002	19.667944593475596	11.301579993866255	-1	8.3663645996093408	-1	OK
18.250000000000000	30.015086181722264	11.764345183641616	11.811537724662090	-4.7192541020480219E-002	18.250740998080648	10.480756439556274	-1	7.7699845585243743	-1	OK
18.500000000000000	27.962454425261221	11.010712953325674	11.016595711940079	-5.8827586144074503E-003	16.951741471935545	9.7287917982056200	-1	7.2229496737299250	-1	OK
18.750000000000000	26.072723799436321	10.313512215339207	10.284067749120627	2.9444466218579199E-002	15.759211584097114	9.0391891144248415	-1	6.7200224696722728	-1	OK
19.000000000000000	24.331964166339475	9.6679129643605890	9.6083606597580875	5.9552304602502285E-002	14.664051201978886	8.4061051876937150	-1	6.2579460142851708	-1	OK
19.250000000000000	22.726681751579125	9.0695353314338636	8.9844433082259467	8.5092023207916062E-002	13.657146420145262	7.8242865328529154	-1	5.8328598872923463	-1	OK
19.500000000000000	21.244614367505012	8.5144330137416162	8.4077865419589450	0.10664647178267127	12.730181353763395	7.2890340835315870	-1	5.4411472702318084	-1	OK
19.750000000000000	19.875068629880118	7.9990248383490954	7.8743037964895599	0.12472104185953665	11.876043791531025	6.7961314702598150	-1	5.0799123212712098	-1	OK
20.000000000000000	18.608333648846319	7.5200655056948751	7.3803060146528505	0.13975949104202762	11.088268143151442	6.3417653866833650	-1	4.7465027564680771	-1	OK
