#pt	totcs	totdirect	directLO	directNLO	totfrag	fragLO	err_fragLO	fragNLO	err_fragNLO	errmess
0.50000000000000000	135877421.33250797	-62115618.063550860	13835176.465444552	-75950794.528995410	197993039.39605883	124003465.28657514	-1	73989574.109483689	-1	Error
0.75000000000000000	49486644.541059241	-13128606.775304001	6336338.1434410624	-19464944.918745060	62615251.316363245	35652216.379888438	-1	26963034.936474808	-1	Error
1.0000000000000000	17136120.781637579	-3536857.0859915297	2798508.0053276801	-6335365.0913192127	20672977.867629111	11930833.850224201	-1	8742144.0174049102	-1	Error
1.2500000000000000	7092794.5103853513	-1126746.1491389950	1343385.9918542898	-2470132.1409932845	8219540.6595243467	4747501.8166435277	-1	3472038.8428808190	-1	Error
1.5000000000000000	3293972.2932362258	-397845.05572645110	701222.02042224770	-1099067.0761486988	3691817.3489626772	2168453.4342397046	-1	1523363.9147229725	-1	Error
1.7500000000000000	1691638.0320785926	-148327.66153749416	394919.70083891944	-543247.36237641354	1839965.6936160868	1097129.0197648692	-1	742836.67385121761	-1	Error
2.0000000000000000	943372.03307248279	-54569.307274801657	236187.58577157959	-290756.89304638118	997941.34034728445	602050.37392004090	-1	395890.96642724355	-1	Error
2.2500000000000000	559889.29113281425	-17359.219039594755	148353.78941740771	-165713.00845700246	577248.51017240901	352285.36072734476	-1	224963.14944506425	-1	Error
2.5000000000000000	352029.81891517248	-2327.7195186820172	97038.773557270979	-99366.493075952996	354357.53843385447	217380.79908762791	-1	136976.73934622656	-1	Error
2.7500000000000000	230562.05042416177	3526.3812629750755	65662.548376696097	-62136.167113721029	227035.66916118670	140364.18221953372	-1	86671.486941652984	-1	Error
3.0000000000000000	156200.14634449585	5489.0583214815124	45736.494496945736	-40247.436175464216	150711.08802301434	93419.871293463439	-1	57291.216729550899	-1	Error
3.2500000000000000	108948.06659593602	5796.1759190259108	32660.417101374773	-26864.241182348862	103151.89067691012	64059.436448989480	-1	39092.454227920636	-1	Error
3.5000000000000000	77928.982861957280	5431.0886402314572	23832.072957791417	-18400.984317559960	72497.894221725830	45052.577731585101	-1	27445.316490140729	-1	Error
3.7500000000000000	57012.381507961596	4830.8545958130635	17722.426691979439	-12891.572096166374	52181.526912148533	32396.823325539510	-1	19784.703586609023	-1	Error
4.0000000000000000	42490.808599116819	4189.3137382816676	13401.706113665037	-9212.3923753833697	38301.494860835155	23756.722757369698	-1	14544.772103465457	-1	OK
4.2500000000000000	32200.257610948604	3587.2542427145199	10286.982925396735	-6699.7286826822155	28613.003368234084	17723.814424447508	-1	10889.188943786576	-1	OK
4.5000000000000000	24736.741534658093	3053.4307077136218	8002.5833790449415	-4949.1526713313197	21683.310826944471	13427.122429133944	-1	8256.1883978105270	-1	OK
4.7500000000000000	19271.590561266668	2593.4694388615844	6301.0607326387089	-3707.5912937771250	16678.121122405086	10314.419451184223	-1	6363.7016712208624	-1	OK
5.0000000000000000	15065.166830204133	2202.9535306977050	5015.8148872686052	-2812.8613565708988	12862.213299506428	8012.1908392693276	-1	4850.0224602370999	-1	OK
5.2500000000000000	12009.406639971010	1873.9176148564484	4032.6052273284827	-2158.6876124720347	10135.489025114561	6302.8923826547807	-1	3832.5966424597800	-1	OK
5.5000000000000000	9683.1861403113508	1597.6814162365326	3271.7197234790647	-1674.0383072425332	8085.5047240748190	5010.5537055375271	-1	3074.9510185372919	-1	OK
5.7500000000000000	7856.8889809962766	1366.0125175178887	2676.6574116506313	-1310.6448941327419	6490.8764634783884	4020.9089621073654	-1	2469.9675013710230	-1	OK
6.0000000000000000	6434.1423184584291	1171.6018665323254	2206.7473592129199	-1035.1454926805934	5262.5404519261037	3255.1158686352469	-1	2007.4245832908568	-1	OK
6.2500000000000000	5309.9918369482812	1008.1736678499301	1832.3132372376560	-824.13956938772606	4301.8181690983511	2656.6928396522439	-1	1645.1253294461071	-1	OK
6.5000000000000000	4412.9039373665619	870.43705469289807	1531.4624025211976	-661.02534782829980	3542.4668826736643	2184.4129919273751	-1	1358.0538907462892	-1	OK
6.7500000000000000	3691.0437666171829	754.01561541909541	1287.8654137592378	-533.84979834014257	2937.0281511980875	1808.3351628446001	-1	1128.6929883534874	-1	OK
7.0000000000000000	3107.3557109364715	655.31872425187430	1089.2123327104366	-433.89360845856231	2452.0369866845972	1504.5544278713505	-1	947.48255881324667	-1	OK
7.2500000000000000	2629.9519246956829	571.38308050466094	926.12786712485138	-354.74478662019033	2058.5688441910220	1260.9521215465381	-1	797.61672264448384	-1	OK
7.5000000000000000	2237.6060293159417	499.76359588285993	791.40378338220057	-291.64018749934081	1737.8424334330816	1062.6687232062689	-1	675.17371022681277	-1	OK
7.7500000000000000	1912.9819307670309	438.46239442641161	679.45628003134357	-240.99388560493207	1474.5195363406194	898.78520215108324	-1	575.73433418953618	-1	OK
8.0000000000000000	1642.2976850254777	385.82040620990176	585.91990847458123	-200.09950226467936	1256.4772788155760	765.16444871749457	-1	491.31283009808146	-1	OK
8.2500000000000000	1416.5633653108257	340.46772826499785	507.36136209519952	-166.89363383020168	1076.0956370458280	654.41675638703612	-1	421.67888065879185	-1	OK
8.5000000000000000	1226.9238824662432	301.27542666180841	441.06016602309910	-139.78473936129075	925.64845580443478	562.12700554094090	-1	363.52145026349388	-1	OK
8.7500000000000000	1066.3486731075784	267.30294722781667	384.84625454764893	-117.54330731983225	799.04572587976168	484.83325122649251	-1	314.21247465326917	-1	OK
9.0000000000000000	930.55782727119754	237.77030775385140	336.97747979524593	-99.207172041394415	692.78751951734614	419.78055396570147	-1	273.00696555164467	-1	OK
9.2500000000000000	814.87764254731178	212.02496691179692	296.04661226122863	-84.021645349431722	602.85267563551486	364.79391009338860	-1	238.05876554212625	-1	OK
9.5000000000000000	715.95231983776921	189.51618924246515	260.91004199451618	-71.393852752051046	526.43613059530412	318.11633575137114	-1	208.31979484393298	-1	OK
9.7500000000000000	630.96634666659770	169.78436042484054	230.63543881901651	-60.851078394175993	461.18198624175722	278.33497037429731	-1	182.84701586745990	-1	OK
10.000000000000000	557.71810580101305	152.44350287921796	204.45763717033029	-52.014134291112320	405.27460292179512	244.29834525195707	-1	160.97625766983805	-1	OK
10.250000000000000	494.38720854163756	137.16413173765687	181.74549021874321	-44.581358481086326	357.22307680398069	215.06368216131145	-1	142.15939464266924	-1	OK
10.500000000000000	439.43902680517124	123.66794926392171	161.97682421090292	-38.308874946981184	315.77107754124950	189.86952357747779	-1	125.90155396377170	-1	OK
10.750000000000000	391.61358541772353	111.71927515791765	144.71742396918691	-32.998148811269260	279.89431025980588	168.08391958741711	-1	111.81039067238876	-1	OK
11.000000000000000	349.83541369288395	101.11545890801364	129.60447833896731	-28.489019430953658	248.71995478487031	149.19187560067539	-1	99.528079184194922	-1	OK
11.250000000000000	312.98650316790224	91.685992287367668	116.33435221037666	-24.648359923009028	221.30051088053457	132.75783378741036	-1	88.542677093124212	-1	OK
11.500000000000000	280.88280351208357	83.282940668855886	104.65102870077716	-21.368088031921253	197.59986284322767	118.41825103413818	-1	79.181611809089489	-1	OK
11.750000000000000	252.61239668088149	75.779531688164539	94.338316887406151	-18.558785199241612	176.83286499271696	105.86575239584504	-1	70.967112596871928	-1	OK
12.000000000000000	227.65982953462031	69.065766014683987	85.212789702877956	-16.147023688193965	158.59406351993633	94.851353585268285	-1	63.742709934668042	-1	OK
12.250000000000000	205.59227273746558	63.046641250574211	77.118599069859130	-14.071957819284918	142.54563148689135	85.162106305825787	-1	57.383525181065565	-1	OK
12.500000000000000	186.01703621655878	57.640732751609377	69.922928679929299	-12.282195928319897	128.37630346494942	76.618560680418042	-1	51.757742784531374	-1	OK
12.750000000000000	168.54621082384722	52.777057020138329	63.512012459894919	-10.734955439756602	115.76915380370889	69.066097815310741	-1	46.703055988398148	-1	OK
13.000000000000000	153.05053460281050	48.393348887033866	57.788087299725731	-9.3947384126918632	104.65718571577662	62.375288792989750	-1	42.281896922786871	-1	OK
13.250000000000000	139.21626232774634	44.435452876943771	52.667081760781592	-8.2316288838378053	94.780809450802579	56.433967189503129	-1	38.346842261299450	-1	OK
13.500000000000000	126.83904479563660	40.856224927827810	48.076541897454931	-7.2203169696271114	85.982819867808786	51.149412672416275	-1	34.833407195392510	-1	OK
13.750000000000000	115.74420739109733	37.614226579798583	43.953726282782412	-6.3394997029838196	78.129980811298751	46.435428442502946	-1	31.694552368795804	-1	OK
14.000000000000000	105.78133303490583	34.673115069491750	40.244260961993632	-5.5711458925018809	71.108217965414084	42.224041526717563	-1	28.884176438696521	-1	OK
14.250000000000000	96.820170938968758	32.001293313802591	36.900908177053857	-4.8996148632512657	64.818877625166166	38.455088563015828	-1	26.363789062150339	-1	OK
14.500000000000000	88.745208510535832	29.570672563824736	33.882426628844200	-4.3117540650194712	59.174535946711096	35.075700717900638	-1	24.098835228810458	-1	OK
14.750000000000000	81.456654243640855	27.356361264937998	31.152751696640316	-3.7963904317023043	54.100292978702853	32.040206940288890	-1	22.060086038413964	-1	OK
15.000000000000000	74.869522511274326	25.336259727597284	28.680291863946294	-3.3440321363490066	49.533262783677038	29.308538453831805	-1	20.224724329845234	-1	OK
15.250000000000000	68.903504595293128	23.490819590354356	26.437336089994997	-2.9465164996406403	45.412685004938780	26.846446229705137	-1	18.566238775233643	-1	OK
15.500000000000000	63.492654283476270	21.802764263734474	24.399546987715404	-2.5967827239809296	41.689890019741796	24.624964689846394	-1	17.064925329895402	-1	OK
15.750000000000000	58.577792588839024	20.256802934828464	22.545494894884587	-2.2886919600561200	38.320989654010560	22.614948097862921	-1	15.706041556147639	-1	OK
16.000000000000000	54.107148359300204	18.839341127161212	20.856274539131704	-2.0169334119704900	35.267807232138992	20.794825669592225	-1	14.472981562546767	-1	OK
16.250000000000000	50.034816979143812	17.538147133280685	19.315128995824526	-1.7769818625438385	32.496669845863131	19.144303347950164	-1	13.352366497912968	-1	OK
16.500000000000000	46.319632522148339	16.342253600698804	17.907205916983472	-1.5649523162846681	29.977378921449535	17.645580785291706	-1	12.331798136157829	-1	OK
16.750000000000000	42.926787830713202	15.241906360700911	16.619342809260662	-1.3774364485597503	27.684881470012293	16.282863300338438	-1	11.402018169673855	-1	OK
17.000000000000000	39.823928007339944	14.228336249091861	15.439832034199991	-1.2114957851081267	25.595591758248087	15.041968866849880	-1	10.553622891398208	-1	OK
17.250000000000000	36.983260216402300	13.293751965396165	14.358261723416035	-1.0645097580198690	23.689508251006135	13.910589389647690	-1	9.7789188613584450	-1	OK
17.500000000000000	34.378275636506665	12.431084892310784	13.365330158626417	-0.93424526631563320	21.947190744195879	12.877737915304449	-1	9.0694528288914302	-1	OK
17.750000000000000	31.988406365255020	11.633981598336732	12.452735918883448	-0.81875432054671649	20.354424766918289	11.933723179740213	-1	8.4207015871780762	-1	OK
18.000000000000000	29.792758571973035	10.896809765852748	11.613069446277699	-0.71625968042495003	18.895948806120288	11.070253916642455	-1	7.8256948894778322	-1	OK
18.250000000000000	27.772971285322690	10.214426435826697	10.839671598364003	-0.62524516253730500	17.558544849495995	10.278719875292094	-1	7.2798249742039012	-1	OK
18.500000000000000	25.913113963212851	9.5821481275499796	10.126555262654691	-0.54440713510471139	16.330965835662870	9.5527886569705807	-1	6.7781771786922889	-1	OK
18.750000000000000	24.198751026367106	8.9957804118386697	9.4683475172979215	-0.47256710545925051	15.202970614528438	8.8861981003863413	-1	6.3167725141420963	-1	OK
19.000000000000000	22.616781639387575	8.4515026231346511	8.8602096714137790	-0.40870704827912530	14.165279016252926	8.2734756066622630	-1	5.8918034095906631	-1	OK
19.250000000000000	21.155557023839581	7.9458404779409184	8.2977820433213321	-0.35194156538041205	13.209716545898663	7.7096750660593907	-1	5.5000414798392727	-1	OK
19.500000000000000	19.804149640066015	7.4756557912889647	7.7771347101497632	-0.30147891886079869	12.328493848777049	7.1903621679271978	-1	5.1381316808498507	-1	OK
19.750000000000000	18.554000427645896	7.0380915753931150	7.2947161078488083	-0.25662453245569500	11.515908852252782	6.7115592360704968	-1	4.8043496161822850	-1	OK
20.000000000000000	17.395988675839202	6.6305526019124343	6.8473147727004857	-0.21676217078805068	10.765436073926768	6.2696954554909325	-1	4.4957406184358355	-1	OK
