-26.9961
-8.89187
1.26148
1.65949
1.85858
1.95987
2.03719
2.07404
2.08354
2.08396
2.04247
1.97273
1.92285
1.89222
1.86961
1.85757
1.84813
1.84298
1.83934
1.83752
1.835
1.83517
1.83657
1.83829
1.84041
1.84238
1.84497
1.84642
1.84934
1.85264
1.85524
1.85794
1.86017
1.86251
1.86485
1.86705
1.86889
1.87157
1.8738
1.8771
1.87949
1.88169
1.88318
1.88477
1.88668
1.8891
1.89132
1.89375
1.89586
1.89819
1.89996
1.90245
1.90474
1.90663
1.90849
1.91119
1.91333
1.91554
1.91778
1.92009
1.92273
1.92503
1.92728
1.9289
1.93043
1.93679
1.93913
1.94182
1.94441
1.94711
1.94916
1.95114
1.95393
1.95613
1.95791
1.96024
1.9631
1.9651
1.96757
