-23.2078
-8.77712
1.53631
1.91676
2.08615
2.17416
2.21383
2.20056
2.19311
2.17497
2.11966
2.04565
1.99483
1.96112
1.93369
1.91406
1.898
1.88751
1.87735
1.87108
1.8662
1.86142
1.85949
1.85743
1.85544
1.85287
1.85226
1.85279
1.85247
1.85256
1.85224
1.85288
1.85317
1.85323
1.85352
1.85318
1.85368
1.85414
1.85478
1.85576
1.85642
1.85787
1.85769
1.85827
1.8593
1.86021
1.86145
1.86236
1.86304
1.86496
1.86618
1.86751
1.86861
1.86996
1.8716
1.87276
1.87392
1.87549
1.87759
1.8788
1.88082
1.88258
1.88429
1.88622
1.88845
1.89
1.8912
1.89267
1.89486
1.89686
1.89929
1.90133
1.90891
1.91082
1.913
1.91463
1.91744
1.91872
1.92068
