-23.3119
-8.76174
1.52014
1.89758
2.06749
2.15945
2.20122
2.19101
2.1812
2.16762
2.11665
2.03933
1.98877
1.95513
1.9286
1.90877
1.89352
1.88334
1.87358
1.86754
1.86279
1.8584
1.85654
1.8547
1.85307
1.8512
1.8503
1.8505
1.85084
1.85121
1.85149
1.85186
1.85244
1.85258
1.85302
1.85285
1.8534
1.85395
1.85476
1.8559
1.85672
1.85827
1.8588
1.859
1.8601
1.86117
1.86255
1.86362
1.86476
1.86648
1.86787
1.86938
1.8705
1.87195
1.87371
1.87486
1.87619
1.87786
1.88002
1.88167
1.88349
1.8853
1.88711
1.88946
1.89157
1.8931
1.89438
1.89594
1.89818
1.90032
1.90276
1.90974
1.91202
1.91483
1.91667
1.91865
1.92096
1.92279
1.9248
