-23.245
-8.76932
1.53741
1.91323
2.08303
2.16919
2.20787
2.19405
2.18603
2.16793
2.1129
2.03967
1.98979
1.9563
1.92987
1.91059
1.89463
1.88431
1.87372
1.86793
1.86305
1.85828
1.8562
1.85445
1.85183
1.84973
1.84854
1.84797
1.8486
1.84843
1.84847
1.84833
1.84854
1.8485
1.84864
1.84854
1.84837
1.84859
1.84908
1.84959
1.85047
1.85105
1.85163
1.8524
1.85278
1.85377
1.85474
1.85568
1.85606
1.85715
1.85911
1.86026
1.86169
1.86261
1.86391
1.86543
1.86653
1.86758
1.86913
1.8707
1.87265
1.87421
1.87584
1.87757
1.8794
1.88163
1.88336
1.88455
1.88557
1.88765
1.88966
1.89168
1.894
1.90118
1.90313
1.90573
1.90684
1.90959
1.91148
