-22.0435
-9.3283
1.77773
2.14423
2.28425
2.34662
2.3576
2.34561
2.31903
2.29144
2.2015
2.12594
2.06776
2.02406
1.99035
1.96205
1.94048
1.92299
1.90748
1.89551
1.88715
1.8776
1.87015
1.86303
1.8574
1.85245
1.84662
1.84279
1.84034
1.83684
1.83417
1.83205
1.82958
1.82744
1.82541
1.82371
1.82188
1.81962
1.81753
1.81609
1.81485
1.81364
1.81277
1.81198
1.81146
1.81114
1.81094
1.80926
1.81023
1.80973
1.80999
1.81025
1.81014
1.80984
1.81095
1.81138
1.81204
1.81242
1.81299
1.81362
1.81461
1.81486
1.81543
1.8162
1.81764
1.81858
1.81963
1.82071
1.82199
1.82355
1.82483
1.8256
1.82656
1.82753
1.82893
1.83054
1.83238
1.83423
1.83623
