#pt	totcs	totdirect	directLO	directNLO	totfrag	fragLO	err_fragLO	fragNLO	err_fragNLO	errmess
0.50000000000000000	55721677.547060177	2689815.2000290807	7338944.8956828816	-4649129.6956538009	53031862.347031094	15518558.647638844	-1	37513303.699392252	-1	Error
0.75000000000000000	5753179.4816388050	1267980.6693429698	1257808.1021006522	10172.567242317913	4485198.8122958355	1402716.6222004346	-1	3082482.1900954009	-1	Error
1.0000000000000000	1153447.4125468209	394258.68789727363	309469.15764280455	84789.530254469020	759188.72464954725	247042.18803085704	-1	512146.53661869024	-1	Error
1.2500000000000000	328918.93420352315	138392.28470425139	97477.626950589809	40914.657753661624	190526.64949927176	62659.049277063983	-1	127867.60022220778	-1	Error
1.5000000000000000	115893.24372803941	55082.671803488352	36438.026145446056	18644.645658042286	60810.571924551055	20280.034753490731	-1	40530.537171060321	-1	Error
1.7500000000000000	47427.594331470595	24361.598393861816	15462.600497746404	8898.9978961154029	23065.995937608783	7715.3173907369101	-1	15350.678546871874	-1	Error
2.0000000000000000	21590.736396713342	11709.875110470697	7215.5722594686949	4494.3028510019985	9880.8612862426453	3308.2624490322846	-1	6572.5988372103602	-1	Error
2.2500000000000000	10641.021957527175	6016.5802141492695	3624.8487105537242	2391.7315035955444	4624.4417433779054	1552.9579355543881	-1	3071.4838078235171	-1	Error
2.5000000000000000	5592.1325880371114	3263.5776223573948	1931.2358593049669	1332.3417630524284	2328.5549656797161	779.80798154739159	-1	1548.7469841323245	-1	Error
2.7500000000000000	3092.2676149871813	1851.4031886775215	1079.3717557645973	772.03143291292452	1240.8644263096596	414.96096982938099	-1	825.90345648027869	-1	Error
3.0000000000000000	1783.2549177117648	1090.3995154291331	627.65126788024872	462.74824754888436	692.85540228263164	231.18889874762766	-1	461.66650353500398	-1	Error
3.2500000000000000	1065.3480839853678	662.92120331212391	377.33912988344235	285.58207342868167	402.42688067324394	133.74381336381106	-1	268.68306730943289	-1	Error
3.5000000000000000	655.41858851842835	414.14863288769743	233.37604206503829	180.77259082265923	241.26995563073086	79.926963759331414	-1	161.34299187139945	-1	Error
3.7500000000000000	413.74763612695324	264.89587655737938	147.90021197385997	116.99566458351941	148.85175956957389	49.001700254488959	-1	99.850059315084934	-1	Error
4.0000000000000000	267.01988294543287	172.94102815754349	95.733313656984066	77.207714500559405	94.078854787889370	30.822962694327586	-1	63.255892093561783	-1	OK
4.2500000000000000	175.62567016036738	114.95739334651664	63.122920141206905	51.834473205309720	60.668276813850731	19.768360314857503	-1	40.899916498993228	-1	OK
4.5000000000000000	117.45914252576111	77.638151547232056	42.303361530301785	35.334790016930249	39.820990978529046	12.932144042830918	-1	26.888846935698126	-1	OK
4.7500000000000000	79.753737711667711	53.178278252474541	28.761449809258355	24.416828443216190	26.575459459193166	8.5848718615720934	-1	17.990587597621072	-1	OK
5.0000000000000000	54.865336751659257	36.885092386223775	19.806130958038217	17.078961428185568	17.980244365435478	5.7870213182983727	-1	12.193223047137106	-1	OK
5.2500000000000000	38.206280199915930	25.872995350239634	13.795592906229130	12.077402444010504	12.333284849676298	3.9262566369269822	-1	8.4070282127493154	-1	OK
5.5000000000000000	26.900226975588183	18.332327649775969	9.7075552781137215	8.6247723716622460	8.5678993258122134	2.7221155661119916	-1	5.8457837597002218	-1	OK
5.7500000000000000	19.105803796845464	13.107681869238224	6.8937640677241996	6.2139178015140253	5.9981219276072402	1.8862791457370911	-1	4.1118427818701493	-1	OK
6.0000000000000000	13.686807637386586	9.4488488799959161	4.9360504678640886	4.5127984121318256	4.2379587573906692	1.3278928105246419	-1	2.9100659468660273	-1	OK
6.2500000000000000	9.8821615718324214	6.8617623968680430	3.5606088271183496	3.3011535697496917	3.0203991749643784	0.94059520912716421	-1	2.0798039658372143	-1	OK
6.5000000000000000	7.1848903508461230	5.0162007851387749	2.5856305305263709	2.4305702546124044	2.1686895657073486	0.67166999339514777	-1	1.4970195723122008	-1	OK
6.7500000000000000	5.2562281857416835	3.6891123053069728	1.8889536864946885	1.8001586188122840	1.5671158804347112	0.48192668842748299	-1	1.0851891920072281	-1	OK
7.0000000000000000	3.8659399004199098	2.7278193210946848	1.3874736342328333	1.3403456868618511	1.1381205793252249	0.34877057412092205	-1	0.78935000520430287	-1	OK
7.2500000000000000	2.8577857022290059	2.0268836193764947	1.0240996949068180	1.0027839244696775	0.83090208285251110	0.25323036424843154	-1	0.57767171860407962	-1	OK
7.5000000000000000	2.1224642795470308	1.5126643323225171	0.75919481775228970	0.75346951457022748	0.60979994722451369	0.18491656376998011	-1	0.42488338345453358	-1	OK
7.7500000000000000	1.5826606831266570	1.1333422998769120	0.56501450606169534	0.56832779381521659	0.44931838324974493	0.13547351760896656	-1	0.31384486564077840	-1	OK
8.0000000000000000	1.1847148589440684	0.85212905063595934	0.42196540400387383	0.43016364663208567	0.33258580830810891	9.97514080296842826E-002	-1	0.23283440027842461	-1	OK
8.2500000000000000	0.88997532680475477	0.64269003821647352	0.31610593335495157	0.32658410486152178	0.24728528858828119	7.35427645657664997E-002	-1	0.17374252402251469	-1	OK
8.5000000000000000	0.67019612516013183	0.48607772981063446	0.23745308441760105	0.24862464539303336	0.18411839534949739	5.44179061261213168E-002	-1	0.12970048922337607	-1	OK
8.7500000000000000	0.50609693332203332	0.36852645406658707	0.17879976215873325	0.18972669190785380	0.13757047925544619	4.04098929969247400E-002	-1	9.71605862585214475E-002	-1	OK
9.0000000000000000	0.38291905428739692	0.28000259016679135	0.13491687201593186	0.14508571815085958	0.10291646412060557	3.01226373994545223E-002	-1	7.27938267211510476E-002	-1	OK
9.2500000000000000	0.29039866851958890	0.21313454128326165	0.10198695446718245	0.11114758681607921	7.72641272363272513E-002	2.24629359651367828E-002	-1	5.48011912711904720E-002	-1	OK
9.5000000000000000	0.22063949057889359	0.16248943181197562	7.72116720518879335E-002	8.52777597600876680E-002	5.81500587669179919E-002	1.68126296677558774E-002	-1	4.13374290991621179E-002	-1	OK
9.7500000000000000	0.16785366412829228	0.12404200559168256	5.85287167876082579E-002	6.55132888040743377E-002	4.38116585366097183E-002	1.25552117544471629E-002	-1	3.12564467821625572E-002	-1	OK
10.000000000000000	0.12784211375776855	9.47912262377029746E-002	4.44111121523059413E-002	5.03801140853970125E-002	3.30508875200655680E-002	9.42093156697610366E-003	-1	2.36299559530894626E-002	-1	OK
10.250000000000000	9.74598293978435476E-002	7.24989456042175601E-002	3.37251258194749132E-002	3.87738197847426261E-002	2.49608837936259910E-002	7.07981935351708908E-003	-1	1.78810644401089028E-002	-1	OK
10.500000000000000	7.43093780485915983E-002	5.54831611687739423E-002	2.56245472881974079E-002	2.98586138805765205E-002	1.88262168798176595E-002	5.31327251321037954E-003	-1	1.35129443666072799E-002	-1	OK
10.750000000000000	5.67151758183615379E-002	4.24782458801432200E-002	1.94764563212362143E-002	2.30017895589070022E-002	1.42369299382183144E-002	3.99124181517191041E-003	-1	1.02456881230464040E-002	-1	OK
11.000000000000000	4.33030392930648725E-002	3.25287908978375215E-002	1.48057004264456841E-002	1.77230904713918391E-002	1.07742483952273527E-002	3.00658641953209689E-003	-1	7.76766197569525585E-003	-1	OK
11.250000000000000	3.30445326326527372E-002	2.49096583351383905E-002	1.12544318107859267E-002	1.36552265243524654E-002	8.13487429751435023E-003	2.26047542907192259E-003	-1	5.87439886844242764E-003	-1	OK
11.500000000000000	2.52215569078881353E-002	1.90723096481195710E-002	8.55306903354228348E-003	1.05192406145772823E-002	6.14924725976856434E-003	1.69928171248158954E-003	-1	4.44996554728697459E-003	-1	OK
11.750000000000000	1.92500313500286388E-002	1.45981660396135669E-002	6.49747414710104363E-003	8.10069189251252410E-003	4.65186531041507281E-003	1.27631677714073566E-003	-1	3.37554853327433693E-003	-1	OK
12.000000000000000	1.46819584186410126E-002	1.11677531881392029E-002	4.93302397608649627E-003	6.23472921205270574E-003	3.51420523050181063E-003	9.59790183641233701E-004	-1	2.55441504686057703E-003	-1	OK
12.250000000000000	1.11962383645070798E-002	8.53798410850177547E-003	3.74252362573151845E-003	4.79546048277025658E-003	2.65825425600530385E-003	7.20141208344736309E-004	-1	1.93811304766056754E-003	-1	OK
12.500000000000000	8.53010006712230998E-003	6.52202102899359509E-003	2.83673615660616149E-003	3.68528487238743230E-003	2.00807903812871445E-003	5.40630513190239171E-004	-1	1.46744852493847517E-003	-1	OK
12.750000000000000	6.49262486806001776E-003	4.97719290062218281E-003	2.14789948632444294E-003	2.82929341429774030E-003	1.51543196743783516E-003	4.04870671304764698E-004	-1	1.11056129613307047E-003	-1	OK
13.000000000000000	4.93496781560229681E-003	3.79415685436394366E-003	1.62439270609627943E-003	2.16976414826766445E-003	1.14081096123835293E-003	3.03632560757922867E-004	-1	8.37178400480430122E-004	-1	OK
13.250000000000000	3.74630990559822160E-003	2.88861754971704750E-003	1.22681429337822829E-003	1.66180325633881942E-003	8.57692355881173991E-004	2.27055472549440645E-004	-1	6.30636883331733345E-004	-1	OK
13.500000000000000	2.84215779929220891E-003	2.19621666517213002E-003	9.25187037594562829E-004	1.27102962757756686E-003	6.45941134120079003E-004	1.69688995447632749E-004	-1	4.76252138672446281E-004	-1	OK
13.750000000000000	2.15209695947986106E-003	1.66725708932886191E-003	6.96579532690141468E-004	9.70677556638720553E-004	4.84839870150999361E-004	1.26388295503223572E-004	-1	3.58451574647775789E-004	-1	OK
14.000000000000000	1.62658368364686505E-003	1.26352829750806320E-003	5.23515096365319266E-004	7.40013201142744148E-004	3.63055386138801854E-004	9.34753318142588581E-005	-1	2.69580054324542969E-004	-1	OK
14.250000000000000	1.22754311638564634E-003	9.55860554286070601E-004	3.92695231321802676E-004	5.63165322964267979E-004	2.71682562099575685E-004	6.96440482700620597E-005	-1	2.02038513829513639E-004	-1	OK
14.500000000000000	9.24449242114445935E-004	7.21667063189100275E-004	2.93942299942433465E-004	4.27724763246666809E-004	2.02782178925345688E-004	5.17069165231955700E-005	-1	1.51075262402150111E-004	-1	OK
14.750000000000000	6.94367726090097215E-004	5.43678722949139377E-004	2.19525224690753047E-004	3.24153498258386249E-004	1.50689003140957865E-004	3.80868430843891000E-005	-1	1.12602160056568765E-004	-1	OK
15.000000000000000	5.20409906710853640E-004	4.08667736612196839E-004	1.63553277007708178E-004	2.45114459604488634E-004	1.11742170098656774E-004	2.80424052025175425E-005	-1	8.36997648961392243E-005	-1	OK
15.250000000000000	3.89186154130737440E-004	3.06403299144899566E-004	1.21528839998626530E-004	1.84874459146273050E-004	8.27828549858378735E-005	2.06978646953578697E-005	-1	6.20849902904800004E-005	-1	OK
15.500000000000000	2.90212502393079265E-004	2.29123536204298731E-004	9.00510921020008669E-005	1.39072444102297918E-004	6.10889661887805210E-005	1.52063261532055240E-005	-1	4.58826400355750004E-005	-1	OK
15.750000000000000	2.15799997959629131E-004	1.70854071917933998E-004	6.65272320163246727E-005	1.04326839901609312E-004	4.49459260416951466E-005	1.11019403737113554E-005	-1	3.38439856679837912E-005	-1	OK
16.000000000000000	1.59947726177313179E-004	1.27004644466962603E-004	4.89882940122453352E-005	7.80163504547172547E-005	3.29430817103505620E-005	8.08694915059304865E-006	-1	2.48561325597575134E-005	-1	OK
16.250000000000000	1.18170009596301051E-004	9.41035607501947759E-005	3.59499982086864829E-005	5.81535625415082930E-005	2.40664488461062713E-005	5.85071255804409460E-006	-1	1.82157362880621776E-005	-1	OK
16.500000000000000	8.69987914481871213E-005	6.94823309104324478E-005	2.62846645039283716E-005	4.31976664065040694E-005	1.75164605377546803E-005	4.22496552990518175E-006	-1	1.32914950078494977E-005	-1	OK
16.750000000000000	6.37772733123669159E-005	5.11060277793530654E-005	1.91412466777801534E-005	3.19647811015729086E-005	1.26712455330138488E-005	3.03468529324281327E-006	-1	9.63656023977103510E-006	-1	OK
17.000000000000000	4.65562353642997657E-005	3.74369872615251683E-005	1.38801791213619123E-005	2.35568081401632510E-005	9.11924810277459392E-006	2.17279190633003945E-006	-1	6.94645619644455447E-006	-1	OK
17.250000000000000	3.38454549471464011E-005	2.73044051404746132E-005	1.00195571679411585E-005	1.72848479725334580E-005	6.54104980667178963E-006	1.54566176246848765E-006	-1	4.99538804420330220E-006	-1	OK
17.500000000000000	2.44857399974373335E-005	1.98236536123058800E-005	7.19813353348565327E-006	1.26255200788202234E-005	4.66208638513145344E-006	1.08805369983646693E-006	-1	3.57403268529498672E-006	-1	OK
17.750000000000000	1.76236769177661611E-005	1.43211787371343094E-005	5.14433910656257578E-006	9.17683963057173277E-006	3.30249818063185047E-006	7.68890956658159289E-007	-1	2.53360722397369129E-006	-1	OK
18.000000000000000	1.26165279045338999E-005	1.02886692892208267E-005	3.65577857167444627E-006	6.63289071754638088E-006	2.32785861531307364E-006	5.36554947706560708E-007	-1	1.79130366760651283E-006	-1	OK
18.250000000000000	8.97849713283552586E-006	7.35014765332794755E-006	2.58277812775171340E-006	4.76736952557623204E-006	1.62834947950757852E-006	3.73154275308724159E-007	-1	1.25519520419885436E-006	-1	OK
18.500000000000000	6.35346372818187487E-006	5.21983489818964787E-006	1.81327955234672384E-006	3.40655534584292381E-006	1.13362882999222658E-006	2.56854124022283800E-007	-1	8.76774705969942778E-007	-1	OK
18.750000000000000	4.46510882304226288E-006	3.68183608653327234E-006	1.26419739995524510E-006	2.41763868657802787E-006	7.83272736508990433E-007	1.76034172577132505E-007	-1	6.07238563931857902E-007	-1	OK
19.000000000000000	3.11417966382848652E-006	2.57828174717290601E-006	8.74905121095100122E-007	1.70337662607780589E-006	5.35897916655580617E-007	1.19609292142768088E-007	-1	4.16288624512812555E-007	-1	OK
19.250000000000000	2.15598314874973771E-006	1.79214021272674806E-006	6.00821078202854804E-007	1.19131913452389315E-006	3.63842936022989656E-007	7.95459321610509084E-008	-1	2.84297003861938721E-007	-1	OK
19.500000000000000	1.48040230598390674E-006	1.23560815000952277E-006	4.09130473458317755E-007	8.26477676551204851E-007	2.44794155974383975E-007	5.30001486492436658E-008	-1	1.91794007325140296E-007	-1	OK
19.750000000000000	1.00725736039424046E-006	8.44343045547570256E-007	2.76061683311772673E-007	5.68281362235797741E-007	1.62914314846670232E-007	3.49698410339102630E-008	-1	1.27944473812759975E-007	-1	OK
20.000000000000000	6.78951745659482335E-007	5.71517757690779497E-007	1.84460947813997888E-007	3.87056809876781477E-007	1.07433987968702825E-007	2.30320845189868750E-008	-1	8.44019034497159530E-008	-1	OK
