#pt	totcs	totdirect	directLO	directNLO	totfrag	fragLO	err_fragLO	fragNLO	err_fragNLO	errmess
0.50000000000000000	31135121.702152416	-38293128.537813365	16743097.499039922	-55036226.036853313	69428250.239965782	20288320.638730165	-1	49139929.601235613	-1	Error
0.75000000000000000	10379217.869821347	1707398.3047923520	1751219.4041460962	-43821.099353742262	8671819.5650289953	2731390.7480014535	-1	5940428.8170275418	-1	Error
1.0000000000000000	2483487.0949485595	679479.53843914613	401510.06687858317	277969.47156056273	1804007.5565094135	628498.66099071491	-1	1175508.8955186987	-1	Error
1.2500000000000000	757371.16919052624	252247.32436384395	130142.03708750938	122105.28727633454	505123.84482668230	194078.70661230970	-1	311045.13821437256	-1	Error
1.5000000000000000	269327.41922112042	104382.61142935041	52990.915543792995	51391.695885557398	164944.80779177000	69417.308035540060	-1	95527.499756229940	-1	Error
1.7500000000000000	101960.40463938813	46807.987455222086	24813.233796861470	21994.753658360612	55152.417184166043	24047.990721514256	-1	31104.426462651787	-1	Error
2.0000000000000000	44038.323893791377	22589.521612445482	12341.176052427531	10248.345560017953	21448.802281345896	9591.0928565045378	-1	11857.709424841358	-1	Error
2.2500000000000000	21005.257563659325	11606.941499782190	6485.1823185029562	5121.7591812792325	9398.3160638771333	4260.8809453535914	-1	5137.4351185235419	-1	Error
2.5000000000000000	10794.455747874734	6285.9139078374510	3574.0040326349963	2711.9098752024547	4508.5418400372837	2060.9287098042973	-1	2447.6131302329864	-1	Error
2.7500000000000000	5875.7732142731120	3558.1422384754396	2051.4853728575704	1506.6568656178686	2317.6309757976724	1063.0624982900308	-1	1254.5684775076415	-1	Error
3.0000000000000000	3347.3361166335576	2091.1512606062765	1219.4362037827289	871.71505682354768	1256.1848560272811	579.39867383855926	-1	676.78618218872180	-1	Error
3.2500000000000000	1983.9487234924891	1268.9955259644616	746.95467461943156	522.04085134503009	714.95319752802743	329.27697145144538	-1	385.67622607658205	-1	Error
3.5000000000000000	1214.2518116321016	791.63431503790571	469.60331172542095	322.03100331248470	422.61749659419581	194.59122002377691	-1	228.02627657041890	-1	Error
3.7500000000000000	763.74233129748757	505.86745775313113	302.03151020745332	203.83594754567787	257.87487354435643	118.54360252609436	-1	139.33127101826207	-1	Error
4.0000000000000000	491.92896848703799	330.14286295961665	198.17989088453618	131.96297207508039	161.78610552742137	74.107794609287325	-1	87.678310918134045	-1	OK
4.2500000000000000	323.26233169452780	219.45143948071973	132.32669824682964	87.124741233890120	103.81089221380806	47.295736779504487	-1	56.515155434303573	-1	OK
4.5000000000000000	216.22806621357785	148.23575506014376	89.719022607518511	58.516732452625213	67.992311153434088	30.797093000988294	-1	37.195218152445790	-1	OK
4.7500000000000000	146.87471457797247	101.56162725252719	61.660068543701001	39.901558708826165	45.313087325445288	20.423615860095328	-1	24.889471465349960	-1	OK
5.0000000000000000	101.16961648086487	70.477553535201295	42.896277968435385	27.581275566765928	30.692062945663583	13.680786733968709	-1	17.011276211694874	-1	OK
5.2500000000000000	70.509397532131985	49.475592919527294	30.173764388350786	19.301828531176511	21.033804612604687	9.3829729625073384	-1	11.650831650097349	-1	OK
5.5000000000000000	49.701606742529933	35.098069324483447	21.438011203371680	13.660058121111764	14.603537418046489	6.4712077528725711	-1	8.1323296651739181	-1	OK
5.7500000000000000	35.390349489765420	25.136809047859639	15.370229668553053	9.7665793793065880	10.253540441905779	4.5040292993848077	-1	5.7495111425209711	-1	OK
6.0000000000000000	25.423667025309339	18.158749225251409	11.110785101883808	7.0479641233676027	7.2649178000579298	3.1644373365514298	-1	4.1004804635065000	-1	OK
6.2500000000000000	18.408230018907844	13.220009999843610	8.0912075523730529	5.1288024474705587	5.1882200190642322	2.2452031018092788	-1	2.9430169172549534	-1	OK
6.5000000000000000	13.429932511451863	9.6921139681887354	5.9315888544945290	3.7605251136942073	3.7378185432631272	1.6031483345700517	-1	2.1346702086930756	-1	OK
6.7500000000000000	9.8574792764853143	7.1509206756925003	4.3746217588270735	2.7762989168654268	2.7065586007928149	1.1588713987638606	-1	1.5476872020289543	-1	OK
7.0000000000000000	7.2826403966775661	5.3063833620597638	3.2438883541668471	2.0624950078929176	1.9762570346178026	0.84118422852052877	-1	1.1350728060972739	-1	OK
7.2500000000000000	5.4061182258841249	3.9581529102232165	2.4172220077102540	1.5409309025129621	1.4479653156609085	0.61279140930275977	-1	0.83517390635814870	-1	OK
7.5000000000000000	4.0345277970091518	2.9663515160927565	1.8091600570147672	1.1571914590779895	1.0681762809163955	0.44904586541357366	-1	0.61913041550282188	-1	OK
7.7500000000000000	3.0236534892889004	2.2324735532555247	1.3594112541275372	0.87306229912798805	0.79117993603337589	0.33018128995303642	-1	0.46099864608033947	-1	OK
8.0000000000000000	2.2757501772908020	1.6865687168084411	1.0250852797428445	0.66148343706559654	0.58918146048236064	0.24396448733943160	-1	0.34521697314292904	-1	OK
8.2500000000000000	1.7184768707323699	1.2785337362994791	0.77544015308618386	0.50309358321329534	0.43994313443289079	0.18060891646683302	-1	0.25933421796605777	-1	OK
8.5000000000000000	1.3019190426587057	0.97220587049020013	0.58825260737727436	0.38395326311292566	0.32971317216850554	0.13451101428404980	-1	0.19520215788445575	-1	OK
8.7500000000000000	0.98870931534665907	0.74129408178222078	0.44736360223133292	0.29393047955088791	0.24741523356443829	0.10027111159326636	-1	0.14714412197117194	-1	OK
9.0000000000000000	0.75287311306690052	0.56659842248029391	0.34096147825369588	0.22563694422659794	0.18627469058660659	7.50706415228679924E-002	-1	0.11120404906373860	-1	OK
9.2500000000000000	0.57471707783578152	0.43399105867664756	0.26035702146476691	0.17363403721188073	0.14072601915913402	5.62444808462595550E-002	-1	8.44815383128744712E-002	-1	OK
9.5000000000000000	0.43955259096731442	0.33303174650028949	0.19912872704308490	0.13390301945720456	0.10652084446702494	4.23214156731691049E-002	-1	6.41994287938558311E-002	-1	OK
9.7500000000000000	0.33673973900758170	0.25596341318275800	0.15250590634500941	0.10345750683774858	8.07763258248236915E-002	3.18258647423592042E-002	-1	4.89504610824644873E-002	-1	OK
10.000000000000000	0.25822196258877350	0.19698983638503720	0.11692808676019593	8.00617496248412636E-002	6.12321262037362826E-002	2.39613047414207261E-002	-1	3.72708214623155565E-002	-1	OK
10.250000000000000	0.19820334747194646	0.15176930521639548	8.97285083908696823E-002	6.20407968255258097E-002	4.64340422555509780E-002	1.80997418511385719E-002	-1	2.83343004044124061E-002	-1	OK
10.500000000000000	0.15237823580039239	0.11703067716473430	6.89007533607748079E-002	4.81299238039595567E-002	3.53475586356581106E-002	1.36358506914182245E-002	-1	2.17117079442398844E-002	-1	OK
10.750000000000000	0.11718382574134417	9.03022796797365024E-002	5.29307988446025071E-002	3.73714808351340091E-002	2.68815460616076661E-002	1.03317180425211777E-002	-1	1.65498280190864884E-002	-1	OK
11.000000000000000	9.01902186564900454E-002	6.97117089398321815E-002	4.06732070987243233E-002	2.90385018411078479E-002	2.04785097166578604E-002	7.81856998685478109E-003	-1	1.26599397298030793E-002	-1	OK
11.250000000000000	6.94211528529316557E-002	5.38318388807113163E-002	3.12570613693162053E-002	2.25747775113951214E-002	1.55893139722203325E-002	5.91227558865783064E-003	-1	9.67703838356250186E-003	-1	OK
11.500000000000000	5.34247410110064297E-002	4.15747466515342806E-002	2.40189556378412432E-002	1.75557910136930374E-002	1.18499943594721456E-002	4.46569839513883456E-003	-1	7.38429596433331104E-003	-1	OK
11.750000000000000	4.11304825496245918E-002	3.21072173910584985E-002	1.84523102712929356E-002	1.36549071197655594E-002	9.02326515856609682E-003	3.37638070548543440E-003	-1	5.64688445308066285E-003	-1	OK
12.000000000000000	3.16611033500192596E-002	2.47901492843537082E-002	1.41698424968830106E-002	1.06203067874706941E-002	6.87095406566554968E-003	2.55691442842884359E-003	-1	4.31403963723670653E-003	-1	OK
12.250000000000000	2.43574554635034093E-002	1.91337263404341984E-002	1.08750554255296113E-002	8.25867091490458533E-003	5.22372912306921094E-003	1.93162935617864065E-003	-1	3.29209976689057030E-003	-1	OK
12.500000000000000	1.87370871455544465E-002	1.47601110743738276E-002	8.34023980684482635E-003	6.41987126752900563E-003	3.97697607118061795E-003	1.45775686954878166E-003	-1	2.51921920163183629E-003	-1	OK
12.750000000000000	1.43972811610443285E-002	1.13785163104200213E-002	6.39063010851630663E-003	4.98788620190371637E-003	3.01876485062430814E-003	1.09956858263205392E-003	-1	1.91919626799225422E-003	-1	OK
13.000000000000000	1.10596729561211853E-002	8.76457686514549479E-003	4.89174529999272453E-003	3.87283156515277069E-003	2.29509609097568960E-003	8.29005111723002332E-004	-1	1.46609097925268737E-003	-1	OK
13.250000000000000	8.48730115774191420E-003	6.74445748323540626E-003	3.73997092863256452E-003	3.00448655460284261E-003	1.74284367450650815E-003	6.23931936654913773E-004	-1	1.11891173785159427E-003	-1	OK
13.500000000000000	6.50357828326310686E-003	5.18425322313228066E-003	2.85563131876152756E-003	2.32862190437075267E-003	1.31932506013082576E-003	4.69327333314830232E-004	-1	8.49997726815995532E-004	-1	OK
13.750000000000000	4.97812510647577255E-003	3.97999986813758321E-003	2.17719357488137602E-003	1.80280629325620719E-003	9.98125238338189776E-004	3.52626215571918479E-004	-1	6.45499022766271298E-004	-1	OK
14.000000000000000	3.80468911229259014E-003	3.05111780200531231E-003	1.65723418039754765E-003	1.39388362160776445E-003	7.53571310287277614E-004	2.63473650803865839E-004	-1	4.90097659483411776E-004	-1	OK
14.250000000000000	2.90344685463580447E-003	2.33544562032734397E-003	1.25923217191686973E-003	1.07621344841047338E-003	5.68001234308460490E-004	1.97190142133188033E-004	-1	3.70811092175272485E-004	-1	OK
14.500000000000000	2.21225049028399290E-003	1.78456690874103014E-003	9.54955446904296075E-004	8.29611461836734501E-004	4.27683581542962919E-004	1.46352202950408335E-004	-1	2.81331378592554558E-004	-1	OK
14.750000000000000	1.68157728082895825E-003	1.36105486265934760E-003	7.22684444278350242E-004	6.38370418380997465E-004	3.20522418169610598E-004	1.09415196614008747E-004	-1	2.11107221555601864E-004	-1	OK
15.000000000000000	1.27542192552723135E-003	1.03596588182429611E-003	5.45675111628199437E-004	4.90290770196096784E-004	2.39456043702935211E-004	8.11099139552239062E-005	-1	1.58346129747711291E-004	-1	OK
15.250000000000000	9.65661841114932732E-004	7.86753015343776658E-004	4.11005918496440295E-004	3.75747096847336417E-004	1.78908825771156128E-004	6.03196007852454692E-005	-1	1.18589224985910652E-004	-1	OK
15.500000000000000	7.29382215039364235E-004	5.96097483477118118E-004	3.08776659145832831E-004	2.87320824331285232E-004	1.33284731562246118E-004	4.45945135960237291E-005	-1	8.86902179662223887E-005	-1	OK
15.750000000000000	5.49509136403557720E-004	4.50516840549171913E-004	2.31334284681319132E-004	2.19182555867852781E-004	9.89922958543858206E-005	3.27982358130961889E-005	-1	6.61940600412896316E-005	-1	OK
16.000000000000000	4.12745992220168664E-004	3.39547751210491646E-004	1.72794377421075769E-004	1.66753373789415904E-004	7.31982410096770046E-005	2.40339873492668886E-005	-1	4.91642536604101194E-005	-1	OK
16.250000000000000	3.09037496082923779E-004	2.55167554640412962E-004	1.28657961771036142E-004	1.26509592869376847E-004	5.38699414425108380E-005	1.75741209626628681E-005	-1	3.62958204798479665E-005	-1	OK
16.500000000000000	2.30741111486058360E-004	1.91153270654170412E-004	9.54666205218793331E-005	9.56866501322910793E-005	3.95878408318879339E-005	1.27706836034732054E-005	-1	2.68171572284147267E-005	-1	OK
16.750000000000000	1.71581708631946385E-004	1.42702651909478552E-004	7.05750951236914430E-005	7.21275567857871357E-005	2.88790567224678202E-005	9.25838589146494307E-006	-1	1.96206708310028772E-005	-1	OK
17.000000000000000	1.27190022967938051E-004	1.06138569832100335E-004	5.19671245110027102E-005	5.41714453210976382E-005	2.10514531358377028E-005	6.68063584628291477E-006	-1	1.43708172895547888E-005	-1	OK
17.250000000000000	9.38636905025537141E-005	7.86302640168650492E-005	3.81032544293068644E-005	4.05270095875581780E-005	1.52334264856886699E-005	4.76956408877895373E-006	-1	1.04638623969097162E-005	-1	OK
17.500000000000000	6.89847772407975088E-005	5.80080511920242907E-005	2.78121957325547376E-005	3.01958554594695395E-005	1.09767260487732131E-005	3.41175991186604550E-006	-1	7.56496613690716760E-006	-1	OK
17.750000000000000	5.04656271910393779E-005	4.25995016916889144E-005	2.02013729052220807E-005	2.23981287864668303E-005	7.86612549935046011E-006	2.42691701382349411E-006	-1	5.43920848552696601E-006	-1	OK
18.000000000000000	3.67274694449027398E-005	3.11254097250404126E-005	1.45956181343722028E-005	1.65297915906682013E-005	5.60205971986232634E-006	1.71160596791002678E-006	-1	3.89045375195229956E-006	-1	OK
18.250000000000000	2.65862963229590453E-005	2.26236975357286948E-005	1.04871173530986604E-005	1.21365801826300327E-005	3.96259878723034968E-006	1.20170127666506151E-006	-1	2.76089751056528837E-006	-1	OK
18.500000000000000	1.91422878354666369E-005	1.63536712645389533E-005	7.49029190603013252E-006	8.86337935850882413E-006	2.78861657092768196E-006	8.34958298998425767E-007	-1	1.95365827192925609E-006	-1	OK
18.750000000000000	1.36970613990876196E-005	1.17474651925718443E-005	5.31481076702507992E-006	6.43265442554676443E-006	1.94959620651577524E-006	5.76580665317051813E-007	-1	1.37301554119872343E-006	-1	OK
19.000000000000000	9.73131355263961272E-006	8.38207103308934506E-006	3.74490291262543082E-006	4.63716812046391298E-006	1.34924251955026723E-006	3.96904430532808331E-007	-1	9.52338089017458904E-007	-1	OK
19.250000000000000	6.86633848606348075E-006	5.93931746781545723E-006	2.61931501677476908E-006	3.32000245104068773E-006	9.27021018248023197E-007	2.68398763145707515E-007	-1	6.58622255102315735E-007	-1	OK
19.500000000000000	4.80778204677341248E-006	4.17664140410808883E-006	1.81738915868184608E-006	2.35925224542624296E-006	6.31140642665323759E-007	1.79195122102146883E-007	-1	4.51945520563176876E-007	-1	OK
19.750000000000000	3.33861976565917175E-006	2.91275221819067514E-006	1.25005500054959620E-006	1.66269721764107873E-006	4.25867547468496607E-007	1.19938134908648038E-007	-1	3.05929412559848569E-007	-1	OK
20.000000000000000	2.29830818469990176E-006	2.01327470883745598E-006	8.51835694610550064E-007	1.16143901422690623E-006	2.85033475862445782E-007	7.98269431772574954E-008	-1	2.05206532685188286E-007	-1	OK
