#pt	totcs	totdirect	directLO	directNLO	totfrag	fragLO	err_fragLO	fragNLO	err_fragNLO	errmess
0.50000000000000000	37213107.227485605	3863435.2021501418	8596907.6485083513	-4733472.4463582076	33349672.025335461	10008028.458448367	-1	23341643.566887096	-1	Error
0.75000000000000000	4235646.4289187649	1177451.1485287368	1198367.8335994424	-20916.685070705749	3058195.2803900284	949422.68645363045	-1	2108772.5939363977	-1	Error
1.0000000000000000	885056.48404052248	335439.17497449293	270510.51117094338	64928.663803549593	549617.30906602950	172795.27786198910	-1	376822.03120404040	-1	Error
1.2500000000000000	256329.09773940445	113565.97481384152	81474.382863731938	32091.591950109610	142763.12292556293	44887.355184783410	-1	97875.767740779527	-1	Error
1.5000000000000000	91254.717046008926	44435.363567952838	29675.429241274509	14759.934326678329	46819.353478056088	14705.537533516976	-1	32113.815944539114	-1	Error
1.7500000000000000	37440.596659323885	19438.641614131178	12360.701502495134	7077.9401116360459	18001.955045192710	5643.8888088590429	-1	12358.066236333667	-1	Error
2.0000000000000000	17030.352408440791	9274.6608842823971	5687.9736176933311	3586.6872665890642	7755.6915241583938	2429.7538717837110	-1	5325.9376523746832	-1	Error
2.2500000000000000	8394.3516713852441	4739.5175279203713	2825.8873956064162	1913.6301323139542	3654.8341434648719	1139.0911592948817	-1	2515.7429841699905	-1	Error
2.5000000000000000	4406.8312100470885	2559.9820037564409	1491.8175800301130	1068.1644237263279	1846.8492062906471	573.41966770561942	-1	1273.4295385850278	-1	Error
2.7500000000000000	2432.6454869315148	1447.1570686582716	827.25321708394074	619.90385157433047	985.48841827324338	304.85880368070895	-1	680.62961459253438	-1	Error
3.0000000000000000	1400.3917510603937	849.72216594872998	477.73357657094067	371.98858937778942	550.66958511166388	169.58101704895125	-1	381.08856806271262	-1	Error
3.2500000000000000	834.95334514180195	515.17509863163798	285.42978862833974	229.74531000329819	319.77824651016391	97.992218433413598	-1	221.78602807675031	-1	Error
3.5000000000000000	512.64248865015986	321.01673737771387	175.52830801266106	145.48842936505278	191.62575127244602	58.391793339784726	-1	133.23395793266130	-1	Error
3.7500000000000000	322.97637406755564	204.81943362878198	110.65045658443196	94.168977044350072	118.15694043877363	35.782931676062077	-1	82.374008762711554	-1	Error
4.0000000000000000	207.98663536105838	133.39668898544144	71.264096702867320	62.132592282574116	74.589946375616933	22.466984411493208	-1	52.122961964123725	-1	OK
4.2500000000000000	136.48810377752048	88.459923497082769	46.764325129122490	41.695598367960287	48.028180280437709	14.385039939304249	-1	33.643140341133460	-1	OK
4.5000000000000000	91.076244325355773	59.600037345239933	31.196058700391841	28.403978644848102	31.476206980115837	9.3920747776854725	-1	22.084132202430364	-1	OK
4.7500000000000000	61.697295433833254	40.724843133468802	21.115161944455480	19.609681189013326	20.972452300364452	6.2211050357332240	-1	14.751347264631228	-1	OK
5.0000000000000000	42.376996709087180	28.178506495889945	14.477430458002154	13.701076037887786	14.198490213197239	4.1846970528580165	-1	10.013793160339223	-1	OK
5.2500000000000000	29.435596207670947	19.716995368519076	10.041081624991740	9.6759137435273352	9.7186008391518737	2.8333747631505588	-1	6.8852260760013149	-1	OK
5.5000000000000000	20.659124530163481	13.935487711033957	7.0360918847532590	6.8993958262806938	6.7236368191295259	1.9610354221920514	-1	4.7626013969374750	-1	OK
5.7500000000000000	14.640670177132655	9.9384779055880230	4.9760089485636128	4.9624689570244103	4.7021922715446314	1.3560801578544213	-1	3.3461121136902099	-1	OK
6.0000000000000000	10.457595407435331	7.1455263129014499	3.5482769859587773	3.5972493269426717	3.3120690945338804	0.95226298847501278	-1	2.3598061060588678	-1	OK
6.2500000000000000	7.5318994941903394	5.1751475503567343	2.5490590740632029	2.6260884762935319	2.3567519438336055	0.67251509387858910	-1	1.6842368499550164	-1	OK
6.5000000000000000	5.4606475183462013	3.7727726392570458	1.8434837289796022	1.9292889102774424	1.6878748790891558	0.47910908060811463	-1	1.2087657984810412	-1	OK
6.7500000000000000	3.9835429280250332	2.7668088835462941	1.3412665505762220	1.4255423329700727	1.2167340444787391	0.34352372035297440	-1	0.87321032412576471	-1	OK
7.0000000000000000	2.9220588231074047	2.0399389073703018	0.98116495273767967	1.0587739546326225	0.88211991573710280	0.24774689183397261	-1	0.63437302390313022	-1	OK
7.2500000000000000	2.1534255946016039	1.5112950090728015	0.72124836547612614	0.79004664359667554	0.64213058552880242	0.17946472855281614	-1	0.46266585697598628	-1	OK
7.5000000000000000	1.5947413287840879	1.1244904256399320	0.53250209402244086	0.59198833161749109	0.47025090314415585	0.13071307850408817	-1	0.33953782464006765	-1	OK
7.7500000000000000	1.1853659259800529	0.83992842778780596	0.39468722718335408	0.44524120060445188	0.34543749819224689	9.55106246086581123E-002	-1	0.24992687358358878	-1	OK
8.0000000000000000	0.88462290784970410	0.62955072166110848	0.29355883147157003	0.33599189018953834	0.25507218618859556	7.01443606803917596E-002	-1	0.18492782550820380	-1	OK
8.2500000000000000	0.66232774193707289	0.47331184705300122	0.21901552567800198	0.25429632137499925	0.18901589488407167	5.16295873330354788E-002	-1	0.13738630755103620	-1	OK
8.5000000000000000	0.49730275122109807	0.35681538920770106	0.16384600212270742	0.19296938708499364	0.14048736201339701	3.80749231693684534E-002	-1	0.10241243884402856	-1	OK
8.7500000000000000	0.37433202754078959	0.26962703048028830	0.12286433162752095	0.14676269885276730	0.10470499706050128	2.82320724048189912E-002	-1	7.64729246556822839E-002	-1	OK
9.0000000000000000	0.28230386449502493	0.20416396149095073	9.23230240925246443E-002	0.11184093739842607	7.81399030040741960E-002	2.09729724711307589E-002	-1	5.71669305329434371E-002	-1	OK
9.2500000000000000	0.21334970680685600	0.15486610868615266	6.94952216802234429E-002	8.53708870059292080E-002	5.84835981207033478E-002	1.56219491660964313E-002	-1	4.28616489546069165E-002	-1	OK
9.5000000000000000	0.16157185734678928	0.11764542959951779	5.23889903587998126E-002	6.52564392407179727E-002	4.39264277472714779E-002	1.16459015503554003E-002	-1	3.22805261969160776E-002	-1	OK
9.7500000000000000	0.12248025551429448	8.94804784599160935E-002	3.95413821475197255E-002	4.99390963123963819E-002	3.29997770543783778E-002	8.68684070032072972E-003	-1	2.43129363540576481E-002	-1	OK
10.000000000000000	9.29600454037094459E-002	6.81232278102095884E-002	2.98728309750217191E-002	3.82503968351878554E-002	2.48368175934998610E-002	6.49785251517795166E-003	-1	1.83389650783219102E-002	-1	OK
10.250000000000000	7.05943149370463485E-002	5.19022051547432389E-002	2.25847875475259259E-002	2.93174176072173061E-002	1.86921097823031027E-002	4.86474181251002075E-003	-1	1.38273679697930828E-002	-1	OK
10.500000000000000	5.36401222177570955E-002	3.95641378932916482E-002	1.70833127745364695E-002	2.24808251187551718E-002	1.40759843244654455E-002	3.64100115782580022E-003	-1	1.04349831666396449E-002	-1	OK
10.750000000000000	4.07758600448364580E-002	3.01688757861485884E-002	1.29259275835323338E-002	1.72429482026162581E-002	1.06069842586878713E-002	2.72744200820826182E-003	-1	7.87954225047960907E-003	-1	OK
11.000000000000000	3.09997022117313482E-002	2.30081377261924166E-002	9.78138466079311354E-003	1.32267530653992979E-002	7.99156448553893159E-003	2.04838583550779772E-003	-1	5.94317865003113344E-003	-1	OK
11.250000000000000	2.35717583676146210E-002	1.75455670066902852E-002	7.40109854761277983E-003	1.01444684590775054E-002	6.02619136092433488E-003	1.53563230317090601E-003	-1	4.49055905775342865E-003	-1	OK
11.500000000000000	1.79218095967567312E-002	1.33769903964112910E-002	5.59860297522661067E-003	7.77838742118467773E-003	4.54481920034544018E-003	1.15118406688794589E-003	-1	3.39363513345749407E-003	-1	OK
11.750000000000000	1.36212086967828147E-002	1.01947965587265328E-002	4.23321913469025708E-003	5.96157742403627660E-003	3.42641213805628276E-003	8.63116651676759466E-004	-1	2.56329548637952319E-003	-1	OK
12.000000000000000	1.03455053273571827E-002	7.76494090530716833E-003	3.19882395991023805E-003	4.56611694539692942E-003	2.58056442205001433E-003	6.46562933108437462E-004	-1	1.93400148894157676E-003	-1	OK
12.250000000000000	7.85665205753052764E-003	5.91007043024515625E-003	2.41533726119817554E-003	3.49473316904698201E-003	1.94658162728537161E-003	4.84464914807884544E-004	-1	1.46211671247748701E-003	-1	OK
12.500000000000000	5.95984953830338074E-003	4.49421426481952033E-003	1.82201269652701729E-003	2.67220156829250282E-003	1.46563527348386020E-003	3.62547657342904945E-004	-1	1.10308761614095530E-003	-1	OK
12.750000000000000	4.51632328855742886E-003	3.41399105243145491E-003	1.37293750400851165E-003	2.04105354842294391E-003	1.10233223612597351E-003	2.70889690612711239E-004	-1	8.31442545513262328E-004	-1	OK
13.000000000000000	3.41822782376212646E-003	2.59041797906380336E-003	1.03326887167407792E-003	1.55714910738972523E-003	8.27809844698322995E-004	2.02440185686362248E-004	-1	6.25369659011960747E-004	-1	OK
13.250000000000000	2.58299035009972727E-003	1.96280094645855411E-003	7.76525776082743341E-004	1.18627517037581142E-003	6.20189403641173268E-004	1.50701561306174140E-004	-1	4.69487842334999155E-004	-1	OK
13.500000000000000	1.95069870526962032E-003	1.48509332099353497E-003	5.82683873740420907E-004	9.02409447253113952E-004	4.65605384276085411E-004	1.12231204413989401E-004	-1	3.53374179862096024E-004	-1	OK
13.750000000000000	1.47029362745067856E-003	1.12184184376560724E-003	4.36485123536072938E-004	6.85356720229534462E-004	3.48451783685071374E-004	8.35535866712128894E-005	-1	2.64898197013858471E-004	-1	OK
14.000000000000000	1.10612815960753927E-003	8.45895639504693278E-004	3.26353979023109907E-004	5.19541660481583479E-004	2.60232520102845935E-004	6.15055669779302101E-005	-1	1.98726953124915724E-004	-1	OK
14.250000000000000	8.30682227111968026E-004	6.36631299678143327E-004	2.43525466907938064E-004	3.93105832770205372E-004	1.94050927433824752E-004	4.56853686789426001E-005	-1	1.48365558754882146E-004	-1	OK
14.500000000000000	6.22490198273808679E-004	4.78127044056263586E-004	1.81318726738121641E-004	2.96808317318141891E-004	1.44363154217545066E-004	3.38024419113201041E-005	-1	1.10560712306224961E-004	-1	OK
14.750000000000000	4.65198935504161930E-004	3.58271700955428371E-004	1.34685030035985393E-004	2.23586670919442951E-004	1.06927234548733545E-004	2.48260584115961496E-005	-1	8.21011761371373924E-005	-1	OK
15.000000000000000	3.46823741159531761E-004	2.67829965711099656E-004	9.97956688699996457E-005	1.68034296841100105E-004	7.89937754484320908E-005	1.82364854670343393E-005	-1	6.07572899813977550E-005	-1	OK
15.250000000000000	2.58025907273576414E-004	1.99684510742208367E-004	7.37403909897584009E-005	1.25944119752449966E-004	5.83413965313680735E-005	1.34073546181013332E-005	-1	4.49340419132667420E-005	-1	OK
15.500000000000000	1.91350632035502618E-004	1.48467673713148393E-004	5.43310064395105717E-005	9.41366672736378417E-005	4.28829583223542320E-005	9.82869958486800526E-006	-1	3.30542587374862284E-005	-1	OK
15.750000000000000	1.41525421172958987E-004	1.10064518333302842E-004	3.99069009023207349E-005	7.01576174309821141E-005	3.14609028396561520E-005	7.15050914424398330E-006	-1	2.43103936954121704E-005	-1	OK
16.000000000000000	1.04285164028524645E-004	8.13277592263693980E-005	2.92133338775853890E-005	5.21144253487840090E-005	2.29574048021552434E-005	5.18447399288257506E-006	-1	1.77729308092726683E-005	-1	OK
16.250000000000000	7.66002162155658152E-005	5.98917515141705957E-005	2.13099222090233547E-005	3.85818293051472477E-005	1.67084647013952230E-005	3.74218586587767162E-006	-1	1.29662788355175509E-005	-1	OK
16.500000000000000	5.60642239381371960E-005	4.39458362669960001E-005	1.54856659434343369E-005	2.84601703235616598E-005	1.21183876711411959E-005	2.68909329208471095E-006	-1	9.42929437905648494E-006	-1	OK
16.750000000000000	4.08516633963718724E-005	3.21166937330894767E-005	1.12069511835341221E-005	2.09097425495553512E-005	8.73496966328239229E-006	1.92697466975633843E-006	-1	6.80799499352605386E-006	-1	OK
17.000000000000000	2.96333134739156339E-005	2.33727653845896940E-005	8.07509376394577361E-006	1.52976716206439153E-005	6.26054808932593985E-006	1.37221704982285553E-006	-1	4.88833103950308410E-006	-1	OK
17.250000000000000	2.14052222973754901E-005	1.69324872888274628E-005	5.79131859203180316E-006	1.11411686967956571E-005	4.47273500854802641E-006	9.72723654419462214E-007	-1	3.50001135412856420E-006	-1	OK
17.500000000000000	1.53837507611296473E-005	1.22091108139511560E-005	4.13303579159146615E-006	8.07607502235969326E-006	3.17463994717849083E-006	6.82323468056863246E-007	-1	2.49231647912162758E-006	-1	OK
17.750000000000000	1.09961002160981775E-005	8.75852463924953272E-006	2.93391436523639154E-006	5.82461027401314076E-006	2.23757557684864516E-006	4.80270281181274962E-007	-1	1.75730529566737020E-006	-1	OK
18.000000000000000	7.81865565065182833E-006	6.24726577793363374E-006	2.07066198251973590E-006	4.17660379541389700E-006	1.57138987271819458E-006	3.34121958770660631E-007	-1	1.23726791394753400E-006	-1	OK
18.250000000000000	5.52521472314574493E-006	4.43044753709354625E-006	1.45271785566289704E-006	2.97772968143064963E-006	1.09476718605219826E-006	2.31176340997313289E-007	-1	8.63590845054884996E-007	-1	OK
18.500000000000000	3.88145064545915075E-006	3.12302830374803541E-006	1.01269290677778880E-006	2.11033539697024661E-006	7.58422341711115347E-007	1.58490094929980775E-007	-1	5.99932246781134572E-007	-1	OK
18.750000000000000	2.70905665152001345E-006	2.18612712938512869E-006	7.00949966969917015E-007	1.48517716241521146E-006	5.22929522134884965E-007	1.08149739443165420E-007	-1	4.14779782691719572E-007	-1	OK
19.000000000000000	1.87432334247808167E-006	1.51902294867161476E-006	4.81545913949647354E-007	1.03747703472196719E-006	3.55300393806466906E-007	7.31264901787553250E-008	-1	2.82173903627711568E-007	-1	OK
19.250000000000000	1.28743414415829853E-006	1.04754368119748349E-006	3.28230702049177966E-007	7.19312979148305629E-007	2.39890462960815089E-007	4.85290845844430168E-008	-1	1.91361378376372059E-007	-1	OK
19.500000000000000	8.76984284643237016E-007	7.16436015986219226E-007	2.21818591559897468E-007	4.94617424426321626E-007	1.60548268657017790E-007	3.21006109629059481E-008	-1	1.28447657694111829E-007	-1	OK
19.750000000000000	5.91995957360763249E-007	4.85554188434729180E-007	1.48520749344763664E-007	3.37033439089965568E-007	1.06441768926034043E-007	2.10908045679711934E-008	-1	8.53509643580628459E-008	-1	OK
20.000000000000000	3.95773724787267956E-007	3.25914273524821376E-007	9.84640577283105817E-008	2.27450215796510821E-007	6.98594512624465531E-008	1.38311273136613005E-008	-1	5.60283239487852525E-008	-1	OK
