#pt	totcs	totdirect	directLO	directNLO	totfrag	fragLO	err_fragLO	fragNLO	err_fragNLO	errmess
0.50000000000000000	74192266.309420824	-1370326.3167429939	7388977.7971314043	-8759304.1138743982	75562592.626163825	22692363.037572950	-1	52870229.588590875	-1	Error
0.75000000000000000	10779246.604319237	1351475.3158925264	1154309.7852007453	197165.53069178227	9427771.2884267103	3028007.0350689590	-1	6399764.2533577513	-1	Error
1.0000000000000000	1991017.8179369729	497521.73068774288	357281.40215969051	140240.32852805231	1493496.0872492301	514588.43992688891	-1	978907.64732234122	-1	Error
1.2500000000000000	540384.96331623860	189007.42210568441	126306.57247144842	62700.849634235979	351377.54121055419	126901.72936386913	-1	224475.81184668507	-1	Error
1.5000000000000000	187083.17760592978	79080.559133436269	50845.777063941307	28234.782069494977	108002.61847249350	40009.806498437996	-1	67992.811974055512	-1	Error
1.7500000000000000	76155.870232714849	36207.268315716850	22734.710313322194	13472.558002394657	39948.601916997999	15003.813872395012	-1	24944.788044602989	-1	Error
2.0000000000000000	34694.722181019009	17886.795806505717	11053.550105836459	6833.2457006692593	16807.926374513288	6396.0818258420841	-1	10411.844548671204	-1	Error
2.2500000000000000	17238.639593563155	9399.8931272504597	5743.0002051393949	3656.8929221110675	7838.7464663126957	2995.7630591437901	-1	4842.9834071689056	-1	Error
2.5000000000000000	9140.8223416785877	5194.2294212355655	3146.5784282967393	2047.6509929388260	3946.5929204430217	1509.1296694029154	-1	2437.4632510401061	-1	Error
2.7500000000000000	5102.0267884632112	2996.0438298282479	1802.8323128024319	1193.2115170258164	2105.9829586349633	808.44558864598037	-1	1297.5373699889828	-1	Error
3.0000000000000000	2975.1011125468954	1793.4437742101072	1073.1907011580502	720.25307305205695	1181.6573383367881	453.62373847848653	-1	728.03359985830161	-1	Error
3.2500000000000000	1798.7757492548167	1108.0082019448175	659.85587091492744	448.15233102989049	690.76754730999926	265.60335671495130	-1	425.16419059504796	-1	Error
3.5000000000000000	1121.6931825202651	703.33642238448283	417.07577067450575	286.26065170997714	418.35676013578217	160.73666216540695	-1	257.62009797037524	-1	Error
3.7500000000000000	718.25563109739801	457.09892041331602	269.99938452800745	187.09953588530854	261.15671068408199	100.09105059227241	-1	161.06566009180958	-1	Error
4.0000000000000000	470.30032417734617	303.25582376639113	178.47073904736891	124.78508471902219	167.04450041095504	63.898767224795343	-1	103.14573318615970	-1	OK
4.2500000000000000	314.17852456925652	204.87928707350466	120.15192797008608	84.727359103418593	109.29923749575188	41.607145473578065	-1	67.692092022173824	-1	OK
4.5000000000000000	213.53785458029728	140.66305341718964	82.211879422129243	58.451173995060401	72.874801163107648	27.628571277442486	-1	45.246229885665159	-1	OK
4.7500000000000000	147.35127409814260	97.972289313619271	57.069587305863358	40.902702007755913	49.378984784523325	18.668446028335765	-1	30.710538756187560	-1	OK
5.0000000000000000	103.08690271339663	69.122264815559816	40.130678755132998	28.991586060426833	33.964637897836816	12.782214527029607	-1	21.182423370807207	-1	OK
5.2500000000000000	73.016927938703219	49.335577621797327	28.548012913671865	20.787564708125462	23.681350316905899	8.8827380546006705	-1	14.798612262305229	-1	OK
5.5000000000000000	52.287807452549131	35.582967709572024	20.521341100506088	15.061626609065922	16.704839742977107	6.2281996440863550	-1	10.476640098890751	-1	OK
5.7500000000000000	37.824234511544965	25.908126173460964	14.891385990456714	11.016740183004258	11.916108338084003	4.4337152863462999	-1	7.4823930517377031	-1	OK
6.0000000000000000	27.603452348997617	19.026799462034763	10.898898189148131	8.1279012728866356	8.5766528869628544	3.1617258247597073	-1	5.4149270622031471	-1	OK
6.2500000000000000	20.320652706348170	14.082998390791268	8.0391147256094833	6.0438836651817835	6.2376543155569033	2.2986480845920574	-1	3.9390062309648459	-1	OK
6.5000000000000000	15.073151852634357	10.498522657981578	5.9718688827944009	4.5266537751871772	4.5746291946527791	1.6655693098666646	-1	2.9090598847861147	-1	OK
6.7500000000000000	11.250864776010369	7.8775422077515582	4.4649250532507851	3.4126171545007713	3.3733225682588106	1.2238782796098238	-1	2.1494442886489868	-1	OK
7.0000000000000000	8.4521641629403295	5.9462140050453627	3.3579577527013589	2.5882562523440025	2.5059501578949663	0.90388014068365563	-1	1.6020700172113107	-1	OK
7.2500000000000000	6.3844615245844940	4.5129156494335403	2.5390409051738234	1.9738747442597167	1.8715458751509535	0.67269928850644045	-1	1.1988465866445130	-1	OK
7.5000000000000000	4.8481029925641108	3.4421823819880557	1.9292690792164437	1.5129133027716117	1.4059206105760553	0.50325264734084585	-1	0.90266796323520948	-1	OK
7.7500000000000000	3.6992877488866673	2.6375165855720004	1.4725307838207353	1.1649858017512644	1.0617711633146669	0.37745385744937493	-1	0.68431730586529205	-1	OK
8.0000000000000000	2.8334588926691184	2.0294161085397047	1.1285423690628424	0.90087373947686300	0.80404278412941355	0.28496433755543166	-1	0.51907844657398194	-1	OK
8.2500000000000000	2.1795269858290700	1.5675113058597532	0.86816062205226230	0.69935068380749099	0.61201567996931672	0.21562507008662130	-1	0.39639060988269542	-1	OK
8.5000000000000000	1.6825745679000090	1.2149829898588793	0.67014064888129177	0.54484234097758755	0.46759157804112961	0.16395789638968025	-1	0.30363368165144933	-1	OK
8.7500000000000000	1.3030250744263858	0.94473729703221054	0.51889572106999993	0.42584157596221073	0.35828777739417528	0.12497658531451164	-1	0.23331119207966364	-1	OK
9.0000000000000000	1.0124563980762646	0.73674291630193378	0.40292175334420538	0.33382116295772846	0.27571348177433097	9.58153970930541582E-002	-1	0.17989808468127683	-1	OK
9.2500000000000000	0.78865603659090100	0.57605521957741523	0.31366695813407836	0.26238826144333677	0.21260081701348571	7.35015211269531565E-002	-1	0.13909929588653255	-1	OK
9.5000000000000000	0.61604837306113769	0.45148889936608005	0.24474626531480626	0.20674263405127377	0.16455947369505761	5.64610045772492852E-002	-1	0.10809846911780832	-1	OK
9.7500000000000000	0.48235574184649677	0.35462174834904792	0.19136417223105048	0.16325757611799743	0.12773399349744882	4.35777358228807282E-002	-1	8.41562576745680940E-002	-1	OK
10.000000000000000	0.37822423720547749	0.27907209039270153	0.14990061634315652	0.12917147404954504	9.91521468127759681E-002	3.36320988111941596E-002	-1	6.55200480015818154E-002	-1	OK
10.250000000000000	0.29712623950835232	0.21999556332525369	0.11761298437301949	0.10238257895223421	7.71306761830986148E-002	2.60643842441858412E-002	-1	5.10662919389127737E-002	-1	OK
10.500000000000000	0.23384732071971992	0.17368855235913261	9.24120931078681179E-002	8.12764592512644907E-002	6.01587683605872975E-002	2.02279150163491260E-002	-1	3.99308533442381680E-002	-1	OK
10.750000000000000	0.18432301087734515	0.13730923224999464	7.27009598048419248E-002	6.46082724451527424E-002	4.70137786273505179E-002	1.57257249519082570E-002	-1	3.12880536754422608E-002	-1	OK
11.000000000000000	0.14547602661424436	0.10867474148109205	5.72550842062583137E-002	5.14196572748337327E-002	3.68012851331523255E-002	1.22291907951695838E-002	-1	2.45720943379827417E-002	-1	OK
11.250000000000000	0.11492685424100015	8.60973922937034730E-002	4.51318239819174447E-002	4.09655683117860561E-002	2.88294619472966758E-002	9.52402344626660478E-003	-1	1.93054385010300728E-002	-1	OK
11.500000000000000	9.08523041366074979E-002	6.82672131826100731E-002	3.56024261135901229E-002	3.26647870690199363E-002	2.25850909539974318E-002	7.40565993540830050E-003	-1	1.51794310185891304E-002	-1	OK
11.750000000000000	7.18736493522005165E-002	5.41671071946115967E-002	2.81022142641068375E-002	2.60648929305047593E-002	1.77065421575889233E-002	5.78174047983362732E-003	-1	1.19248016777552951E-002	-1	OK
12.000000000000000	5.68769515591463978E-002	4.30028094665454233E-002	2.21922727956026800E-002	2.08105366709427468E-002	1.38741420926009745E-002	4.50162017295292847E-003	-1	9.37252191964804693E-003	-1	OK
12.250000000000000	4.50598786855584549E-002	3.41532991459185878E-002	1.75308661251778256E-002	1.66224330207407553E-002	1.09065795396398654E-002	3.52316355070144424E-003	-1	7.38341598893842155E-003	-1	OK
12.500000000000000	3.56982305741820327E-002	2.71326060858174262E-002	1.38512608890395128E-002	1.32813451967779099E-002	8.56562448836460308E-003	2.75700061149850408E-003	-1	5.80862387686609943E-003	-1	OK
12.750000000000000	2.82899502838006994E-002	2.15583375727474436E-002	1.09446524473993424E-002	1.06136851253481011E-002	6.73161271105325414E-003	2.15372255853586497E-003	-1	4.57789015251738873E-003	-1	OK
13.000000000000000	2.24104967983906195E-002	1.71295777353874454E-002	8.64745683043823682E-003	8.48212090494920856E-003	5.28091906300317496E-003	1.68483038887695539E-003	-1	3.59608867412621958E-003	-1	OK
13.250000000000000	1.77604840631341021E-002	1.36096063305471450E-002	6.83126150041967785E-003	6.77834483012747149E-003	4.15087773258695624E-003	1.31433283041517898E-003	-1	2.83654490217177726E-003	-1	OK
13.500000000000000	1.40703938761053242E-002	1.08108048651262990E-002	5.39493581846596688E-003	5.41586904666032862E-003	3.25958901097902522E-003	1.02729853171195686E-003	-1	2.23229047926706836E-003	-1	OK
13.750000000000000	1.11442263210991335E-002	8.58480360766475555E-003	4.25888663539438807E-003	4.32591697227036834E-003	2.55942271343437711E-003	8.03633830313047479E-004	-1	1.75578888312132963E-003	-1	OK
14.000000000000000	8.82388311386234601E-003	6.81440607827955500E-003	3.36037806744966111E-003	3.45402801082989345E-003	2.00947703558279102E-003	6.26613367862530624E-004	-1	1.38286366772026039E-003	-1	OK
14.250000000000000	6.98435226746843205E-003	5.40630550935360370E-003	2.64979686594912604E-003	2.75650864340447896E-003	1.57804675811482813E-003	4.89559936073207099E-004	-1	1.08848682204162103E-003	-1	OK
14.500000000000000	5.52407871540800538E-003	4.28643422604954236E-003	2.08796570389478469E-003	2.19846852215475853E-003	1.23764448935846281E-003	3.81387550672104933E-004	-1	8.56256938686357928E-004	-1	OK
14.750000000000000	4.36649091967468515E-003	3.39615687223850798E-003	1.64393100652629530E-003	1.75222586571221247E-003	9.70334047436177162E-004	2.97260072219098848E-004	-1	6.73073975217078260E-004	-1	OK
15.000000000000000	3.44771089715365745E-003	2.68860454640435995E-003	1.29313768802070202E-003	1.39546685838365858E-003	7.59106350749297505E-004	2.31411447208483702E-004	-1	5.27694903540813776E-004	-1	OK
15.250000000000000	2.72043593592376665E-003	2.12646065172240320E-003	1.01615472757079833E-003	1.11030592415160508E-003	5.93975284201363673E-004	1.80075679701138797E-004	-1	4.13899604500224849E-004	-1	OK
15.500000000000000	2.14522331522557256E-003	1.68019528503791818E-003	7.97620494900448391E-004	8.82574790137469678E-004	4.65028030187654223E-004	1.39941693661122690E-004	-1	3.25086336526531506E-004	-1	OK
15.750000000000000	1.68880414071781774E-003	1.32612487261966091E-003	6.25322456181170950E-004	7.00802416438490181E-004	3.62679268098156768E-004	1.08592642824597012E-004	-1	2.54086625273559756E-004	-1	OK
16.000000000000000	1.32813744771441682E-003	1.04536727517581069E-003	4.89589986566558500E-004	5.55777288609252303E-004	2.82770172538606074E-004	8.35678421808661503E-005	-1	1.99202330357739911E-004	-1	OK
16.250000000000000	1.04318939839632063E-003	8.22992127924379894E-004	3.82780760505201556E-004	4.40211367419178121E-004	2.20197270471940654E-004	6.48348081604278436E-005	-1	1.55362462311512810E-004	-1	OK
16.500000000000000	8.18256385080823193E-004	6.47018421010809404E-004	2.98817291559060419E-004	3.48201129451748876E-004	1.71237964070013762E-004	5.02439072376303103E-005	-1	1.20994056832383445E-004	-1	OK
16.750000000000000	6.40731394662645624E-004	5.07885984910981135E-004	2.32888973776844638E-004	2.74997011134136605E-004	1.32845409751664517E-004	3.87335794979891152E-005	-1	9.41118302536754015E-005	-1	OK
17.000000000000000	5.00606904661258460E-004	3.98050350436184518E-004	1.81198913169097531E-004	2.16851437267086879E-004	1.02556554225073928E-004	2.97448907553820407E-005	-1	7.28116634696918835E-005	-1	OK
17.250000000000000	3.90795360573045530E-004	3.11444895004202933E-004	1.40724914615492910E-004	1.70719980388710132E-004	7.93504655688425834E-005	2.28018127019184888E-005	-1	5.65486528669240980E-005	-1	OK
17.500000000000000	3.04448184267771258E-004	2.43223998633424718E-004	1.09074745733314570E-004	1.34149252900110189E-004	6.12241856343465263E-005	1.75385549821033241E-005	-1	4.36856306522432022E-005	-1	OK
17.750000000000000	2.36676938940405144E-004	1.89582338386345029E-004	8.43691781782650481E-005	1.05213160208079913E-004	4.70946005540601290E-005	1.34350472229340212E-005	-1	3.36595533311261077E-005	-1	OK
18.000000000000000	1.83656742729772194E-004	1.47472002688461704E-004	6.51168112155944725E-005	8.23551914728672585E-005	3.61847400413104901E-005	1.02484097079511059E-005	-1	2.59363303333593842E-005	-1	OK
18.250000000000000	1.42198810925668991E-004	1.14458364632593712E-004	5.01385592308178902E-005	6.43198054017758220E-005	2.77404462930752856E-005	7.79284310694087111E-006	-1	1.99476031861344128E-005	-1	OK
18.500000000000000	1.09786945256880509E-004	8.86273595467046551E-005	3.85098700939298552E-005	5.01174894527748067E-005	2.11595857101758608E-005	5.91026354795556327E-006	-1	1.52493221622202976E-005	-1	OK
18.750000000000000	8.45684394626375661E-005	6.84575844436163990E-005	2.95006112448999528E-005	3.89569731987164563E-005	1.61108550190211671E-005	4.46734282215312079E-006	-1	1.16435121968680455E-005	-1	OK
19.000000000000000	6.49640511512682899E-005	5.27376460910111835E-005	2.25353150056954244E-005	3.02023310853157524E-005	1.22264050602571047E-005	3.36401256284074070E-006	-1	8.86239249741636439E-006	-1	OK
19.250000000000000	4.97598435426219795E-005	4.05109860282654020E-005	1.71628960899814623E-005	2.33480899382839329E-005	9.24885751435657918E-006	2.52650854097915265E-006	-1	6.72234897337742653E-006	-1	OK
19.500000000000000	3.79911082808633772E-005	3.10250571001607765E-005	1.30298226689549905E-005	1.79952344312057877E-005	6.96605118070260328E-006	1.89364055340510579E-006	-1	5.07241062729749791E-006	-1	OK
19.750000000000000	2.89146626049266301E-005	2.36840950485891900E-005	9.85878396774326498E-006	1.38253110808459284E-005	5.23056755633744013E-006	1.41109732779750065E-006	-1	3.81947022853993906E-006	-1	OK
20.000000000000000	2.19295916747911653E-005	1.80198029196328377E-005	7.43314736235136758E-006	1.05866555572814701E-005	3.90978875515832677E-006	1.04395302131762002E-006	-1	2.86583573384070696E-006	-1	OK
20.250000000000000	1.65706447115636787E-005	1.36619728279077572E-005	5.58326811311938615E-006	8.07870471478837019E-006	2.90867188365592279E-006	7.74289900764615624E-007	-1	2.13438198289130727E-006	-1	OK
20.500000000000000	1.24729539607737939E-005	1.03168050459931127E-005	4.17656695727679369E-006	6.14023808871631648E-006	2.15614891478068081E-006	5.69880556453273294E-007	-1	1.58626835832740762E-006	-1	OK
20.750000000000000	9.34997909447720060E-006	7.75830411524240781E-006	3.11090153887907579E-006	4.64740257636333202E-006	1.59167497923479194E-006	4.16715832114055485E-007	-1	1.17495914712073640E-006	-1	OK
21.000000000000000	6.97839765925342638E-006	5.81012712433406831E-006	2.30691870936357395E-006	3.50320841497049520E-006	1.16827053491935828E-006	3.04215045161481146E-007	-1	8.64055489757877135E-007	-1	OK
21.250000000000000	5.18591279011154979E-006	4.33149810903654754E-006	1.70251801529845759E-006	2.62898009373808995E-006	8.54414681075002464E-007	2.20070126884975277E-007	-1	6.34344554190027240E-007	-1	OK
21.500000000000000	3.83337586977970742E-006	3.21281352313956139E-006	1.24991320915961642E-006	1.96290031397994560E-006	6.20562346640145818E-007	1.58830419651487409E-007	-1	4.61731926988658383E-007	-1	OK
21.750000000000000	2.81776386966463420E-006	2.37029638884927972E-006	9.12602671160998736E-007	1.45769371768828098E-006	4.47467480815354696E-007	1.13494731966875366E-007	-1	3.33972748848479343E-007	-1	OK
22.000000000000000	2.05988491993373058E-006	1.73919814940043458E-006	6.62524551972273675E-007	1.07667359742816059E-006	3.20686770533295998E-007	8.02558217935772538E-008	-1	2.40430948739718731E-007	-1	OK
22.250000000000000	1.49772208342035093E-006	1.26869561754312929E-006	4.78031302632435096E-007	7.90664314910694083E-007	2.29026465877221593E-007	5.64916168898527165E-008	-1	1.72534848987368870E-007	-1	OK
22.500000000000000	1.08147638610916501E-006	9.19589620024403644E-007	3.42639936170867757E-007	5.76949683853536099E-007	1.61886766084761420E-007	4.00283915783635015E-008	-1	1.21858374506397918E-007	-1	OK
22.750000000000000	7.75655688152502274E-007	6.62016789490599359E-007	2.43871857705201501E-007	4.18144931785397964E-007	1.13638898661902915E-007	2.75942342059600388E-008	-1	8.60446644559428794E-008	-1	OK
23.000000000000000	5.52219313983393658E-007	4.73160597801059471E-007	1.72280907411154279E-007	3.00879690389905272E-007	7.90587161823342136E-008	1.91883760025671784E-008	-1	5.98703401797670286E-008	-1	OK
23.250000000000000	3.90231573960510649E-007	3.35586991303682639E-007	1.20738016801650627E-007	2.14848974502032145E-007	5.46445826568280359E-008	1.31185524366527645E-008	-1	4.15260302201752698E-008	-1	OK
23.500000000000000	2.73413637312575191E-007	2.36053630814806373E-007	8.38943211667538243E-008	1.52159309648052588E-007	3.73600064977687916E-008	8.87988386833444932E-009	-1	2.84801226294343423E-008	-1	OK
23.750000000000000	1.89879061233893946E-007	1.64576637711252466E-007	5.77615474466911983E-008	1.06815090264561254E-007	2.53024235226414734E-008	5.90113159928813743E-009	-1	1.94012919233533352E-008	-1	OK
24.000000000000000	1.30569001384739954E-007	1.13649901363811914E-007	3.93786933211801131E-008	7.42712080426317677E-008	1.69191000209280529E-008	3.89053431818265112E-009	-1	1.30285657027454018E-008	-1	OK
24.250000000000000	8.88883392781782001E-008	7.76804943636787013E-008	2.65635002866703716E-008	5.11169940770083165E-008	1.12078449144995054E-008	2.58227502585677586E-009	-1	8.62556988864272995E-009	-1	OK
24.500000000000000	5.98227213393774876E-008	5.25100880991534650E-008	1.77155060474165397E-008	3.47945820517369186E-008	7.31263324022402426E-009	1.66483827969723970E-009	-1	5.64779496052678435E-009	-1	OK
24.750000000000000	3.97905941578269989E-008	3.50758208123878089E-008	1.16706991721974678E-008	2.34051216401903460E-008	4.71477334543919005E-009	1.06359892456973125E-009	-1	3.65117442086945881E-009	-1	OK
25.000000000000000	2.61244717848582085E-008	2.31294567424271986E-008	7.58700831526380143E-009	1.55424484271633955E-008	2.99501504243101030E-009	6.61334899257890613E-010	-1	2.33368014317311979E-009	-1	OK
25.250000000000000	1.69113671498036526E-008	1.50404756096392751E-008	4.86186010159783173E-009	1.01786155080414475E-008	1.87089154016437792E-009	4.10757569704032571E-010	-1	1.46013397046034535E-009	-1	OK
25.500000000000000	1.07814738306257016E-008	9.63270104002198576E-009	3.06730194832623451E-009	6.56539909169575125E-009	1.14877279060371506E-009	2.50057296044630637E-010	-1	8.98715494559084470E-010	-1	OK
25.750000000000000	6.76137248631909499E-009	6.06942965343461364E-009	1.90275218864891328E-009	4.16667746478569871E-009	6.91942832884481246E-010	1.47190714884026787E-010	-1	5.44752118000454485E-010	-1	OK
26.000000000000000	4.16282190479945007E-009	3.75478390239138177E-009	1.15852366828221766E-009	2.59626023410916350E-009	4.08038002408068246E-010	8.54842090348733320E-011	-1	3.22553793373194888E-010	-1	OK
26.250000000000000	2.51291118854703646E-009	2.27737904104843252E-009	6.91290147620929963E-010	1.58608889342750255E-009	2.35532147498603993E-010	4.92257494946229121E-011	-1	1.86306398003981068E-010	-1	OK
26.500000000000000	1.48469092232367662E-009	1.35242332856359271E-009	4.03550560989726597E-010	9.48872767573866221E-010	1.32267593760083908E-010	2.73013711379035178E-011	-1	1.04966222622180393E-010	-1	OK
26.750000000000000	8.55824317752051341E-010	7.83600309207614945E-010	2.29803000238365739E-010	5.53797308969249102E-010	7.22240085444364342E-011	1.44964701877248171E-011	-1	5.77275383567116139E-011	-1	OK
27.000000000000000	4.80655743967609051E-010	4.42450277555032277E-010	1.27423084781536096E-010	3.15027192773496207E-010	3.82054664125768126E-011	7.63964569026518724E-012	-1	3.05658207223116254E-011	-1	OK
27.250000000000000	2.62042745318008328E-010	2.42529626115563405E-010	6.85592935576343419E-011	1.73970332557929038E-010	1.95131192024449164E-011	3.84198844683358148E-012	-1	1.56711307556113357E-011	-1	OK
27.500000000000000	1.38257792430998879E-010	1.28690894887252727E-010	3.56824652929369548E-011	9.30084295943157395E-011	9.56689754374614920E-012	1.83542071719855903E-012	-1	7.73147682654759098E-012	-1	OK
27.750000000000000	7.02809475900405705E-011	6.58045676841215880E-011	1.78888529025580230E-011	4.79157147815635682E-011	4.47637990591898488E-012	8.52602512712734817E-013	-1	3.62377739320624996E-012	-1	OK
28.000000000000000	3.43166332251000969E-011	3.23194463655733778E-011	8.60417020609174072E-012	2.37152761594816370E-011	1.99718685952672120E-012	3.80435850419032482E-013	-1	1.61675100910768882E-012	-1	OK
28.250000000000000	1.59749920495011410E-011	1.51382631495004794E-011	3.94558707128538822E-012	1.11926760782150928E-011	8.36728900000662069E-013	1.56864066886210115E-013	-1	6.79864833114451929E-013	-1	OK
28.500000000000000	7.05493973340323663E-012	6.72697120192698938E-012	1.71447318408906812E-012	5.01249801783792045E-012	3.27968531476246898E-013	6.02754110860661345E-014	-1	2.67693120390180739E-013	-1	OK
28.750000000000000	2.93432010832335630E-012	2.81560560142766632E-012	7.00863115927860777E-013	2.11474248549980635E-012	1.18714506895690004E-013	2.13026255359344495E-014	-1	9.74118813597555546E-014	-1	OK
29.000000000000000	1.13750451155303040E-012	1.09832228444958733E-012	2.66638372398759396E-013	8.31683912050828188E-013	3.91822271034429832E-014	6.74939361875417559E-015	-1	3.24328334846888076E-014	-1	OK
29.250000000000000	4.07056918177551508E-013	3.95565818483164741E-013	9.34313010443562336E-014	3.02134517438808545E-013	1.14910996943867460E-014	1.97995680614369341E-015	-1	9.51114288824305179E-015	-1	OK
29.500000000000000	1.32061584119848658E-013	1.29094961537797218E-013	2.96017816149738131E-014	9.94931799228233987E-014	2.96662258205143476E-015	4.79606382449837792E-016	-1	2.48701619960159707E-015	-1	OK
29.750000000000000	3.84544101807409873E-014	3.78206477124526586E-014	8.35780247407860947E-015	2.94628452383740444E-014	6.33762468288329920E-016	9.77421836842871475E-017	-1	5.36020284604042736E-016	-1	OK
30.000000000000000	9.60798316367746266E-015	9.49879544262563486E-015	2.02177338912767593E-015	7.47702205349795893E-015	1.09187721051827315E-016	1.62896804434937377E-017	-1	9.28980406083335741E-017	-1	OK
