#pt	totcs	totdirect	directLO	directNLO	totfrag	fragLO	err_fragLO	fragNLO	err_fragNLO	errmess
0.50000000000000000	61199482.889270410	1776159.0127310306	7723669.5343827819	-5947510.5216517532	59423323.876539379	17833683.698016886	-1	41589640.178522497	-1	Error
0.75000000000000000	6491279.8315459155	1253836.0122221306	1380220.9539154570	-126384.94169332612	5237443.8193237847	1671717.0022158406	-1	3565726.8171079438	-1	Error
1.0000000000000000	1320381.3594668861	415430.02351288527	348686.03218057402	66743.991332311052	904951.33595400094	300497.64101767831	-1	604453.69493632263	-1	Error
1.2500000000000000	381522.10704613582	151048.20559732086	112085.72162372508	38962.483973595765	230473.90144881496	77896.677486343397	-1	152577.22396247156	-1	Error
1.5000000000000000	136389.44946364773	61677.428357168450	42633.820632662202	19043.607724506244	74712.021106479297	25434.474578155841	-1	49277.546528323452	-1	Error
1.7500000000000000	56486.376261916994	27857.973498239448	18382.433656883077	9475.5398413563744	28628.402763677546	9812.0748584305657	-1	18816.327905246981	-1	Error
2.0000000000000000	26054.433888469561	13641.544501325250	8709.2283013848082	4932.3161999404429	12412.889387144312	4255.9375706832498	-1	8156.9518164610627	-1	Error
2.2500000000000000	13024.033776950653	7130.2249987125042	4440.3608175401750	2689.8641811723305	5893.8087782381490	2021.2976872314239	-1	3872.5110910067251	-1	Error
2.5000000000000000	6931.9856394346689	3931.1200580620275	2400.5777552815675	1530.5423027804588	3000.8655813726414	1030.5884552218772	-1	1970.2771261507642	-1	Error
2.7500000000000000	3884.7968241786821	2265.5693277462115	1361.4470138623317	904.12231388387988	1619.2274964324706	554.52984161729978	-1	1064.6976548151708	-1	Error
3.0000000000000000	2270.5953906790519	1355.1306063239786	803.38598829836849	551.74461802560995	915.46478435507311	313.16661305409764	-1	602.29817130097547	-1	Error
3.2500000000000000	1375.2363286116338	836.57097135517006	490.18975801908408	346.38121333608592	538.66535725646372	183.78945182987715	-1	354.87590542658654	-1	Error
3.5000000000000000	858.16864771289579	530.66693803063322	307.74282363605789	222.92411439457521	327.50170968226263	111.39719584057330	-1	216.10451384168931	-1	Error
3.7500000000000000	549.49466644284325	344.64232769472636	198.00783245289455	146.63449524183170	204.85233874811686	69.427076005618972	-1	135.42526274249789	-1	Error
4.0000000000000000	359.69640539566495	228.47849636782476	130.15200858162407	98.326487786200673	131.21790902784019	44.328699926518617	-1	86.889209101321569	-1	OK
4.2500000000000000	240.14241671574760	154.23635137427993	87.166866629025222	67.069484745254684	85.906065341467666	28.849518413093193	-1	57.056546928374473	-1	OK
4.5000000000000000	163.10788940589003	105.80113587816777	59.350794207203158	46.450341670964612	57.306753527722250	19.162160075954624	-1	38.144593451767626	-1	OK
4.7500000000000000	112.45557240129719	73.620665337367399	41.008413265591891	32.612252071775515	38.834907063929791	12.920845093470739	-1	25.914061970459052	-1	OK
5.0000000000000000	78.600070079298675	51.887399453906475	28.708024660426052	23.179374793480431	26.712670625392203	8.8542054109024981	-1	17.858465214489705	-1	OK
5.2500000000000000	55.604792534368755	36.992353118713282	20.334177084818343	16.658176033894946	18.612439415655469	6.1481358832321673	-1	12.464303532423301	-1	OK
5.5000000000000000	39.761111201990389	26.647808762266955	14.555648935421335	12.092159826845617	13.113302439723435	4.3122256940063863	-1	8.8010767457170491	-1	OK
5.7500000000000000	28.719865985833621	19.376814675776075	10.519018741765480	8.8577959340105945	9.3430513100575467	3.0609765311762640	-1	6.2820747788812827	-1	OK
6.0000000000000000	20.946194726728407	14.210178177264249	7.6677715693384725	6.5424066079257770	6.7360165494641597	2.1797730543587224	-1	4.5562434951054378	-1	OK
6.2500000000000000	15.388939511074986	10.502122529573873	5.6333448382598670	4.8687776913140075	4.8868169815011129	1.5822739569320001	-1	3.3045430245691128	-1	OK
6.5000000000000000	11.392142380063330	7.8166481117413067	4.1683081032956375	3.6483400084456683	3.5754942683220228	1.1452507087589947	-1	2.4302435595630278	-1	OK
6.7500000000000000	8.4861724518927701	5.8553913835440046	3.1043472734401121	2.7510441101038925	2.6307810683487656	0.84057804253434365	-1	1.7902030258144219	-1	OK
7.0000000000000000	6.3625179163608836	4.4120683988462366	2.3256797886615002	2.0863886101847369	1.9504495175146470	0.61957104601863899	-1	1.3308784714960080	-1	OK
7.2500000000000000	4.7976362352642932	3.3424177624287177	1.7517508373002633	1.5906669251284542	1.4552184728355753	0.46032716682514280	-1	0.99489130601043252	-1	OK
7.5000000000000000	3.6349558425835644	2.5445150498774263	1.3259606684051946	1.2185543814722317	1.0904407927061384	0.34344678540049456	-1	0.74699400730564380	-1	OK
7.7500000000000000	2.7676224898652428	1.9458072861052496	1.0081852098143382	0.93762207629091099	0.82181520375999317	0.25710047296371386	-1	0.56471473079627932	-1	OK
8.0000000000000000	2.1152193645327917	1.4940595813760029	0.76970625941511983	0.72435332196088320	0.62115978315678866	0.19383083295004219	-1	0.42732895020674644	-1	OK
8.2500000000000000	1.6232021284608811	1.1514862888950745	0.58983288125324207	0.56165340764183258	0.47171583956580659	0.14640797067494549	-1	0.32530786889086111	-1	OK
8.5000000000000000	1.2501853637041100	0.89049605320773484	0.45353371777691609	0.43696233543081858	0.35968931049637509	0.11110765734793905	-1	0.24858165314843605	-1	OK
8.7500000000000000	0.96586609834036707	0.69079862860981600	0.34981074676063423	0.34098788184918166	0.27506746973055107	8.46418140534738461E-002	-1	0.19042565567707723	-1	OK
9.0000000000000000	0.74863293933814534	0.53740503919093441	0.27056864136654774	0.26683639782438662	0.21122790014721096	6.46514760551303441E-002	-1	0.14657642409208060	-1	OK
9.2500000000000000	0.58160041380482197	0.41914219787717760	0.20980811216200634	0.20933408571517137	0.16245821592764437	4.94757105363992783E-002	-1	0.11298250539124509	-1	OK
9.5000000000000000	0.45316800283370851	0.32765975187678487	0.16306442003104940	0.16459533184573547	0.12550825095692364	3.79569494205295524E-002	-1	8.75513015363940938E-002	-1	OK
9.7500000000000000	0.35373080702820137	0.25667794457367293	0.12699480830087867	0.12968313627279435	9.70528624545284047E-002	2.91749383823507458E-002	-1	6.78779240721776589E-002	-1	OK
10.000000000000000	0.27666551070094381	0.20144398976301603	9.90838202302884025E-002	0.10236016953272761	7.52215209379278049E-002	2.25089128721483386E-002	-1	5.27126080657794663E-002	-1	OK
10.250000000000000	0.21670946619830700	0.15835668700158412	7.74320936023515510E-002	8.09245933992325667E-002	5.83527791967228815E-002	1.73917311234401961E-002	-1	4.09610480732826854E-002	-1	OK
10.500000000000000	0.17005650085599294	0.12466626855235712	6.05973042124076169E-002	6.40689643399495051E-002	4.53902323036358205E-002	1.34674216179427840E-002	-1	3.19228106856930399E-002	-1	OK
10.750000000000000	0.13365773082523946	9.82658199289866141E-002	4.74805038000669366E-002	5.07853161289196983E-002	3.53919108962528553E-002	1.04467887661879658E-002	-1	2.49451221300648895E-002	-1	OK
11.000000000000000	0.10517201355907188	7.75405609017517372E-002	3.72419922523012439E-002	4.02985686494504863E-002	2.76314526573201436E-002	8.11222679525836279E-003	-1	1.95192258620617808E-002	-1	OK
11.250000000000000	8.28273623495409672E-002	6.12426650547642226E-002	2.92368716658538731E-002	3.20057933889103391E-002	2.15846972947767377E-002	6.29790658022624534E-003	-1	1.52867907145504932E-002	-1	OK
11.500000000000000	6.52867115567510731E-002	4.84061357857974925E-002	2.29687316070146391E-002	2.54374041787828430E-002	1.68805757709535806E-002	4.89036127192725607E-003	-1	1.19902144990263245E-002	-1	OK
11.750000000000000	5.14903342410572840E-002	3.82833512449955171E-002	1.80545760447484854E-002	2.02287752002470282E-002	1.32069829960617703E-002	3.80997416465790823E-003	-1	9.39700883140386252E-003	-1	OK
12.000000000000000	4.06085126954326553E-002	3.02912689975543270E-002	1.41976328672585236E-002	1.60936361302958103E-002	1.03172436978783283E-002	2.96378549737185077E-003	-1	7.35345820050647796E-003	-1	OK
12.250000000000000	3.20633397529710984E-002	2.39749390889386904E-002	1.11676394560392637E-002	1.28072996328994233E-002	8.08840066403241145E-003	2.30726738006227462E-003	-1	5.78113328397013640E-003	-1	OK
12.500000000000000	2.53189179328809841E-002	1.89792935464935426E-002	8.78551679859412502E-003	1.01937767478994159E-002	6.33962438638744057E-003	1.80193147979030004E-003	-1	4.53769290659714053E-003	-1	OK
12.750000000000000	1.99806286240274758E-002	1.50253521699285891E-002	6.91152365448485882E-003	8.11382851544373111E-003	4.95527645409888674E-003	1.40519078616483111E-003	-1	3.55008566793405585E-003	-1	OK
13.000000000000000	1.57772537749975468E-002	1.18942034997944895E-002	5.43663370245537486E-003	6.45756979733911381E-003	3.88305027520305769E-003	1.09617477062598457E-003	-1	2.78687550457707312E-003	-1	OK
13.250000000000000	1.24575180384714317E-002	9.41413354761071533E-003	4.27557634241733896E-003	5.13855720519337464E-003	3.04338449086071720E-003	8.53997766731781909E-004	-1	2.18938672412893540E-003	-1	OK
13.500000000000000	9.83246602514125344E-003	7.44910452712381488E-003	3.36134398659343903E-003	4.08776054053037671E-003	2.38336149801743899E-003	6.64768570914210373E-004	-1	1.71859292710322851E-003	-1	OK
13.750000000000000	7.75751303244064105E-003	5.89184665663250711E-003	2.64141144551533922E-003	3.25043521111716615E-003	1.86566637580813416E-003	5.18087749340854424E-004	-1	1.34757862646727984E-003	-1	OK
14.000000000000000	6.11989381542463184E-003	4.65791909342579309E-003	2.07454747497851956E-003	2.58337161844727397E-003	1.46197472199883919E-003	4.03510251988237775E-004	-1	1.05846447001060147E-003	-1	OK
14.250000000000000	4.82504172307414436E-003	3.68021652255774712E-003	1.62825911089277344E-003	2.05195741166497390E-003	1.14482520051639681E-003	3.13950230592462349E-004	-1	8.30874969923934463E-004	-1	OK
14.500000000000000	3.80077509261102274E-003	2.90564079075149220E-003	1.27699677589909722E-003	1.62864401485239541E-003	8.95134301859530439E-004	2.44367656223330666E-004	-1	6.50766645636199773E-004	-1	OK
14.750000000000000	2.99151472843061511E-003	2.29232178812259404E-003	1.00066233806920570E-003	1.29165945005338834E-003	6.99192940308021073E-004	1.89823261312073774E-004	-1	5.09369678995947326E-004	-1	OK
15.000000000000000	2.35211488515978118E-003	1.80685911550512897E-003	7.83369794179132627E-004	1.02348932132599667E-003	5.45255769654651992E-004	1.47342020262641892E-004	-1	3.97913749392010099E-004	-1	OK
15.250000000000000	1.84804253179446853E-003	1.42275097083500741E-003	6.12603543367813935E-004	8.10147427467193038E-004	4.25291560959461124E-004	1.14378855959795944E-004	-1	3.10912704999665194E-004	-1	OK
15.500000000000000	1.45109699929747661E-003	1.11911946088589283E-003	4.78515714710392535E-004	6.40603746175499975E-004	3.31977538411583719E-004	8.86337462285972287E-005	-1	2.43343792182986504E-004	-1	OK
15.750000000000000	1.13757277368423722E-003	8.79256705275699955E-004	3.73306333300806828E-004	5.05950371974892856E-004	2.58316068408537378E-004	6.84836443343006377E-005	-1	1.89832424074236740E-004	-1	OK
16.000000000000000	8.90550453160414402E-004	6.89890866175214314E-004	2.90827202192875411E-004	3.99063663982338794E-004	2.00659586985200061E-004	5.25609601205721493E-005	-1	1.48098626864627905E-004	-1	OK
16.250000000000000	6.96349187373588078E-004	5.40580650458895979E-004	2.26244168616296257E-004	3.14336481842599641E-004	1.55768536914692126E-004	4.08272166829559956E-005	-1	1.14941320231736130E-004	-1	OK
16.500000000000000	5.43765493258602890E-004	4.22967150399722954E-004	1.75727615675228661E-004	2.47239534724494293E-004	1.20798342858879896E-004	3.14232525541378410E-005	-1	8.93750903047420546E-005	-1	OK
16.750000000000000	4.23850628869514164E-004	3.30398207626654832E-004	1.36257443409128188E-004	1.94140764217526671E-004	9.34524212428593460E-005	2.40189374688392306E-005	-1	6.94334837740201221E-005	-1	OK
17.000000000000000	3.29575599547893782E-004	2.57662469106759867E-004	1.05466422047411013E-004	1.52196047059348827E-004	7.19131304411338879E-005	1.84932426090316775E-005	-1	5.34198878321022138E-005	-1	OK
17.250000000000000	2.56035277462817964E-004	2.00583116736871147E-004	8.14788608848082051E-005	1.19104255852062982E-004	5.54521607259468377E-005	1.41376316932072881E-005	-1	4.13145290327395496E-005	-1	OK
17.500000000000000	1.98492465806552763E-004	1.55836199580068716E-004	6.28168001829155500E-005	9.30193993971531116E-005	4.26562662264840610E-005	1.08407832166869384E-005	-1	3.18154830097971226E-005	-1	OK
17.750000000000000	1.53539858987680229E-004	1.20826985035485672E-004	4.83257819738942631E-005	7.25012030615913887E-005	3.27128739521945569E-005	8.28943045246276176E-006	-1	2.44234434997317951E-005	-1	OK
18.000000000000000	1.18509594665938128E-004	9.34834923963223099E-005	3.70933611538915950E-005	5.63901312424307217E-005	2.50261022696158214E-005	6.29610963952776387E-006	-1	1.87299926300880567E-005	-1	OK
18.250000000000000	9.12601633653029244E-005	7.21568839046889625E-005	2.84015106175763532E-005	4.37553732871126161E-005	1.91032794606139584E-005	4.77673645022056253E-006	-1	1.43265430103933959E-005	-1	OK
18.500000000000000	7.00907512084533268E-005	5.55586607008245280E-005	2.16904497425752371E-005	3.38682109582492773E-005	1.45320905076288023E-005	3.60713843011585464E-006	-1	1.09249520775129472E-005	-1	OK
18.750000000000000	5.36973485007157235E-005	4.26686677986804069E-005	1.65201628872883651E-005	2.61485049113920316E-005	1.10286807020353201E-005	2.72078656223741023E-006	-1	8.30789413979790983E-006	-1	OK
19.000000000000000	4.10140867886736029E-005	3.26780271284599885E-005	1.25455390478140074E-005	2.01324880806459811E-005	8.33605966021361610E-006	2.04175586320342022E-006	-1	6.29430379701019588E-006	-1	OK
19.250000000000000	3.12332877039786055E-005	2.49515071814303838E-005	9.49756610102080915E-006	1.54539410804095763E-005	6.28178052254822175E-006	1.52933671342635805E-006	-1	4.75244380912186391E-006	-1	OK
19.500000000000000	2.37020017725153868E-005	1.89918340592974830E-005	7.16653209838290388E-006	1.18253019609145817E-005	4.71016771321790378E-006	1.14113957496926716E-006	-1	3.56902813824863662E-006	-1	OK
19.750000000000000	1.79332628181667515E-005	1.44071328232972008E-005	5.38880018046847380E-006	9.01833264282872364E-006	3.52612999486955064E-006	8.46828214750427622E-007	-1	2.67930178011912292E-006	-1	OK
20.000000000000000	1.35147690243961531E-005	1.08912074321375250E-005	4.03729495051238206E-006	6.85391248162514546E-006	2.62356159225862857E-006	6.24159501219526206E-007	-1	1.99940209103910236E-006	-1	OK
20.250000000000000	1.01473161505277233E-005	8.20322803741687026E-006	3.01304095763105354E-006	5.19018707978581630E-006	1.94408811311085387E-006	4.61776964580380247E-007	-1	1.48231114853047363E-006	-1	OK
20.500000000000000	7.58944239216393662E-006	6.15295946359131817E-006	2.23909602760177156E-006	3.91386343598954661E-006	1.43648292857261846E-006	3.38645046922428204E-007	-1	1.09783788165019030E-006	-1	OK
20.750000000000000	5.65152128988902339E-006	4.59510767847210860E-006	1.65659245020239691E-006	2.93851522826971189E-006	1.05641361141691458E-006	2.46635819362132172E-007	-1	8.09777792054782465E-007	-1	OK
21.000000000000000	4.18790679497658414E-006	3.41704918351867667E-006	1.22009837050294931E-006	2.19695081301572694E-006	7.70857611457907253E-007	1.78867285601790185E-007	-1	5.91990325856117121E-007	-1	OK
21.250000000000000	3.09077888016569421E-006	2.52918686395912945E-006	8.94210127349417233E-007	1.63497673660971243E-006	5.61592016206564650E-007	1.29082016247215350E-007	-1	4.32509999959349300E-007	-1	OK
21.500000000000000	2.26818401635032032E-006	1.86222119528987887E-006	6.51862244660710371E-007	1.21035895062916892E-006	4.05962821060441551E-007	9.27856576779702343E-008	-1	3.13177163382471303E-007	-1	OK
21.750000000000000	1.65498977443639243E-006	1.36358387806547705E-006	4.72532942113859692E-007	8.91050935951617302E-007	2.91405896370915386E-007	6.62385631440225917E-008	-1	2.25167333226892794E-007	-1	OK
22.000000000000000	1.20076488894256144E-006	9.92893321555209208E-007	3.40548791985038514E-007	6.52344529570170535E-007	2.07871567387352310E-007	4.65098164499149421E-008	-1	1.61361750937437362E-007	-1	OK
22.250000000000000	8.66238329329889455E-007	7.18648989103604019E-007	2.43897508957032424E-007	4.74751480146571542E-007	1.47589340226285462E-007	3.26331308637337571E-008	-1	1.14956209362551705E-007	-1	OK
22.500000000000000	6.20625252823531014E-007	5.16753518452446164E-007	1.73502066835233344E-007	3.43251451617212873E-007	1.03871734371084836E-007	2.29798778895388590E-008	-1	8.08918564815459740E-008	-1	OK
22.750000000000000	4.41548497788139574E-007	3.68988915059574639E-007	1.22542461074980671E-007	2.46446453984593994E-007	7.25595827285649489E-008	1.57621847546377446E-008	-1	5.67973979739272043E-008	-1	OK
23.000000000000000	3.11760719956855687E-007	2.61537867945833136E-007	8.58941948104749427E-008	1.75643673135358154E-007	5.02228520110225505E-008	1.09218776778935692E-008	-1	3.93009743331289797E-008	-1	OK
23.250000000000000	2.18472112453006993E-007	1.83923258017102583E-007	5.97192869262199519E-008	1.24203971090882631E-007	3.45488544359044036E-008	7.43211309556284153E-009	-1	2.71167413403415612E-008	-1	OK
23.500000000000000	1.51724806259075722E-007	1.28253306439558115E-007	4.11611695108345042E-008	8.70921369287236108E-008	2.34714998195176006E-008	5.00709453037526418E-009	-1	1.84644052891423356E-008	-1	OK
23.750000000000000	1.04436118839286183E-007	8.86282896224443921E-008	2.81073053095042006E-008	6.05209843129402246E-008	1.58078292168417879E-008	3.30846129816755089E-009	-1	1.24993679186742374E-008	-1	OK
24.000000000000000	7.11624354865978646E-008	6.06507961788370898E-008	1.90022994587891223E-008	4.16484967200479675E-008	1.05116393077607765E-008	2.17139988455979802E-009	-1	8.34023942320097767E-009	-1	OK
24.250000000000000	4.79977511293562520E-008	4.10731661748476114E-008	1.27096613189022009E-008	2.83635048559454204E-008	6.92458495450864390E-009	1.43381609369048147E-009	-1	5.49076886081816263E-009	-1	OK
24.500000000000000	3.19943356982703832E-008	2.75031294944469891E-008	8.40321870147587660E-009	1.90999107929711059E-008	4.49120620382339409E-009	9.19430024572070110E-010	-1	3.57177617925132398E-009	-1	OK
24.750000000000000	2.10720534392723142E-008	1.81952276521629540E-008	5.48751182809627473E-009	1.27077158240666817E-008	2.87682578710936063E-009	5.83661170087463875E-010	-1	2.29316461702189696E-009	-1	OK
25.000000000000000	1.36962844400434747E-008	1.18805971768110599E-008	3.53572389349571162E-009	8.34487328331534742E-009	1.81568726323241458E-009	3.61131760175903892E-010	-1	1.45455550305651074E-009	-1	OK
25.250000000000000	8.77457279186558226E-009	7.64846182228517052E-009	2.24536319511424156E-009	5.40309862717093062E-009	1.12611096958041236E-009	2.22986623788558767E-010	-1	9.03124345791853589E-010	-1	OK
25.500000000000000	5.53560860429545715E-009	4.84858629636860986E-009	1.40367575537235873E-009	3.44491054099625072E-009	6.87022307926847285E-010	1.34792320831097005E-010	-1	5.52229987095750280E-010	-1	OK
25.750000000000000	3.43429381129033388E-009	3.02335447640922014E-009	8.62726900815654804E-010	2.16062757559356440E-009	4.10939334881113792E-010	7.89308224882428931E-011	-1	3.32008512392870924E-010	-1	OK
26.000000000000000	2.09095927184378418E-009	1.85049054490660483E-009	5.20365478755749814E-010	1.33012506615085543E-009	2.40468726937179503E-010	4.55215255001970435E-011	-1	1.94947201436982473E-010	-1	OK
26.250000000000000	1.24795773672998791E-009	1.11017901190077742E-009	3.07552420978975094E-010	8.02626590921802275E-010	1.37778724829210464E-010	2.60402200896478370E-011	-1	1.11738504739562627E-010	-1	OK
26.500000000000000	7.28780098320310888E-010	6.52004365438389831E-010	1.77820261528525296E-010	4.74184103909864560E-010	7.67757328819210704E-011	1.43442704113044510E-011	-1	6.24314624706166177E-011	-1	OK
26.750000000000000	4.15081246436219575E-010	3.73505129241277531E-010	1.00279399540426611E-010	2.73225729700850855E-010	4.15761171949420308E-011	7.56128775804790625E-012	-1	3.40148294368941262E-011	-1	OK
27.000000000000000	2.30294347742805007E-010	2.08485735819740093E-010	5.50650857307712807E-011	1.53420650088968754E-010	2.18086119230649041E-011	3.95310747413242048E-012	-1	1.78555044489324828E-011	-1	OK
27.250000000000000	1.24002610767947119E-010	1.12956105468842156E-010	2.93401415423479896E-011	8.36159639264941856E-011	1.10465052991049765E-011	1.97016660548889946E-012	-1	9.07633869361607745E-012	-1	OK
27.500000000000000	6.45886743986409978E-011	5.92373860251842735E-011	1.51236724973263509E-011	4.41137135278579162E-011	5.35128837345672915E-012	9.41490283812869707E-013	-1	4.40979808964385924E-012	-1	OK
27.750000000000000	3.24377511279565178E-011	2.99353772574703788E-011	7.51010660991868420E-012	2.24252706475517027E-011	2.50237387048614061E-012	4.38790773006047443E-013	-1	2.06358309748009297E-012	-1	OK
28.000000000000000	1.56322526859511420E-011	1.45317671271042121E-011	3.57892166441585209E-012	1.09528454626883604E-011	1.10048555884692843E-012	1.91141432609257221E-013	-1	9.09344126237671212E-013	-1	OK
28.250000000000000	7.18460711807360150E-012	6.72785267780021982E-012	1.62647695885839230E-012	5.10137571894182590E-012	4.56754440273381684E-013	7.81791049865448142E-014	-1	3.78575335286836895E-013	-1	OK
28.500000000000000	3.13345153959595513E-012	2.95590756838296696E-012	7.00720494592608308E-013	2.25518707379035835E-012	1.77543971212988195E-013	2.98224007466342124E-014	-1	1.47721570466353977E-013	-1	OK
28.750000000000000	1.28724249345366103E-012	1.22354545901257319E-012	2.84131199204784948E-013	9.39414259807788195E-013	6.36970344410879149E-014	1.04738476845681215E-014	-1	5.32231867565197918E-014	-1	OK
29.000000000000000	4.93049494423060380E-013	4.72177443886117610E-013	1.07266396586650800E-013	3.64911047299466848E-013	2.08720505369427478E-014	3.30082394569873467E-015	-1	1.75712265912440143E-014	-1	OK
29.250000000000000	1.74374545752022895E-013	1.68291655421965479E-013	3.73144697968012044E-014	1.30977185625164299E-013	6.08289033005741612E-015	9.64696179734547491E-016	-1	5.11819415032286863E-015	-1	OK
29.500000000000000	5.59057005147649009E-014	5.43403840053615899E-014	1.17352897128632210E-014	4.26050942924983721E-014	1.56531650940330916E-015	2.33539521103660220E-016	-1	1.33177698829964884E-015	-1	OK
29.750000000000000	1.60937018725573057E-014	1.57597812665313222E-014	3.28974233376908793E-015	1.24700389327622300E-014	3.33920606025984210E-016	4.90768007052829265E-017	-1	2.84843805320701259E-016	-1	OK
30.000000000000000	3.96669159030105484E-015	3.90900603357907841E-015	7.88615851631802999E-016	3.12039018194727571E-015	5.76855567219764218E-017	7.99075121345512050E-018	-1	4.96948055085213013E-017	-1	OK
