#pt	totcs	totdirect	directLO	directNLO	totfrag	fragLO	err_fragLO	fragNLO	err_fragNLO	errmess
0.50000000000000000	41492128.637191497	3047314.4092968721	9469521.6288471315	-6422207.2195502566	38444814.227894627	11830281.257830106	-1	26614532.970064521	-1	Error
0.75000000000000000	4820560.5330919251	1195960.2823478526	1358344.4984116463	-162384.21606379395	3624600.2507440727	1149937.5432303085	-1	2474662.7075137645	-1	Error
1.0000000000000000	1023334.5950171424	360501.29965070373	312954.47639879398	47546.823251909715	662833.29536643857	212726.25585153030	-1	450107.03951490828	-1	Error
1.2500000000000000	300780.94833698298	126052.63888254028	95869.586808480017	30183.052074060237	174728.30945444273	56217.315537084265	-1	118510.99391735846	-1	Error
1.5000000000000000	108573.03241733073	50511.291803065702	35456.810907642262	15054.480895423436	58061.740614265029	18674.029035769046	-1	39387.711578495982	-1	Error
1.7500000000000000	45155.819877883056	22540.630333542023	14984.574336123389	7556.0559974186426	22615.189544341029	7253.7685236858579	-1	15361.421020655171	-1	Error
2.0000000000000000	20833.313816465830	10948.154788505261	6993.9147523045876	3954.2400362006738	9885.1590279605698	3163.2172808132568	-1	6721.9417471473134	-1	Error
2.2500000000000000	10398.157661939254	5688.6762323899675	3524.0818839777303	2164.5943484122377	4709.4814295492861	1505.2073352586435	-1	3204.2740942906426	-1	Error
2.5000000000000000	5531.9911570026161	3122.1918966584572	1886.9776147710345	1235.2142818874233	2409.7992603441589	765.73989171597736	-1	1644.0593686281816	-1	Error
2.7500000000000000	3095.7842002792213	1792.8013948809964	1061.4999644004311	731.30143048056516	1302.9828053982249	412.84906581219605	-1	890.13373958602881	-1	Error
3.0000000000000000	1806.4311658779616	1069.0610979039279	621.98983852146512	447.07125938246310	737.37006797403365	232.91239799083934	-1	504.45766998319431	-1	Error
3.2500000000000000	1092.2256229647999	658.19528162584743	377.14532193766985	281.04995968817747	434.03034133895244	136.45803632837911	-1	297.57230501057336	-1	Error
3.5000000000000000	680.30531096066852	416.49791142441262	235.43859497883844	181.05931644557415	263.80739953625596	82.587154484064740	-1	181.22024505219122	-1	Error
3.7500000000000000	434.77420772403389	269.87860600397295	150.70114611893578	119.17745988503712	164.89560172006097	51.407392060687911	-1	113.48820965937306	-1	Error
4.0000000000000000	284.06948022886570	178.52683199790852	98.579321691500212	79.947510306408290	105.54264823095721	32.724393962111172	-1	72.818254268846033	-1	OK
4.2500000000000000	189.31043563044881	120.26449763295324	65.721780115657026	54.542717517296211	69.045937997495571	21.288798963113983	-1	47.757139034381588	-1	OK
4.5000000000000000	128.34360160987757	82.328475598650613	44.555821349171048	37.772654249479586	46.015126011226947	14.115221089368825	-1	31.899904921858123	-1	OK
4.7500000000000000	88.304476959251303	57.171062237404037	30.658401238187981	26.512660999216067	31.133414721847259	9.5025514786286998	-1	21.630863243218560	-1	OK
5.0000000000000000	61.593782862892617	40.212038646063931	21.376780162673697	18.835258483390220	21.381744216828686	6.5007130701294908	-1	14.881031146699195	-1	OK
5.2500000000000000	43.482308909012566	28.610188448376906	15.082762860189774	13.527425588187128	14.872120460635660	4.5049506747338208	-1	10.367169785901840	-1	OK
5.5000000000000000	31.034326063455062	20.567385878650445	10.755870406376648	9.8115154722737987	10.466940184804617	3.1538072822194434	-1	7.3131329025851741	-1	OK
5.7500000000000000	22.382386489653950	14.924466040912689	7.7442993389365880	7.1801667019760957	7.4579204487412598	2.2340761275413921	-1	5.2238443211998682	-1	OK
6.0000000000000000	16.281563523735542	10.921941819551320	5.6246040057272477	5.2973378138240728	5.3596217041842218	1.5883416551339735	-1	3.7712800490502483	-1	OK
6.2500000000000000	11.934980213182872	8.0545864650432026	4.1173829758418830	3.9372034892013197	3.8803937481396682	1.1510551685633972	-1	2.7293385795762708	-1	OK
6.5000000000000000	8.8146711465668979	5.9818150730915765	3.0356978137055211	2.9461172593860567	2.8328560734753210	0.83160271928420559	-1	2.0012533541911153	-1	OK
6.7500000000000000	6.5506979742481350	4.4709163350138459	2.2528134778706379	2.2181028571432084	2.0797816392342892	0.60894831298988483	-1	1.4708333262444042	-1	OK
7.0000000000000000	4.9005219528888295	3.3611945339706883	1.6817917199965449	1.6794028139741439	1.5393274189181412	0.44775711758434694	-1	1.0915703013337943	-1	OK
7.2500000000000000	3.6862288577574192	2.5404223781634880	1.2623248645740566	1.2780975135894319	1.1458064795939311	0.33188682264157965	-1	0.81391965695235147	-1	OK
7.5000000000000000	2.7871459061042780	1.9294179316498825	0.95216750421033081	0.97725042743955193	0.85772797445439564	0.24715774755789918	-1	0.61057022689649643	-1	OK
7.7500000000000000	2.1166984934877759	1.4719100161880418	0.72146241634059449	0.75044759984744713	0.64478847729973410	0.18493837229799776	-1	0.45985010500173634	-1	OK
8.0000000000000000	1.6140977230452171	1.1274374448987277	0.54890145236661125	0.57853599253211629	0.48666027814648949	0.13898354487076420	-1	0.34767673327572529	-1	OK
8.2500000000000000	1.2354306528529653	0.86678481732728163	0.41917912025384274	0.44760569707343889	0.36864583552568370	0.10477322890971452	-1	0.26387260661596917	-1	OK
8.5000000000000000	0.94914021772893009	0.66864062206464436	0.32120371109735751	0.34743691096728685	0.28049959566428567	7.94445636540061645E-002	-1	0.20105503201027952	-1	OK
8.7500000000000000	0.73155327758966748	0.51736451829030938	0.24688721180048015	0.27047730648982909	0.21418875929935807	6.03705576261703777E-002	-1	0.15381820167318769	-1	OK
9.0000000000000000	0.56539321431139888	0.40142832123607297	0.19029632240497638	0.21113199883109657	0.16396489307532591	4.59574513837278029E-002	-1	0.11800744169159810	-1	OK
9.2500000000000000	0.43818685863590157	0.31225069010621048	0.14704615897353873	0.16520453113267181	0.12593616852969106	3.51267943840052055E-002	-1	9.08093741456858505E-002	-1	OK
9.5000000000000000	0.34043799938201008	0.24343050810534630	0.11388300755048632	0.12954750055485997	9.70074912766637765E-002	2.68847854969471826E-002	-1	7.01227057797165904E-002	-1	OK
9.7500000000000000	0.26499990175973293	0.19016223311027489	8.83776726474191782E-002	0.10178456046285574	7.48376686494580390E-002	2.06179044533424914E-002	-1	5.42197641961155441E-002	-1	OK
10.000000000000000	0.20671505520183095	0.14881447165998338	6.87072867366441825E-002	8.01071849233391808E-002	5.79005835418475653E-002	1.58794565829288442E-002	-1	4.20211269589187211E-002	-1	OK
10.250000000000000	0.16150308672231456	0.11664182377640545	5.34995961200602221E-002	6.31422276563452373E-002	4.48612629459091139E-002	1.22271807509294755E-002	-1	3.26340821949796384E-002	-1	OK
10.500000000000000	0.12635880017301598	9.15517567530020754E-002	4.17156141016660001E-002	4.98361426513360614E-002	3.48070434200139153E-002	9.44678643204666102E-003	-1	2.53602569879672543E-002	-1	OK
10.750000000000000	9.89718587145177187E-002	7.19441628898812580E-002	3.25661786160736863E-002	3.93779842738075855E-002	2.70276958246364676E-002	7.29797806595955823E-003	-1	1.97297177586769103E-002	-1	OK
11.000000000000000	7.76617070705185875E-002	5.65946780825782175E-002	2.54496616461729538E-002	3.11450164364052672E-002	2.10670289879403734E-002	5.66450895905738164E-003	-1	1.54025200288829926E-002	-1	OK
11.250000000000000	6.09684622966265577E-002	4.45587104793087399E-002	1.99053027556401058E-002	2.46534077236686203E-002	1.64097518173178178E-002	4.39143851153430721E-003	-1	1.20183133057835106E-002	-1	OK
11.500000000000000	4.79152460112474282E-002	3.51065033581302588E-002	1.55795260209235960E-002	1.95269773372066524E-002	1.28087426531171677E-002	3.40261493990330838E-003	-1	9.40612771321385974E-003	-1	OK
11.750000000000000	3.76696490197770129E-002	2.76748529283885811E-002	1.22004417920135513E-002	1.54744111363750367E-002	9.99479609138843525E-003	2.64203223238034359E-003	-1	7.35276385900809210E-003	-1	OK
12.000000000000000	2.96240533287072047E-002	2.18253075544692816E-002	9.55798952311922093E-003	1.22673180313500642E-002	7.79874577423792306E-003	2.05417750620273849E-003	-1	5.74456826803518457E-003	-1	OK
12.250000000000000	2.33075897102378374E-002	1.72165562921254255E-002	7.48971947051506499E-003	9.72683682161035700E-003	6.09103341811241192E-003	1.59253165007552694E-003	-1	4.49850176803688519E-003	-1	OK
12.500000000000000	1.83477126018514250E-002	1.35830190846295395E-002	5.86972411265501096E-003	7.71329497197452679E-003	4.76469351722188378E-003	1.24058947876829677E-003	-1	3.52410403845358679E-003	-1	OK
12.750000000000000	1.44325134135439622E-002	1.07164149716364992E-002	4.60005000097288806E-003	6.11636497066361026E-003	3.71609844190746302E-003	9.65039124956895201E-004	-1	2.75105931695056793E-003	-1	OK
13.000000000000000	1.13590851452231162E-002	8.45367017855373597E-003	3.60450527184764729E-003	4.84916490670608737E-003	2.90541496666938022E-003	7.51045290414257627E-004	-1	2.15436967625512281E-003	-1	OK
13.250000000000000	8.93860210310415751E-003	6.66729180940924503E-003	2.82371702861789094E-003	3.84357478079135452E-003	2.27131029369491162E-003	5.83792650331049507E-004	-1	1.68751764336386211E-003	-1	OK
13.500000000000000	7.03153731422657535E-003	5.25658976824171145E-003	2.21122276448803895E-003	3.04536700375367293E-003	1.77494754598486390E-003	4.53800149054400250E-004	-1	1.32114739693046370E-003	-1	OK
13.750000000000000	5.52736266070332719E-003	4.14239879199198441E-003	1.73073137777461075E-003	2.41166741421737279E-003	1.38496386871134300E-003	3.52950075386673345E-004	-1	1.03201379332466966E-003	-1	OK
14.000000000000000	4.34550127629679435E-003	3.26261312751208957E-003	1.35385776280016914E-003	1.90875536471191891E-003	1.08288814878470499E-003	2.74187387771388305E-004	-1	8.08700761013316687E-004	-1	OK
14.250000000000000	3.41323281891398392E-003	2.56797148943068397E-003	1.05830057702770109E-003	1.50967091240298309E-003	8.45261329483299839E-004	2.12759794131875982E-004	-1	6.32501535351423830E-004	-1	OK
14.500000000000000	2.67896221336141015E-003	2.01961763128103008E-003	8.26588925685186877E-004	1.19302870559584375E-003	6.59344582080380283E-004	1.65206802544441537E-004	-1	4.94137779535938799E-004	-1	OK
14.750000000000000	2.10083436369682547E-003	1.58702710682939447E-003	6.45032136606545981E-004	9.41994970222848277E-004	5.13807256867430885E-004	1.27877320314622844E-004	-1	3.85929936552808041E-004	-1	OK
15.000000000000000	1.64540858096535276E-003	1.24589927722173468E-003	5.02842568551895865E-004	7.43056708669838925E-004	3.99509303743617972E-004	9.91273022197962416E-005	-1	3.00382001523821730E-004	-1	OK
15.250000000000000	1.28776915704184548E-003	9.77016142896725741E-004	3.91553842537823685E-004	5.85462300358901948E-004	3.10753014145119793E-004	7.66147969914766485E-005	-1	2.34138217153643158E-004	-1	OK
15.500000000000000	1.00723742513861032E-003	7.65301875926647753E-004	3.04531514841728035E-004	4.60770361084919717E-004	2.41935549211962672E-004	5.93097511743255861E-005	-1	1.82625798037637093E-004	-1	OK
15.750000000000000	7.86634593613854717E-004	5.98717400457755736E-004	2.36537586420522373E-004	3.62179814037233145E-004	1.87917193156099009E-004	4.57307614657013971E-005	-1	1.42186431690397605E-004	-1	OK
16.000000000000000	6.13221606338965855E-004	4.67732379229048284E-004	1.83459627976629078E-004	2.84272751252419233E-004	1.45489227109917599E-004	3.52493878422153350E-005	-1	1.10239839267702264E-004	-1	OK
16.250000000000000	4.77531217384235835E-004	3.64884202082515596E-004	1.42078319369187824E-004	2.22805882713327771E-004	1.12647015301720253E-004	2.70680712440752914E-005	-1	8.55789440576449646E-005	-1	OK
16.500000000000000	3.71298030857583248E-004	2.84212361353560351E-004	1.09851809295860391E-004	1.74360552057699987E-004	8.70856695040228698E-005	2.07788738044563327E-005	-1	6.63067956995665370E-005	-1	OK
16.750000000000000	2.88176010545648136E-004	2.20989948137412652E-004	8.47836177790362109E-005	1.36206330358376414E-004	6.71860624082354704E-005	1.58324351318018470E-005	-1	5.13536272764336234E-005	-1	OK
17.000000000000000	2.23144102175512182E-004	1.71533234932445296E-004	6.53162777538467604E-005	1.06216957178598590E-004	5.16108672430668722E-005	1.21624101126546803E-005	-1	3.94484571304121902E-005	-1	OK
17.250000000000000	1.72527191214036368E-004	1.32897134657474744E-004	5.02199722069985761E-005	8.26771624504761749E-005	3.96300565565616309E-005	9.27345332291150073E-006	-1	3.03566032336501302E-005	-1	OK
17.500000000000000	1.33126786184297336E-004	1.02746337139998843E-004	3.85296626693168705E-005	6.42166744706819924E-005	3.03804490442984937E-005	7.09109141771953867E-006	-1	2.32893576265789550E-005	-1	OK
17.750000000000000	1.02506627059684163E-004	7.92692181831847924E-005	2.94957406587985355E-005	4.97734775243862434E-005	2.32374088764993675E-005	5.40625551377998616E-006	-1	1.78311533627193805E-005	-1	OK
18.000000000000000	7.87541017387463052E-005	6.10221380041813108E-005	2.25274840247612839E-005	3.84946539794200166E-005	1.77319637345649944E-005	4.09915530722371606E-006	-1	1.36328084273412792E-005	-1	OK
18.250000000000000	6.03454015527371191E-005	4.68600921969799652E-005	1.71618631482032723E-005	2.96982290487766827E-005	1.34853093557571522E-005	3.09963380821259655E-006	-1	1.03856755475445565E-005	-1	OK
18.500000000000000	4.61152532829192164E-005	3.58934868987775051E-005	1.30398155136360607E-005	2.28536713851414411E-005	1.02217663841417130E-005	2.33313233166057793E-006	-1	7.88863405248113549E-006	-1	OK
18.750000000000000	3.51559469672160592E-005	2.74207740413790526E-005	9.88032844703024462E-006	1.75404455943488012E-005	7.73517292583700493E-006	1.75252626940533094E-006	-1	5.98264665643167420E-006	-1	OK
19.000000000000000	2.67141569900903530E-005	2.08880213050732932E-005	7.46400834714960034E-006	1.34240129579236920E-005	5.82613568501705899E-006	1.31212814267935718E-006	-1	4.51400754233770181E-006	-1	OK
19.250000000000000	2.02393010410544746E-005	1.58625278417973518E-005	5.62072426600146533E-006	1.02418035757958915E-005	4.37677319925712283E-006	9.79307378143200413E-007	-1	3.39746582111392220E-006	-1	OK
19.500000000000000	1.52782692685225133E-005	1.20072137664337928E-005	4.21850421299771245E-006	7.78870955343607955E-006	3.27105550208871956E-006	7.28029783049849790E-007	-1	2.54302571903886977E-006	-1	OK
19.750000000000000	1.14979073335677356E-005	9.05763781763713878E-006	3.15487286602626744E-006	5.90276495161087261E-006	2.44026951593059678E-006	5.39555731386048945E-007	-1	1.90071378454454784E-006	-1	OK
20.000000000000000	8.61706208616859084E-006	6.80836734023165378E-006	2.35068750290617404E-006	4.45767983732547932E-006	1.80869474593693727E-006	3.95892110876498746E-007	-1	1.41280263506043853E-006	-1	OK
20.250000000000000	6.43433553725047951E-006	5.09862763944222804E-006	1.74461636792399729E-006	3.35401127151822948E-006	1.33570789780825147E-006	2.91947631557761296E-007	-1	1.04376026625049023E-006	-1	OK
20.500000000000000	4.78562145208252713E-006	3.80199063614616284E-006	1.28921470141274152E-006	2.51277593473342047E-006	9.83630815936363867E-007	2.13365324317816810E-007	-1	7.70265491618547004E-007	-1	OK
20.750000000000000	3.54415559648853235E-006	2.82253665624339202E-006	9.48407980567566746E-007	1.87412867567582548E-006	7.21618940245140327E-007	1.54860378986906879E-007	-1	5.66758561258233395E-007	-1	OK
21.000000000000000	2.61008139915354481E-006	2.08629954953614453E-006	6.94498225029787500E-007	1.39180132450635661E-006	5.23781849617400283E-007	1.12204138202996264E-007	-1	4.11577711414404032E-007	-1	OK
21.250000000000000	1.91474472652083240E-006	1.53476421502395897E-006	5.06026622338189777E-007	1.02873759268576908E-006	3.79980511496873543E-007	8.04975235269683007E-008	-1	2.99482987969905255E-007	-1	OK
21.500000000000000	1.39673770108820596E-006	1.12296566710022407E-006	3.66690027057169961E-007	7.56275640043054162E-007	2.73772033987981888E-007	5.76511114365837073E-008	-1	2.16120922551398188E-007	-1	OK
21.750000000000000	1.01279918118529921E-006	8.17024318211372294E-007	2.64204379500472699E-007	5.52819938710899542E-007	1.95774862973927000E-007	4.10208863991923978E-008	-1	1.54753976574734595E-007	-1	OK
22.000000000000000	7.30083766441983472E-007	5.91053855895042718E-007	1.89239851834843622E-007	4.01814004060198991E-007	1.39029910546940754E-007	2.86716183893148922E-008	-1	1.10358292157625858E-007	-1	OK
22.250000000000000	5.23387218218012990E-007	4.24968974988165481E-007	1.34685512715357119E-007	2.90283462272808442E-007	9.84182432298475349E-008	2.00395597392140948E-008	-1	7.83786834906334368E-008	-1	OK
22.500000000000000	3.72432146269247590E-007	3.03512998027884873E-007	9.52026711977798307E-008	2.08310326830105055E-007	6.89191482413627439E-008	1.40578394556295399E-008	-1	5.48613087857332023E-008	-1	OK
22.750000000000000	2.63177931284767094E-007	2.15227967532735932E-007	6.68056523384622734E-008	1.48422315194273632E-007	4.79499637520311553E-008	9.60872690815441680E-009	-1	3.83412368438767385E-008	-1	OK
23.000000000000000	1.84508656510665838E-007	1.51478526842719489E-007	4.65183478206630330E-008	1.04960179022056456E-007	3.30301296679463363E-008	6.62247883522614244E-009	-1	2.64076508327201930E-008	-1	OK
23.250000000000000	1.28392175172573727E-007	1.05759884077069997E-007	3.21261880124512781E-008	7.36336960646186928E-008	2.26322910955037264E-008	4.48903739062765492E-009	-1	1.81432537048760731E-008	-1	OK
23.500000000000000	8.84904304707410668E-008	7.32073257786361512E-008	2.19920222138846896E-008	5.12153035647514616E-008	1.52831046921049090E-008	3.01624296028812342E-009	-1	1.22668617318167848E-008	-1	OK
23.750000000000000	6.04740069770507424E-008	5.02103037922896363E-008	1.49134509332618679E-008	3.52968528590277684E-008	1.02637031847611078E-008	1.98245899342577848E-009	-1	8.28124419133532933E-009	-1	OK
24.000000000000000	4.08740414079733487E-008	3.40973901145075745E-008	1.00113731425691323E-008	2.40860169719384406E-008	6.77665129346577253E-009	1.30049305476241758E-009	-1	5.47615823870335536E-009	-1	OK
24.250000000000000	2.73471267368636438E-008	2.29105284184827298E-008	6.64809151709220713E-009	1.62624369013905226E-008	4.43659831838091319E-009	8.50977121343579423E-010	-1	3.58562119703733377E-009	-1	OK
24.500000000000000	1.80856015828462719E-008	1.52187239359350603E-008	4.36346253844085087E-009	1.08552613974942111E-008	2.86687764691121247E-009	5.43065215362640687E-010	-1	2.32381243154857178E-009	-1	OK
24.750000000000000	1.18134661740708352E-008	9.98624440802888572E-009	2.82835294400079668E-009	7.15789146402808862E-009	1.82722176604194909E-009	3.42955274707021484E-010	-1	1.48426649133492761E-009	-1	OK
25.000000000000000	7.61222101166755946E-009	6.46631304606362067E-009	1.80866641922494469E-009	4.65764662683867495E-009	1.14590796560393838E-009	2.11117460589630003E-010	-1	9.34790505014308478E-010	-1	OK
25.250000000000000	4.83441310487319542E-009	4.12757302461678685E-009	1.13983511962237369E-009	2.98773790499441316E-009	7.06840080256408884E-010	1.29649277588202578E-010	-1	5.77190802668206306E-010	-1	OK
25.500000000000000	3.02222254931862064E-009	2.59396749316130364E-009	7.07054687341213788E-010	1.88691280582009006E-009	4.28255056157316846E-010	7.79358921364412042E-011	-1	3.50319164020875655E-010	-1	OK
25.750000000000000	1.85812045440046782E-009	1.60327083617448447E-009	4.31178598381095275E-010	1.17209223779338930E-009	2.54849618225983291E-010	4.53796531972092762E-011	-1	2.09469965028774021E-010	-1	OK
26.000000000000000	1.12062231638916720E-009	9.72520179835542477E-010	2.58019407161480162E-010	7.14500772674062315E-010	1.48102136553624646E-010	2.59749614362180706E-011	-1	1.22127175117406578E-010	-1	OK
26.250000000000000	6.62440819130067046E-010	5.78144851101962801E-010	1.51286106913421031E-010	4.26858744188541770E-010	8.42959680281042703E-011	1.47854278816807722E-011	-1	6.95105401464234949E-011	-1	OK
26.500000000000000	3.83048881625224419E-010	3.36432284609420400E-010	8.67761227981072888E-011	2.49656161811313060E-010	4.66165970158040253E-011	8.09383491996689443E-012	-1	3.85227620958371309E-011	-1	OK
26.750000000000000	2.16009886966188791E-010	1.90934100865794381E-010	4.85466472876305703E-011	1.42387453578163843E-010	2.50757861003944225E-011	4.23808402826245158E-012	-1	2.08377020721319725E-011	-1	OK
27.000000000000000	1.18639592864201224E-010	1.05585077177378299E-010	2.64477982951897237E-011	7.91372788821885658E-011	1.30545156868229195E-011	2.20148382054877938E-012	-1	1.08530318662741393E-011	-1	OK
27.250000000000000	6.32386259806161610E-011	5.66706779924731349E-011	1.39823352818900200E-011	4.26883427105831230E-011	6.56794798814302281E-012	1.08914972120910042E-012	-1	5.47879826693392219E-012	-1	OK
27.500000000000000	3.26230139027977165E-011	2.94439777824171123E-011	7.15249248101623663E-012	2.22914853014008781E-011	3.17903612038060092E-012	5.25445144361315827E-013	-1	2.65359097601928519E-012	-1	OK
27.750000000000000	1.62059897701696473E-011	1.47425915595640147E-011	3.52551250764825716E-012	1.12170790519157567E-011	1.46339821060563117E-012	2.39319244079475673E-013	-1	1.22407896652615540E-012	-1	OK
28.000000000000000	7.73076694155355581E-012	7.09244450730628661E-012	1.66820698183377271E-012	5.42423752547251491E-012	6.38322434247269300E-013	1.03018473154350269E-013	-1	5.35303961092919044E-013	-1	OK
28.250000000000000	3.51753540862410201E-012	3.25466207624882035E-012	7.53010377706034388E-013	2.50165169854278657E-012	2.62873332375281707E-013	4.20399061531054073E-014	-1	2.20833426222176306E-013	-1	OK
28.500000000000000	1.51921513462002417E-012	1.41782299466844212E-012	3.22356243981445786E-013	1.09546675068699644E-012	1.01392139951581993E-013	1.59279296826276784E-014	-1	8.54642102689543210E-014	-1	OK
28.750000000000000	6.18148120065239258E-013	5.82033103686815750E-013	1.29929846175356961E-013	4.52103257511458889E-013	3.61150163784234579E-014	5.55873511954206089E-015	-1	3.05562812588813970E-014	-1	OK
29.000000000000000	2.34573756959716146E-013	2.22807142814705966E-013	4.87728735243393631E-014	1.74034269290366546E-013	1.17666141450101698E-014	1.74508047172494304E-015	-1	1.00215336732852265E-014	-1	OK
29.250000000000000	8.21867137557007582E-014	7.87766999584628074E-014	1.68728395051682427E-014	6.19038604532945647E-014	3.41001379723795192E-015	5.08072066588704937E-016	-1	2.90194173064924718E-015	-1	OK
29.500000000000000	2.60923841139869983E-014	2.52170375316724361E-014	5.27504843301826612E-015	1.99419890986541684E-014	8.75346582314562012E-016	1.22779364073796647E-016	-1	7.52567218240765365E-016	-1	OK
29.750000000000000	7.43513653549333644E-015	7.24860069494731608E-015	1.46948980242108135E-015	5.77911089252623474E-015	1.86535840546019891E-016	2.51350822051874338E-017	-1	1.61400758340832448E-016	-1	OK
30.000000000000000	1.80849535733460836E-015	1.77620685153832856E-015	3.49248311011196435E-016	1.42695854052713252E-015	3.22885057962797363E-017	4.22852845295881312E-018	-1	2.80599773433209255E-017	-1	OK
