#pt	totcs	totdirect	directLO	directNLO	totfrag	fragLO	err_fragLO	fragNLO	err_fragNLO	errmess
0.50000000000000000	385903785.52918732	-289468659.89115334	102812939.36250597	-392281599.25365943	675372445.42034066	418787037.11078477	-1	256585408.30955589	-1	Error
0.75000000000000000	81291059.942144051	-43867326.225734904	24954597.391129937	-68821923.616864860	125158386.16787896	75998515.736870602	-1	49159870.431008354	-1	Error
1.0000000000000000	24701484.854720742	-10234342.694913007	8316507.3474644767	-18550850.042377483	34935827.549633749	21354979.600417938	-1	13580847.949215811	-1	Error
1.2500000000000000	9660104.7531602234	-3069124.2527869260	3402754.8349745269	-6471879.0877614524	12729229.005947150	7766245.3527193824	-1	4962983.6532277679	-1	Error
1.5000000000000000	4456928.2827236149	-1076747.2978987480	1601417.1501542474	-2678164.4480529944	5533675.5806223629	3337820.2295166911	-1	2195855.3511056718	-1	Error
1.7500000000000000	2284228.4647228643	-417222.52367593441	834274.07807108655	-1251496.6017470208	2701450.9883987987	1622015.2999885827	-1	1079435.6884102160	-1	Error
2.0000000000000000	1266913.4889964773	-171178.36248615920	469356.36031227006	-640534.72279842931	1438091.8514826365	862569.33533671009	-1	575522.51614592643	-1	Error
2.2500000000000000	751906.04190445156	-71380.756081350206	280499.84294073645	-351880.59902208671	823286.79798580182	490859.16360896901	-1	332427.63437683281	-1	Error
2.5000000000000000	469044.57302387815	-28583.824554629799	175987.57077365377	-204571.39532828354	497628.39757850795	295331.88972223323	-1	202296.50785627472	-1	Error
2.7500000000000000	304847.68800511002	-9655.7809887031617	114921.75246501167	-124577.53345371490	314503.46899381315	185761.40595752458	-1	128742.06303628857	-1	Error
3.0000000000000000	205150.10621840699	-1251.5034766516037	77605.141225365922	-78856.644702017526	206401.60969505858	121317.18762816799	-1	85084.422066890591	-1	Error
3.2500000000000000	142096.01064322225	2344.3280866601999	53922.825966633143	-51578.497879972943	139751.68255656204	81785.214916892306	-1	57966.467639669732	-1	Error
3.5000000000000000	100941.09925341858	3699.9932804650743	38398.913076926183	-34698.919796461094	97241.105972953505	56662.253931235900	-1	40578.852041717604	-1	Error
3.7500000000000000	73312.949900571868	4014.2472430831185	27934.579440475583	-23920.332197392465	69298.702657488742	40164.859374851396	-1	29133.843282637346	-1	Error
4.0000000000000000	54265.220749047490	3860.3154335713552	20706.771869405042	-16846.456435833683	50404.905315476135	29092.873195963704	-1	21312.032119512431	-1	OK
4.2500000000000000	40818.773778460927	3515.3860880760985	15606.242288685648	-12090.856200609558	37303.387690384829	21507.317663861308	-1	15796.070026523521	-1	OK
4.5000000000000000	31167.577912287576	3113.1533080786030	11937.803819526916	-8824.6505114483116	28054.424604208973	16125.095562200597	-1	11929.329042008376	-1	OK
4.7500000000000000	24134.610494811241	2715.7070574264089	9254.0192837230516	-6538.3122262966426	21418.903437384830	12269.142645258467	-1	9149.7607921263625	-1	OK
5.0000000000000000	18892.828233029999	2349.9087023685261	7260.2724526708134	-4910.3637503022846	16542.919530661471	9456.9442413622219	-1	7085.9752892992492	-1	OK
5.2500000000000000	14969.363480457738	2025.2523151850974	5758.4799547112825	-3733.2276395261838	12944.111165272639	7376.7150379449267	-1	5567.3961273277127	-1	OK
5.5000000000000000	11980.431268269433	1742.8197196689043	4612.9190983763674	-2870.0993787074653	10237.611548600527	5815.6064414842749	-1	4422.0051071162525	-1	OK
5.7500000000000000	9676.9835348138604	1499.8871669036807	3728.9924610721318	-2229.1052941684507	8177.0963679101797	4630.8601784689445	-1	3546.2361894412352	-1	OK
6.0000000000000000	7877.9061285731932	1292.2252789882532	3039.7265355205832	-1747.5012565323302	6585.6808495849400	3720.8765228087013	-1	2864.8043267762387	-1	OK
6.2500000000000000	6467.9778643891368	1115.2556693196052	2497.0222479052159	-1381.7665785856116	5352.7221950695321	3014.6858231010515	-1	2338.0363719684806	-1	OK
6.5000000000000000	5369.3042752957081	964.61134822581334	2065.8798567811632	-1101.2685085553496	4404.6929270698947	2461.6750435511744	-1	1943.0178835187203	-1	OK
6.7500000000000000	4469.1072695821003	836.35989582990760	1720.5184436730431	-884.15854784313535	3632.7473737521927	2024.4875119604433	-1	1608.2598617917495	-1	OK
7.0000000000000000	3742.8502934082917	727.04808332977723	1441.7350300560695	-714.68694672629283	3015.8022100785147	1676.0771448605065	-1	1339.7250652180082	-1	OK
7.2500000000000000	3152.3621396299777	633.71882622515955	1215.0780066797088	-581.35918045454935	2518.6433134048184	1396.2240178769775	-1	1122.4192955278409	-1	OK
7.5000000000000000	2667.9375114109703	553.86881170060451	1029.5652993630763	-475.69648766247161	2114.0686997103658	1169.8879696425506	-1	944.18073006781515	-1	OK
7.7500000000000000	2270.5519645121217	485.39124857719844	876.77537595548688	-391.38412737828855	1785.1607159349232	985.58997750493586	-1	799.57073842998739	-1	OK
8.0000000000000000	1941.5114786754232	426.51947724864840	750.19590733859025	-323.67643008994213	1514.9920014267748	834.65458696815222	-1	680.33741445862256	-1	OK
8.2500000000000000	1667.5357156605944	375.77549572361272	644.75116657212914	-268.97567084851630	1291.7602199369817	710.25101992419241	-1	581.50920001278928	-1	OK
8.5000000000000000	1438.2428056524504	331.92151743025784	556.45522567478724	-224.53370824452927	1106.3212882221926	607.13549762823629	-1	499.18579059395631	-1	OK
8.7500000000000000	1245.4291980119633	293.92135778186594	482.15605246894381	-188.23469468707799	951.50784023009726	521.21726353452561	-1	430.29057669557164	-1	OK
9.0000000000000000	1082.5610093031769	260.90735870962737	419.34510276635115	-158.43774405672383	821.65365059354940	449.26136311665886	-1	372.39228747689054	-1	OK
9.2500000000000000	944.33277284548944	232.15069073817119	366.01307349585369	-133.86238275768247	712.18208210731825	388.71180828232286	-1	323.47027382499539	-1	OK
9.5000000000000000	826.51498432717449	207.03829320995516	320.54121943415726	-113.50292622420201	619.47669111721927	337.53520106875447	-1	281.94149004846480	-1	OK
9.7500000000000000	725.68699933922971	185.05332392573092	281.61810219363861	-96.564778267907698	540.63367541349885	294.11166519743000	-1	246.52201021606885	-1	OK
10.000000000000000	638.78032890289614	165.75927556027239	248.17568648141142	-82.416410921139047	473.02105334262376	257.11358419630022	-1	215.90746914632354	-1	OK
10.250000000000000	564.20767810115842	148.78621654950737	219.33965598138886	-70.553439431881500	415.42146155165102	225.47250232648335	-1	189.94895922516767	-1	OK
10.500000000000000	499.74113404837493	133.82070493551754	194.39098367578825	-60.570278740270737	365.92042911285739	198.31210646368001	-1	167.60832264917738	-1	OK
10.750000000000000	443.81704725414977	120.59506707057798	172.73530864978196	-52.140241579203945	323.22198018357182	174.92179463613772	-1	148.30018554743410	-1	OK
11.000000000000000	395.14949891492927	108.88171154771766	153.87983598211139	-44.998124434393745	286.26778736721161	154.71260526388244	-1	131.55518210332917	-1	OK
11.250000000000000	352.67243245170323	98.485152487540290	137.41381243142285	-38.928659943882565	254.18727996416291	137.19222417877478	-1	116.99505578538813	-1	OK
11.500000000000000	315.49151597220038	89.238550030065269	122.99376511945198	-33.755215089386724	226.25296594213509	121.95587190687813	-1	104.29709403525696	-1	OK
11.750000000000000	282.86023240384577	80.997993693980391	110.33117030955025	-29.333176615569865	201.86223870986538	108.66613536506473	-1	93.196103344800648	-1	OK
12.000000000000000	254.14274555712421	73.639809297109252	99.182915612781002	-25.543106315671750	180.50293626001496	97.046569139534839	-1	83.456367120480124	-1	OK
12.250000000000000	228.80832034762520	67.057086370997041	89.343387336002920	-22.286300965005882	161.75123397662816	86.859354147048165	-1	74.891879829579992	-1	OK
12.500000000000000	206.33102275777622	61.157282531978666	80.638111477125122	-19.480828945146435	145.17374022579756	77.904781371203867	-1	67.268958854593691	-1	OK
12.750000000000000	186.47742076695826	55.860153550502275	72.918592040296758	-17.058438489794458	130.61726721645599	70.010766605624468	-1	60.606500610831517	-1	OK
13.000000000000000	168.84201229926117	51.095914175557382	66.058020134695809	-14.962105959138436	117.74609812370377	63.037371604992053	-1	54.708726518711721	-1	OK
13.250000000000000	153.14148782387082	46.803789724385481	59.947811333097725	-13.144021608712265	106.33769809948532	56.864880340044799	-1	49.472817759440524	-1	OK
13.500000000000000	139.13725493405423	42.930692505054928	54.494689192599921	-11.563996687544982	96.206562428999291	51.390518611390661	-1	44.816043817608630	-1	OK
13.750000000000000	126.55241652202682	39.430175935120907	49.618340693399958	-10.188164758279045	87.122240586905917	46.523775448785145	-1	40.598465138120773	-1	OK
14.000000000000000	115.34994361005526	36.261590246002953	45.249416952977683	-8.9878267069747313	79.088353364052310	42.188857422535023	-1	36.899495941517287	-1	OK
14.250000000000000	105.30039521151278	33.389138255126163	41.327877041116814	-7.9387387859906582	71.911256956386609	38.319970152573305	-1	33.591286803813304	-1	OK
14.500000000000000	96.265974651270369	30.781419830766886	37.801636724455250	-7.0202168936883531	65.484554820503476	34.860507016483162	-1	30.624047804020314	-1	OK
14.750000000000000	88.133272397466527	28.410683557516624	34.625372758226391	-6.2146892007097669	59.722588839949907	31.760761899846198	-1	27.961826940103709	-1	OK
15.000000000000000	80.798441389739040	26.252456870489169	31.759581445387067	-5.5071245748978956	54.545984519249870	28.983522679236721	-1	25.562461840013150	-1	OK
15.250000000000000	74.171700331543818	24.285078515982391	29.169739655600821	-4.8846611396184372	49.886621815561426	26.481583025013478	-1	23.405038790547948	-1	OK
15.500000000000000	68.174595964485263	22.489337911257564	26.825615426171815	-4.3362775149142445	45.685258053227699	24.228976433619096	-1	21.456281619608603	-1	OK
15.750000000000000	62.742578407030464	20.848228145120654	24.700688869712994	-3.8524607245923557	41.894350261909807	22.197352331713528	-1	19.696997930196279	-1	OK
16.000000000000000	57.814078118710192	19.346575860211644	22.771630043213200	-3.4250541830015480	38.467502258498548	20.362327455022122	-1	18.105174803476427	-1	OK
16.250000000000000	53.335022328423719	17.970907671040106	21.017895757032527	-3.0469880859924268	35.364114657383617	18.702371009606832	-1	16.661743647776785	-1	OK
16.500000000000000	49.259456173626667	16.709198055918172	19.421350043979228	-2.7121519880610632	32.550258117708495	17.198840910772986	-1	15.351417206935508	-1	OK
16.750000000000000	45.546117875948873	15.550679641857339	17.965953019261004	-2.4152733774036670	29.995438234091534	15.834843145598187	-1	14.160595088493347	-1	OK
17.000000000000000	42.158558838580916	14.485769902066073	16.637506223290231	-2.1517363212241589	27.672788936514845	14.595723475308317	-1	13.077065461206528	-1	OK
17.250000000000000	39.063783592418176	13.505841020688113	15.423398539359772	-1.9175575186716476	25.557942571730063	13.468558278432457	-1	12.089384293297606	-1	OK
17.500000000000000	36.233122354116205	12.603163474172666	14.312426605011913	-1.7092631308392447	23.629958879943540	12.441859138696154	-1	11.188099741247386	-1	OK
17.750000000000000	33.627333460083513	11.770819538155687	13.294610060028541	-1.5237905218728580	21.856513921927824	11.505520909439825	-1	10.350993012487999	-1	OK
18.000000000000000	31.236565189988504	11.002536167575867	12.361044559125247	-1.3585083915493774	20.234029022412635	10.650541131395293	-1	9.5834878910173416	-1	OK
18.250000000000000	29.057431146663077	10.292694804337083	11.503789973461505	-1.2110951691244189	18.764736342325996	9.8689056108109998	-1	8.8958307315149963	-1	OK
18.500000000000000	27.055140856190206	9.6362487202359350	10.715745389747688	-1.0794966695117556	17.418892135954270	9.1534933481460179	-1	8.2653987878082518	-1	OK
18.750000000000000	25.213193313774042	9.0286042556756065	9.9905431752132241	-0.96193891953761579	16.184589058098435	8.4979740270127415	-1	7.6866150310856938	-1	OK
19.000000000000000	23.516903942471341	8.4656244800530907	9.3224762121670732	-0.85685173211398569	15.051279462418250	7.8966677283252720	-1	7.1546117340929785	-1	OK
19.250000000000000	21.953453856242660	7.9435818448555766	8.7064194700947777	-0.76283762523919862	14.009872011387083	7.3445119394244394	-1	6.6653600719626436	-1	OK
19.500000000000000	20.510561373463826	7.4590678647072481	8.1377570359668248	-0.67868917125957751	13.051493508756577	6.8369037809459643	-1	6.2145897278106128	-1	OK
19.750000000000000	19.175713770264590	7.0090052275859582	7.6123362371993712	-0.60333100961341635	12.166708542678631	6.3697749526796041	-1	5.7969335899990266	-1	OK
20.000000000000000	17.945423838444846	6.5906138451509495	7.1264142784106213	-0.53580043325967175	11.354809993293896	5.9394451163006732	-1	5.4153648769932232	-1	OK
20.250000000000000	16.806044358791603	6.2013447338441452	6.6766062571848170	-0.47526152334067062	10.604699624947457	5.5426894521702170	-1	5.0620101727772404	-1	OK
20.500000000000000	15.750902562125720	5.8388844438956200	6.2598546135663478	-0.42097016967073042	9.9120181182300993	5.1765368355242272	-1	4.7354812827058721	-1	OK
20.750000000000000	14.772563820188999	5.5011376891278534	5.8733937104794149	-0.37225602135156083	9.2714261310611459	4.8382086886397220	-1	4.4332174424214239	-1	OK
21.000000000000000	13.865125751790831	5.1861766064829187	5.5147132509920826	-0.32853664450916514	8.6789491453079126	4.5253985299423238	-1	4.1535506153655888	-1	OK
21.250000000000000	13.022498353990892	4.8922445844698785	5.1815370799040137	-0.28929249543413316	8.1302537695210138	4.2359695342138508	-1	3.8942842353071629	-1	OK
21.500000000000000	12.239447094847122	4.6177437594155748	4.8717995754559311	-0.25405581604035549	7.6217033354315467	3.9679182709078051	-1	3.6537850645237415	-1	OK
21.750000000000000	11.511230942105794	4.3612095267178663	4.5836216303431092	-0.22241210362524347	7.1500214153879273	3.7194471097560027	-1	3.4305743056319247	-1	OK
22.000000000000000	10.830543026870968	4.1212969244641684	4.3152920371664543	-0.19399511270228487	6.7092461024067997	3.4889276037493149	-1	3.2203184986574849	-1	OK
22.250000000000000	10.199264040384520	3.8967760757252767	4.0652527512822525	-0.16847667555697529	6.3024879646592433	3.2749090158469421	-1	3.0275789488123013	-1	OK
22.500000000000000	9.6108505977824805	3.6865244343121688	3.8320836020223843	-0.14555916771021501	5.9243261634703117	3.0760576014030447	-1	2.8482685620672670	-1	OK
22.750000000000000	9.0560173894277600	3.4895036573179508	3.6144865464685636	-0.12498288915061130	5.5665137321098097	2.8911140817365872	-1	2.6753996503732225	-1	OK
23.000000000000000	8.5439125930228492	3.3047625277485069	3.4112762479429066	-0.10651372019439991	5.2391500652743419	2.7190118178065621	-1	2.5201382474677798	-1	OK
23.250000000000000	8.0654582675467363	3.1314300576864573	3.2213690542262343	-8.99389965397757868E-002	4.9340282098602790	2.5587407706510814	-1	2.3752874392091976	-1	OK
23.500000000000000	7.6181534948461085	2.9687024053687270	3.0437723517938786	-7.50699464251523424E-002	4.6494510894773811	2.4093800741950666	-1	2.2400710152823144	-1	OK
23.750000000000000	7.1996661970071436	2.8158365970814372	2.8775760786138496	-6.17394815324125643E-002	4.3838295999257060	2.2700681584896829	-1	2.1137614414360231	-1	OK
24.000000000000000	6.8079251775281264	2.6721516595257220	2.7219464977431600	-4.97948382174370832E-002	4.1357735180024049	2.1400571875738388	-1	1.9957163304285661	-1	OK
24.250000000000000	6.4408904220628429	2.5370193875294227	2.5761180170746552	-3.90986295452320221E-002	3.9038710345334202	2.0186539201858800	-1	1.8852171143475402	-1	OK
24.500000000000000	6.0968720903050135	2.4098572297763599	2.4393868118295385	-2.95295820531800458E-002	3.6870148605286537	1.9052058300349395	-1	1.7818090304937142	-1	OK
24.750000000000000	5.7742192275403319	2.2901304121720143	2.3111063780096823	-2.09759658376690757E-002	3.4840888153683180	1.7991486115382487	-1	1.6849402038300694	-1	OK
25.000000000000000	5.4714194633325306	2.1773417532631005	2.1906811206724006	-1.33393674093003171E-002	3.2940777100694301	1.6998845773501454	-1	1.5941931327192846	-1	OK
25.250000000000000	5.1871200804899864	2.0710339109807423	2.0775630493006187	-6.52913831987727254E-003	3.1160861695092437	1.6069460125802233	-1	1.5091401569290204	-1	OK
25.500000000000000	4.9199944227892347	1.9707817383624993	1.9712465669810588	-4.64828618559193967E-004	2.9492126844267355	1.5198761744505860	-1	1.4293365099761495	-1	OK
25.750000000000000	4.6688612560728169	1.8761908873653779	1.8712652282686439	4.92565909673443100E-003	2.7926703687074390	1.4382552143401079	-1	1.3544151543673311	-1	OK
26.000000000000000	4.4326379355485557	1.7868959527513457	1.7771885972234054	9.70735552793944648E-003	2.6457419827972100	1.3616967838823371	-1	1.2840451989148729	-1	OK
26.250000000000000	4.2103207127934681	1.7025592950274715	1.6886192381755583	1.39400568519129509E-002	2.5077614177659964	1.2898471361159634	-1	1.2179142816500330	-1	OK
26.500000000000000	4.0009664685353385	1.6228659848301246	1.6051894282373220	1.76765565928022512E-002	2.3781004837052144	1.2223750976333883	-1	1.1557253860718262	-1	OK
26.750000000000000	3.8036973729900558	1.5475233786902836	1.5265589951540728	2.09643835362115089E-002	2.2561739942997723	1.1589782667283819	-1	1.0971957275713904	-1	OK
27.000000000000000	3.6177332478984110	1.4762610122416837	1.4524133250194211	2.38476872222625966E-002	2.1414722356567273	1.0993776343495567	-1	1.0420946013071706	-1	OK
27.250000000000000	3.4423419876081294	1.4088265765033554	1.3824606995937565	2.63658769095990071E-002	2.0335154111047742	1.0433165207954298	-1	0.99019889030934438	-1	OK
27.500000000000000	3.2768381365384665	1.3449846293193048	1.3164307210995121	2.85539082197928361E-002	1.9318535072191614	0.99055597359559333	-1	0.94129753362356805	-1	OK
27.750000000000000	3.1206986642678780	1.2845171925396648	1.2540727370599387	3.04444554797264205E-002	1.8361814717282130	0.94087617312441485	-1	0.89530529860379815	-1	OK
28.000000000000000	2.9731016291796877	1.2272206121063425	1.1951538844373020	3.20667276690407843E-002	1.7458810170733452	0.89407427432138942	-1	0.85180674275195578	-1	OK
28.250000000000000	2.8336137270916240	1.1729048399195099	1.1394578566523474	3.34469832671625625E-002	1.6607088871721138	0.84996081168890925	-1	0.81074807548320460	-1	OK
28.500000000000000	2.7017339422768334	1.1213929681486405	1.0867837301312708	3.46092380173696895E-002	1.5803409741281931	0.80836076394847556	-1	0.77198021017971752	-1	OK
28.750000000000000	2.5769826863269665	1.0725195112997818	1.0369445657982772	3.55749455015045707E-002	1.5044631750271846	0.76911739205488239	-1	0.73534578297230224	-1	OK
29.000000000000000	2.4589225911752530	1.0261306150888849	0.98976644426622828	3.63641708226561389E-002	1.4327919760863683	0.73206980291120372	-1	0.70072217317516461	-1	OK
29.250000000000000	2.3471461140116423	0.98208168545208530	0.94508725765513713	3.69944277969480942E-002	1.3650644285595568	0.69708286254571006	-1	0.66798156601384673	-1	OK
29.500000000000000	2.2412773724448209	0.94023812064581269	0.90275614103967305	3.74819796061395191E-002	1.3010392517990081	0.66402657278347910	-1	0.63701267901552905	-1	OK
29.750000000000000	2.1409579924563200	0.90047364407342179	0.86263239381859946	3.78412502548221008E-002	1.2404843483828982	0.63161832068761725	-1	0.60886602769528098	-1	OK
30.000000000000000	2.0458549758444153	0.86267071290709907	0.82458488877355818	3.80858241335409325E-002	1.1831842629373162	0.60212294352499018	-1	0.58106131941232597	-1	OK
30.250000000000000	1.9556666758419130	0.82671898386409781	0.78849110124904576	3.82278826150521805E-002	1.1289476919778152	0.57421811466966299	-1	0.55472957730815220	-1	OK
30.500000000000000	1.8700982102900365	0.79251472275570645	0.75423658244181757	3.82781403138889170E-002	1.0775834875343302	0.54780327444425359	-1	0.52978021309007661	-1	OK
30.750000000000000	1.7888795394764374	0.75996100347956608	0.72171447755880747	3.82465259207587713E-002	1.0289185359968713	0.52279014375661970	-1	0.50612839224025163	-1	OK
31.000000000000000	1.7117550108259083	0.72896686289293189	0.69082485679117545	3.81420061017565537E-002	0.98278814793297631	0.49909577972505276	-1	0.48369236820792355	-1	OK
31.250000000000000	1.6372397142195703	0.69944683749953263	0.66147417059165980	3.79726669078727791E-002	0.93779287672003753	0.47664172836336394	-1	0.46115114835667359	-1	OK
31.500000000000000	1.5676948872446363	0.67132092926259190	0.63357496902970256	3.77459602328892863E-002	0.89637395798204444	0.45535459495411967	-1	0.44101936302792477	-1	OK
31.750000000000000	1.5009406709527562	0.64451371639960531	0.60704535181777119	3.74683645818340294E-002	0.85642695455315088	0.43516540892752342	-1	0.42126154562562745	-1	OK
32.000000000000000	1.4380984894991000	0.61895487000257887	0.58180872347812040	3.71461465244585926E-002	0.81914361949652126	0.41600975858124439	-1	0.40313386091527686	-1	OK
32.250000000000000	1.3783137462149162	0.59457800189871202	0.55779322688282063	3.67847750158914674E-002	0.78373574431620419	0.39782766791897928	-1	0.38590807639722491	-1	OK
32.500000000000000	1.3214172746874158	0.57132047481702131	0.53493145344739779	3.63890213696235892E-002	0.75009679987039457	0.38056304249249046	-1	0.36953375737790412	-1	OK
32.750000000000000	1.2672504956522461	0.54912348577948500	0.51316017948331183	3.59633062961732114E-002	0.71812700987276112	0.36416421362442442	-1	0.35396279624833671	-1	OK
33.000000000000000	1.2156656912488837	0.52793189976496468	0.49242011834494576	3.55117814200186788E-002	0.68773379148391900	0.34858201047061410	-1	0.33915178101330490	-1	OK
33.250000000000000	1.1665217569497435	0.50769396337541439	0.47265562616065360	3.50383372147609895E-002	0.65882779357432908	0.33377203373388498	-1	0.32505575984044410	-1	OK
33.500000000000000	1.1196772769791548	0.48836059900331930	0.45381435397625985	3.45462450270596008E-002	0.63131667797583546	0.31969386389560644	-1	0.31162281408022902	-1	OK
33.750000000000000	1.0750255205356392	0.46988551066063045	0.43584710573539270	3.40384049252376863E-002	0.60514000987500860	0.30630231967701160	-1	0.29883769019799700	-1	OK
34.000000000000000	1.0324406768972125	0.45222509415984141	0.41870764535428101	3.35174488055605194E-002	0.58021558273737106	0.29355915564773377	-1	0.28665642708963729	-1	OK
34.250000000000000	0.99181465414839765	0.43533837144647441	0.40235250560730584	3.29858658391686266E-002	0.55647628270192329	0.28142807591680358	-1	0.27504820678511971	-1	OK
34.500000000000000	0.95304749639914199	0.41918674391785304	0.38674078087585434	3.24459630419987113E-002	0.53386075248128895	0.26987638810249237	-1	0.26398436437879658	-1	OK
34.750000000000000	0.91600411212863619	0.40373379335927878	0.37183395745810854	3.18998359011702648E-002	0.51227031876935747	0.25887212647552493	-1	0.25339819229383254	-1	OK
35.000000000000000	0.88063586838415686	0.38894493585059642	0.35759572627682895	3.13492095737675919E-002	0.49169093253356039	0.24838619355563371	-1	0.24330473897792668	-1	OK
35.250000000000000	0.84688746409242843	0.37478755613086523	0.34399188623769789	3.07956698931673573E-002	0.47209990796156315	0.23839036830064936	-1	0.23370953966091379	-1	OK
35.500000000000000	0.81464431783109426	0.36123053062465960	0.33099014405021726	3.02403865744423697E-002	0.45341378720643466	0.22885959723515165	-1	0.22455418997128301	-1	OK
35.750000000000000	0.78382944341640570	0.34824490495864602	0.31856017291247518	2.96847320461707635E-002	0.43558453845775974	0.21976887236131945	-1	0.21581566609644029	-1	OK
36.000000000000000	0.75436865267336961	0.33580358089164764	0.30667338020812740	2.91302006835201799E-002	0.41856507178172198	0.21109496734799557	-1	0.20747010443372640	-1	OK
36.250000000000000	0.72619567465217982	0.32388038451405243	0.29530265945940931	2.85777250546430835E-002	0.40231529013812745	0.20281635690060384	-1	0.19949893323752360	-1	OK
36.500000000000000	0.69924443353317056	0.31245058587528740	0.28442245595535498	2.80281299199323618E-002	0.38679384765788316	0.19491385007831571	-1	0.19187999757956745	-1	OK
36.750000000000000	0.67345546334233530	0.30149091706500025	0.27400864942681757	2.74822676381826746E-002	0.37196454627733511	0.18736847093898862	-1	0.18459607533834649	-1	OK
37.000000000000000	0.64877273091985388	0.29097912390962111	0.26403841690702334	2.69407070025978919E-002	0.35779360701023277	0.18015881017975760	-1	0.17763479683047517	-1	OK
37.250000000000000	0.62514064474242415	0.28089446496499604	0.25449026407322012	2.64042008917758954E-002	0.34424617977742811	0.17326978562560050	-1	0.17097639415182761	-1	OK
37.500000000000000	0.60250716698346540	0.27121723470259340	0.24534384020512925	2.58733944974640674E-002	0.33128993228087200	0.16668465161503096	-1	0.16460528066584104	-1	OK
37.750000000000000	0.58082520953718619	0.26192874050279008	0.23657988062109520	2.53488598816947949E-002	0.31889646903439606	0.16038846179342842	-1	0.15850800724096764	-1	OK
38.000000000000000	0.56004943427145282	0.25301102496812167	0.22818011574586122	2.48309092222603958E-002	0.30703840930333115	0.15436680403772929	-1	0.15267160526560186	-1	OK
38.250000000000000	0.54013647339007453	0.24444708376847682	0.22012726744700417	2.43198163214726377E-002	0.29568938962159769	0.14860612920786462	-1	0.14708326041373307	-1	OK
38.500000000000000	0.52100211581704658	0.23622080434142717	0.21240499100700760	2.38158133344196637E-002	0.28478131147561947	0.14309360282477324	-1	0.14168770865084623	-1	OK
38.750000000000000	0.50269591796512636	0.22831709901389213	0.20499784369064206	2.33192553232500592E-002	0.27437881895123423	0.13781707690468661	-1	0.13656174204654761	-1	OK
39.000000000000000	0.48513513744914660	0.22072153978410022	0.19789117216763785	2.28303676164623368E-002	0.26441359766504641	0.13276163505311087	-1	0.13165196261193554	-1	OK
39.250000000000000	0.46828708003341446	0.21342051097344894	0.19107109810540626	2.23494128680426750E-002	0.25486656905996552	0.12792020211910107	-1	0.12694636694086445	-1	OK
39.500000000000000	0.45211898834088549	0.20640096737182131	0.18452443334570537	2.18765340261159631E-002	0.24571802096906417	0.12328274617913730	-1	0.12243527478992687	-1	OK
39.750000000000000	0.43659922485409741	0.19965043618187056	0.17823866530819002	2.14117708736804684E-002	0.23694878867222685	0.11883924091087540	-1	0.11810954776135145	-1	OK
40.000000000000000	0.42169992107275101	0.19315709106137691	0.17220192779330554	2.09551632680713661E-002	0.22854283001137407	0.11457957256044715	-1	0.11396325745092692	-1	OK
40.250000000000000	0.40739167626152878	0.18690975612547112	0.16640297983384764	2.05067762916234415E-002	0.22048192013605766	0.11049575745064112	-1	0.10998616268541654	-1	OK
40.500000000000000	0.39364889399494196	0.18089786630399712	0.16083115839104126	2.00667079129558321E-002	0.21275102769094484	0.10657979691276845	-1	0.10617123077817639	-1	OK
40.750000000000000	0.38052385068229266	0.17511122808676166	0.15547631437354514	1.96349137132165452E-002	0.20541262259553100	0.10282395955087663	-1	0.10258866304465437	-1	OK
41.000000000000000	0.36783471654157940	0.16954028806122884	0.15032883160890076	1.92114564523281142E-002	0.19829442848035056	9.92208282294103627E-002	-1	9.90736002509401970E-002	-1	OK
41.250000000000000	0.35563663701525228	0.16417589764313972	0.14537955512456882	1.87963425185708917E-002	0.19146073937211253	9.57633739620809971E-002	-1	9.56973654100315291E-002	-1	OK
41.500000000000000	0.34390829152648650	0.15900923913025300	0.14061976275282856	1.83894763774244442E-002	0.18489905239623350	9.24449286059824543E-002	-1	9.24541237902510443E-002	-1	OK
41.750000000000000	0.33254758460872347	0.15403191515197517	0.13604116993192850	1.79907452200467298E-002	0.17851566945674829	8.92588949057297742E-002	-1	8.92567745510185195E-002	-1	OK
42.000000000000000	0.32170061691894486	0.14923603272793889	0.13163592507525060	1.76001076526882509E-002	0.17246458419100597	8.61993884040214708E-002	-1	8.62651957869844943E-002	-1	OK
42.250000000000000	0.31126472259021221	0.14461407452036498	0.12739655139187328	1.72175231284916741E-002	0.16665064806984720	8.32609554947946195E-002	-1	8.33896925750525764E-002	-1	OK
42.500000000000000	0.30122112228436315	0.14015879928627095	0.12331592543524152	1.68428738510293802E-002	0.16106232299809220	8.04381233280458685E-002	-1	8.06241996700463315E-002	-1	OK
42.750000000000000	0.29155419797913440	0.13586341056274659	0.11938728691397371	1.64761236487728745E-002	0.15569078741638781	7.77260010399503931E-002	-1	7.79647863764374172E-002	-1	OK
43.000000000000000	0.28224645291537809	0.13172139537357591	0.11560418471866904	1.61172106549068439E-002	0.15052505754180215	7.51194348533490014E-002	-1	7.54056226884531472E-002	-1	OK
43.250000000000000	0.27328274128887314	0.12772646060737564	0.11196046112143969	1.57659994859359609E-002	0.14555628068149751	7.26136989337557021E-002	-1	7.29425817477418054E-002	-1	OK
43.500000000000000	0.26464935691312658	0.12387259131836580	0.10845025110028603	1.54223402180798143E-002	0.14077676559476079	7.02043728929401117E-002	-1	7.05723927018206826E-002	-1	OK
43.750000000000000	0.25632945984602462	0.12015407208738703	0.10506797570415687	1.50860963832301787E-002	0.13617538775863761	6.78872531882752928E-002	-1	6.82881345703623133E-002	-1	OK
44.000000000000000	0.24831551653406778	0.11656551464208439	0.10180833106607767	1.47571835760066643E-002	0.13175000189198338	6.56583506822051438E-002	-1	6.60916512097782377E-002	-1	OK
44.250000000000000	0.24059209383661434	0.11310176798134708	9.86662566319392587E-002	1.44355113494077560E-002	0.12749032585526726	6.35138846593881201E-002	-1	6.39764411958791412E-002	-1	OK
44.500000000000000	0.23314747048854406	0.10975785729204249	9.56369167806564863E-002	1.41209405113860535E-002	0.12338961319650156	6.14503475512919450E-002	-1	6.19392656452096152E-002	-1	OK
44.750000000000000	0.22596813483953251	0.10652905776366479	9.27157041152866235E-002	1.38133536483782075E-002	0.11943907707586772	5.94644126092566533E-002	-1	5.99746644666110662E-002	-1	OK
45.000000000000000	0.21904754701213114	0.10341087488218018	8.98982251253485770E-002	1.35126497568316267E-002	0.11563667212995096	5.75525562084825693E-002	-1	5.80841159214683933E-002	-1	OK
45.250000000000000	0.21237324679305536	0.10039900225457310	8.71802844806287142E-002	1.32187177739443874E-002	0.11197424453848225	5.57116410745728749E-002	-1	5.62626034639093706E-002	-1	OK
45.500000000000000	0.20593518956240714	9.74892904906365931E-002	8.45578693915062934E-002	1.29314210991303274E-002	0.10844589907177056	5.39385794254255493E-002	-1	5.45073196463450108E-002	-1	OK
45.750000000000000	0.19972381513058124	9.46777391285857500E-002	8.20271454021693908E-002	1.26505937264163489E-002	0.10504607600199550	5.22305877631489973E-002	-1	5.28154882388465058E-002	-1	OK
46.000000000000000	0.19372996920849003	9.19605951871043659E-002	7.95844662002301029E-002	1.23761289868742647E-002	0.10176937402138567	5.05849662872650818E-002	-1	5.11844077341205850E-002	-1	OK
46.250000000000000	0.18794490028615374	8.93342641321524800E-002	7.72263446693019634E-002	1.21079194628505426E-002	9.86106361540012577E-002	4.89991380348174868E-002	-1	4.96114981191837709E-002	-1	OK
46.500000000000000	0.18236036199529265	8.67952654065164420E-002	7.49494420617362322E-002	1.18458233447802201E-002	9.55650965887762244E-002	4.74706439384113693E-002	-1	4.80944526503648551E-002	-1	OK
46.750000000000000	0.17696835750753620	8.43403012093815740E-002	7.27505740199260176E-002	1.15897271894555409E-002	9.26280562981546124E-002	4.59971373857069529E-002	-1	4.66309189124476595E-002	-1	OK
47.000000000000000	0.17176130456908742	8.19662292939148940E-002	7.06266966755287190E-002	1.13395326183861299E-002	8.97950752751725256E-002	4.45763786903141460E-002	-1	4.52186965848583797E-002	-1	OK
47.250000000000000	0.16673236589224227	7.96699845307562438E-002	6.85748884962691097E-002	1.10950960344871341E-002	8.70623813614860437E-002	4.32062371268926299E-002	-1	4.38561442345934138E-002	-1	OK
47.500000000000000	0.16187471333618181	7.74486213372721777E-002	6.65923545204396283E-002	1.08562668168325285E-002	8.44260919989096442E-002	4.18846276612795318E-002	-1	4.25414643376301124E-002	-1	OK
47.750000000000000	0.15718140957684101	7.52993336760429399E-002	6.46764259454375018E-002	1.06229077306054312E-002	8.18820759007980736E-002	4.06096326188518097E-002	-1	4.12724432819462639E-002	-1	OK
48.000000000000000	0.15264581023578605	7.32194672685160669E-002	6.28245569755093991E-002	1.03949102930066713E-002	7.94263429672699972E-002	3.93793890502922572E-002	-1	4.00469539169777400E-002	-1	OK
48.250000000000000	0.14826198592112244	7.12064808710202030E-002	6.10343102537957011E-002	1.01721706172245262E-002	7.70555050501022382E-002	3.81921179152382023E-002	-1	3.88633871348640358E-002	-1	OK
48.500000000000000	0.14402001213920895	6.92579061731433410E-002	5.93033466590679598E-002	9.95455951407537946E-003	7.47621059660656118E-002	3.70461189503297136E-002	-1	3.77159870157358981E-002	-1	OK
48.750000000000000	0.13992307595771086	6.73714047345215505E-002	5.76294322150430749E-002	9.74197251947845309E-003	7.25516712231892985E-002	3.59397678907594498E-002	-1	3.66119033324298487E-002	-1	OK
49.000000000000000	0.13596144137132379	6.55447354336867044E-002	5.60104266460464129E-002	9.53430878764027247E-003	7.04167059376370891E-002	3.48715107643917735E-002	-1	3.55451951732453156E-002	-1	OK
49.250000000000000	0.13213026266022421	6.37757261641782036E-002	5.44442754202141693E-002	9.33145074396402735E-003	6.83545364960460172E-002	3.38398609174370771E-002	-1	3.45146755786089401E-002	-1	OK
49.500000000000000	0.12842405681058716	6.20622953204790287E-002	5.29290095133881991E-002	9.13328580709082960E-003	6.63617614901081398E-002	3.28433946584157088E-002	-1	3.35183668316924310E-002	-1	OK
49.750000000000000	0.12483851440431082	6.04024329810562005E-002	5.14627410322585979E-002	8.93969194879760953E-003	6.44360814232546181E-002	3.18807625027118513E-002	-1	3.25553189205427668E-002	-1	OK
50.000000000000000	0.12136919922774622	5.87942303422597790E-002	5.00436655079048442E-002	8.75056483435492603E-003	6.25749688854864428E-002	3.09506573966918767E-002	-1	3.16243114887945626E-002	-1	OK
50.250000000000000	0.11798511665323676	5.72358505708213949E-002	4.86700506939409805E-002	8.56579987688041097E-003	6.07492660824153624E-002	3.00518344882941199E-002	-1	3.06974315941212425E-002	-1	OK
50.500000000000000	0.11473620917028976	5.57255187175136751E-002	4.73402353041507962E-002	8.38528341336286856E-003	5.90106904527760781E-002	2.91831009972973072E-002	-1	2.98275894554787709E-002	-1	OK
50.750000000000000	0.11159111427796257	5.42615571635358812E-002	4.60526320800324004E-002	8.20892508350346863E-003	5.73295571144266936E-002	2.83433154508688986E-002	-1	2.89862416635577949E-002	-1	OK
51.000000000000000	0.10854578952780997	5.28423644818341726E-002	4.48057179228406252E-002	8.03664655899353521E-003	5.57034250459758004E-002	2.75313846591993504E-002	-1	2.81720403867764500E-002	-1	OK
51.250000000000000	0.10559692089678514	5.14663679805424518E-002	4.35980249336878414E-002	7.86834304685459472E-003	5.41305529162426913E-002	2.67462576142743803E-002	-1	2.73842953019683109E-002	-1	OK
51.500000000000000	0.10274106035548941	5.01320658892536464E-002	4.24281469344199580E-002	7.70391895483368578E-003	5.26089944662357575E-002	2.59869171734136428E-002	-1	2.66220772928221147E-002	-1	OK
51.750000000000000	9.99747651390873737E-002	4.88380179020522914E-002	4.12947340915523417E-002	7.54328381049994365E-003	5.11367472370350892E-002	2.52524262120494870E-002	-1	2.58843210249856022E-002	-1	OK
52.000000000000000	9.72421417340689626E-002	4.75828196197893641E-002	4.01964876760136855E-002	7.38633194377566037E-003	4.96593221142795985E-002	2.45418356548071474E-002	-1	2.51174864594724510E-002	-1	OK
52.250000000000000	9.46466828924461823E-002	4.63651378469947667E-002	3.91321640935776704E-002	7.23297375341709105E-003	4.82815450454514156E-002	2.38542701558121482E-002	-1	2.44272748896392673E-002	-1	OK
52.500000000000000	9.21044724719476265E-002	4.51836966159774311E-002	3.81005708475608343E-002	7.08312576841661247E-003	4.69207758559701954E-002	2.31889199983609379E-002	-1	2.37318558576092575E-002	-1	OK
52.750000000000000	8.96673698970150979E-002	4.40372695412185391E-002	3.71005632095808210E-002	6.93670633163772157E-003	4.56301003557965656E-002	2.25449631591128734E-002	-1	2.30851371966836923E-002	-1	OK
53.000000000000000	8.73050913486761032E-002	4.29246855761411250E-002	3.61310415837933704E-002	6.79364399234773896E-003	4.43804057725349782E-002	2.19215691446117897E-002	-1	2.24588366279231885E-002	-1	OK
53.250000000000000	8.50149559870348182E-002	4.18448007352486134E-002	3.51909454053940599E-002	6.65385532985454230E-003	4.31701552517861978E-002	2.13181455437265605E-002	-1	2.18520097080596373E-002	-1	OK
53.500000000000000	8.27944466897168052E-002	4.07965069866268321E-002	3.42792553585357859E-002	6.51725162809105134E-003	4.19979397030899662E-002	2.07339443876009034E-002	-1	2.12639953154890628E-002	-1	OK
53.750000000000000	8.06411155126170731E-002	3.97787610084162774E-002	3.33949966553829941E-002	6.38376435303328587E-003	4.08623545042007957E-002	2.01682066601472434E-002	-1	2.06941478440535523E-002	-1	OK
54.000000000000000	7.85524753253312308E-002	3.87905491171990774E-002	3.25372289325941491E-002	6.25332018460493522E-003	3.97619262081321534E-002	1.96202571587686947E-002	-1	2.01416690493634587E-002	-1	OK
54.250000000000000	7.65267209179464752E-002	3.78308883415207076E-002	3.17050473476094274E-002	6.12584099391127752E-003	3.86958325764257677E-002	1.90423898855494773E-002	-1	1.96534426908762903E-002	-1	OK
54.500000000000000	7.45613912302934279E-002	3.68988388357218283E-002	3.08975832566805789E-002	6.00125557904124512E-003	3.76625523945716065E-002	1.85293081315984418E-002	-1	1.91332442629731647E-002	-1	OK
54.750000000000000	7.26543665306988162E-002	3.59935034218106659E-002	3.01140020977840733E-002	5.87950132402658907E-003	3.66608631088881434E-002	1.80321526140471422E-002	-1	1.86287104948410012E-002	-1	OK
55.000000000000000	7.08038081991324564E-002	3.51140071331225573E-002	2.93534985055676420E-002	5.76050862755492308E-003	3.56898010660098922E-002	1.75504021013348534E-002	-1	1.81393989646750388E-002	-1	OK
55.250000000000000	6.90078923037715508E-002	3.42595057864275437E-002	2.86152974234425428E-002	5.64420836298499835E-003	3.47483865173440001E-002	1.70834891291006818E-002	-1	1.76648973882433183E-002	-1	OK
55.500000000000000	6.72647679484849187E-002	3.34291906699335922E-002	2.78986542622341946E-002	5.53053640769940458E-003	3.38355772785513265E-002	1.66308857900808772E-002	-1	1.72046914884704492E-002	-1	OK
55.750000000000000	6.55726793260186375E-002	3.26222799312787734E-002	2.72028521231983712E-002	5.41942780808040390E-003	3.29503993947398641E-002	1.61920944594321423E-002	-1	1.67583049353077218E-002	-1	OK
56.000000000000000	6.39300026668961074E-002	3.18380306200198651E-002	2.65272027592154298E-002	5.31082786080443615E-003	3.20919720468762493E-002	1.57666361745645682E-002	-1	1.63253358723116811E-002	-1	OK
56.250000000000000	6.23352785190037922E-002	3.10757198590947761E-002	2.58710411813744302E-002	5.20467867772033896E-003	3.12595586599090161E-002	1.53540339970036372E-002	-1	1.59055246629053806E-002	-1	OK
56.500000000000000	6.07730883069824632E-002	3.03346425092414843E-002	2.52337259320791416E-002	5.10091657716232449E-003	3.04384457977409789E-002	1.49538688433900231E-002	-1	1.54845769543509558E-002	-1	OK
56.750000000000000	5.92694240951769785E-002	2.96141236206329227E-002	2.46146400493759167E-002	4.99948357125701813E-003	2.96553004745440558E-002	1.45657157774316415E-002	-1	1.50895846971124143E-002	-1	OK
57.000000000000000	5.78088717401174651E-002	2.89135137140953402E-002	2.40131892050644107E-002	4.90032450903093303E-003	2.88953580260221214E-002	1.41891663532181366E-002	-1	1.47061916728039848E-002	-1	OK
57.250000000000000	5.63900128978006912E-002	2.82321773426863973E-002	2.34287992923651149E-002	4.80337805032127890E-003	2.81578355551142939E-002	1.38238251023610169E-002	-1	1.43340104527532770E-002	-1	OK
57.500000000000000	5.50115281309157128E-002	2.75695063672476356E-002	2.28609180800054927E-002	4.70858828724213946E-003	2.74420217636680737E-002	1.34693075697340202E-002	-1	1.39727141939340535E-002	-1	OK
57.750000000000000	5.36677081362568892E-002	2.69249210439671122E-002	2.23090143212063170E-002	4.61590672276079948E-003	2.67427870922897805E-002	1.31252590081223572E-002	-1	1.36175280841674233E-002	-1	OK
58.000000000000000	5.23661736383578200E-002	2.62978537226228812E-002	2.17725749436189497E-002	4.52527877900392624E-003	2.60683199157349388E-002	1.27913293459101171E-002	-1	1.32769905698248217E-002	-1	OK
58.250000000000000	5.10867549931250109E-002	2.56877638411989948E-002	2.12511072181716144E-002	4.43665662302738639E-003	2.53989911519260196E-002	1.24671825499589658E-002	-1	1.29318086019670538E-002	-1	OK
58.500000000000000	4.98575702116200448E-002	2.50941286970046973E-002	2.07441354631095753E-002	4.34999323389512887E-003	2.47634415146153475E-002	1.21524938048959748E-002	-1	1.26109477097193726E-002	-1	OK
58.750000000000000	4.86626291362125818E-002	2.45164426750265063E-002	2.02512008118800185E-002	4.26524186314648085E-003	2.41461864611860789E-002	1.18469506142145405E-002	-1	1.22992358469715384E-002	-1	OK
59.000000000000000	4.75008648839224390E-002	2.39542168848215012E-002	1.97718603408604914E-002	4.18235654396100550E-003	2.35466479991009378E-002	1.15502521953624020E-002	-1	1.19963958037385358E-002	-1	OK
59.250000000000000	4.63712172343719448E-002	2.34069804688443114E-002	1.93056871203169493E-002	4.10129334852735779E-003	2.29642367655276299E-002	1.12621087861651693E-002	-1	1.17021279793624606E-002	-1	OK
59.500000000000000	4.52727002677667939E-002	2.28742743907079590E-002	1.88522680465164280E-002	4.02200634419153536E-003	2.23984258770588314E-002	1.09822411687149329E-002	-1	1.14161847083438985E-002	-1	OK
59.750000000000000	4.42043317059879065E-002	2.23556523419582986E-002	1.84112043232492854E-002	3.94444801870900887E-003	2.18486793640296079E-002	1.07103831052723121E-002	-1	1.11382962587572958E-002	-1	OK
60.000000000000000	4.31651790427031098E-002	2.18506885419788924E-002	1.79821125931012016E-002	3.86857594887769687E-003	2.13144905007242175E-002	1.04462868910961716E-002	-1	1.08682036096280459E-002	-1	OK
60.250000000000000	4.21491647256584945E-002	2.13589760873474366E-002	1.75646236357318158E-002	3.79435245161562767E-003	2.07901886383110579E-002	1.01896867585913719E-002	-1	1.06005018797196860E-002	-1	OK
60.500000000000000	4.11658447108646935E-002	2.08801193753237538E-002	1.71583805055779519E-002	3.72173886974580190E-003	2.02857253355409398E-002	9.94034109311871771E-003	-1	1.03453842424222221E-002	-1	OK
60.750000000000000	4.02090972082598391E-002	2.04137362594910589E-002	1.67630386585497955E-002	3.65069760094126252E-003	1.97953609487687768E-002	9.69801812739875917E-003	-1	1.00973428213700176E-002	-1	OK
61.000000000000000	3.92781213719493455E-002	1.99594585298199650E-002	1.63782654749360483E-002	3.58119305488392280E-003	1.93186628421293805E-002	9.46248017715995045E-003	-1	9.85618266496943000E-003	-1	OK
61.250000000000000	3.83721433980835219E-002	1.95169284053390915E-002	1.60037392813449642E-002	3.51318912399412259E-003	1.88552149927444304E-002	9.23352200171458255E-003	-1	9.62169299102984786E-003	-1	OK
61.500000000000000	3.74903417021505980E-002	1.90857991998152760E-002	1.56391491404499830E-002	3.44665005936529469E-003	1.84045425023353221E-002	9.01093990834900965E-003	-1	9.39360259398631242E-003	-1	OK
61.750000000000000	3.66320292149848875E-002	1.86657342851790919E-002	1.52841943528923118E-002	3.38153993228678057E-003	1.79662949298057990E-002	8.79453296336221366E-003	-1	9.17176196644358538E-003	-1	OK
62.000000000000000	3.57964931719550669E-002	1.82564099431201735E-002	1.49385848844962761E-002	3.31782505862390255E-003	1.75400832288348935E-002	8.58410743311719890E-003	-1	8.95597579571769456E-003	-1	OK
62.250000000000000	3.49830189062760241E-002	1.78575106989167474E-002	1.46020401654869420E-002	3.25547053342979936E-003	1.71255082073592767E-002	8.37948123336074678E-003	-1	8.74602697399852989E-003	-1	OK
62.500000000000000	3.41909564271307143E-002	1.74687332336959170E-002	1.42742896386425875E-002	3.19444359505332729E-003	1.67222231934347973E-002	8.18043636828224771E-003	-1	8.54178682515254958E-003	-1	OK
62.750000000000000	3.34196645310767745E-002	1.70897871910496400E-002	1.39550722880894540E-002	3.13471490296018517E-003	1.63298773400271345E-002	7.98683320183098469E-003	-1	8.34304413819614982E-003	-1	OK
63.000000000000000	3.26685333569422948E-002	1.67203889979306922E-002	1.36441352520562786E-002	3.07625374587441403E-003	1.59481443590116061E-002	7.79850349154530276E-003	-1	8.14964086746630331E-003	-1	OK
63.250000000000000	3.19369577439300237E-002	1.63602672867230077E-002	1.33412344845893743E-002	3.01903280213363474E-003	1.55766904572070177E-002	7.61529310378642951E-003	-1	7.96139735342058820E-003	-1	OK
63.500000000000000	3.12243328647360159E-002	1.60091561062917914E-002	1.30461333076894743E-002	2.96302279860232104E-003	1.52151767584442245E-002	7.43706430001734014E-003	-1	7.77811245842688435E-003	-1	OK
63.750000000000000	3.05301108819120079E-002	1.56667962433891736E-002	1.27586026975496508E-002	2.90819354583952408E-003	1.48633146385228343E-002	7.26363590190797631E-003	-1	7.59967873661485799E-003	-1	OK
64.000000000000000	2.98537470724008838E-002	1.53329406923425598E-002	1.24784219005773592E-002	2.85451879176519801E-003	1.45208063800583223E-002	7.09486672221470473E-003	-1	7.42593965784361758E-003	-1	OK
64.250000000000000	2.91947244138741069E-002	1.50073475937041803E-002	1.22053767318090027E-002	2.80197086189517977E-003	1.41873768201699248E-002	6.93061978221784242E-003	-1	7.25675703795208241E-003	-1	OK
64.500000000000000	2.85525911986906217E-002	1.46897839292460235E-002	1.19392603918849430E-002	2.75052353736107702E-003	1.38628072694445964E-002	6.77074875796287740E-003	-1	7.09205851148171900E-003	-1	OK
64.750000000000000	2.79268093441942256E-002	1.43800251467289010E-002	1.16798730005818266E-002	2.70015214614707224E-003	1.35467841974653263E-002	6.61512197721703804E-003	-1	6.93166222024828825E-003	-1	OK
65.000000000000000	2.73169197343652165E-002	1.40778510733926398E-002	1.14270207042546836E-002	2.65083036913795313E-003	1.32390686609725784E-002	6.46360313417609390E-003	-1	6.77546552679648452E-003	-1	OK
65.250000000000000	2.67224455079396982E-002	1.37830518499702098E-002	1.11805165815006269E-002	2.60253526846958641E-003	1.29393936579694883E-002	6.31607090345535915E-003	-1	6.62332275451412919E-003	-1	OK
65.500000000000000	2.61429497721056767E-002	1.34954238515333259E-002	1.09401793549887705E-002	2.55524449654455756E-003	1.26475259205723490E-002	6.17241265458546174E-003	-1	6.47511326598688725E-003	-1	OK
65.750000000000000	2.55779960693363721E-002	1.32147689047709769E-002	1.07058334247557407E-002	2.50893548001523666E-003	1.23632271645653952E-002	6.03251395229735445E-003	-1	6.33071321226804078E-003	-1	OK
66.000000000000000	2.50271808169761807E-002	1.29408943842019807E-002	1.04773086926875994E-002	2.46358569151438516E-003	1.20862864327742001E-002	5.89625559931651090E-003	-1	6.19003083345768916E-003	-1	OK
66.250000000000000	2.44901118834613477E-002	1.26736110375772343E-002	1.02544399447792537E-002	2.41917109279798058E-003	1.18165008458841116E-002	5.76351025436520718E-003	-1	6.05299059151890445E-003	-1	OK
66.500000000000000	2.39663651755059430E-002	1.24127375523362567E-002	1.00370676401189997E-002	2.37566991221725438E-003	1.15536276231696863E-002	5.63420289566526292E-003	-1	5.91942472750442341E-003	-1	OK
66.750000000000000	2.34555878020076235E-002	1.21580968806649040E-002	9.82503717061543498E-003	2.33305971004946992E-003	1.12974909213427194E-002	5.50823261393922591E-003	-1	5.78925830740349354E-003	-1	OK
67.000000000000000	2.29574279111341151E-002	1.19095178833672002E-002	9.61819901870071201E-003	2.29131886466649084E-003	1.10479100277669131E-002	5.38550195961643753E-003	-1	5.66240806815047557E-003	-1	OK
67.250000000000000	2.24715314448182477E-002	1.16668404453936468E-002	9.41640957219971181E-003	2.25043087319393587E-003	1.08046909994246026E-002	5.26140766066214311E-003	-1	5.54328333876245947E-003	-1	OK
67.500000000000000	2.19975856480282179E-002	1.14299076814695227E-002	9.21952899164433549E-003	2.21037868982518725E-003	1.05676779665586952E-002	5.14497886760323288E-003	-1	5.42269909895546232E-003	-1	OK
67.750000000000000	2.15352476826947969E-002	1.11985639589795537E-002	9.02742117674425019E-003	2.17114278223530565E-003	1.03366837237152450E-002	5.03151298542715234E-003	-1	5.30517073828809266E-003	-1	OK
68.000000000000000	2.10841725828109922E-002	1.09726589839994754E-002	8.83995444861487151E-003	2.13270453538460343E-003	1.01115135988115185E-002	4.92090948476332259E-003	-1	5.19060411404819594E-003	-1	OK
68.250000000000000	2.06440461256694810E-002	1.07520477587236991E-002	8.65700119230118983E-003	2.09504656642250583E-003	9.89199836694578012E-003	4.81310323205792062E-003	-1	5.07889513488785950E-003	-1	OK
68.500000000000000	2.02145557415007761E-002	1.05365887651607398E-002	8.47843752413098874E-003	2.05815124102974936E-003	9.67796697634003625E-003	4.70801379675736282E-003	-1	4.96995317958267343E-003	-1	OK
68.750000000000000	1.97954055960855337E-002	1.03261431652097307E-002	8.30414301391189762E-003	2.02200015129783530E-003	9.46926243087580291E-003	4.60556306743235139E-003	-1	4.86369936344345152E-003	-1	OK
69.000000000000000	1.93863212253962205E-002	1.01205752363415676E-002	8.13400089094153296E-003	1.98657434540003676E-003	9.26574598905465126E-003	4.50567625057674177E-003	-1	4.76006973847790948E-003	-1	OK
69.250000000000000	1.89870251135539556E-002	9.91975546568380634E-003	7.96789847664933909E-003	1.95185698903446616E-003	9.06726964787014748E-003	4.40827998934916008E-003	-1	4.65898965852098740E-003	-1	OK
69.500000000000000	1.85972480724649197E-002	9.72355981371775605E-003	7.80572687543025414E-003	1.91783293828750342E-003	8.87368825874716542E-003	4.31330733617822648E-003	-1	4.56038092256893894E-003	-1	OK
69.750000000000000	1.82167387384946158E-002	9.53186626306095838E-003	7.64738013836612635E-003	1.88448612469483160E-003	8.68487247543365572E-003	4.22070356201221467E-003	-1	4.46416891342144104E-003	-1	OK
70.000000000000000	1.78452388737500335E-002	9.34455805825987543E-003	7.49275598715767877E-003	1.85180207110219428E-003	8.50068081549015808E-003	4.13038593856403929E-003	-1	4.37029487692611879E-003	-1	OK
70.250000000000000	1.74825067724163064E-002	9.16152396292689228E-003	7.34175535142799970E-003	1.81976861149889279E-003	8.32098280948941581E-003	4.04229038168999605E-003	-1	4.27869242779941976E-003	-1	OK
70.500000000000000	1.71283029951947927E-002	8.98265241220582399E-003	7.19428143578835447E-003	1.78837097641746843E-003	8.14565058298896867E-003	3.95635551956307566E-003	-1	4.18929506342589301E-003	-1	OK
70.750000000000000	1.67824033787749710E-002	8.80783480046210335E-003	7.05024031268579841E-003	1.75759448777630515E-003	7.97456857831286593E-003	3.87252233995520005E-003	-1	4.10204623835766589E-003	-1	OK
71.000000000000000	1.64445860620257844E-002	8.63696578656603271E-003	6.90954091397469154E-003	1.72742487259134312E-003	7.80762027545975346E-003	3.79073162212273645E-003	-1	4.01688865333701701E-003	-1	OK
71.250000000000000	1.61146365921277235E-002	8.46994323294084084E-003	6.77209485517835975E-003	1.69784837776248065E-003	7.64469335918688091E-003	3.71092710945974654E-003	-1	3.93376624972713480E-003	-1	OK
71.500000000000000	1.57923626652246990E-002	8.30666832165435562E-003	6.63781643476317549E-003	1.66885188689118035E-003	7.48569434357034252E-003	3.63305432159367545E-003	-1	3.85264002197666707E-003	-1	OK
71.750000000000000	1.54775458251821454E-002	8.14704491507109788E-003	6.50662245165153572E-003	1.64042246341955847E-003	7.33050091011104750E-003	3.55706164558328023E-003	-1	3.77343926452776727E-003	-1	OK
72.000000000000000	1.51699881963205663E-002	7.99097929220196103E-003	6.37843214933425315E-003	1.61254714286770745E-003	7.17900890411860525E-003	3.48290092846311470E-003	-1	3.69610797565549055E-003	-1	OK
72.250000000000000	1.48695020824139695E-002	7.83838150020163202E-003	6.25316738135425331E-003	1.58521411884738109E-003	7.03112058221233745E-003	3.41051790358547951E-003	-1	3.62060267862685794E-003	-1	OK
72.500000000000000	1.45759009539739477E-002	7.68916317847863524E-003	6.13075208649394195E-003	1.55841109198469807E-003	6.88673777549531161E-003	3.33986435577204649E-003	-1	3.54687341972326512E-003	-1	OK
72.750000000000000	1.42890065303171165E-002	7.54323830222284122E-003	6.01111246126198942E-003	1.53212584096085029E-003	6.74576822809427618E-003	3.27089350201547257E-003	-1	3.47487472607880361E-003	-1	OK
73.000000000000000	1.40086546624722547E-002	7.40052491716233427E-003	5.89417716047702794E-003	1.50634775668530567E-003	6.60812974530992046E-003	3.20355867095516124E-003	-1	3.40457107435475923E-003	-1	OK
73.250000000000000	1.37346751896278083E-002	7.26094461027952838E-003	5.77987702849092153E-003	1.48106758178860728E-003	6.47373057934828074E-003	3.13781619113296002E-003	-1	3.33591438821532072E-003	-1	OK
73.500000000000000	1.34668997511265005E-002	7.12441896463845460E-003	5.66814440793675985E-003	1.45627455670169345E-003	6.34248078648804586E-003	3.07362452362483843E-003	-1	3.26885626286320743E-003	-1	OK
73.750000000000000	1.32051897136534931E-002	6.99087147170810233E-003	5.55891356413584520E-003	1.43195790757225582E-003	6.21431824194539160E-003	3.01094928992853101E-003	-1	3.20336895201686058E-003	-1	OK
74.000000000000000	1.29493625944445273E-002	6.86022732412640626E-003	5.45212059781203465E-003	1.40810672631437031E-003	6.08913527031812018E-003	2.94974342486246195E-003	-1	3.13939184545565823E-003	-1	OK
74.250000000000000	1.26992680119916157E-002	6.73241363498982941E-003	5.34770338595140591E-003	1.38471024903842241E-003	5.96685437700178543E-003	2.88996764733596848E-003	-1	3.07688672966581695E-003	-1	OK
74.500000000000000	1.24547615470577827E-002	6.60736087049247807E-003	5.24560191738903964E-003	1.36175895310343734E-003	5.84740067656530464E-003	2.83158426123894394E-003	-1	3.01581641532636070E-003	-1	OK
74.750000000000000	1.22157001741265928E-002	6.48500141426166035E-003	5.14575781842862689E-003	1.33924359583303195E-003	5.73069875986493248E-003	2.77455404222215615E-003	-1	2.95614471764277633E-003	-1	OK
75.000000000000000	1.19819469345391824E-002	6.36526882739625252E-003	5.04811428417875283E-003	1.31715454321750035E-003	5.61667810714293076E-003	2.71883527739533041E-003	-1	2.89784282974760036E-003	-1	OK
75.250000000000000	1.17533691877058262E-002	6.24809962821327135E-003	4.95261623615426191E-003	1.29548339205901074E-003	5.50526955949255572E-003	2.66440233287643319E-003	-1	2.84086722661612253E-003	-1	OK
75.500000000000000	1.15298370455621715E-002	6.13343092723240418E-003	4.85920995878817187E-003	1.27422096844423166E-003	5.39640611832976728E-003	2.61122162216769881E-003	-1	2.78518449616206847E-003	-1	OK
75.750000000000000	1.13112184354738892E-002	6.02120092680433292E-003	4.76784320187926495E-003	1.25335772492506711E-003	5.29001750866955629E-003	2.55926059082387620E-003	-1	2.73075691784568008E-003	-1	OK
76.000000000000000	1.10973911986685051E-002	5.91135052812682190E-003	4.67846543728614016E-003	1.23288509084068130E-003	5.18604067054168321E-003	2.50848759951871050E-003	-1	2.67755307102297271E-003	-1	OK
76.250000000000000	1.08882391163524356E-002	5.80382454666299175E-003	4.59102791865669164E-003	1.21279662800630097E-003	5.08441456968944470E-003	2.45887517243659464E-003	-1	2.62553939725285006E-003	-1	OK
76.500000000000000	1.06836493788610969E-002	5.69856768874495417E-003	4.50548281529270130E-003	1.19308487345225135E-003	4.98508169011614276E-003	2.41039127431298380E-003	-1	2.57469041580315897E-003	-1	OK
76.750000000000000	1.04835074012400407E-002	5.59552523645368872E-003	4.42178344352940535E-003	1.17374179292428229E-003	4.88798216478635202E-003	2.36300580387858918E-003	-1	2.52497636090776283E-003	-1	OK
77.000000000000000	1.02876993264982286E-002	5.49464377920800238E-003	4.33988438595571836E-003	1.15475939325228381E-003	4.79305554729022622E-003	2.31669061975371422E-003	-1	2.47636492753651200E-003	-1	OK
77.250000000000000	1.00961206989639944E-002	5.39587108054938834E-003	4.25974146830574753E-003	1.13612961224364038E-003	4.70024961841460694E-003	2.27141996181966363E-003	-1	2.42882965659494332E-003	-1	OK
77.500000000000000	9.90866614314296623E-003	5.29915588293056877E-003	4.18131168044463559E-003	1.11784420248593253E-003	4.60951026021239659E-003	2.22716624166966132E-003	-1	2.38234401854273527E-003	-1	OK
77.750000000000000	9.72523400476179786E-003	5.20444967618281969E-003	4.10455344477163829E-003	1.09989623141118075E-003	4.52078432857897818E-003	2.18390275508172083E-003	-1	2.33688157349725735E-003	-1	OK
78.000000000000000	9.54572046735706684E-003	5.11170513127693835E-003	4.02942633652911535E-003	1.08227879474782560E-003	4.43401533608012849E-003	2.14160481707029995E-003	-1	2.29241051900982854E-003	-1	OK
78.250000000000000	9.37003877254488811E-003	5.02087656798840248E-003	3.95589104086528729E-003	1.06498552712311475E-003	4.34916220455648563E-003	2.10024856587569426E-003	-1	2.24891363868079137E-003	-1	OK
78.500000000000000	9.19809491201593887E-003	4.93191968451994148E-003	3.88390939574738588E-003	1.04801028877255452E-003	4.26617522749599652E-003	2.05980982191926280E-003	-1	2.20636540557673372E-003	-1	OK
78.750000000000000	9.02979940750789183E-003	4.84479145115226939E-003	3.81344419455086460E-003	1.03134725660140522E-003	4.18500795635562244E-003	2.02026561286334626E-003	-1	2.16474234349227617E-003	-1	OK
79.000000000000000	8.86505884502325654E-003	4.75944846561627589E-003	3.74445892623916695E-003	1.01498953937710808E-003	4.10561037940698065E-003	1.98159355516119894E-003	-1	2.12401682424578171E-003	-1	OK
79.250000000000000	8.70379090097412982E-003	4.67584820144115176E-003	3.67691805285277548E-003	9.98930148588375632E-004	4.02794269953297805E-003	1.94377191549865384E-003	-1	2.08417078403432422E-003	-1	OK
79.500000000000000	8.54591439704090183E-003	4.59394988287192742E-003	3.61078712993573563E-003	9.83162752936190707E-004	3.95196451416897441E-003	1.90677954507219327E-003	-1	2.04518496909678136E-003	-1	OK
79.750000000000000	8.39136342657642066E-003	4.51371399398708614E-003	3.54603265924392048E-003	9.67681334743165445E-004	3.87764943258933452E-003	1.87059424925467999E-003	-1	2.00705518333465453E-003	-1	OK
80.000000000000000	8.24003330994667153E-003	4.43510230521493125E-003	3.48262210306342747E-003	9.52480202151502042E-004	3.80493100473174028E-003	1.83519756616090809E-003	-1	1.96973343857083198E-003	-1	OK
80.250000000000000	8.09185622045889043E-003	4.35807763950678100E-003	3.42052377788323089E-003	9.37553861623549784E-004	3.73377858095210900E-003	1.80056970291706301E-003	-1	1.93320887803504599E-003	-1	OK
80.500000000000000	7.94676203627222612E-003	4.28260317633270219E-003	3.35970673104634071E-003	9.22896445286362126E-004	3.66415885993952436E-003	1.76669206329259018E-003	-1	1.89746679664693418E-003	-1	OK
80.750000000000000	7.80467450005446241E-003	4.20864318455305576E-003	3.30014084168337406E-003	9.08502342869680940E-004	3.59603131550140665E-003	1.73354642837441979E-003	-1	1.86248488712698686E-003	-1	OK
81.000000000000000	7.66551975817894755E-003	4.13616313776375352E-003	3.24179687201526807E-003	8.94366265748484262E-004	3.52935662041519403E-003	1.70111492606694979E-003	-1	1.82824169434824425E-003	-1	OK
81.250000000000000	7.52927526004087185E-003	4.06514551082955491E-003	3.18465696605280254E-003	8.80488544776752047E-004	3.46412974921131694E-003	1.66939144274905475E-003	-1	1.79473830646226218E-003	-1	OK
81.500000000000000	7.39578071178714595E-003	3.99552405805262290E-003	3.12867180803753616E-003	8.66852250015087396E-004	3.40025665373452305E-003	1.63833625727539262E-003	-1	1.76192039645913043E-003	-1	OK
81.750000000000000	7.26502021130381696E-003	3.92728451484066106E-003	3.07382542816686186E-003	8.53459086673798118E-004	3.33773569646315634E-003	1.60794393846471623E-003	-1	1.72979175799844011E-003	-1	OK
82.000000000000000	7.13693139073964897E-003	3.86039610440693133E-003	3.02009152896784427E-003	8.40304575439086623E-004	3.27653528633271764E-003	1.57819837839050410E-003	-1	1.69833690794221354E-003	-1	OK
82.250000000000000	7.01144918489804599E-003	3.79482785487219362E-003	2.96744432957971515E-003	8.27383525292477271E-004	3.21662133002585194E-003	1.54908463255019608E-003	-1	1.66753669747565585E-003	-1	OK
82.500000000000000	6.88851161445902093E-003	3.73054978742054424E-003	2.91585877827135829E-003	8.14691009149186166E-004	3.15796182703847669E-003	1.52058751447863342E-003	-1	1.63737431255984328E-003	-1	OK
82.750000000000000	6.76806366472538883E-003	3.66753270417286090E-003	2.86531050216671471E-003	8.02222202006145973E-004	3.10053096055252749E-003	1.49268637193800840E-003	-1	1.60784458861451909E-003	-1	OK
83.000000000000000	6.65004887958505105E-003	3.60574885550459575E-003	2.81577588242500195E-003	7.89972973079593470E-004	3.04430002408045486E-003	1.46537200917216818E-003	-1	1.57892801490828669E-003	-1	OK
83.250000000000000	6.53441121834711335E-003	3.54517051833719635E-003	2.76723176780151571E-003	7.77938750535679875E-004	2.98924070000991700E-003	1.43863135785377277E-003	-1	1.55060934215614423E-003	-1	OK
83.500000000000000	6.42109624514988330E-003	3.48577150166085384E-003	2.71965575325988293E-003	7.66115748400970366E-004	2.93532474348902946E-003	1.41245137005516219E-003	-1	1.52287337343386727E-003	-1	OK
83.750000000000000	6.31005101116057995E-003	3.42752595134599835E-003	2.67302591225685197E-003	7.54500039089146595E-004	2.88252505981458204E-003	1.38681870644698419E-003	-1	1.49570635336759785E-003	-1	OK
84.000000000000000	6.20122353145999717E-003	3.37040813915666067E-003	2.62732077610233197E-003	7.43087363054328810E-004	2.83081539230333650E-003	1.36171992757106244E-003	-1	1.46909546473227405E-003	-1	OK
84.250000000000000	6.09456705622775548E-003	3.31439268606705580E-003	2.58251936875067379E-003	7.31873317316381793E-004	2.78017437016069967E-003	1.33714247331126446E-003	-1	1.44303189684943521E-003	-1	OK
84.500000000000000	5.99003262310623778E-003	3.25945491178832644E-003	2.53860128432570938E-003	7.20853627462616402E-004	2.73057771131791091E-003	1.31307410581969633E-003	-1	1.41750360549821458E-003	-1	OK
84.750000000000000	5.88757150157422863E-003	3.20557111925312468E-003	2.49554672785203815E-003	7.10024391401086960E-004	2.68200038232110395E-003	1.28950291661552034E-003	-1	1.39249746570558361E-003	-1	OK
85.000000000000000	5.78713405407058068E-003	3.15271828202034858E-003	2.45333641324953482E-003	6.99381868770813648E-004	2.63441577205023253E-003	1.26641729906442832E-003	-1	1.36799847298580421E-003	-1	OK
85.250000000000000	5.68867519766773876E-003	3.10087452715737504E-003	2.41195164680370810E-003	6.88922880353667910E-004	2.58780067051036329E-003	1.24380595781294501E-003	-1	1.34399471269741827E-003	-1	OK
85.500000000000000	5.59215147566295874E-003	3.05001847059055767E-003	2.37137416649122173E-003	6.78644304099336698E-004	2.54213300507240151E-003	1.22165787364426209E-003	-1	1.32047513142813941E-003	-1	OK
85.750000000000000	5.49751988889889305E-003	3.00012872673382147E-003	2.33158605719394757E-003	6.68542669539874332E-004	2.49739116216507115E-003	1.19996233176101271E-003	-1	1.29742883040405844E-003	-1	OK
86.000000000000000	5.40473774414228746E-003	2.95118398048679464E-003	2.29256977009827763E-003	6.58614210388517121E-004	2.45355376365549238E-003	1.17870943876550571E-003	-1	1.27484432488998668E-003	-1	OK
86.250000000000000	5.31376382121649671E-003	2.90316351453238398E-003	2.25430821588263990E-003	6.48855298649745065E-004	2.41060030668411229E-003	1.15788841176410018E-003	-1	1.25271189492001211E-003	-1	OK
86.500000000000000	5.22456164891602765E-003	2.85604733721114747E-003	2.21678476853914581E-003	6.39262568672001341E-004	2.36851431170487974E-003	1.13748933602939614E-003	-1	1.23102497567548360E-003	-1	OK
86.750000000000000	5.13708966467722045E-003	2.80981593539233934E-003	2.17998323004850447E-003	6.29832705343833887E-004	2.32727372928488154E-003	1.11750253901077312E-003	-1	1.20977119027410843E-003	-1	OK
87.000000000000000	5.05130887781330036E-003	2.76445051134906498E-003	2.14388784385647008E-003	6.20562667492594467E-004	2.28685836646423538E-003	1.09791860557792616E-003	-1	1.18893976088630922E-003	-1	OK
87.250000000000000	4.96718213729966870E-003	2.71993269324401123E-003	2.10848326138342052E-003	6.11449431860590386E-004	2.24724944405565747E-003	1.07872864896628126E-003	-1	1.16852079508937621E-003	-1	OK
87.500000000000000	4.88467308103668427E-003	2.67624506308814479E-003	2.07375455590966089E-003	6.02490507178483578E-004	2.20842801794853948E-003	1.05992370819453616E-003	-1	1.14850430975400332E-003	-1	OK
87.750000000000000	4.80374625044699410E-003	2.63336990306523022E-003	2.03968701184144632E-003	5.93682891223783790E-004	2.17037634738176345E-003	1.04149480264574502E-003	-1	1.12888154473601843E-003	-1	OK
88.000000000000000	4.72436808506298926E-003	2.59128972043666875E-003	2.00626624573684064E-003	5.85023474699827893E-004	2.13307836462632095E-003	1.02343344252282223E-003	-1	1.10964492210349872E-003	-1	OK
88.250000000000000	4.64650565976149846E-003	2.54998731585525827E-003	1.97347820764013368E-003	5.76509108215125343E-004	2.09651834390624020E-003	1.00573173569508010E-003	-1	1.09078660821116009E-003	-1	OK
88.500000000000000	4.56996961201738827E-003	2.50944609777347489E-003	1.94130926419717521E-003	5.68136833576299901E-004	2.06052351424391381E-003	9.88381205082733980E-004	-1	1.07214230916117983E-003	-1	OK
88.750000000000000	4.49503776566427277E-003	2.46965038273435321E-003	1.90974620347581078E-003	5.59904179258542754E-004	2.02538738292991956E-003	9.71373963106062117E-004	-1	1.05401341982385745E-003	-1	OK
89.000000000000000	4.42152395352416773E-003	2.43058490055557191E-003	1.87877613010334777E-003	5.51808770452224141E-004	1.99093905296859539E-003	9.54702356106006426E-004	-1	1.03623669686258896E-003	-1	OK
89.250000000000000	4.34939747402332023E-003	2.39223439574340986E-003	1.84838637281419253E-003	5.43848022929217757E-004	1.95716307827991081E-003	9.38358906439512239E-004	-1	1.01880417184039857E-003	-1	OK
89.500000000000000	4.27862712167007345E-003	2.35458390310653611E-003	1.81856456614822221E-003	5.36019336958313566E-004	1.92404321856353712E-003	9.22336317779052367E-004	-1	1.00170690078448476E-003	-1	OK
89.750000000000000	4.20918467448318321E-003	2.31761880645608379E-003	1.78929861568023437E-003	5.28320190775849528E-004	1.89156586802709963E-003	9.06627474209772380E-004	-1	9.84938393817327146E-004	-1	OK
90.000000000000000	4.14104268530974227E-003	2.28132480948254994E-003	1.76057676350298048E-003	5.20748045979568808E-004	1.85971787582719212E-003	8.91225424027379553E-004	-1	9.68492451799812565E-004	-1	OK
90.250000000000000	4.07417342122479501E-003	2.24568809034091489E-003	1.73238752421355467E-003	5.13300566127360657E-004	1.82848533088388033E-003	8.76123386698601336E-004	-1	9.52361944185278991E-004	-1	OK
90.500000000000000	4.00854850781674679E-003	2.21069516765778429E-003	1.70471970865471991E-003	5.05975459003064811E-004	1.79785334015896228E-003	8.61314752356509084E-004	-1	9.36538587802453193E-004	-1	OK
90.750000000000000	3.94414325874640342E-003	2.17633317911936509E-003	1.67756243710185608E-003	4.98770742017509120E-004	1.76781007962703790E-003	8.46793053233972984E-004	-1	9.21017026393064920E-004	-1	OK
91.000000000000000	3.88093228487216939E-003	2.14258925680726586E-003	1.65090500581355670E-003	4.91684250993708718E-004	1.73834302806490353E-003	8.32551834166703111E-004	-1	9.05791193898200422E-004	-1	OK
91.250000000000000	3.81888849803132093E-003	2.10945060691120241E-003	1.62473692462216561E-003	4.84713682289036635E-004	1.70943789112011852E-003	8.18585183412489552E-004	-1	8.90852707707628965E-004	-1	OK
91.500000000000000	3.75799182984408149E-003	2.07690489668851735E-003	1.59904798351756744E-003	4.77856913170950505E-004	1.68108693315556414E-003	8.04887112449967097E-004	-1	8.76199820705597047E-004	-1	OK
91.750000000000000	3.69821753112219501E-003	2.04494002575893305E-003	1.57382821369682303E-003	4.71111812062109962E-004	1.65327750536326196E-003	7.91451238193248852E-004	-1	8.61826267170013108E-004	-1	OK
92.000000000000000	3.63925917894190442E-003	2.01354399251511829E-003	1.54906783072608308E-003	4.64476161789035094E-004	1.62571518642678635E-003	7.78271705838714167E-004	-1	8.47443480588072184E-004	-1	OK
92.250000000000000	3.58166018751345828E-003	1.98270521731199649E-003	1.52475734352708965E-003	4.57947873784906787E-004	1.59895497020146201E-003	7.65343709597465023E-004	-1	8.33611260603996985E-004	-1	OK
92.500000000000000	3.52511334935541598E-003	1.95241265546145458E-003	1.50088749194298245E-003	4.51525163518472401E-004	1.57270069389396118E-003	7.52661843612596726E-004	-1	8.20038850281364453E-004	-1	OK
92.750000000000000	3.46959657990653959E-003	1.92265525454058013E-003	1.47744920792183690E-003	4.45206046618742848E-004	1.54694132536595925E-003	7.40220878690533621E-004	-1	8.06720446675425625E-004	-1	OK
93.000000000000000	3.41508839816803342E-003	1.89342237620182237E-003	1.45443366187730056E-003	4.38988714324521970E-004	1.52166602196621083E-003	7.28015626673834829E-004	-1	7.93650395292376000E-004	-1	OK
93.250000000000000	3.36156776443818786E-003	1.86470351274435554E-003	1.43183220539880546E-003	4.32871307345550035E-004	1.49686425169383232E-003	7.16041050198251857E-004	-1	7.80823201495580463E-004	-1	OK
93.500000000000000	3.30901927439296913E-003	1.83648864659302158E-003	1.40963642580677366E-003	4.26852220786247492E-004	1.47253062779994777E-003	7.04292220536836323E-004	-1	7.68238407263111445E-004	-1	OK
93.750000000000000	3.25742054644555246E-003	1.80876784399314899E-003	1.38783807055877797E-003	4.20929773434370756E-004	1.44865270245240368E-003	6.92764332789641340E-004	-1	7.55888369662762339E-004	-1	OK
94.000000000000000	3.20675047739113830E-003	1.78153122872903922E-003	1.36642903856579092E-003	4.15102190163248467E-004	1.42521924866209886E-003	6.81452703763303852E-004	-1	7.43766544898795011E-004	-1	OK
94.250000000000000	3.15699006116687509E-003	1.75476903972577669E-003	1.34540139789928576E-003	4.09367641826490825E-004	1.40222102144109840E-003	6.70352754768224410E-004	-1	7.31868266672873989E-004	-1	OK
94.500000000000000	3.10812074138184938E-003	1.72847171869468415E-003	1.32474740526663170E-003	4.03724313428052662E-004	1.37964902268716523E-003	6.59459897382923656E-004	-1	7.20189125304241578E-004	-1	OK
94.750000000000000	3.06012433006906757E-003	1.70263026765203065E-003	1.30445954977700951E-003	3.98170717875021029E-004	1.35749406241703714E-003	6.48769837963369370E-004	-1	7.08724224453667769E-004	-1	OK
95.000000000000000	3.01298300183678713E-003	1.67723562510472364E-003	1.28453043770950241E-003	3.92705187395220681E-004	1.33574737673206371E-003	6.38278364966678668E-004	-1	6.97469011765385039E-004	-1	OK
95.250000000000000	2.96667926045279459E-003	1.65227907685187815E-003	1.26495287538727305E-003	3.87326201464605264E-004	1.31440018360091644E-003	6.27981318694718080E-004	-1	6.86418864906198365E-004	-1	OK
95.500000000000000	2.92119560776140947E-003	1.62775196013357354E-003	1.24571979965957462E-003	3.82032160473998921E-004	1.29344364762783593E-003	6.17875221265632487E-004	-1	6.75568426362203444E-004	-1	OK
95.750000000000000	2.87651583637842968E-003	1.60364582994051682E-003	1.22682431478576956E-003	3.76821515154747422E-004	1.27287000643791265E-003	6.07955487753943438E-004	-1	6.64914518683969212E-004	-1	OK
96.000000000000000	2.83262330481854133E-003	1.57995253473532972E-003	1.20825970704294475E-003	3.71692827692384755E-004	1.25267077008321182E-003	5.98218241313127220E-004	-1	6.54452528770084604E-004	-1	OK
96.250000000000000	2.78950412931690218E-003	1.55666404207657804E-003	1.19001937879882353E-003	3.66644663277753693E-004	1.23284008724032414E-003	5.88659714888535471E-004	-1	6.44180372351788673E-004	-1	OK
96.500000000000000	2.74714440123745556E-003	1.53377238419364465E-003	1.17209688543059719E-003	3.61675498763046972E-004	1.21337201704381091E-003	5.79276071844787811E-004	-1	6.34095945199023101E-004	-1	OK
96.750000000000000	2.70552512447812428E-003	1.51126983668528831E-003	1.15448592404015084E-003	3.56783912645137146E-004	1.19425528779283619E-003	5.70063783176976715E-004	-1	6.24191504615859475E-004	-1	OK
97.000000000000000	2.66463267268788511E-003	1.48914875700868754E-003	1.13718032944727307E-003	3.51968427561414959E-004	1.17548391567919757E-003	5.61018954371143570E-004	-1	6.14464961308053997E-004	-1	OK
97.250000000000000	2.62445278688846952E-003	1.46740201133550635E-003	1.12017412717822350E-003	3.47227884157282789E-004	1.15705077555296296E-003	5.52138230981437839E-004	-1	6.04912544571525120E-004	-1	OK
97.500000000000000	2.58496993199334437E-003	1.44602233328047108E-003	1.10346140655693246E-003	3.42560926723538023E-004	1.13894759871287330E-003	5.43418542350715275E-004	-1	5.95529056362158020E-004	-1	OK
97.750000000000000	2.54617285954804101E-003	1.42500256102190978E-003	1.08703639809569399E-003	3.37966162926215253E-004	1.12117029852613122E-003	5.34856593347371239E-004	-1	5.86313705178759985E-004	-1	OK
98.000000000000000	2.50804724707553994E-003	1.40433580268000476E-003	1.07089346695150790E-003	3.33442335728496961E-004	1.10371144439553519E-003	5.26449100784844135E-004	-1	5.77262343610691051E-004	-1	OK
98.250000000000000	2.47057902600793852E-003	1.38401515621816226E-003	1.05502708972378271E-003	3.28988066494379340E-004	1.08656386978977647E-003	5.18192980482311445E-004	-1	5.68370889307465025E-004	-1	OK
98.500000000000000	2.43375551578472234E-003	1.36403412184431467E-003	1.03943191128927316E-003	3.24602210555041562E-004	1.06972139394040790E-003	5.10085162486105265E-004	-1	5.59636231454302630E-004	-1	OK
98.750000000000000	2.39756586671626467E-003	1.34438618303961508E-003	1.02410265406900820E-003	3.20283528970606991E-004	1.05317968367664959E-003	5.02122634656657334E-004	-1	5.51057049019992255E-004	-1	OK
99.000000000000000	2.36199644020074857E-003	1.32506517392439772E-003	1.00903421480389517E-003	3.16030959120502009E-004	1.03693126627635085E-003	4.94302458086564407E-004	-1	5.42628808189786439E-004	-1	OK
99.250000000000000	2.32703433159727087E-003	1.30606510504074815E-003	9.94221577370604011E-004	3.11843527670144357E-004	1.02096922655652272E-003	4.86621761368046370E-004	-1	5.34347465188476402E-004	-1	OK
99.500000000000000	2.29267028864281810E-003	1.28737986357163126E-003	9.79659804993245368E-004	3.07720058578385891E-004	1.00529042507118663E-003	4.79075891053787318E-004	-1	5.26214534017399311E-004	-1	OK
99.750000000000000	2.25889128162531060E-003	1.26900356818776690E-003	9.65344078642642453E-004	3.03659489545124613E-004	9.89887713437543910E-004	4.71662996093784087E-004	-1	5.18224717343759769E-004	-1	OK
100.00000000000000	2.22568599770391583E-003	1.25093030997747439E-003	9.51269657605429667E-004	2.99660652372044718E-004	9.74755687726441226E-004	4.64381429987277864E-004	-1	5.10374257739163416E-004	-1	OK
