#pt	totcs	totdirect	directLO	directNLO	totfrag	fragLO	err_fragLO	fragNLO	err_fragNLO	errmess
0.50000000000000000	327603046.75729907	-102434756.89398733	29482739.914767005	-131917496.80875430	430037803.65128636	214133471.58888167	-1	215904332.06240469	-1	Error
0.75000000000000000	85380509.288423330	-18031213.862232335	11171545.789136073	-29202759.651368406	103411723.15065567	53711768.704925142	-1	49699954.445730530	-1	Error
1.0000000000000000	27483407.463776782	-4353903.4233996067	4546386.0819672951	-8900289.5053669047	31837310.887176391	16919001.819732573	-1	14918309.067443818	-1	Error
1.2500000000000000	10543863.894919137	-1244356.3458420672	2078603.9431027782	-3322960.2889448442	11788220.240761204	6486540.4955563918	-1	5301679.7452048119	-1	Error
1.5000000000000000	4720562.0769295134	-381005.78368588071	1048956.4194269034	-1429962.2031127843	5101567.8606153941	2887497.7774253008	-1	2214070.0831900933	-1	Error
1.7500000000000000	2385435.7455095216	-111762.51813353086	575690.43886616779	-687452.95699969865	2497198.2636430524	1431099.5286393564	-1	1066098.7350036961	-1	Error
2.0000000000000000	1315545.7668780033	-22026.210125188227	337223.64366982301	-359249.85379501124	1337571.9770031914	769181.52808686474	-1	568390.44891632663	-1	Error
2.2500000000000000	772333.18742489454	7709.2983387656277	208175.79987112238	-200466.50153235672	764623.88908612891	442774.36423114670	-1	321849.52485498221	-1	Error
2.5000000000000000	477524.16101189179	16217.677272773872	134158.88328644808	-117941.20601367427	461306.48373911792	269074.29204625846	-1	192232.19169285946	-1	Error
2.7500000000000000	307785.96907047881	17128.858334257762	89609.090641701550	-72480.232307443832	290657.11073622108	171004.46983426018	-1	119652.64090196090	-1	Error
3.0000000000000000	206232.03824740445	15499.534170294864	61698.760207784311	-46199.226037489447	190732.50407710960	112775.88822970228	-1	77956.615847407316	-1	Error
3.2500000000000000	142469.62598571597	13226.183122239891	43602.246280759304	-30376.063158519417	129243.44286347608	76743.767217870714	-1	52499.675645605370	-1	Error
3.5000000000000000	101064.01281899255	11002.684801975854	31515.915306119343	-20513.230504143499	90061.328017016684	53570.435878710879	-1	36490.892138305804	-1	Error
3.7500000000000000	73239.038199396135	9054.6795493109821	23233.287435324852	-14178.607886013871	64184.358650085152	38247.138793225553	-1	25937.219856859600	-1	Error
4.0000000000000000	54143.928480844181	7426.1280045679960	17428.149910059496	-10002.021905491492	46717.800476276185	27842.002887734227	-1	18875.797588541958	-1	OK
4.2500000000000000	40704.312453620805	6093.7504770460655	13277.676379835926	-7183.9259027898624	34610.561976574740	20639.085566873033	-1	13971.476409701707	-1	OK
4.5000000000000000	31088.070774945540	5013.6596153355658	10256.844831489540	-5243.1852161539691	26074.411159609976	15541.339774469467	-1	10533.071385140509	-1	OK
4.7500000000000000	24073.870446402965	4140.7238418223587	8022.7762244555779	-3882.0523826332160	19933.146604580608	11871.655145866021	-1	8061.4914587145868	-1	OK
5.0000000000000000	18871.528372334673	3434.9190516388189	6346.5806476614971	-2911.6615960226795	15436.609320695852	9199.0033608547128	-1	6237.6059598411393	-1	OK
5.2500000000000000	14947.412567316478	2862.8892670577488	5072.4158268431665	-2209.5265597854168	12084.523300258730	7202.1670795225346	-1	4882.3562207361956	-1	OK
5.5000000000000000	11962.820826357532	2397.6390076827511	4092.2645810222052	-1694.6255733394553	9565.1818186747805	5698.5021233220523	-1	3866.6796953527282	-1	OK
5.7500000000000000	9667.6541671176583	2017.6987529905300	3330.0505159904251	-1312.3517629998948	7649.9554141271283	4552.5868279120905	-1	3097.3685862150378	-1	OK
6.0000000000000000	7871.1804666561256	1706.0299377185052	2731.3648414102117	-1025.3349036917068	6165.1505289376209	3671.1414618671602	-1	2494.0090670704608	-1	OK
6.2500000000000000	6464.8146495131905	1449.1507933987868	2256.7677051082105	-807.61691170942413	5015.6638561144036	2983.8709464201397	-1	2031.7929096942639	-1	OK
6.5000000000000000	5347.9590171932541	1236.4252049873458	1877.3205902698955	-640.89538528254968	4111.5338122059084	2443.6879458327981	-1	1667.8458663731103	-1	OK
6.7500000000000000	4453.4949803794389	1059.4386492671731	1571.5414647625980	-512.10281549542458	3394.0563311122655	2015.4167317149529	-1	1378.6395993973126	-1	OK
7.0000000000000000	3728.9100883201622	911.50842447862851	1323.3115980189309	-411.80317354030240	2817.4016638415337	1669.7341023880872	-1	1147.6675614534465	-1	OK
7.2500000000000000	3142.9538306909299	787.31163174123071	1120.4157740801336	-333.10414233890299	2355.6421989496989	1394.3794723150997	-1	961.26272663459918	-1	OK
7.5000000000000000	2663.5904485664564	682.59005853805138	953.51034046025222	-270.92028192220096	1981.0003900284050	1171.1104774579110	-1	809.88991257049406	-1	OK
7.7500000000000000	2271.9943211924337	593.92146023317264	815.38572102417709	-221.46426079100485	1678.0728609592609	988.85547923582430	-1	689.21738172343657	-1	OK
8.0000000000000000	1943.3435078602943	518.54332106796392	700.43398901092894	-181.89066794296505	1424.8001867923304	839.13298434054911	-1	585.66720245178124	-1	OK
8.2500000000000000	1670.3938689267416	454.21645247155504	604.25990443083526	-150.04345195928016	1216.1774164551864	715.35188703929498	-1	500.82552941589142	-1	OK
8.5000000000000000	1441.7964331065195	399.11750436962052	523.39326774928702	-124.27576337966659	1042.6789287368990	612.56690973837044	-1	430.11201899852858	-1	OK
8.7500000000000000	1249.4345892761469	351.75420339033531	455.07616378784792	-103.32196039751285	897.68038588581157	526.78799611320142	-1	370.89238977261016	-1	OK
9.0000000000000000	1086.8007057494658	310.90102876407468	397.10339415048543	-86.202365386410747	775.89967698539112	454.83435253237974	-1	321.06532445301139	-1	OK
9.2500000000000000	948.71121286145444	275.54713088433954	347.70061760739310	-72.153486723053476	673.16408197711485	394.16804269608144	-1	278.99603928103340	-1	OK
9.5000000000000000	830.96378891766039	244.85558064693595	305.43215027355751	-60.576569626621627	586.10820827072450	342.81219500136410	-1	243.29601326936040	-1	OK
9.7500000000000000	730.13647452058945	218.13070731882561	269.13001358956200	-50.999306270736355	512.00576720176377	299.16621629922480	-1	212.83955090253897	-1	OK
10.000000000000000	643.48372920502550	194.79216487571472	237.83918661553446	-43.047021739819883	448.69156432931078	261.91364697938195	-1	186.77791734992883	-1	OK
10.250000000000000	568.75627061439195	174.35375814910543	210.77486993731796	-36.421111788212528	394.40251246528658	230.00240649015649	-1	164.40010597513009	-1	OK
10.500000000000000	503.86707438905131	156.40732930907586	187.28931964138565	-30.881990332309833	347.45974507997545	202.56546806125087	-1	144.89427701872458	-1	OK
10.750000000000000	447.76841337424753	140.60805922342050	166.84534130448236	-26.237282081061959	307.16035415082700	178.90040847770121	-1	128.25994567312580	-1	OK
11.000000000000000	398.91378989419661	126.66479169378758	148.99576057259100	-22.330968878803485	272.24899820040901	158.42277871373994	-1	113.82621948666906	-1	OK
11.250000000000000	356.25252804047921	114.32976192832842	133.36662661503115	-19.036864686702767	241.92276611215078	140.65265916266591	-1	101.27010694948487	-1	OK
11.500000000000000	318.90567537007877	103.39256854877033	119.64421925651742	-16.251650707747078	215.51310682130844	125.18531180715735	-1	90.327795014151093	-1	OK
11.750000000000000	286.10642920673729	93.673146776797552	107.56421364343676	-13.891066866639216	192.43328242993974	111.68268724508664	-1	80.750595184853097	-1	OK
12.000000000000000	257.22519947953560	85.017501921128584	96.903216047986973	-11.885714126858391	172.20769755840701	99.863228717477128	-1	72.344468840929878	-1	OK
12.250000000000000	231.73205360223807	77.293283653673200	87.471749612585270	-10.178465958912053	154.43876994856487	89.487256834901117	-1	64.951513113663751	-1	OK
12.500000000000000	209.17903413291188	70.386513929077381	79.108585779593696	-8.7220718505163006	138.79252020383450	80.354863148821565	-1	58.437657055012934	-1	OK
12.750000000000000	189.17123775802787	64.198813195167148	71.676130066125154	-7.4773168709580418	124.97242456286071	72.297657913692746	-1	52.674766649167964	-1	OK
13.000000000000000	171.38476709063008	58.644984412075104	65.056532201835225	-6.4115477897601370	112.73978267855497	65.174344608367250	-1	47.565438070187724	-1	OK
13.250000000000000	155.49430517740467	53.651114296857010	59.148613724610740	-5.4974994277537226	101.84319088054767	58.859946597126573	-1	42.983244283421094	-1	OK
13.500000000000000	141.36100179459811	49.152922304599940	53.865311479573521	-4.7123891749736000	92.208079489998184	53.251778567230289	-1	38.956300922767895	-1	OK
13.750000000000000	128.72065415847942	45.094372291525822	49.131480992277645	-4.0371087007518360	83.626281866953590	48.260535576022313	-1	35.365746290931277	-1	OK
14.000000000000000	117.39371933944136	41.426559751727815	44.882085522226973	-3.4555257704991700	75.967159587713539	43.809465938972664	-1	32.157693648740874	-1	OK
14.250000000000000	107.22755934596123	38.106594918588989	41.060690654819105	-2.9540957362301272	69.120964427372229	39.832644803336436	-1	29.288319624035793	-1	OK
14.500000000000000	98.030133305770192	35.096928468700987	37.618231008880109	-2.5213025401791045	62.933204837069205	36.273036227025571	-1	26.660168610043634	-1	OK
14.750000000000000	89.799287886252927	32.364495704323801	34.511920441438434	-2.1474247371146271	57.434792181929119	33.081650025423478	-1	24.353142156505641	-1	OK
15.000000000000000	82.372059760931251	29.880200895247750	31.704387308768066	-1.8241864135203123	52.491858865683497	30.219985635174300	-1	22.271873230509197	-1	OK
15.250000000000000	75.658902314281434	27.618360087018164	29.162905275415469	-1.5445451883973038	48.040542227263273	27.639224341516638	-1	20.401317885746636	-1	OK
15.500000000000000	69.583088365361306	25.556253864539126	26.858759095236532	-1.3025052306974045	44.026834500822183	25.313658144895147	-1	18.713176355927036	-1	OK
15.750000000000000	64.074297128596115	23.673794325792581	24.766709109353858	-1.0929147835612825	40.400502802803530	23.214095560197730	-1	17.186407242605799	-1	OK
16.000000000000000	59.072524117472177	21.953118265634501	22.864510992441613	-0.91139272680712047	37.119405851837676	21.315909351167722	-1	15.803496500669954	-1	OK
16.250000000000000	54.524786422991511	20.378379130213244	21.132540187359972	-0.75416105714672244	34.146407292778264	19.597018465646983	-1	14.549388827131281	-1	OK
16.500000000000000	50.384540340595734	18.935464708095875	19.553440716495075	-0.61797600839920375	31.449075632499863	18.037801792844814	-1	13.411273839655049	-1	OK
16.750000000000000	46.609706742576698	17.611772706924498	18.111836106366269	-0.50006339944177502	28.997934035652200	16.621546812566439	-1	12.376387223085761	-1	OK
17.000000000000000	43.163874919476029	16.396087865942000	16.794090266612759	-0.39800240067075771	26.767787053534025	15.333865971354369	-1	11.433921082179657	-1	OK
17.250000000000000	40.014121522132051	15.278345952211131	15.588072723505038	-0.30972677129390253	24.735775569920921	14.161447339198084	-1	10.574328230722838	-1	OK
17.500000000000000	37.131949914618176	14.249541015757849	14.482988928306968	-0.23344791254911243	22.882408898860323	13.092618734341293	-1	9.7897901645190295	-1	OK
17.750000000000000	34.491405193233732	13.301619886075857	13.469214520769189	-0.16759463469332878	21.189785307157877	12.116548773861323	-1	9.0732365332965532	-1	OK
18.000000000000000	32.069251156625327	12.427305218019630	12.538144418614715	-0.11083920059508723	19.641945938605698	11.224330791619057	-1	8.4176151469866412	-1	OK
18.250000000000000	29.844930101002475	11.620074140535767	11.682089068036387	-6.20149275006204731E-002	18.224855960466709	10.408020442051955	-1	7.8168355184147540	-1	OK
18.500000000000000	27.799760909556916	10.874067143996170	10.894161060963830	-2.00939169676622349E-002	16.925693765560744	9.6603342324273331	-1	7.2653595331334113	-1	OK
18.750000000000000	25.917215008809162	10.183971909862189	10.168176305396546	1.57956044656434348E-002	15.733243098946973	8.9748623455478338	-1	6.7583807533991394	-1	OK
19.000000000000000	24.171387991735976	9.5450037686438023	9.4985834879863589	4.64202806574449331E-002	14.626384223092172	8.3456215014242066	-1	6.2807627216679656	-1	OK
19.250000000000000	22.573077224316947	8.9528505886064416	8.8803901866032113	7.24604020032290908E-002	13.620226635710505	7.7673703295673864	-1	5.8528563061431189	-1	OK
19.500000000000000	21.097646712200486	8.4035849806211260	8.3090947295736619	9.44902510474655288E-002	12.694061731579360	7.2354161256838072	-1	5.4586456058955530	-1	OK
19.750000000000000	19.734318893784064	7.8936596796894403	7.7806409925015680	0.11301868718787382	11.840659214094625	6.7455935272926206	-1	5.0950656868020046	-1	OK
20.000000000000000	18.474408256235044	7.4198682195897288	7.2913680437751252	0.12850017581460196	11.054540036645317	6.2940950173325989	-1	4.7604450193127184	-1	OK
20.250000000000000	17.307307242180876	6.9792814956559983	6.8379615480541869	0.14131994760181285	10.328025746524876	5.8775380868212004	-1	4.4504876597036755	-1	OK
20.500000000000000	16.226126440399216	6.5692412111599845	6.4174234572775513	0.15181775388243360	9.6568852292392311	5.4928313428642976	-1	4.1640538863749335	-1	OK
20.750000000000000	15.223607509667943	6.1873369091872759	6.0270378938888722	0.16029901529840343	9.0362706004806679	5.1372316873882600	-1	3.8990389130924079	-1	OK
21.000000000000000	14.293181374074724	5.8313562370171041	5.6643343290708659	0.16702190794623814	8.4618251370576196	4.8082429155552564	-1	3.6535822215023632	-1	OK
21.250000000000000	13.428975602633511	5.4992863325621668	5.3270726256022618	0.17221370695990601	7.9296892700713437	4.5036062378597119	-1	3.4260830322116318	-1	OK
21.500000000000000	12.625585951849821	5.1892957884013526	5.0132180447859334	0.17607774361541934	7.4362901634484695	4.2212793445662173	-1	3.2150108188822522	-1	OK
21.750000000000000	11.878181987694866	4.8997088884523148	4.7209176390962266	0.17879124935608820	6.9784730992425503	3.9594313432583683	-1	3.0190417559841820	-1	OK
22.000000000000000	11.182279977306365	4.6289891986633389	4.4484821490669217	0.18050704959641761	6.5532907786430252	3.7163806695783124	-1	2.8369101090647129	-1	OK
22.250000000000000	10.533749675199072	4.3757316396909554	4.1943715671331177	0.18136007255783762	6.1580180355081158	3.4905773265179727	-1	2.6674407089901431	-1	OK
22.500000000000000	9.9291001883180616	4.1386528845812247	3.9571804789176612	0.18147240566356432	5.7904473037368369	3.2806455374797756	-1	2.5098017662570613	-1	OK
22.750000000000000	9.3649013530774852	3.9165698573979415	3.7356232083817562	0.18094664901618451	5.4483314956795441	3.0852885632023628	-1	2.3630429324771813	-1	OK
23.000000000000000	8.8379369237095844	3.7083982597512311	3.5285242490640063	0.17987401068722417	5.1295386639583533	2.9033764776609123	-1	2.2261621862974410	-1	OK
23.250000000000000	8.3455787527295140	3.5131445451404346	3.3348077074407803	0.17833683769965436	4.8324342075890794	2.7338626986111074	-1	2.0985715089779720	-1	OK
23.500000000000000	7.8851583535723293	3.3298932684584810	3.1534871301810128	0.17640613827746890	4.5552650851138479	2.5757896212891334	-1	1.9794754638247145	-1	OK
23.750000000000000	7.4543965293392347	3.1577997920116845	2.9836572608978091	0.17414253111387404	4.2965967373275502	2.4282832241835774	-1	1.8683135131439728	-1	OK
24.000000000000000	7.0509135628394004	2.9960889750447164	2.8244877328325249	0.17160124221219178	4.0548245877946840	2.2905427561837941	-1	1.7642818316108899	-1	OK
24.250000000000000	6.6728476117268372	2.8440461357940827	2.6752153344196477	0.16883080137443410	3.8288014759327544	2.1618332758508370	-1	1.6669682000819175	-1	OK
24.500000000000000	6.3183379256943066	2.7010099403694943	2.5351378262487771	0.16587211412071795	3.6173279853248119	2.0414839269731972	-1	1.5758440583516147	-1	OK
24.750000000000000	5.9857791807817762	2.5663723903348119	2.4036093984416005	0.16276299189321108	3.4194067904469638	1.9288818537802495	-1	1.4905249366667144	-1	OK
25.000000000000000	5.6735956536027121	2.4395693647679262	2.2800346180074151	0.15953474676051083	3.2340262888347859	1.8234556049848223	-1	1.4105706838499636	-1	OK
25.250000000000000	5.3803973139919954	2.3200813231136568	2.1638650512694753	0.15621627184418105	3.0603159908783382	1.7246879898779213	-1	1.3356280010004169	-1	OK
25.500000000000000	5.1047939711549626	2.2074262338526580	2.0545943087200653	0.15283192513259256	2.8973677373023046	1.6321045190574455	-1	1.2652632182448591	-1	OK
25.750000000000000	4.8456070356925771	2.1011571602738659	1.9517547627319043	0.14940239754196152	2.7444498754187108	1.5452454806337725	-1	1.1992043947849382	-1	OK
26.000000000000000	4.6017801449913476	2.0008601402693302	1.8549144854664896	0.14594565480284050	2.6009200047220173	1.4637523219020694	-1	1.1371676828199480	-1	OK
26.250000000000000	4.3722024440418013	1.9061524394866234	1.7636742798878067	0.14247815959881635	2.4660500045551781	1.3872049493582108	-1	1.0788450551969673	-1	OK
26.500000000000000	4.1559395203308496	1.8166777769735190	1.6776645306670710	0.13901324630644793	2.3392617433573304	1.3152809187685641	-1	1.0239808245887663	-1	OK
26.750000000000000	3.9506257869460928	1.7321051627930888	1.5965429913539417	0.13556217143914689	2.2185206241530042	1.2476612665168920	-1	0.97085935763611220	-1	OK
27.000000000000000	3.7585175154141983	1.6521282831277113	1.5199928073787470	0.13213547574896495	2.1063892322864870	1.1840481685461821	-1	0.92234106374030489	-1	OK
27.250000000000000	3.5772797123480835	1.5764617894903064	1.4477199829945600	0.12874180649574687	2.0008179228577769	1.1241858442613972	-1	0.87663207859637970	-1	OK
27.500000000000000	3.4062123532702309	1.5048397653371415	1.3794517904982566	0.12538797483888442	1.9013725879330896	1.0678180595175348	-1	0.83355452841555477	-1	OK
27.750000000000000	3.2446718528552125	1.4370157245442488	1.3149351730046879	0.12208055153956077	1.8076561283109636	1.0147165111691920	-1	0.79293961714177152	-1	OK
28.000000000000000	3.0920355630462701	1.3727595425833188	1.2539348546479856	0.11882468793533268	1.7192760204629511	0.96466577684855814	-1	0.75461024361439299	-1	OK
28.250000000000000	2.9477509181720016	1.3118565679226957	1.1962321186399933	0.11562444928270207	1.6358943502493060	0.91746405574832401	-1	0.71843029450098195	-1	OK
28.500000000000000	2.8112986627892305	1.2541070715724798	1.1416236422019417	0.11248342937053768	1.5571915912167507	0.87293154310114329	-1	0.68426004811560737	-1	OK
28.750000000000000	2.6821952840777774	1.1993243835106653	1.0899201084747567	0.10940427503590833	1.4828709005671123	0.83089983123398070	-1	0.65197106933313165	-1	OK
29.000000000000000	2.5599937099043215	1.1473347096317339	1.0409452319947456	0.10638947763698847	1.4126590002725874	0.79119502811104014	-1	0.62146397216154725	-1	OK
29.250000000000000	2.4442747166495433	1.0979750148794096	0.99453459920110909	0.10344041567830047	1.3462997017701335	0.75368255005796891	-1	0.59261715171216456	-1	OK
29.500000000000000	2.3346438311316122	1.0510934263739542	0.95053506492633888	0.10055836144761533	1.2835504047576580	0.71822489366110642	-1	0.56532551109655160	-1	OK
29.750000000000000	2.2307300767998322	1.0065476803197417	0.90880371314789021	9.77439671718511871E-002	1.2241823964800904	0.68469351309664062	-1	0.53948888338344980	-1	OK
30.000000000000000	2.1320486734996464	0.96420518520768272	0.86920723189162930	9.49979533160534434E-002	1.1678434882919635	0.65297125646704890	-1	0.51487223182491459	-1	OK
30.250000000000000	2.0386011763388270	0.92394153928593070	0.83162098008845253	9.23205591974781414E-002	1.1146596370528961	0.62294486581151054	-1	0.49171477124138552	-1	OK
30.500000000000000	1.9499203056697398	0.88563993094142202	0.79592845462576201	8.97114763156600103E-002	1.0642803747283178	0.59451207269181972	-1	0.46976830203649811	-1	OK
30.750000000000000	1.8657284874022002	0.84919116010484730	0.76202079793266120	8.71703621721865163E-002	1.0165373272973530	0.56757978661404151	-1	0.44895754068331151	-1	OK
31.000000000000000	1.7857652298061608	0.81449289467720898	0.72979619906406712	8.46966956131417203E-002	0.97127233512895195	0.54205859601191797	-1	0.42921373911703398	-1	OK
31.250000000000000	1.7097562142035605	0.78144913867470156	0.69915935655610828	8.22897821185933215E-002	0.92830707552885894	0.51786328468085807	-1	0.41044379084800087	-1	OK
31.500000000000000	1.6375908791396658	0.74996978556718341	0.67002097822381812	7.99488073433652219E-002	0.88762109357248231	0.49491579967158289	-1	0.39270529390089942	-1	OK
31.750000000000000	1.5689267260589745	0.71996999918869864	0.64229738417652349	7.76726150121750669E-002	0.84895672687027579	0.47314320424606621	-1	0.37581352262420958	-1	OK
32.000000000000000	1.5025525078853019	0.69137054660643593	0.61591024852222209	7.54602980842140059E-002	0.81118196127886599	0.45247727308815450	-1	0.35870468819071150	-1	OK
32.250000000000000	1.4404496474231341	0.66409675423154257	0.59078605529456241	7.33106989369801260E-002	0.77635289319159151	0.43285429106170836	-1	0.34349860212988315	-1	OK
32.500000000000000	1.3807266974122565	0.63807825935891249	0.56685580236898581	7.12224569899268523E-002	0.74264843805334413	0.41421471496250173	-1	0.32843372309084240	-1	OK
32.750000000000000	1.3244609054313661	0.61324895087975895	0.54405472279205380	6.91942280877051730E-002	0.71121195455160702	0.39650015021643709	-1	0.31471180433516993	-1	OK
33.000000000000000	1.2708606980182346	0.58954679076652661	0.52232203911565700	6.72247516508698711E-002	0.68131390725170815	0.37965986821315456	-1	0.30165403903855359	-1	OK
33.250000000000000	1.2195204408178304	0.56691352972798681	0.50160067111984419	6.53128586081425794E-002	0.65260691108984370	0.36364567477290716	-1	0.28896123631693654	-1	OK
33.500000000000000	1.1708491127253835	0.54529404325942121	0.48183689839822874	6.34571448611926381E-002	0.62555506946596229	0.34841194650051788	-1	0.27714312296544441	-1	OK
33.750000000000000	1.1244371194879861	0.52463634255918323	0.46298020374485477	6.16561388143283678E-002	0.59980077692880285	0.33330059957686903	-1	0.26650017735193382	-1	OK
34.000000000000000	1.0801642737908246	0.50489146966970688	0.44498307889438693	5.99083907753200015E-002	0.57527280412111759	0.31952600350061378	-1	0.25574680062050381	-1	OK
34.250000000000000	1.0379179575222242	0.48601338632935570	0.42780083141718667	5.82125549121691246E-002	0.55190457119286851	0.30640899424096163	-1	0.24549557695190688	-1	OK
34.500000000000000	0.99759304852644148	0.46795870471441836	0.41139137595251807	5.65673287619002305E-002	0.52963434381202312	0.29391398793427775	-1	0.23572035587774537	-1	OK
34.750000000000000	0.95906575501288915	0.45068648447459142	0.39571506497708830	5.49714194975030532E-002	0.50837927053829768	0.28200767885451367	-1	0.22637159168378401	-1	OK
35.000000000000000	0.92229099813259774	0.43415790325063464	0.38073449001490844	5.34234132357262956E-002	0.48813309488196310	0.27065861408969871	-1	0.21747448079226439	-1	OK
35.250000000000000	0.88688475864868654	0.41833626954252073	0.36641433285330371	5.19219366892169909E-002	0.46854848910616587	0.25983802569238224	-1	0.20871046341378363	-1	OK
35.500000000000000	0.85331800107890965	0.40318674864770832	0.35272130827266002	5.04654403750482497E-002	0.45013125243120128	0.24951703021783678	-1	0.20061422221336450	-1	OK
35.750000000000000	0.82122908596058974	0.38867681985191621	0.33962413185564916	4.90526879962671220E-002	0.43255226610867353	0.23967222873692784	-1	0.19288003737174569	-1	OK
36.000000000000000	0.79051012836901080	0.37477597700800575	0.32709328928490861	4.76826877230970766E-002	0.41573415136100506	0.23027859477746401	-1	0.18545555658354104	-1	OK
36.250000000000000	0.76115119066628611	0.36145490788912743	0.31510080227940962	4.63541056097178938E-002	0.39969628277715868	0.22131109057813927	-1	0.17838519219901941	-1	OK
36.500000000000000	0.73305082842491442	0.34868590905415053	0.30362027490043209	4.50656341537184410E-002	0.38436491937076384	0.21274693393183544	-1	0.17161798543892839	-1	OK
36.750000000000000	0.70615765057459812	0.33644289118555926	0.29262677832261019	4.38161128629491123E-002	0.36971475938903881	0.20456590449607395	-1	0.16514885489296485	-1	OK
37.000000000000000	0.68041209373274070	0.32470095508093316	0.28209671555648624	4.26042395244468977E-002	0.35571113865180753	0.19674840664257393	-1	0.15896273200923361	-1	OK
37.250000000000000	0.65575801560161029	0.31343681563633591	0.27200784169830722	4.14289739380286487E-002	0.34232119996527444	0.18927595378600315	-1	0.15304524617927129	-1	OK
37.500000000000000	0.63214283650004743	0.30262835598856208	0.26233908620132645	4.02892697872355432E-002	0.32951448051148541	0.18213115781251282	-1	0.14738332269897259	-1	OK
37.750000000000000	0.60951503379924943	0.29225460072322273	0.25307049478589239	3.91841059373302450E-002	0.31726043307602675	0.17529772313945371	-1	0.14196270993657303	-1	OK
38.000000000000000	0.58782998444873402	0.28229547161707702	0.24418314155666460	3.81123300604123139E-002	0.30553451283165695	0.16876189100712924	-1	0.13677262182452771	-1	OK
38.250000000000000	0.56704238122344286	0.27273195116093152	0.23565911654711288	3.70728346138186268E-002	0.29431043006251134	0.16250579535365745	-1	0.13180463470885390	-1	OK
38.500000000000000	0.54704819253993553	0.26354601662627031	0.22748146700686120	3.60645496194091503E-002	0.28350217591366522	0.15651751123734473	-1	0.12698466467632050	-1	OK
38.750000000000000	0.52793188327090812	0.25472074298068798	0.21963416228487956	3.50865806958084656E-002	0.27321114029022020	0.15078455231025636	-1	0.12242658797996384	-1	OK
39.000000000000000	0.50959212038778490	0.24623996519892793	0.21210198504885458	3.41379801500733410E-002	0.26335215518885702	0.14529479158712336	-1	0.11805736360173366	-1	OK
39.250000000000000	0.49199355596977312	0.23808840590730435	0.20487051449069901	3.32178914166053885E-002	0.25390515006246878	0.14003566855312399	-1	0.11386948150934478	-1	OK
39.500000000000000	0.47510198573247464	0.23025146363971319	0.19792604532751740	3.23254183121958194E-002	0.24485052209276142	0.13499634511680586	-1	0.10985417697595556	-1	OK
39.750000000000000	0.45888467244055703	0.22271520259130179	0.19125556944477445	3.14596331465273535E-002	0.23616946984925524	0.13016641370936555	-1	0.10600305613988970	-1	OK
40.000000000000000	0.44330795415248403	0.21546640064479483	0.18484674362281797	3.06196570219768142E-002	0.22784155350768917	0.12553600741526302	-1	0.10230554609242615	-1	OK
40.250000000000000	0.42834429134244245	0.20849254286166374	0.17868786626415303	2.98046765975106820E-002	0.21985174848077871	0.12109579669553912	-1	9.87559517852395902E-002	-1	OK
40.500000000000000	0.41396934457511603	0.20178178616601949	0.17276783124206438	2.90139549239551570E-002	0.21218755840909656	0.11683693566925835	-1	9.53506227398382145E-002	-1	OK
40.750000000000000	0.40015455037677650	0.19532273983338483	0.16707606576547129	2.82466740679134798E-002	0.20483181054339164	0.11275102127728678	-1	9.20807892661048566E-002	-1	OK
41.000000000000000	0.38687510467412778	0.18910469025305982	0.16160254432249113	2.75021459305686555E-002	0.19777041442106794	0.10883013282433304	-1	8.89402815967348936E-002	-1	OK
41.250000000000000	0.37410789546537249	0.18311739744009625	0.15633772073189597	2.67796767082002056E-002	0.19099049802527623	0.10506651690227947	-1	8.59239811229967620E-002	-1	OK
41.500000000000000	0.36183031956317652	0.17735101546748011	0.15127249836563586	2.60785171018442126E-002	0.18447930409569641	0.10145315913712009	-1	8.30261449585763117E-002	-1	OK
41.750000000000000	0.35002086064276050	0.17179616734146597	0.14639823207210007	2.53979352693659149E-002	0.17822469330129451	9.79834046678208365E-002	-1	8.02412886334736702E-002	-1	OK
42.000000000000000	0.33866078517908355	0.16644401791560426	0.14170672180749616	2.47372961081081429E-002	0.17221676726347929	9.46507806696751247E-002	-1	7.75659865938041621E-002	-1	OK
42.250000000000000	0.32772983532859479	0.16128615295916077	0.13719015623570524	2.40959967234555261E-002	0.16644368236943399	9.14487450649266315E-002	-1	7.49949373045073614E-002	-1	OK
42.500000000000000	0.31711899962091372	0.15631448117075566	0.13284109051513876	2.34733906556169256E-002	0.16080451845015803	8.83712820818026434E-002	-1	7.24332363683553859E-002	-1	OK
42.750000000000000	0.30699153076641300	0.15152138270563303	0.12865245383703083	2.28689288686022771E-002	0.15547014806077997	8.54133457090398979E-002	-1	7.00568023517400690E-002	-1	OK
43.000000000000000	0.29723975225428112	0.14689956496734613	0.12461749797713753	2.22820669902086474E-002	0.15034018728693502	8.25696549299822086E-002	-1	6.77705323569528090E-002	-1	OK
43.250000000000000	0.28777755341595534	0.14244200401780921	0.12072978101550051	2.17122230023086386E-002	0.14533554939814616	7.98352567319193795E-002	-1	6.55002926662267837E-002	-1	OK
43.500000000000000	0.27873306534043346	0.13814198872407102	0.11698316433262393	2.11588243914470966E-002	0.14059107661636244	7.72053480294152411E-002	-1	6.33857285869472015E-002	-1	OK
43.750000000000000	0.27001869885374052	0.13399313444610333	0.11337180476746775	2.06213296786356033E-002	0.13602556440763716	7.46754139118401966E-002	-1	6.13501504957969651E-002	-1	OK
44.000000000000000	0.26162073909883832	0.12998940475957069	0.10989014303728910	2.00992617222815716E-002	0.13163133433926766	7.22413823407134503E-002	-1	5.93899519985542079E-002	-1	OK
44.250000000000000	0.25352595578912313	0.12612503418054138	0.10653287380943406	1.95921603711073054E-002	0.12740092160858174	6.98989488978012108E-002	-1	5.75019727107805301E-002	-1	OK
44.500000000000000	0.24572173200663833	0.12239446873745921	0.10329492684993077	1.90995418875284234E-002	0.12332726326917913	6.76441564208206392E-002	-1	5.56831068483584907E-002	-1	OK
44.750000000000000	0.23819661523561175	0.11879242392730636	0.10017146804878652	1.86209558785198209E-002	0.11940419130830537	6.54732759785579266E-002	-1	5.39309153297474475E-002	-1	OK
45.000000000000000	0.23093929935638352	0.11531386893251004	9.71578857567279991E-002	1.81559831757820457E-002	0.11562543042387347	6.33829053660793784E-002	-1	5.22425250577940870E-002	-1	OK
45.250000000000000	0.22393817583765246	0.11195398722006822	9.42497749225569698E-002	1.77042122975112556E-002	0.11198418861758426	6.13698175854134401E-002	-1	5.06143710321708198E-002	-1	OK
45.500000000000000	0.21718323512633247	0.10870814521891242	9.14429214196885581E-002	1.72652237992238534E-002	0.10847508990742005	5.94303149532670605E-002	-1	4.90447749541529920E-002	-1	OK
45.750000000000000	0.21066494705546907	0.10557188393536991	8.87332973994469226E-002	1.68385865359229822E-002	0.10509306312009917	5.75616339607881514E-002	-1	4.75314291593110158E-002	-1	OK
46.000000000000000	0.20437375961147808	0.10254100295573217	8.61170691403944227E-002	1.64239338153377226E-002	0.10183275665574591	5.57610252951048005E-002	-1	4.60717313606411119E-002	-1	OK
46.250000000000000	0.19830082139107444	9.96114826296810862E-002	8.35905696447176022E-002	1.60209129849634528E-002	9.86893387613933526E-002	5.40254167323276566E-002	-1	4.46639220290656960E-002	-1	OK
46.500000000000000	0.19243746895709335	9.67794402652751434E-002	8.11502872996637675E-002	1.56291529656113933E-002	9.56580286918181921E-002	5.23521485088237690E-002	-1	4.33058801829944232E-002	-1	OK
46.750000000000000	0.18677538575605845	9.40411852031098616E-002	7.87928701296899819E-002	1.52483150734198485E-002	9.27342005529486063E-002	5.07387289511943146E-002	-1	4.19954716017542917E-002	-1	OK
47.000000000000000	0.18130679483916504	9.13931984682189308E-002	7.65151130296312099E-002	1.48780854385876966E-002	8.99135963709461056E-002	4.91827094691778613E-002	-1	4.07308869017682443E-002	-1	OK
47.250000000000000	0.17603213236773696	8.88320634336568771E-002	7.43139403320271091E-002	1.45181231016297523E-002	8.72000689340800966E-002	4.76818084709429019E-002	-1	3.95182604631371948E-002	-1	OK
47.500000000000000	0.17092805230313451	8.63545002870692580E-002	7.21864088389268105E-002	1.41680914481424319E-002	8.45735520160652565E-002	4.62339273252477811E-002	-1	3.83396246908174754E-002	-1	OK
47.750000000000000	0.16599571989052661	8.39573798202218752E-002	7.01297063224458200E-002	1.38276734977760517E-002	8.20383400703047355E-002	4.48366033865109995E-002	-1	3.72017366837937360E-002	-1	OK
48.000000000000000	0.16122884253327371	8.16377325088603611E-002	6.81411479624953326E-002	1.34965845463650043E-002	7.95911100244133529E-002	4.34872264764030528E-002	-1	3.61038835480103001E-002	-1	OK
48.250000000000000	0.15662099488145681	7.93927167233523801E-002	6.62181626781252614E-002	1.31745540452271083E-002	7.72282781581044436E-002	4.21847018667234341E-002	-1	3.50435762913810095E-002	-1	OK
48.500000000000000	0.15215298605649469	7.72195795868285961E-002	6.43582828032083082E-002	1.28612967836202602E-002	7.49334064696660779E-002	4.09272258460359820E-002	-1	3.40061806236300959E-002	-1	OK
48.750000000000000	0.14784766777238245	7.51157044187696077E-002	6.25591497643061684E-002	1.25565546544634862E-002	7.27319633536128440E-002	3.97130046875606366E-002	-1	3.30189586660522075E-002	-1	OK
49.000000000000000	0.14368789742781807	7.30785848444109459E-002	6.08185034371152497E-002	1.22600814072956824E-002	7.06093125834071078E-002	3.85403378835868574E-002	-1	3.20689746998202505E-002	-1	OK
49.250000000000000	0.13965781021997783	7.11057972030506302E-002	5.91341741187818015E-002	1.19716230842688148E-002	6.85520130169272046E-002	3.74075253213461897E-002	-1	3.11444876955810149E-002	-1	OK
49.500000000000000	0.13575891909543125	6.91950193371307920E-002	5.75040819240439371E-002	1.16909374130868462E-002	6.65638997583004460E-002	3.63131067190945109E-002	-1	3.02507930392059352E-002	-1	OK
49.750000000000000	0.13198630781769388	6.73440114204206797E-002	5.59262320076494707E-002	1.14177794127711830E-002	6.46422963972731884E-002	3.52556817260030117E-002	-1	2.93866146712701767E-002	-1	OK
50.000000000000000	0.12833530346465238	6.55506407687919124E-002	5.43987162538715138E-002	1.11519245149203899E-002	6.27846626958604576E-002	3.42337596459524052E-002	-1	2.85509030499080524E-002	-1	OK
50.250000000000000	0.12480146171611416	6.38128574409558280E-002	5.29197027175150325E-002	1.08931547234407886E-002	6.09886042751583285E-002	3.32459993472595944E-002	-1	2.77426049278987341E-002	-1	OK
50.500000000000000	0.12137318815525877	6.21286832203258657E-002	5.14874339322424907E-002	1.06412492880833681E-002	5.92445049349329053E-002	3.22911109648257033E-002	-1	2.69533939701072020E-002	-1	OK
50.750000000000000	0.11806118412101457	6.04962408224708897E-002	5.01002292116602063E-002	1.03960116108106782E-002	5.75649432985436832E-002	3.13677650220266224E-002	-1	2.61971782765170608E-002	-1	OK
51.000000000000000	0.11485409096387546	5.89137363085920907E-002	4.87564754046137389E-002	1.01572609039783709E-002	5.59403546552833669E-002	3.04748226065162907E-002	-1	2.54655320487670762E-002	-1	OK
51.250000000000000	0.11171970462120545	5.73794170467988585E-002	4.74546183292418322E-002	9.92479871755703839E-003	5.43402875744065997E-002	2.96111957586508399E-002	-1	2.47290918157557597E-002	-1	OK
51.500000000000000	0.10871194541674389	5.58916068305773950E-002	4.61931683179246169E-002	9.69843851265274684E-003	5.28203385861664987E-002	2.87757642484503078E-002	-1	2.40445743377161909E-002	-1	OK
51.750000000000000	0.10579816388524690	5.44486988896144691E-002	4.49706951229049481E-002	9.47800376670951579E-003	5.13494649956324350E-002	2.79675024891148198E-002	-1	2.33819625065176152E-002	-1	OK
52.000000000000000	0.10297496432668964	5.30491301932053821E-002	4.37858224051539471E-002	9.26330778805142981E-003	4.99258341334842537E-002	2.71854236324569863E-002	-1	2.27404105010272674E-002	-1	OK
52.250000000000000	0.10023920323123178	5.16914123701396055E-002	4.26372313130383360E-002	9.05418105710126091E-003	4.85477908610921771E-002	2.64285687082732243E-002	-1	2.21192221528189528E-002	-1	OK
52.500000000000000	9.75878141266393884E-002	5.03741205492225230E-002	4.15236566718037783E-002	8.85046387741874122E-003	4.72136935774168723E-002	2.56960099116887372E-002	-1	2.15176836657281351E-002	-1	OK
52.750000000000000	9.50178891908665946E-002	4.90958850910582639E-002	4.04438835099443020E-002	8.65200158111396021E-003	4.59220040998083306E-002	2.49868643063195749E-002	-1	2.09351397934887558E-002	-1	OK
53.000000000000000	9.25265091458321171E-002	4.78553954803134438E-002	3.93967442381938371E-002	8.45865124211961361E-003	4.46711136655186733E-002	2.43002841629513244E-002	-1	2.03708295025673489E-002	-1	OK
53.250000000000000	9.00845564136974614E-002	4.66513760652287335E-002	3.83811129794216707E-002	8.27026308580707144E-003	4.34331803484687279E-002	2.36354579672017964E-002	-1	1.97977223812669315E-002	-1	OK
53.500000000000000	8.77428427142165623E-002	4.54825926095462074E-002	3.73959073229087197E-002	8.08668528663747908E-003	4.22602501046703619E-002	2.29916014180010231E-002	-1	1.92686486866693388E-002	-1	OK
53.750000000000000	8.54716342172008592E-002	4.43478786324262020E-002	3.64400913263269177E-002	7.90778730609927559E-003	4.11237555847746572E-002	2.23679653437066292E-002	-1	1.87557902410680280E-002	-1	OK
54.000000000000000	8.32686337934284565E-002	4.32461032859446787E-002	3.55126656643409769E-002	7.73343762160372001E-003	4.00225305074837778E-002	2.17638297225042736E-002	-1	1.82587007849795042E-002	-1	OK
54.250000000000000	8.11315221666013553E-002	4.21761707693494720E-002	3.46126684622676886E-002	7.56350230708180329E-003	3.89553513972518903E-002	2.11785001291631379E-002	-1	1.77768512680887524E-002	-1	OK
54.500000000000000	7.90580716544903028E-002	4.11370318257850281E-002	3.37391758533584149E-002	7.39785597242661672E-003	3.79210398287052677E-002	2.06113341878405194E-002	-1	1.73097056408647483E-002	-1	OK
54.750000000000000	7.70461067951277445E-002	4.01276835139070462E-002	3.28912998603314369E-002	7.23638365357560324E-003	3.69184232812206914E-002	2.00616678023021779E-002	-1	1.68567554789185135E-002	-1	OK
55.000000000000000	7.50935637630317510E-002	3.91471497615578645E-002	3.20681835768463069E-002	7.07896618471155585E-003	3.59464140014738934E-002	1.95288721855131943E-002	-1	1.64175418159606991E-002	-1	OK
55.250000000000000	7.31984827089049994E-002	3.81944891903902711E-002	3.12690021614877647E-002	6.92548702890250466E-003	3.50039935185147352E-002	1.90123965351847238E-002	-1	1.59915969833300114E-002	-1	OK
55.500000000000000	7.13588766105193728E-002	3.72688001299200308E-002	3.04929629750783984E-002	6.77583715484164281E-003	3.40900764805993350E-002	1.85116645047661843E-002	-1	1.55784119758331507E-002	-1	OK
55.750000000000000	6.95730361331453190E-002	3.63692105024087317E-002	2.97393024783777667E-002	6.62990802403097459E-003	3.32038256307365873E-002	1.80261303275391499E-002	-1	1.51776953031974374E-002	-1	OK
56.000000000000000	6.78390895229895319E-002	3.54948888355339220E-002	2.90072871252774755E-002	6.48760171025644216E-003	3.23442006874556029E-002	1.75552746611436460E-002	-1	1.47889260263119569E-002	-1	OK
56.250000000000000	6.61553097084732616E-002	3.46450279239570932E-002	2.82962082706902686E-002	6.34881965326683159E-003	3.15102817845161684E-002	1.70986516575013861E-002	-1	1.44116301270147823E-002	-1	OK
56.500000000000000	6.45177000480597895E-002	3.38188425145417443E-002	2.76053823557879524E-002	6.21346015875379968E-003	3.06988575335180522E-002	1.66557193346867430E-002	-1	1.40431381988313092E-002	-1	OK
56.750000000000000	6.29294522266971024E-002	3.30155799133001332E-002	2.69341516298583945E-002	6.08142828344173519E-003	2.99138723133969657E-002	1.62260115635880636E-002	-1	1.36878607498089021E-002	-1	OK
57.000000000000000	6.13865884263359168E-002	3.22345155269117556E-002	2.62818822884829939E-002	5.95263323842875128E-003	2.91520728994241578E-002	1.58090821007305787E-002	-1	1.33429907986935790E-002	-1	OK
57.250000000000000	5.98732210181997238E-002	3.14749423198731892E-002	2.56479621063740448E-002	5.82698021349915309E-003	2.83982786983265345E-002	1.54044991007673947E-002	-1	1.29937795975591398E-002	-1	OK
57.500000000000000	5.84170677653706380E-002	3.07361831990316733E-002	2.50318023498489438E-002	5.70438084918272956E-003	2.76808845663389647E-002	1.49624343766787075E-002	-1	1.27184501896602572E-002	-1	OK
57.750000000000000	5.70019649193303918E-002	3.00175923076853868E-002	2.44328368646196323E-002	5.58475544306576144E-003	2.69843726116450085E-002	1.45824792501064501E-002	-1	1.24018933615385584E-002	-1	OK
58.000000000000000	5.56266424555750122E-002	2.93185373993535316E-002	2.38505178534477481E-002	5.46801954590577042E-003	2.63081050562214806E-002	1.42136673420567503E-002	-1	1.20944377141647304E-002	-1	OK
58.250000000000000	5.42898115892655603E-002	2.86384144383637212E-002	2.32843187895992072E-002	5.35409564876450708E-003	2.56513971509018356E-002	1.38556260377196167E-002	-1	1.17957711131822188E-002	-1	OK
58.500000000000000	5.29902494013796480E-002	2.79766397257560084E-002	2.27337313237345393E-002	5.24290840202147352E-003	2.50136096756236395E-002	1.35079751847247877E-002	-1	1.15056344908988518E-002	-1	OK
58.750000000000000	5.17106469138041563E-002	2.73326489287587307E-002	2.21982649776446377E-002	5.13438395111409391E-003	2.43779979850454256E-002	1.31703731191482997E-002	-1	1.12076248658971259E-002	-1	OK
59.000000000000000	5.04825347395697066E-002	2.67058966186681443E-002	2.16774462477259920E-002	5.02845037094215401E-003	2.37766381209015588E-002	1.28425034274956794E-002	-1	1.09341346934058795E-002	-1	OK
59.250000000000000	4.92882678183345496E-002	2.60958574435643589E-002	2.11708186057290686E-002	4.92503883783529644E-003	2.31924103747701907E-002	1.25240414194697693E-002	-1	1.06683689553004214E-002	-1	OK
59.500000000000000	4.81254270698748127E-002	2.55020202308231352E-002	2.06779403356226500E-002	4.82407989520048167E-003	2.26234068390516810E-002	1.22146755445017366E-002	-1	1.04087312945499444E-002	-1	OK
59.750000000000000	4.69957312582952452E-002	2.49238884637681887E-002	2.01983849273943625E-002	4.72550353637382105E-003	2.20718427945270600E-002	1.19141116172311653E-002	-1	1.01577311772958947E-002	-1	OK
60.000000000000000	4.58968270176522419E-002	2.43609871122462893E-002	1.97317420532845747E-002	4.62924505896172064E-003	2.15358399054059561E-002	1.16220615564326737E-002	-1	9.91377834897328239E-003	-1	OK
60.250000000000000	4.48287597652923947E-002	2.38128617268280468E-002	1.92776163996058250E-002	4.53524532722222092E-003	2.10158980384643444E-002	1.13382546686947149E-002	-1	9.67764336976962951E-003	-1	OK
60.500000000000000	4.37885088014805107E-002	2.32790707387752413E-002	1.88356257020282497E-002	4.44344503674699420E-003	2.05094380627052694E-002	1.10624288514060767E-002	-1	9.44700921129919269E-003	-1	OK
60.750000000000000	4.27749881356645767E-002	2.27591873687120749E-002	1.84054008531520930E-002	4.35378651555997677E-003	2.00158007669525018E-002	1.07943308478642142E-002	-1	9.22146991908828761E-003	-1	OK
61.000000000000000	4.17898632647458954E-002	2.22528002214068404E-002	1.79865854266288150E-002	4.26621479477802459E-003	1.95370630433390549E-002	1.05337156509754046E-002	-1	9.00334739236365034E-003	-1	OK
61.250000000000000	4.08310429169338324E-002	2.17595100477362274E-002	1.75788347185196099E-002	4.18067532921660972E-003	1.90715328691976049E-002	1.02803333299259815E-002	-1	8.79119953927162343E-003	-1	OK
61.500000000000000	3.98977215825524339E-002	2.12789304345567913E-002	1.71818155248106251E-002	4.09711490974616187E-003	1.86187911479956461E-002	1.00339682038691064E-002	-1	8.58482294412653973E-003	-1	OK
61.750000000000000	3.89891195844143112E-002	2.08106861799208336E-002	1.67952054132499036E-002	4.01548076667093082E-003	1.81784334044934742E-002	9.79440205076124656E-003	-1	8.38403135373222766E-003	-1	OK
62.000000000000000	3.81044907965023411E-002	2.03544147413583509E-002	1.64186925064440485E-002	3.93572223491429896E-003	1.77500760551439866E-002	9.56142221000411477E-003	-1	8.18865384513987188E-003	-1	OK
62.250000000000000	3.72431076240225672E-002	1.99097647926593513E-002	1.60519758799817745E-002	3.85778891267758066E-003	1.73333428313632194E-002	9.33481514403581430E-003	-1	7.99852768732740513E-003	-1	OK
62.500000000000000	3.64042797616085587E-002	1.94763983760820499E-002	1.56947653359586284E-002	3.78163304012342320E-003	1.69278813855265088E-002	9.11440399971556216E-003	-1	7.81347738581094665E-003	-1	OK
62.750000000000000	3.55886708412986308E-002	1.90539913917002965E-002	1.53467807903351402E-002	3.70721060136515890E-003	1.65346794495983343E-002	8.90001870969681259E-003	-1	7.63466073990152171E-003	-1	OK
63.000000000000000	3.47931149499829534E-002	1.86422275426241790E-002	1.50077508612314718E-002	3.63447668139270678E-003	1.61508874073587778E-002	8.69143958703260701E-003	-1	7.45944782032617083E-003	-1	OK
63.250000000000000	3.40196406174832766E-002	1.82408034946549107E-002	1.46774135182338276E-002	3.56338997642108302E-003	1.57788371228283660E-002	8.48848846090943972E-003	-1	7.29034866191892623E-003	-1	OK
63.500000000000000	3.32626195009533346E-002	1.78494228353807613E-002	1.43555146969096999E-002	3.49390813847106577E-003	1.54131966655725733E-002	8.29099987495811146E-003	-1	7.12219679061446183E-003	-1	OK
63.750000000000000	3.25271172118630283E-002	1.74677970322460741E-002	1.40418085065529483E-002	3.42598852569312405E-003	1.50593201796169543E-002	8.09880322862382464E-003	-1	6.96051695099312966E-003	-1	OK
64.000000000000000	3.18104767968387034E-002	1.70956504226037267E-002	1.37360578069064682E-002	3.35959261569725599E-003	1.47148263742349784E-002	7.91172982590959001E-003	-1	6.80309654832538836E-003	-1	OK
64.250000000000000	3.11121160871052453E-002	1.67327137855992347E-002	1.34380325537882452E-002	3.29468123181099037E-003	1.43794023015060106E-002	7.72962978619956553E-003	-1	6.64977251530644506E-003	-1	OK
64.500000000000000	3.04315084748837950E-002	1.63787272170049826E-002	1.31475104905828671E-002	3.23121672642211503E-003	1.40527812578788106E-002	7.55235480866570715E-003	-1	6.50042644921310347E-003	-1	OK
64.750000000000000	2.97681472835459246E-002	1.60334402940496799E-002	1.28642767604056733E-002	3.16916353364400400E-003	1.37347069894962429E-002	7.37975807674240685E-003	-1	6.35494891275383608E-003	-1	OK
65.000000000000000	2.91215308950989425E-002	1.56966078915837248E-002	1.25881229624683292E-002	3.10848492911539823E-003	1.34249230035152177E-002	7.21170153163178378E-003	-1	6.21322147188343391E-003	-1	OK
65.250000000000000	2.84911682419382931E-002	1.53679957048069651E-002	1.23188480269264510E-002	3.04914767788051506E-003	1.31231725371313297E-002	7.04805011861841298E-003	-1	6.07512241851291667E-003	-1	OK
65.500000000000000	2.78766161695349762E-002	1.50473764790498236E-002	1.20562569566782640E-002	2.99111952237155702E-003	1.28292396904851527E-002	6.88867337774125808E-003	-1	5.94056631274389457E-003	-1	OK
65.750000000000000	2.72774222734737844E-002	1.47345291537449297E-002	1.18001608169034551E-002	2.93436833684147715E-003	1.25428931197288547E-002	6.73344486606631491E-003	-1	5.80944825366253980E-003	-1	OK
66.000000000000000	2.66931489553223905E-002	1.44292390495919538E-002	1.15503765712192449E-002	2.87886247837271497E-003	1.22639099057304385E-002	6.58224237795744776E-003	-1	5.68166752777299073E-003	-1	OK
66.250000000000000	2.61233713074354862E-002	1.41312956806559312E-002	1.13067264541530429E-002	2.82456922650289053E-003	1.19920756267795532E-002	6.43494911729488011E-003	-1	5.55712650948467311E-003	-1	OK
66.500000000000000	2.55676812521452856E-002	1.38404969411465469E-002	1.10690387059686115E-002	2.77145823517793190E-003	1.17271843109987388E-002	6.29144936626504624E-003	-1	5.43573494473369254E-003	-1	OK
66.750000000000000	2.50256783663867083E-002	1.35566458734125220E-002	1.08371468811640486E-002	2.71949899224847901E-003	1.14690324929741880E-002	6.15163348715524420E-003	-1	5.31739900581894385E-003	-1	OK
67.000000000000000	2.44946975010077519E-002	1.32795520345287792E-002	1.06108899534413572E-002	2.66866208108742673E-003	1.12151454664789728E-002	6.01540473882371685E-003	-1	5.19974072765525593E-003	-1	OK
67.250000000000000	2.39770515908429328E-002	1.30090358681288938E-002	1.03901130516864757E-002	2.61892281644241160E-003	1.09680157227140390E-002	5.88264762784324827E-003	-1	5.08536809487079074E-003	-1	OK
67.500000000000000	2.34739301277587936E-002	1.27449219764059971E-002	1.01746654467549380E-002	2.57025652965105341E-003	1.07290081513527948E-002	5.75326203957310205E-003	-1	4.97574611177969278E-003	-1	OK
67.750000000000000	2.29830373690694603E-002	1.24870370664483185E-002	9.96440047276845632E-003	2.52263659367986393E-003	1.04960003026211418E-002	5.62715110857727255E-003	-1	4.86884919404386926E-003	-1	OK
68.000000000000000	2.25040352102395397E-002	1.22352136512998907E-002	9.75917617511541657E-003	2.47603747618447331E-003	1.02688215589396472E-002	5.50422104685574509E-003	-1	4.76460051208390210E-003	-1	OK
68.250000000000000	2.20365905424491047E-002	1.19892900942189171E-002	9.55885496525757036E-003	2.43043512896135103E-003	1.00473004482301877E-002	5.38438107433237504E-003	-1	4.66291937389781263E-003	-1	OK
68.500000000000000	2.15803869311050923E-002	1.17491087305921262E-002	9.36330325358844702E-003	2.38580547700368087E-003	9.83127820051296619E-003	5.26754331455535699E-003	-1	4.56373488595760921E-003	-1	OK
68.750000000000000	2.11351254926775006E-002	1.15145151596519994E-002	9.17239118569517474E-003	2.34212397395682252E-003	9.62061033302550120E-003	5.15362175423363100E-003	-1	4.46698857879187020E-003	-1	OK
69.000000000000000	2.07004996184051819E-002	1.12853586217404982E-002	8.98599283106643783E-003	2.29936579067406034E-003	9.41514099666468374E-003	5.04253478683079799E-003	-1	4.37260620983388575E-003	-1	OK
69.250000000000000	2.02762051607029148E-002	1.10614947553184205E-002	8.80398657495348562E-003	2.25750818036493835E-003	9.21471040538449603E-003	4.93420271056988196E-003	-1	4.28050769481461407E-003	-1	OK
69.500000000000000	1.98619582754172644E-002	1.08427850406108105E-002	8.62625483417204381E-003	2.21653020643876536E-003	9.01917323480645391E-003	4.82854818764689737E-003	-1	4.19062504715955655E-003	-1	OK
69.750000000000000	1.94575261978695395E-002	1.06290936786045589E-002	8.45268324129851145E-003	2.17641043730604916E-003	8.82843251926498061E-003	4.72550012057429587E-003	-1	4.10293239869068474E-003	-1	OK
70.000000000000000	1.90626266375275716E-002	1.04202903138672261E-002	8.28316130216151351E-003	2.13712901170571299E-003	8.64233632366034552E-003	4.62498278938470921E-003	-1	4.01735353427563630E-003	-1	OK
70.250000000000000	1.86770082257577824E-002	1.02162503811057716E-002	8.11758195174576945E-003	2.09866842936000256E-003	8.46075784465200910E-003	4.52692488070077174E-003	-1	3.93383296395123736E-003	-1	OK
70.500000000000000	1.83004276851047865E-002	1.00168496660051117E-002	7.95584063860901164E-003	2.06100902739609921E-003	8.28357801909967474E-003	4.42745382343294382E-003	-1	3.85612419566673092E-003	-1	OK
70.750000000000000	1.79326405894288526E-002	9.82196727570119367E-003	7.79783588603710429E-003	2.02413138966408982E-003	8.11067331372765897E-003	4.33419008762534353E-003	-1	3.77648322610231544E-003	-1	OK
71.000000000000000	1.75734117426653569E-002	9.63148593512368201E-003	7.64346928163954931E-003	1.98801665348413313E-003	7.94192580754167661E-003	4.24317617137005918E-003	-1	3.69874963617161743E-003	-1	OK
71.250000000000000	1.72225150653713549E-002	9.44529195554010340E-003	7.49264530707524808E-003	1.95264664846485532E-003	7.77722310983124977E-003	4.15435945656882771E-003	-1	3.62286365326242206E-003	-1	OK
71.500000000000000	1.68797291459607327E-002	9.26327524902523583E-003	7.34527130958254927E-003	1.91800393944268396E-003	7.61645389693549769E-003	4.06767153166953405E-003	-1	3.54878236526596363E-003	-1	OK
71.750000000000000	1.65448413481235138E-002	9.08532876508698004E-003	7.20125733096168164E-003	1.88407143412529601E-003	7.45951258303653199E-003	3.98306358460150979E-003	-1	3.47644899843502220E-003	-1	OK
72.000000000000000	1.62176437191896873E-002	8.91134812251995721E-003	7.06051602522888080E-003	1.85083209729107706E-003	7.30629559666973009E-003	3.90048164627050274E-003	-1	3.40581395039922736E-003	-1	OK
72.250000000000000	1.58979246753920903E-002	8.74123286320461525E-003	6.92296281451665850E-003	1.81827004868795501E-003	7.15669181218747674E-003	3.81986904742230094E-003	-1	3.33682276476517580E-003	-1	OK
72.500000000000000	1.55854837661619453E-002	8.57488461311889383E-003	6.78851540248267670E-003	1.78636921063621648E-003	7.01059915304305149E-003	3.74117465098174323E-003	-1	3.26942450206130827E-003	-1	OK
72.750000000000000	1.52801499139539332E-002	8.41220765392387305E-003	6.65709391595531268E-003	1.75511373796856038E-003	6.86794226003006013E-003	3.66435230358306630E-003	-1	3.20358995644699383E-003	-1	OK
73.000000000000000	1.49817352268171999E-002	8.25311042339705626E-003	6.52862108665213693E-003	1.72448933674492302E-003	6.72862480342014454E-003	3.58934779728356480E-003	-1	3.13927700613657974E-003	-1	OK
73.250000000000000	1.46900607795352779E-002	8.09750513414775504E-003	6.40302199450964483E-003	1.69448313963811107E-003	6.59255564538752288E-003	3.51610879330930843E-003	-1	3.07644685207821445E-003	-1	OK
73.500000000000000	1.44049619399295621E-002	7.94530439668090886E-003	6.28022338069292568E-003	1.66508101598798319E-003	6.45965754324865412E-003	3.44458827015140185E-003	-1	3.01506927309725227E-003	-1	OK
73.750000000000000	1.41262745044018791E-002	7.79642305639443971E-003	6.16015406125805520E-003	1.63626899513638277E-003	6.32985144800743936E-003	3.37473530532382115E-003	-1	2.95511614268361821E-003	-1	OK
74.000000000000000	1.38538263626078722E-002	7.65077792612993760E-003	6.04274483099928594E-003	1.60803309513065469E-003	6.20304843647793459E-003	3.30650622171253490E-003	-1	2.89654221476539969E-003	-1	OK
74.250000000000000	1.35874770985857860E-002	7.50828797821900470E-003	5.92792839941965431E-003	1.58035957879935018E-003	6.07918912036678125E-003	3.23986321391250831E-003	-1	2.83932590645427294E-003	-1	OK
74.500000000000000	1.33270564641858116E-002	7.36887561082969281E-003	5.81563970885609627E-003	1.55323590197359762E-003	5.95818085335611970E-003	3.17476457623697486E-003	-1	2.78341627711914483E-003	-1	OK
74.750000000000000	1.30724134863441747E-002	7.23246543879724636E-003	5.70581548025909414E-003	1.52664995853815330E-003	5.83994804754692839E-003	3.11118082876514447E-003	-1	2.72876721878178392E-003	-1	OK
75.000000000000000	1.28234040213360025E-002	7.09898346259358812E-003	5.59839412270415112E-003	1.50058933988943786E-003	5.72442055874241348E-003	3.04906323178644537E-003	-1	2.67535732695596811E-003	-1	OK
75.250000000000000	1.25798808119663673E-002	6.96835871551041049E-003	5.49331588534902188E-003	1.47504283016138969E-003	5.61152209645595680E-003	2.98837142650879494E-003	-1	2.62315066994716186E-003	-1	OK
75.500000000000000	1.23417057858307682E-002	6.84052112897019435E-003	5.39052250822469152E-003	1.44999862074550023E-003	5.50118465686057385E-003	2.92906801665315320E-003	-1	2.57211664020742066E-003	-1	OK
75.750000000000000	1.21087460400732035E-002	6.71540198946557997E-003	5.28995732019943692E-003	1.42544466926614456E-003	5.39334405060762356E-003	2.87111757484047195E-003	-1	2.52222647576715161E-003	-1	OK
76.000000000000000	1.18808817738906211E-002	6.59293541529711469E-003	5.19156548399779625E-003	1.40136993129931606E-003	5.28794635859350728E-003	2.81448519856165652E-003	-1	2.47346116003185077E-003	-1	OK
76.250000000000000	1.16579833115313305E-002	6.47305945746457206E-003	5.09529404327746082E-003	1.37776541418711080E-003	5.18492385406675842E-003	2.75913543156304118E-003	-1	2.42578842250371724E-003	-1	OK
76.500000000000000	1.14390596081473984E-002	6.35571237176872118E-003	5.00109107619352029E-003	1.35462129557519938E-003	5.08334723637867813E-003	2.70503485154534014E-003	-1	2.37831238483333799E-003	-1	OK
76.750000000000000	1.12257357148341438E-002	6.24083327047304966E-003	4.90890592113805545E-003	1.33192734933499464E-003	4.98490244436109332E-003	2.65215013486253329E-003	-1	2.33275230949856003E-003	-1	OK
77.000000000000000	1.10170142171675724E-002	6.12836273454644975E-003	4.81868928047777915E-003	1.30967345406867320E-003	4.88865148262112269E-003	2.60045397091701602E-003	-1	2.28819751170410667E-003	-1	OK
77.250000000000000	1.08127825280239336E-002	6.01824268547773190E-003	4.73039319667136783E-003	1.28784948880636386E-003	4.79453984254620165E-003	2.54991615857989721E-003	-1	2.24462368396630444E-003	-1	OK
77.500000000000000	1.06129306953027750E-002	5.91041619818110341E-003	4.64397097025567168E-003	1.26644522792543259E-003	4.70251449712167160E-003	2.50049430747440946E-003	-1	2.20202018964726215E-003	-1	OK
77.750000000000000	1.04173508912505913E-002	5.80482913998475562E-003	4.55937742217987167E-003	1.24545171780488396E-003	4.61252175126583563E-003	2.45217223468852585E-003	-1	2.16034951657730978E-003	-1	OK
78.000000000000000	1.02259406492924282E-002	5.70142872141976478E-003	4.47656861609337618E-003	1.22486010532638838E-003	4.52451192787266254E-003	2.40492352685350201E-003	-1	2.11958840101916053E-003	-1	OK
78.250000000000000	1.00356052039394222E-002	5.60016386789642575E-003	4.39550180634356788E-003	1.20466206155285830E-003	4.43544133604299642E-003	2.35872121731519040E-003	-1	2.07672011872780601E-003	-1	OK
78.500000000000000	9.85221984227076242E-003	5.50098503409799343E-003	4.31613548771070041E-003	1.18484954638729259E-003	4.35123480817276986E-003	2.31353902855885828E-003	-1	2.03769577961391158E-003	-1	OK
78.750000000000000	9.67271125729077599E-003	5.40384410174401305E-003	4.23842919514973160E-003	1.16541490659428058E-003	4.26886715554676381E-003	2.26935147266608137E-003	-1	1.99951568288068244E-003	-1	OK
79.000000000000000	9.49698487127505209E-003	5.30869284788463777E-003	4.16234324911163994E-003	1.14634959877299978E-003	4.18829202339041431E-003	2.22613377869697272E-003	-1	1.96215824469344160E-003	-1	OK
79.250000000000000	9.32494953223009931E-003	5.21548404830348214E-003	4.08783901979620570E-003	1.12764502850727665E-003	4.10946548392661631E-003	2.18386187432825958E-003	-1	1.92560360959835673E-003	-1	OK
79.500000000000000	9.15651822128289716E-003	5.12417227754896447E-003	4.01487904233772258E-003	1.10929323521124102E-003	4.03234594373393356E-003	2.14251496716303530E-003	-1	1.88983097657089826E-003	-1	OK
79.750000000000000	8.99160486731942141E-003	5.03471352987364118E-003	3.94342688168698285E-003	1.09128664818665898E-003	3.95689133744578109E-003	2.10206746794701013E-003	-1	1.85482386949877096E-003	-1	OK
80.000000000000000	8.83012696837789934E-003	4.94706522375704463E-003	3.87344713827423573E-003	1.07361808548280847E-003	3.88306174462085514E-003	2.06249652035320717E-003	-1	1.82056522426764797E-003	-1	OK
80.250000000000000	8.67200187263621018E-003	4.86118592123719554E-003	3.80490533158423438E-003	1.05628058965296029E-003	3.81081595139901421E-003	2.02378124724937429E-003	-1	1.78703470414963992E-003	-1	OK
80.500000000000000	8.51714851432968691E-003	4.77703464698869470E-003	3.73776777472505659E-003	1.03926687226363898E-003	3.74011386734099220E-003	1.98590068606641947E-003	-1	1.75421318127457274E-003	-1	OK
80.750000000000000	8.36548021837383096E-003	4.69457157940640808E-003	3.67200167614831164E-003	1.02256990325809644E-003	3.67090863896742331E-003	1.94883459017157132E-003	-1	1.72207404879585200E-003	-1	OK
81.000000000000000	8.21693481126909570E-003	4.61375821792365214E-003	3.60757519412252883E-003	1.00618302380112352E-003	3.60317659334544356E-003	1.91256300830893703E-003	-1	1.69061358503650653E-003	-1	OK
81.250000000000000	8.07144250532804142E-003	4.53455654820997950E-003	3.54445720715676959E-003	9.90099341053210123E-004	3.53688595711806105E-003	1.87706691888897027E-003	-1	1.65981903822909078E-003	-1	OK
81.500000000000000	7.92893062182400098E-003	4.45693013196685976E-003	3.48261756289066932E-003	9.74312569076189999E-004	3.47200048985714122E-003	1.84233006047331569E-003	-1	1.62967042938382553E-003	-1	OK
81.750000000000000	7.78932870772933682E-003	4.38084401560689604E-003	3.42202694704851285E-003	9.58817068558381349E-004	3.40848469212244121E-003	1.80833227750521429E-003	-1	1.60015241461722692E-003	-1	OK
82.000000000000000	7.65256841254874972E-003	4.30626380374698678E-003	3.36265669771667382E-003	9.43607106030313605E-004	3.34630460880176294E-003	1.77505517043617493E-003	-1	1.57124943836558801E-003	-1	OK
82.250000000000000	7.51858419247221355E-003	4.23315507273281256E-003	3.30447873243915058E-003	9.28676340293660570E-004	3.28542911973940055E-003	1.74248144387833485E-003	-1	1.54294767586106571E-003	-1	OK
82.500000000000000	7.38731262523188627E-003	4.16148447242800298E-003	3.24746575164577053E-003	9.14018720782234302E-004	3.22582815280388329E-003	1.71059428215325471E-003	-1	1.51523387065062858E-003	-1	OK
82.750000000000000	7.25868731390581085E-003	4.09121949561487910E-003	3.19159118750116230E-003	8.99628308113717889E-004	3.16746781829093174E-003	1.67937606128966128E-003	-1	1.48809175700127046E-003	-1	OK
83.000000000000000	7.13264976095163636E-003	4.02232917190157701E-003	3.13682928214872739E-003	8.85499889752850485E-004	3.11032058905005978E-003	1.64881187728650475E-003	-1	1.46150871176355503E-003	-1	OK
83.250000000000000	7.00914425748586090E-003	3.95478266332821571E-003	3.08315479588967085E-003	8.71627867438545942E-004	3.05436159415764475E-003	1.61888756737394758E-003	-1	1.43547402678369717E-003	-1	OK
83.500000000000000	6.88810815698260963E-003	3.88855069583689695E-003	3.03054328379948751E-003	8.58007412037410742E-004	2.99955746114571311E-003	1.58958753677906537E-003	-1	1.40996992436664774E-003	-1	OK
83.750000000000000	6.76949209685959695E-003	3.82360439626894862E-003	2.97897082345519688E-003	8.44633572813752176E-004	2.94588770059064833E-003	1.56089585692631557E-003	-1	1.38499184366433275E-003	-1	OK
84.000000000000000	6.65323796432166527E-003	3.75991514236152791E-003	2.92841400075191226E-003	8.31501141609616184E-004	2.89332282196013780E-003	1.53279894288778536E-003	-1	1.36052387907235244E-003	-1	OK
84.250000000000000	6.53929123197601134E-003	3.69745475526032279E-003	2.87884994008303589E-003	8.18604815177287662E-004	2.84183647671568855E-003	1.50528286823347485E-003	-1	1.33655360848221371E-003	-1	OK
84.500000000000000	6.42759950688301732E-003	3.63619580571745591E-003	2.83025637857166855E-003	8.05939427145785522E-004	2.79140370116556097E-003	1.47833406145518381E-003	-1	1.31306963971037716E-003	-1	OK
84.750000000000000	6.31811179117803927E-003	3.57611188499615566E-003	2.78261170544453649E-003	7.93500179551617649E-004	2.74199990618188318E-003	1.45193926281242261E-003	-1	1.29006064336946056E-003	-1	OK
85.000000000000000	6.21077915099990663E-003	3.51717731199868624E-003	2.73589486208136333E-003	7.81282449917322587E-004	2.69360183900122082E-003	1.42608562859780608E-003	-1	1.26751621040341474E-003	-1	OK
85.250000000000000	6.10555360370707186E-003	3.45936759538470950E-003	2.69008542265242959E-003	7.69282172732280341E-004	2.64618600832236235E-003	1.40076165536205731E-003	-1	1.24542435296030505E-003	-1	OK
85.500000000000000	6.00238868008395182E-003	3.40265877637059393E-003	2.64516342938418908E-003	7.57495346986404518E-004	2.59972990371335746E-003	1.37595621319745232E-003	-1	1.22377369051590514E-003	-1	OK
85.750000000000000	5.90124828670541245E-003	3.34702701570972977E-003	2.60110931543673391E-003	7.45917700272995862E-004	2.55422127099568311E-003	1.35165513687120859E-003	-1	1.20256613412447451E-003	-1	OK
86.000000000000000	5.80208124142263075E-003	3.29244864032553729E-003	2.55790392103100866E-003	7.34544719294527430E-004	2.50963260109709303E-003	1.32784682811789320E-003	-1	1.18178577297919983E-003	-1	OK
86.250000000000000	5.70484253147200606E-003	3.23890063344159634E-003	2.51552858388658096E-003	7.23372049555016244E-004	2.46594189803040972E-003	1.30451999455093171E-003	-1	1.16142190347947802E-003	-1	OK
86.500000000000000	5.60948647826666792E-003	3.18636075077742640E-003	2.47396514221165419E-003	7.12395608565772644E-004	2.42312572748924152E-003	1.28166363289075277E-003	-1	1.14146209459848875E-003	-1	OK
86.750000000000000	5.51597145920852856E-003	3.13480728750886641E-003	2.43319589788274426E-003	7.01611389626123020E-004	2.38116417169966172E-003	1.25926701691107118E-003	-1	1.12189715478859054E-003	-1	OK
87.000000000000000	5.42425574765461466E-003	3.08421928495127180E-003	2.39320362621889314E-003	6.91015658732379526E-004	2.34003646270334329E-003	1.23731969363801938E-003	-1	1.10271676906532391E-003	-1	OK
87.250000000000000	5.33430488704620190E-003	3.03457623383252169E-003	2.35397153972594564E-003	6.80604694106575836E-004	2.29972865321367978E-003	1.21581148918180337E-003	-1	1.08391716403187640E-003	-1	OK
87.500000000000000	5.24607783021238845E-003	2.98585860974409558E-003	2.31548330598141438E-003	6.70375303762681097E-004	2.26021922046829244E-003	1.19472872504494004E-003	-1	1.06549049542335240E-003	-1	OK
87.750000000000000	5.15953665088689922E-003	2.93804668176591947E-003	2.27772283663319657E-003	6.60323845132722688E-004	2.22148996912097975E-003	1.17406541423805528E-003	-1	1.04742455488292447E-003	-1	OK
88.000000000000000	5.07464056243313658E-003	2.89112100597707384E-003	2.24067440720338755E-003	6.50446598773686503E-004	2.18351955645606274E-003	1.15381231947839723E-003	-1	1.02970723697766550E-003	-1	OK
88.250000000000000	4.99134640037168353E-003	2.84506248807071642E-003	2.20432265746326383E-003	6.40739830607451938E-004	2.14628391230096711E-003	1.13396023622754885E-003	-1	1.01232367607341825E-003	-1	OK
88.500000000000000	4.90943278642762791E-003	2.79985266426372240E-003	2.16865267225515961E-003	6.31199992008562682E-004	2.10958012216390595E-003	1.11450018531167381E-003	-1	9.95079936852232136E-004	-1	OK
88.750000000000000	4.82926531642522295E-003	2.75547399173431493E-003	2.13364998519617859E-003	6.21824006538136990E-004	2.07379132469090802E-003	1.09542352181903275E-003	-1	9.78367802871875272E-004	-1	OK
89.000000000000000	4.75060999299161974E-003	2.71190937502773389E-003	2.09930047319376294E-003	6.12608901833970186E-004	2.03870061796388585E-003	1.07672184274238531E-003	-1	9.61978775221500543E-004	-1	OK
89.250000000000000	4.67343167706732454E-003	2.66914180075748797E-003	2.06559026629595747E-003	6.03551534461529635E-004	2.00428987630983657E-003	1.05838698382008998E-003	-1	9.45902892489746587E-004	-1	OK
89.500000000000000	4.59769798776240440E-003	2.62715460926760949E-003	2.03250583040393137E-003	5.94648778863678443E-004	1.97054337849479492E-003	1.04041085220679935E-003	-1	9.30132526287995570E-004	-1	OK
89.750000000000000	4.52338015907545465E-003	2.58593152706897405E-003	2.00003392815742897E-003	5.85897598911544427E-004	1.93744863200648104E-003	1.02278540768983676E-003	-1	9.14663224316644274E-004	-1	OK
90.000000000000000	4.45044711783882177E-003	2.54545665259017437E-003	1.96816168617617053E-003	5.77294966414003733E-004	1.90499046524864784E-003	1.00550307206931323E-003	-1	8.99487393179334606E-004	-1	OK
90.250000000000000	4.37887150363403671E-003	2.50571458333382355E-003	1.93687652633414481E-003	5.68838056999678311E-004	1.87315692030021338E-003	9.88556055263973762E-004	-1	8.84600865036239614E-004	-1	OK
90.500000000000000	4.30862517692243152E-003	2.46669028643443705E-003	1.90616619112534682E-003	5.60524095309090009E-004	1.84193489048799491E-003	9.71937172240271933E-004	-1	8.69997718247722974E-004	-1	OK
90.750000000000000	4.23967995806347198E-003	2.42836936047201215E-003	1.87601875291353677E-003	5.52350607558475815E-004	1.81131059759145983E-003	9.55639134929220997E-004	-1	8.55671462662238830E-004	-1	OK
91.000000000000000	4.17200662017249129E-003	2.39073743875478899E-003	1.84642248237660905E-003	5.44314956378180378E-004	1.78126918141770230E-003	9.39654605697949423E-004	-1	8.41614575719752873E-004	-1	OK
91.250000000000000	4.10557964753476869E-003	2.35378029560600818E-003	1.81736588913230168E-003	5.36414406473707480E-004	1.75179935192876050E-003	9.23976776182912070E-004	-1	8.27822575745848434E-004	-1	OK
91.500000000000000	4.04037287189464543E-003	2.31748417833263108E-003	1.78883778323998279E-003	5.28646395092648505E-004	1.72288869356201435E-003	9.08599012198192820E-004	-1	8.14289681363821534E-004	-1	OK
91.750000000000000	3.97636136612465173E-003	2.28183560533074675E-003	1.76082723738440507E-003	5.21008367946341577E-004	1.69452576079390520E-003	8.93514669923424769E-004	-1	8.01011090870480430E-004	-1	OK
92.000000000000000	3.91352111826049481E-003	2.24682123863787983E-003	1.73332353031394612E-003	5.13497708323933056E-004	1.66669987962261477E-003	8.78717875443798830E-004	-1	7.87982004178815936E-004	-1	OK
92.250000000000000	3.85182740672186403E-003	2.21242817633689930E-003	1.70631625374357675E-003	5.06111922593323088E-004	1.63939923038496495E-003	8.64202145154271853E-004	-1	7.75197085230693093E-004	-1	OK
92.500000000000000	3.79125713767547098E-003	2.17864406737861178E-003	1.67979524949265721E-003	4.98848817885955338E-004	1.61261307029685920E-003	8.49961456628540524E-004	-1	7.62651613668318675E-004	-1	OK
92.750000000000000	3.73178610808086062E-003	2.14545658986287080E-003	1.65375057080277164E-003	4.91706019060099268E-004	1.58632951821798983E-003	8.35989929933929105E-004	-1	7.50339588284060720E-004	-1	OK
93.000000000000000	3.67339225126851396E-003	2.11285386575117955E-003	1.62817252943639143E-003	4.84681336314788779E-004	1.56053838551733419E-003	8.22281817690393921E-004	-1	7.38256567826940267E-004	-1	OK
93.250000000000000	3.61605316135725757E-003	2.08082418866679421E-003	1.60305163820395700E-003	4.77772550462836993E-004	1.53522897269046357E-003	8.08831503432865580E-004	-1	7.26397469257597994E-004	-1	OK
93.500000000000000	3.55974774782975411E-003	2.04935636328653411E-003	1.57837866440083325E-003	4.70977698885700208E-004	1.51039138454321978E-003	7.95633510659007502E-004	-1	7.14757873884212282E-004	-1	OK
93.750000000000000	3.50445402893414040E-003	2.01843930291561394E-003	1.55414455102718323E-003	4.64294751888430556E-004	1.48601472601852668E-003	7.82682493031195336E-004	-1	7.03332232987331340E-004	-1	OK
94.000000000000000	3.45015075662894778E-003	1.98806200618875271E-003	1.53034040890429762E-003	4.57721597284454931E-004	1.46208875044019507E-003	7.69973222569697124E-004	-1	6.92115527870497947E-004	-1	OK
94.250000000000000	3.39658538756767471E-003	1.95821361666305470E-003	1.50695753447886022E-003	4.51256082184194214E-004	1.43837177090462001E-003	7.57500603716760972E-004	-1	6.80871167187859037E-004	-1	OK
94.500000000000000	3.34420797845034427E-003	1.92888350214579169E-003	1.48398742970231928E-003	4.44896072443472788E-004	1.41532447630455258E-003	7.45259659669268064E-004	-1	6.70064816635284515E-004	-1	OK
94.750000000000000	3.29276245691687963E-003	1.90006160584041428E-003	1.46142184572063336E-003	4.38639760119781191E-004	1.39270085107646513E-003	7.33245038258444146E-004	-1	6.59455812818020987E-004	-1	OK
95.000000000000000	3.24223003867740592E-003	1.87173784990050875E-003	1.43925266713906602E-003	4.32485182761443488E-004	1.37049218877689717E-003	7.21448905475052761E-004	-1	6.49043283301844413E-004	-1	OK
95.250000000000000	3.19259251900059007E-003	1.84390251554863928E-003	1.41747199325491908E-003	4.26430522293720258E-004	1.34869000345195058E-003	7.09870115854698480E-004	-1	6.38819887597252096E-004	-1	OK
95.500000000000000	3.14383192488959995E-003	1.81654595762680460E-003	1.39607206768958196E-003	4.20473889937222531E-004	1.32728596726279535E-003	6.98504372345566562E-004	-1	6.28781594917228784E-004	-1	OK
95.750000000000000	3.09593084646429253E-003	1.78965876432338579E-003	1.37504531536342470E-003	4.14613448959961475E-004	1.30627208214090674E-003	6.87347246053911340E-004	-1	6.18924836086995399E-004	-1	OK
96.000000000000000	3.04887176906303188E-003	1.76323183243910363E-003	1.35438435707860511E-003	4.08847475360498303E-004	1.28563993662392825E-003	6.76394406610466409E-004	-1	6.09245530013461842E-004	-1	OK
96.250000000000000	3.00263813709692687E-003	1.73725620505513862E-003	1.33408194447437911E-003	4.03174260580759782E-004	1.26538193204178803E-003	6.65641629451655965E-004	-1	5.99740302590132069E-004	-1	OK
96.500000000000000	2.95721329432086216E-003	1.71172301479679493E-003	1.31413099593428616E-003	3.97592018862508666E-004	1.24549027952406744E-003	6.55084789694174749E-004	-1	5.90405489829892694E-004	-1	OK
96.750000000000000	2.91258106383305172E-003	1.68662365548314080E-003	1.29452458460886611E-003	3.92099070874274197E-004	1.22595740834991092E-003	6.44719853447473477E-004	-1	5.81237554902437441E-004	-1	OK
97.000000000000000	2.86872562965110895E-003	1.66194962730281952E-003	1.27525593590516640E-003	3.86693691397653396E-004	1.20677600234828921E-003	6.34542875238183670E-004	-1	5.72233127110105544E-004	-1	OK
97.250000000000000	2.82563285377744611E-003	1.63769295985722045E-003	1.25631848048446729E-003	3.81374479372753377E-004	1.18793989392022587E-003	6.24550001210494895E-004	-1	5.63389892709730976E-004	-1	OK
97.500000000000000	2.78328693785038182E-003	1.61384556632782582E-003	1.23770572230816095E-003	3.76139844019665300E-004	1.16944137152255579E-003	6.14737467822686697E-004	-1	5.54703903699869092E-004	-1	OK
97.750000000000000	2.74167293952408669E-003	1.59039948244724507E-003	1.21941131864627874E-003	3.70988163800966436E-004	1.15127345707684184E-003	6.05101603445035619E-004	-1	5.46171853631806218E-004	-1	OK
98.000000000000000	2.70077636124240687E-003	1.56734703196258489E-003	1.20142907341237357E-003	3.65917958550210940E-004	1.13342932927982176E-003	5.95638815594542103E-004	-1	5.37790513685279655E-004	-1	OK
98.250000000000000	2.66058345105954974E-003	1.54468054325291974E-003	1.18375291306365999E-003	3.60927630189259916E-004	1.11590290780662999E-003	5.86345592334158120E-004	-1	5.29557315472471875E-004	-1	OK
98.500000000000000	2.62108058110146298E-003	1.52239275612371617E-003	1.16637694389937424E-003	3.56015812224342416E-004	1.09868782497774681E-003	5.77218380232495556E-004	-1	5.21469444745251251E-004	-1	OK
98.750000000000000	2.58225397688121444E-003	1.50047641551348575E-003	1.14929536070901023E-003	3.51181054804475408E-004	1.08177756136772891E-003	5.68253945838520687E-004	-1	5.13523615529208220E-004	-1	OK
99.000000000000000	2.54409048160749232E-003	1.47892462133960168E-003	1.13250254346608536E-003	3.46422077873516376E-004	1.06516586026789086E-003	5.59449001073527392E-004	-1	5.05716859194363464E-004	-1	OK
99.250000000000000	2.50657718010567892E-003	1.45773066411318346E-003	1.11599296935865682E-003	3.41737694754526314E-004	1.04884651599249524E-003	5.50800372965455014E-004	-1	4.98046143027040225E-004	-1	OK
99.500000000000000	2.46970255911337739E-003	1.43688773306626283E-003	1.09976120453705102E-003	3.37126528529212079E-004	1.03281482604711456E-003	5.42304989952745935E-004	-1	4.90509836094368628E-004	-1	OK
99.750000000000000	2.43345359182470071E-003	1.41638926150184979E-003	1.08380194292282219E-003	3.32587318579027436E-004	1.01706433032285070E-003	5.33959774931281987E-004	-1	4.83104555391568715E-004	-1	OK
100.00000000000000	2.39781825324247681E-003	1.39622867996673462E-003	1.06810996726022399E-003	3.28118712706510960E-004	1.00158957327574219E-003	5.25761666640474292E-004	-1	4.75827906635267902E-004	-1	OK
