#pt	totcs	totdirect	directLO	directNLO	totfrag	fragLO	err_fragLO	fragNLO	err_fragNLO	errmess
0.50000000000000000	155669483.59901339	-82547342.465762272	10840528.373859581	-93387870.839621857	238216826.06477568	105868197.24964371	-1	132348628.81513196	-1	Error
0.75000000000000000	57777694.253394008	-2556250.4819661006	1997345.0631362267	-4553595.5451023281	60333944.735360108	20122927.421702169	-1	40211017.313657939	-1	Error
1.0000000000000000	25307119.853247628	-86254.201215157285	1442681.1770224113	-1528935.3782375674	25393374.054462783	9949718.0285442285	-1	15443656.025918555	-1	Error
1.2500000000000000	10864380.677775998	241841.37862595357	862457.89560111728	-620616.51697516371	10622539.299150044	4588426.0398301361	-1	6034113.2593199080	-1	Error
1.5000000000000000	5098050.7312077377	231282.66761697782	513570.80744759593	-282288.13983061811	4866768.0635907594	2250490.3560828315	-1	2616277.7075079279	-1	Error
1.7500000000000000	2611285.9037454235	175358.91990554752	314949.35758278193	-139590.43767723421	2435926.9838398760	1185981.4609519192	-1	1249945.5228879568	-1	Error
2.0000000000000000	1438903.3366932971	126391.80050314276	200135.64648775614	-73743.845984613421	1312511.5361901545	666630.77976714913	-1	645880.75642300537	-1	Error
2.2500000000000000	842246.16546507389	90381.462870116055	131342.34642621048	-40960.883556094406	751864.70259495778	395015.42377050285	-1	356849.27882445493	-1	Error
2.5000000000000000	516616.49969147984	64968.860153635353	88565.855683668124	-23596.995530032807	451647.63953784452	244303.86832352847	-1	207343.77121431605	-1	Error
2.7500000000000000	331002.63169837196	47289.504510213359	61331.559978986799	-14042.055468773462	283713.12718815857	157156.93822256784	-1	126556.18896559073	-1	Error
3.0000000000000000	220276.23100320640	34938.501950730046	43543.089006589355	-8604.5870558592924	185337.72905247635	104524.08883657500	-1	80813.640215901352	-1	Error
3.2500000000000000	151569.56854063377	26199.672892448827	31598.989373181452	-5399.3164807326002	125369.89564818496	71611.411929003676	-1	53758.483719181284	-1	Error
3.5000000000000000	107039.89568660173	19922.277364579691	23373.679929462447	-3451.4025648827519	87117.618322022041	50286.956049378554	-1	36830.662272643487	-1	Error
3.7500000000000000	77145.000351854338	15346.452138845947	17584.657788974189	-2238.2056501282404	61798.548213008384	36109.048399313717	-1	25689.499813694667	-1	Error
4.0000000000000000	56765.189581419792	11964.106870540483	13430.805862594505	-1466.6989920540273	44801.082710879309	26448.846291132686	-1	18352.236419746623	-1	OK
4.2500000000000000	42520.663851730598	9431.7688587945122	10398.875725940830	-967.10686714631720	33088.894992936090	19727.621782645201	-1	13361.273210290889	-1	OK
4.5000000000000000	32335.758938023391	7512.2969357498332	8151.0248106150784	-638.72787486524567	24823.462002273558	14940.782886185745	-1	9882.6791160878129	-1	OK
4.7500000000000000	24963.371606130746	6040.4076319308369	6460.6713287796201	-420.26369684878176	18922.963974199909	11473.528942860476	-1	7449.4350313394334	-1	OK
5.0000000000000000	19519.806687776530	4899.5471617453513	5173.0729845931783	-273.52582284782414	14620.259526031181	8921.6671534570032	-1	5698.5923725741777	-1	OK
5.2500000000000000	15443.899698865214	4006.4133159168532	4180.6805098669101	-174.26719395005568	11437.486382948362	7016.6550161288296	-1	4420.8313668195324	-1	OK
5.5000000000000000	12337.209180961208	3300.7342162964833	3407.5577462247047	-106.82352992822204	9036.4749646647251	5575.7604491786888	-1	3460.7145154860364	-1	OK
5.7500000000000000	9959.5606416692517	2738.4214404597033	2799.3190028853701	-60.897562425667587	7221.1392012095484	4472.0811042674859	-1	2749.0580969420625	-1	OK
6.0000000000000000	8112.3085820684264	2286.7245670548759	2316.4057404476080	-29.681173392732319	5825.5840150135509	3617.1485892169617	-1	2208.4354257965892	-1	OK
6.2500000000000000	6659.8590777567924	1921.1398980949843	1929.7369486665698	-8.5970505715851200	4738.7191796618081	2950.3127638130736	-1	1788.4064158487345	-1	OK
6.5000000000000000	5507.2827585658388	1623.1647447694072	1617.6931761606745	5.4715686087324542	3884.1180137964316	2423.5482729362302	-1	1460.5697408602014	-1	OK
6.7500000000000000	4584.7684449914632	1378.6946723126578	1364.0288366283162	14.665835684341298	3206.0737726788052	2004.9431706937635	-1	1201.1306019850417	-1	OK
7.0000000000000000	3837.8352208092638	1176.8816420662931	1156.4148983619673	20.466743704325985	2660.9535787429704	1669.1222835208569	-1	991.83129522211357	-1	OK
7.2500000000000000	3232.3903993771901	1009.3159135779972	985.40816256685423	23.907751011142903	2223.0744857991926	1397.8653717426071	-1	825.20911405658558	-1	OK
7.5000000000000000	2738.5328014362713	869.42657660924647	843.71296026506900	25.713616344177197	1869.1062248270246	1176.9607484382152	-1	692.14547638880936	-1	OK
7.7500000000000000	2332.0115429284456	752.04343355838648	725.64765699017107	26.395776568215247	1579.9681093700592	994.30078810376904	-1	585.66732126629017	-1	OK
8.0000000000000000	1993.4381347581639	653.06934627324915	626.75340475526014	26.315941517989021	1340.3687884849148	845.69519657275612	-1	494.67359191215871	-1	OK
8.2500000000000000	1713.2814746743666	569.23291864332020	543.50493811356614	25.727980529754266	1144.0485560310465	722.63088851511077	-1	421.41766751593570	-1	OK
8.5000000000000000	1478.7929822144670	497.90886227316798	473.09765168923025	24.811210583937704	980.88411994129899	620.12124553971796	-1	360.76287440158103	-1	OK
8.7500000000000000	1281.5062453631845	436.97847553452812	413.28613915261468	23.692336381913233	844.52776982865646	534.29400893573245	-1	310.23376089292401	-1	OK
9.0000000000000000	1114.0838637683812	384.72297002063300	362.26217546393536	22.460794556697742	729.36089374774826	462.13600058310141	-1	267.22489316464686	-1	OK
9.2500000000000000	972.75502383797402	339.74006158869645	318.56109008095962	21.178971507736858	633.01496224927757	401.25466113038084	-1	231.76030111889673	-1	OK
9.5000000000000000	852.05473431088012	300.88014487912125	280.99019155528111	19.889953323840075	551.17458943175882	349.63865996062464	-1	201.53592947113418	-1	OK
9.7500000000000000	748.77861090178158	267.19626125686756	248.57327174779033	18.622989509077371	481.58234964491407	305.67760375576216	-1	175.90474588915191	-1	OK
10.000000000000000	659.97202095505588	237.90487169443247	220.50746033575913	17.397411358673459	422.06714926062341	268.07764401134119	-1	153.98950524928222	-1	OK
10.250000000000000	583.49934056442351	212.35465914775787	196.12932136638148	16.225337781376410	371.14468141666566	235.80280310093329	-1	135.34187831573237	-1	OK
10.500000000000000	517.32859122448303	190.00238706885349	174.88833894879136	15.114048120062140	327.32620415562957	208.02278154795414	-1	119.30342260767543	-1	OK
10.750000000000000	459.89627850326764	170.39256560085533	156.32564056635877	14.066925034496510	289.50371290241230	184.01854065993865	-1	105.48517224247365	-1	OK
11.000000000000000	409.88206091189932	153.14254242769042	140.05734375687422	13.085198670816229	256.73951848420893	163.20644231876651	-1	93.533076165442424	-1	OK
11.250000000000000	366.19308881165693	137.92889530026608	125.76079928286764	12.168096017398499	228.26419351139083	145.10861471926791	-1	83.155578792122924	-1	OK
11.500000000000000	327.91700790655636	124.47805566003228	113.16414553453588	11.313910125496440	203.43895224652405	129.32823972795592	-1	74.110712518568135	-1	OK
11.750000000000000	294.29039716242579	112.55731993567105	102.03740653139458	10.519913404276378	181.73307722675474	115.52890552132726	-1	66.204171705427484	-1	OK
12.000000000000000	264.67511325969360	101.96847342800072	92.185395815298222	9.7830776127025239	162.70663983169288	103.20551505956728	-1	59.501124772125607	-1	OK
12.250000000000000	238.52615964439428	92.541962037907851	83.441893635973543	9.1000684019342994	145.98419760648645	92.587617120552125	-1	53.396580485934322	-1	OK
12.500000000000000	215.31128274263108	84.132384509407842	75.664907448576699	8.4674770608311292	131.17889823322324	83.229621548198253	-1	47.949276685024984	-1	OK
12.750000000000000	194.79422294082400	76.614720581494524	68.732798545285959	7.8819220362085938	118.17950235932948	74.964418077592370	-1	43.215084281737106	-1	OK
13.000000000000000	176.54992966214374	69.881137383606784	62.541040749419373	7.3400966341874243	106.66879227853696	67.649216950086696	-1	39.019575328450259	-1	OK
13.250000000000000	160.29417487045595	63.838415585855081	56.999584242078427	6.8388313437766408	96.455759284600859	61.159591691271544	-1	35.296167593329315	-1	OK
13.500000000000000	145.77809912500658	58.405722576084386	52.030621013187591	6.3751015628967718	87.372376548922190	55.391531188992865	-1	31.980845359929326	-1	OK
13.750000000000000	132.78709933887052	53.512814211373367	47.566769492312709	5.9460447190606329	79.274285127497137	50.251836789342114	-1	29.022448338155023	-1	OK
14.000000000000000	121.14049639594066	49.098539980602006	43.549524590332780	5.5490153902692141	72.041956415338646	45.661623658125990	-1	26.380332757212656	-1	OK
14.250000000000000	110.68326797008841	45.109458649969184	39.927961333203370	5.1814973167658254	65.573809320119224	41.555688550353807	-1	24.018120769765417	-1	OK
14.500000000000000	101.27630047986960	41.498873712554555	36.657669418695946	4.8412042938586133	59.777426767315042	37.877063635645769	-1	21.900363131669273	-1	OK
14.750000000000000	92.797564878508439	38.225796339609914	33.699809286808140	4.5259870528017760	54.571768538898525	34.575263111351774	-1	19.996505427546751	-1	OK
15.000000000000000	85.144898924524171	35.254233344302222	31.020358540127848	4.2338748041743681	49.890665580221956	31.621252410303367	-1	18.269413169918590	-1	OK
15.250000000000000	78.226776529118439	32.552489513492738	28.589440853444412	3.9630486600483121	45.674287015625701	28.945642269303917	-1	16.728644746321784	-1	OK
15.500000000000000	71.940289431141352	30.092595348599989	26.380770985687011	3.7118243629129748	41.847694082541366	26.532085938803704	-1	15.315608143737663	-1	OK
15.750000000000000	66.261310523657215	27.849855642339314	24.371183186463846	3.4786724558754645	38.411454881317901	24.350618848335209	-1	14.060836032982692	-1	OK
16.000000000000000	61.104625966785051	25.802374125581697	22.540209640039524	3.2621644855421739	35.302251841203351	22.376616194948507	-1	12.925635646254843	-1	OK
16.250000000000000	56.415600029164139	23.930749465676076	20.869747117271562	3.0610023484045117	32.484850563488067	20.587709559126242	-1	11.897141004361824	-1	OK
16.500000000000000	52.145734335714110	22.217739380589435	19.343745166404382	2.8739942141850450	29.927994955124671	18.964778108060443	-1	10.963216847064228	-1	OK
16.750000000000000	48.252323308969601	20.647967503871527	17.947933701410733	2.7000338024608008	27.604355805098074	17.490221919740584	-1	10.114133885357489	-1	OK
17.000000000000000	44.674083285845938	19.207767595524423	16.669640911697826	2.5381266838265999	25.466315690321515	16.148314833280807	-1	9.3180008570407082	-1	OK
17.250000000000000	41.426235096028194	17.884919933481694	15.497576696506542	2.3873432369751511	23.541315162546500	14.925596037642242	-1	8.6157191249042580	-1	OK
17.500000000000000	38.453248375041625	16.668502720399193	14.421671059646840	2.2468316607523517	21.784745654642432	13.810387279575131	-1	7.9743583750673004	-1	OK
17.750000000000000	35.728650418807320	15.548752286633398	13.432925806311934	2.1158264803214597	20.179898132173925	12.791706140574256	-1	7.3881919915996690	-1	OK
18.000000000000000	33.229184614628323	14.516880036444208	12.523280123163662	1.9935999132805469	18.712304578184114	11.859950843649818	-1	6.8523537345342955	-1	OK
18.250000000000000	30.933356272932112	13.565008573753516	11.685514482696311	1.8794940910572033	17.368347699178596	11.006693239864287	-1	6.3616544593143090	-1	OK
18.500000000000000	28.822392690463694	12.686063403863141	10.913149078379075	1.7729143254840680	16.136329286600553	10.224381669232264	-1	5.9119476173682894	-1	OK
18.750000000000000	26.879324424851930	11.873653802755681	10.200355304163409	1.6732984985922725	15.005670622096247	9.5061887912810921	-1	5.4994818308151547	-1	OK
19.000000000000000	25.088939291317978	11.122024725699792	9.5418900215366733	1.5801347041631164	13.966914565618186	8.8462525949964093	-1	5.1206619706217769	-1	OK
19.250000000000000	23.437622603263918	10.425989703708868	8.9330286830858334	1.4929610206230373	13.011632899555051	8.2392673180871334	-1	4.7723655814679180	-1	OK
19.500000000000000	21.912900122870454	9.7808425524411504	8.3695042174424010	1.4113383349987505	12.132057570429302	7.6807347047765537	-1	4.4513228656527479	-1	OK
19.750000000000000	20.503734238172818	9.1823318947011465	7.8474640635107855	1.3348678311903661	11.321402343471672	7.1658926518777735	-1	4.1555096915938980	-1	OK
20.000000000000000	19.201207073423252	8.6266139289995749	7.3634245053526275	1.2631894236469470	10.574593144423677	6.6909554847049666	-1	3.8836376597187101	-1	OK
20.250000000000000	17.994358826147881	8.1101891640830601	6.9142269098614930	1.1959622542215702	9.8841696620648225	6.2524250102430470	-1	3.6317446518217755	-1	OK
20.500000000000000	16.876160570309747	7.6298825593934509	6.4970087390207789	1.1328738203726734	9.2462780109162956	5.8471484653187087	-1	3.3991295455975870	-1	OK
20.750000000000000	15.838926167688713	7.1828137099205627	6.1091725412851723	1.0736411686353906	8.6561124577681507	5.4723823771875555	-1	3.1837300805805953	-1	OK
21.000000000000000	14.875541048552293	6.7663518330765156	5.7483552408815068	1.0179965921950056	8.1091892154757783	5.1254511191146710	-1	2.9837380963611073	-1	OK
21.250000000000000	13.980726033228827	6.3781007908868057	5.4124076108787431	0.96569318000806526	7.6026252423420200	4.8039644049623638	-1	2.7986608373796562	-1	OK
21.500000000000000	13.148552563500488	6.0158785571722788	5.0993732040023296	0.91650535316995041	7.1326740063282079	4.5058105654999663	-1	2.6268634408282416	-1	OK
21.750000000000000	12.368323304705594	5.6776920058713225	4.8074678704258531	0.87022413544547106	6.6906312988342727	4.2290804523791801	-1	2.4615508464550926	-1	OK
22.000000000000000	11.647181631164530	5.3617166075164571	4.5350626835784960	0.82665392393795922	6.2854650236480731	3.9719890074622528	-1	2.3134760161858203	-1	OK
22.250000000000000	10.975112795564318	5.0662841698411780	4.2806702536730459	0.78561391616813170	5.9088286257231397	3.7329799668593440	-1	2.1758486588637957	-1	OK
22.500000000000000	10.347790484319070	4.7898705231026586	4.0429310986648197	0.74693942443783856	5.5579199612164114	3.5106491250590652	-1	2.0472708361573462	-1	OK
22.750000000000000	9.7625996434237976	4.5310748917698334	3.8206000655281049	0.71047482624172820	5.2315247516539634	3.3036218698508786	-1	1.9279028818030848	-1	OK
23.000000000000000	9.2159354611140039	4.2886132459211250	3.6125368976661045	0.67607634825501950	4.9273222151928779	3.1107428030897393	-1	1.8165794121031387	-1	OK
23.250000000000000	8.7049371401306139	4.0613086528331364	3.4176964622086063	0.64361219062452879	4.6436284872974776	2.9309101859185516	-1	1.7127183013789260	-1	OK
23.500000000000000	8.2269156535985033	3.8480784437478115	3.2351192897037939	0.61295915404401591	4.3788372098506914	2.7631023052411070	-1	1.6157349046095844	-1	OK
23.750000000000000	7.7794506603786040	3.6479254637462848	3.0639237991481525	0.58400166459813185	4.1315251966323192	2.6064067974043756	-1	1.5251183992279436	-1	OK
24.000000000000000	7.3603436494536663	3.4599337639323084	2.9033000852098492	0.55663367872245950	3.9004098855213583	2.4599976846500899	-1	1.4404122008712683	-1	OK
24.250000000000000	6.9675395826499180	3.2832594555597168	2.7525028413865975	0.53075661417311870	3.6842801270902017	2.3230590042529471	-1	1.3612211228372546	-1	OK
24.500000000000000	6.5993763695645642	3.1171232570340406	2.6108455188899327	0.50627773814410637	3.4822531125305236	2.1948834614554733	-1	1.2873696510750503	-1	OK
24.750000000000000	6.2537074875102672	2.9608078853263615	2.4776958012856589	0.48311208404070305	3.2928996021839052	2.0748904858048731	-1	1.2180091163790321	-1	OK
25.000000000000000	5.9292491595720254	2.8136492241675790	2.3524700832204832	0.46117914094709611	3.1155999354044468	1.9624879319687936	-1	1.1531120034356532	-1	OK
25.250000000000000	5.6242779760936248	2.6750351138453503	2.2346301005222449	0.44040501332310567	2.9492428622482745	1.8571393722616814	-1	1.0921034899865931	-1	OK
25.500000000000000	5.3375719905406651	2.5443986584932388	2.1236783497950782	0.42072030869816074	2.7931733320474263	1.7583503358546100	-1	1.0348229961928164	-1	OK
25.750000000000000	5.0678705544989544	2.4212139935239785	2.0191543714566458	0.40205962206733259	2.6466565609749759	1.6656414159394122	-1	0.98101514503556375	-1	OK
26.000000000000000	4.8140080533678802	2.3049939008149707	1.9206319867986363	0.38436191401633463	2.5090141525529099	1.5785876537566172	-1	0.93042649879629269	-1	OK
26.250000000000000	4.5749707754108933	2.1952888392942236	1.8277177596892582	0.36757107960496510	2.3796819361166697	1.4967975695621336	-1	0.88288436655453606	-1	OK
26.500000000000000	4.3498334461542711	2.0916811629539165	1.7400470758984139	0.35163408705550370	2.2581522832003547	1.4199097718436102	-1	0.83824251135674444	-1	OK
26.750000000000000	4.1375219824821547	1.9937830343936478	1.6572819099569891	0.33650112443665869	2.1437389480885072	1.3475906506686843	-1	0.79614829741982285	-1	OK
27.000000000000000	3.9372639106642890	1.9012351614879224	1.5791089149545754	0.32212624653334671	2.0360287491763667	1.2795236108166403	-1	0.75650513835972633	-1	OK
27.250000000000000	3.7482884045778020	1.8137033290982862	1.5052370825444366	0.30846624655384924	1.9345850754795155	1.2154436710200507	-1	0.71914140445946484	-1	OK
27.500000000000000	3.5698623180755575	1.7308765090210247	1.4353961720443886	0.29548033697663578	1.8389858090545330	1.1550952386962006	-1	0.68389057035833245	-1	OK
27.750000000000000	3.4013315509479574	1.6524661103642158	1.3693351266516165	0.28313098371259887	1.7488654405837416	1.0981943256075513	-1	0.65067111497619035	-1	OK
28.000000000000000	3.2420667349409502	1.5782029257563566	1.3068202969661706	0.27138262879018593	1.6638638091845934	1.0445331440449008	-1	0.61933066513969259	-1	OK
28.250000000000000	3.0914802776324821	1.5078360173301244	1.2476342626095047	0.26020175472061974	1.5836442603023575	0.99390353232572826	-1	0.58974072797662924	-1	OK
28.500000000000000	2.9490311787160879	1.4411320035305728	1.1915746992166023	0.24955730431397080	1.5078991751855153	0.94611229805796859	-1	0.56178687712754671	-1	OK
28.750000000000000	2.8142165041859002	1.3778729476515021	1.1384530282716467	0.23941991937985552	1.4363435565343983	0.90098234478338579	-1	0.53536121175101248	-1	OK
29.000000000000000	2.6865735525152448	1.3178557345203812	1.0880934599025653	0.22976227461781595	1.3687178179948636	0.85833907222562489	-1	0.51037874576923870	-1	OK
29.250000000000000	2.5656753121870759	1.2608901768439149	1.0403319081159006	0.22055826872801382	1.3047851353431610	0.81803041656377962	-1	0.48675471877938137	-1	OK
29.500000000000000	2.4511042846687534	1.2067990205221686	0.99501536463836726	0.21178365588380169	1.2443052641465846	0.77991596406177333	-1	0.46438930008481127	-1	OK
29.750000000000000	2.3424526369989742	1.1554164718120385	0.95200092124146063	0.20341555057057795	1.1870361651869357	0.74385710591881027	-1	0.44317905926812540	-1	OK
30.000000000000000	2.2394103799504101	1.1065878449720423	0.91115512315951985	0.19543272181252241	1.1328225349783676	0.70972638453146597	-1	0.42309615044690163	-1	OK
30.250000000000000	2.1416336805304677	1.0601681174139133	0.87235309700267372	0.18781502041123949	1.0814655631165544	0.67740675560768382	-1	0.40405880750887058	-1	OK
30.500000000000000	2.0488507194347312	1.0160212872713810	0.83547802197637600	0.18054326529500467	1.0328294321633502	0.64678915950704974	-1	0.38604027265630048	-1	OK
30.750000000000000	1.9607188978798551	0.97402016737698927	0.80042063490240023	0.17359953247458876	0.98669873050286583	0.61777364639268428	-1	0.36892508411018154	-1	OK
31.000000000000000	1.8769995328044762	0.93404566192363991	0.76707865876142445	0.16696700316221530	0.94295387088083638	0.59026111789969449	-1	0.35269275298114189	-1	OK
31.250000000000000	1.7974470702097318	0.89598611307000442	0.73535627072098075	0.16062984234902378	0.90146095713972740	0.56416552925749697	-1	0.33729542788223044	-1	OK
31.500000000000000	1.7218236355096759	0.85973667506658213	0.70516361076097045	0.15457306430561185	0.86208696044309374	0.53940456517075863	-1	0.32268239527233511	-1	OK
31.750000000000000	1.6499097884226943	0.82519877359645211	0.67641640063504094	0.14878237296141114	0.82471101482624221	0.51590019639651075	-1	0.30881081842973146	-1	OK
32.000000000000000	1.5814912907771905	0.79228022275486265	0.64903567205632373	0.14324455069853861	0.78921106802232799	0.49358014005047829	-1	0.29563092797184970	-1	OK
32.250000000000000	1.5163765759065728	0.76089427782171970	0.62294725632450498	0.13794702149721469	0.75548229808485323	0.47237688969136432	-1	0.28310540839348891	-1	OK
32.500000000000000	1.4543839894613182	0.73095930790661545	0.59808148729096322	0.13287782061565212	0.72342468155470274	0.45222610549679476	-1	0.27119857605790798	-1	OK
32.750000000000000	1.3953396138170493	0.70239856931553435	0.57437291265059676	0.12802565666493776	0.69294104450151495	0.43306906039199605	-1	0.25987198410951889	-1	OK
33.000000000000000	1.3390860757589995	0.67514000038311028	0.55176005527371130	0.12337994510939859	0.66394607537588923	0.41485014968630513	-1	0.24909592568958411	-1	OK
33.250000000000000	1.2854716010704534	0.64911592100897553	0.53018512876508728	0.11893079224388799	0.63635568006147791	0.39751740788976014	-1	0.23883827217171777	-1	OK
33.500000000000000	1.2343504580491373	0.62426241219085088	0.50959371882594284	0.11466869336490806	0.61008804585828658	0.38102154842521102	-1	0.22906649743307556	-1	OK
33.750000000000000	1.1855942540873010	0.60051921666516517	0.48993461402370470	0.11058460264146064	0.58507503742213574	0.36531334458272630	-1	0.21976169283940944	-1	OK
34.000000000000000	1.1382822940497122	0.57782960526986216	0.47115961342900714	0.10666999184085511	0.56045268877984999	0.35035380227638918	-1	0.21009888650346081	-1	OK
34.250000000000000	1.0939229102821699	0.55614020412010046	0.45322333495309786	0.10291686916700260	0.53778270616206947	0.33610078870668286	-1	0.20168191745538661	-1	OK
34.500000000000000	1.0511005082097005	0.53540068999131596	0.43608300820743023	9.93176817838857529E-002	0.51569981821838440	0.32251763718233373	-1	0.19318218103605067	-1	OK
34.750000000000000	1.0106798235863124	0.51556358030326677	0.41969831024774223	9.58652700555246706E-002	0.49511624328304554	0.30956903817886156	-1	0.18554720510418399	-1	OK
35.000000000000000	0.97206959190618236	0.49658396381423697	0.40403119367844881	9.25527701357879290E-002	0.47548562809194533	0.29722138255316910	-1	0.17826424553877623	-1	OK
35.250000000000000	0.93517443618746809	0.47841948338429607	0.38904576995938517	8.93737134249109472E-002	0.45675495280317202	0.28544156635587736	-1	0.17131338644729466	-1	OK
35.500000000000000	0.89989846292389664	0.46102991658169468	0.37470812494821848	8.63217916334760721E-002	0.43886854634220201	0.27420279519275947	-1	0.16466575114944254	-1	OK
35.750000000000000	0.86618300204193588	0.44437756356258024	0.36098632959361621	8.33912339689640986E-002	0.42180543847935559	0.26347332476449226	-1	0.15833211371486333	-1	OK
36.000000000000000	0.83393653252996569	0.42842698195880713	0.34785023769244711	8.05767442663600647E-002	0.40550955057115862	0.25322788741676816	-1	0.15228166315439046	-1	OK
36.250000000000000	0.80308209521027063	0.41314429262378316	0.33527127196977730	7.78730206540056702E-002	0.38993780258648747	0.24344237674182659	-1	0.14649542584466088	-1	OK
36.500000000000000	0.77356699085382685	0.39849747341848196	0.32322244789793225	7.52750255205497792E-002	0.37506951743534489	0.23409390526542403	-1	0.14097561216992086	-1	OK
36.750000000000000	0.74530854729562312	0.38445634213953128	0.31167826249805930	7.27780796414718711E-002	0.36085220515609190	0.22515914194276876	-1	0.13569306321332314	-1	OK
37.000000000000000	0.71825021528656974	0.37099215735377267	0.30061456323302416	7.03775941207486350E-002	0.34725805793279713	0.21661845770555521	-1	0.13063960022724191	-1	OK
37.250000000000000	0.69233598193964641	0.35807795503158657	0.29000855577992463	6.80693992516619578E-002	0.33425802690805984	0.20845216945159276	-1	0.12580585745646708	-1	OK
37.500000000000000	0.66750857500953686	0.34568813523766773	0.27983863742159049	6.58494978160771988E-002	0.32182043977186908	0.20064055424528293	-1	0.12117988552658615	-1	OK
37.750000000000000	0.64371124778311861	0.33379842659417203	0.27008433908171020	6.37140875124619505E-002	0.30991282118894664	0.19316645023627091	-1	0.11674637095267573	-1	OK
38.000000000000000	0.62090489042443631	0.32238567878065638	0.26072624263232586	6.16594361483305820E-002	0.29851921164377987	0.18601427404452126	-1	0.11250493759925861	-1	OK
38.250000000000000	0.59903795743042498	0.31142796286352198	0.25174595869556959	5.96820041679523711E-002	0.28760999456690295	0.17916801799840179	-1	0.10844197656850116	-1	OK
38.500000000000000	0.57821014755703160	0.30090449648261497	0.24312606783566318	5.77784286469518321E-002	0.27730565107441668	0.17261500012236922	-1	0.10469065095204746	-1	OK
38.750000000000000	0.55808153712553132	0.29079570705572599	0.23485008160143514	5.59456254542910411E-002	0.26728583006980533	0.16634067275139883	-1	0.10094515731840650	-1	OK
39.000000000000000	0.53854144123486325	0.28108292946591973	0.22690234055805172	5.41805889078679770E-002	0.25745851176894352	0.16033021560621935	-1	9.71282961627241703E-002	-1	OK
39.250000000000000	0.52002116238223162	0.27174850036390807	0.21926799456510621	5.24805057988018894E-002	0.24827266201832354	0.15428767278728031	-1	9.39849892310432311E-002	-1	OK
39.500000000000000	0.50224132069525740	0.26277557869153195	0.21193292744127329	5.08426512502586150E-002	0.23946574200372545	0.14877675056198941	-1	9.06889914417360332E-002	-1	OK
39.750000000000000	0.48516808366298653	0.25414812119591856	0.20488373469303400	4.92643865028845676E-002	0.23101996246706796	0.14349341755434128	-1	8.75265449127266837E-002	-1	OK
40.000000000000000	0.46876961113128557	0.24585089786829487	0.19810768813488513	4.77432097334097583E-002	0.22291871326299070	0.13842731467859135	-1	8.44913985843993576E-002	-1	OK
40.250000000000000	0.45301568227767453	0.23786947204962142	0.19159271054974136	4.62767614998800467E-002	0.21514621022805311	0.13356787805439016	-1	8.15783321736629485E-002	-1	OK
40.500000000000000	0.43787787846966775	0.23019016944895299	0.18532733175844374	4.48628376905093121E-002	0.20768770902071476	0.12890554283626801	-1	7.87821661844467502E-002	-1	OK
40.750000000000000	0.42332857009327873	0.22279988124004960	0.17930062958390450	4.34992516561451548E-002	0.20052868885322914	0.12443122121298451	-1	7.60974676402446232E-002	-1	OK
41.000000000000000	0.40934119905996424	0.21568623624898253	0.17350223763031858	4.21839986186640092E-002	0.19365496281098168	0.12013622819126087	-1	7.35187346197208186E-002	-1	OK
41.250000000000000	0.39589129317713012	0.20883743281767550	0.16792228284545943	4.09151499722160208E-002	0.18705386035945462	0.11601250980954485	-1	7.10413505499097736E-002	-1	OK
41.500000000000000	0.38295476173909948	0.20224213717071085	0.16255134312330549	3.96907940474053311E-002	0.18071262456838860	0.11205229433110060	-1	6.86603302372880003E-002	-1	OK
41.750000000000000	0.37050417431820637	0.19588953662736941	0.15738044288242406	3.85090937449454399E-002	0.17461463769083696	0.10824879594420669	-1	6.63658417466302664E-002	-1	OK
42.000000000000000	0.35852916065741963	0.18976945381037624	0.15240108781898687	3.73683659913894156E-002	0.16875970684704339	0.10459462649343654	-1	6.41650803536068515E-002	-1	OK
42.250000000000000	0.34700633757330690	0.18387219870444987	0.14760518391201971	3.62670147924301772E-002	0.16313413886885703	0.10108286206569642	-1	6.20512768031606099E-002	-1	OK
42.500000000000000	0.33591150690688149	0.17818847190016729	0.14298501346676087	3.52034584334063941E-002	0.15772303500671420	9.77072669835375024E-002	-1	6.00157680231766938E-002	-1	OK
42.750000000000000	0.32522858198011240	0.17270948738064260	0.13853323973374085	3.41762476469017543E-002	0.15251909459946983	9.44618497541420410E-002	-1	5.80572448453277878E-002	-1	OK
43.000000000000000	0.31493783268753739	0.16742684732049967	0.13424285928611221	3.31839880343874974E-002	0.14751098536703772	9.13409146823681711E-002	-1	5.61700706846695458E-002	-1	OK
43.250000000000000	0.30502753951133554	0.16233248936787117	0.13010718543215677	3.22253039357144055E-002	0.14269505014346434	8.83390328017341353E-002	-1	5.43560173417302062E-002	-1	OK
43.500000000000000	0.29547957096817234	0.15741871338060154	0.12611984253700204	3.12988708435995230E-002	0.13806085758757081	8.54511149596068609E-002	-1	5.26097426279639457E-002	-1	OK
43.750000000000000	0.28627878674518237	0.15267818582993670	0.12227475690015820	3.04034289297784727E-002	0.13360060091524570	8.26720699777569873E-002	-1	5.09285309374887113E-002	-1	OK
44.000000000000000	0.27741075213320260	0.14810395424932318	0.11856614470740848	2.95378095419146919E-002	0.12930679788387942	7.99973652755254921E-002	-1	4.93094326083539231E-002	-1	OK
44.250000000000000	0.26886189320690201	0.14368938377097268	0.11498848475532084	2.87008990156518012E-002	0.12517250943592936	7.74225684740111747E-002	-1	4.77499409619181886E-002	-1	OK
44.500000000000000	0.26061916663128526	0.13942810016724988	0.11153649938784564	2.78916007794042034E-002	0.12119106646403535	7.49434620768043847E-002	-1	4.62476043872309672E-002	-1	OK
44.750000000000000	0.25267010902573550	0.13531402846158580	0.10820515279461211	2.71088756669736718E-002	0.11735608056414973	7.25560024527714953E-002	-1	4.48000781113782331E-002	-1	OK
45.000000000000000	0.24500267278940063	0.13134138137020174	0.10498963839866403	2.63517429715377123E-002	0.11366129141919891	7.02560602634272613E-002	-1	4.34052311557716480E-002	-1	OK
45.250000000000000	0.23760545003419273	0.12750462230175724	0.10188536303354889	2.56192592682083845E-002	0.11010082773243549	6.80400827304413480E-002	-1	4.20607450019941376E-002	-1	OK
45.500000000000000	0.23046783758351894	0.12379843383410320	9.88879314738570631E-002	2.49105023602461638E-002	0.10666940374941573	6.59047702265164320E-002	-1	4.07646335228993018E-002	-1	OK
45.750000000000000	0.22357949656217210	0.12021770884360355	9.59931413558733071E-002	2.42245674877302648E-002	0.10336178771856855	6.38467948410213204E-002	-1	3.95149928775472281E-002	-1	OK
46.000000000000000	0.21692724892776707	0.11675761676985726	9.31969885902667883E-002	2.35606281795904642E-002	0.10016963215790982	6.18631110375245583E-002	-1	3.83065211203852604E-002	-1	OK
46.250000000000000	0.21045616506260847	0.11341353874368762	9.04956422435448105E-002	2.29178965001427919E-002	9.70426263189208549E-002	5.99505579525005036E-002	-1	3.70920683664203513E-002	-1	OK
46.500000000000000	0.20425896265328786	0.11018102483578841	8.78854327899185606E-002	2.22955920458698491E-002	9.40779378174994574E-002	5.81062614332263291E-002	-1	3.59716763842731282E-002	-1	OK
46.750000000000000	0.19827372785352554	0.10705583293787616	8.53628542593365958E-002	2.16929786785395769E-002	9.12178949156493835E-002	5.63274843996392563E-002	-1	3.48904105160101272E-002	-1	OK
47.000000000000000	0.19249209880803292	0.10403391552471061	8.29245529252895935E-002	2.11093625994210436E-002	8.84581832833223197E-002	5.46115665861704389E-002	-1	3.38466166971518809E-002	-1	OK
47.250000000000000	0.18690629354439436	0.10111136080317140	8.05673109665530490E-002	2.05440498366183527E-002	8.57949327412229762E-002	5.29560266456035461E-002	-1	3.28389060956194301E-002	-1	OK
47.500000000000000	0.18150874157243585	9.82844177715899298E-002	7.82880480704284260E-002	1.99963697011614934E-002	8.32243238008459341E-002	5.13583833740212589E-002	-1	3.18659404268246751E-002	-1	OK
47.750000000000000	0.17629227165162201	9.55495027667573049E-002	7.60838186964514634E-002	1.94656840703058727E-002	8.07427688848647018E-002	4.98166392732088889E-002	-1	3.09261296116558129E-002	-1	OK
48.000000000000000	0.17124979708262983	9.29032044095686044E-002	7.39518080467764238E-002	1.89513963627921667E-002	7.83465926730612383E-002	4.83283252741187538E-002	-1	3.00182673989424845E-002	-1	OK
48.250000000000000	0.16637476931453010	9.03422597257742543E-002	7.18893197122952438E-002	1.84529400134789863E-002	7.60325095887558339E-002	4.68913156185738061E-002	-1	2.91411939701820277E-002	-1	OK
48.500000000000000	0.16165775587334114	8.78635163115706330E-002	6.98937653725924396E-002	1.79697509389782004E-002	7.37942395617705166E-002	4.55036066335024053E-002	-1	2.82906329282681113E-002	-1	OK
48.750000000000000	0.15709910183241554	8.54639686817004196E-002	6.79626689455529731E-002	1.75012997361474604E-002	7.16351331507151246E-002	4.41632871646901182E-002	-1	2.74718459860250064E-002	-1	OK
49.000000000000000	0.15268976936091261	8.31407393809968365E-002	6.60936569946955488E-002	1.70470823863012738E-002	6.95490299799157857E-002	4.28685323888513964E-002	-1	2.66804975910643893E-002	-1	OK
49.250000000000000	0.14842412103835578	8.08910524580884055E-002	6.42844507674046189E-002	1.66066016906837866E-002	6.75330685802673913E-002	4.16175915007249084E-002	-1	2.59154770795424830E-002	-1	OK
49.500000000000000	0.14429663801994846	7.87122488038906609E-002	6.25328651674094543E-002	1.61793836364812066E-002	6.55843892160578035E-002	4.04088305611905452E-002	-1	2.51755586548672583E-002	-1	OK
49.750000000000000	0.14030175245928278	7.66017666334776748E-002	6.08368035696122897E-002	1.57649630638653712E-002	6.36999858258050916E-002	3.92405947936426344E-002	-1	2.44593910321624572E-002	-1	OK
50.000000000000000	0.13643614592397316	7.45571605622697697E-002	5.91942587633739678E-002	1.53629017988958019E-002	6.18789853617033869E-002	3.81113379811516204E-002	-1	2.37676473805517666E-002	-1	OK
50.250000000000000	0.13269420453551109	7.25760826020053207E-002	5.76033033199719255E-002	1.49727792820334160E-002	6.01181219335057762E-002	3.70195856201767509E-002	-1	2.30985363133290253E-002	-1	OK
50.500000000000000	0.12907140800436487	7.06562703317914764E-002	5.60620874465818722E-002	1.45941828852096181E-002	5.84151376725733987E-002	3.59640750910007051E-002	-1	2.24510625815726936E-002	-1	OK
50.750000000000000	0.12556345338912314	6.87955685401156758E-002	5.45688403356710122E-002	1.42267282044446532E-002	5.67678848490074731E-002	3.49433131086428969E-002	-1	2.18245717403645761E-002	-1	OK
51.000000000000000	0.12216625102672063	6.69919154430264618E-002	5.31218617838584636E-002	1.38700536591680190E-002	5.51743355836941743E-002	3.39559830749361288E-002	-1	2.12183525087580455E-002	-1	OK
51.250000000000000	0.11887574179525773	6.52433071298337969E-002	5.17195142183953446E-002	1.35237929114384470E-002	5.36324346654239240E-002	3.30008432968467297E-002	-1	2.06315913685771943E-002	-1	OK
51.500000000000000	0.11568811263329284	6.35478244348623295E-002	5.03602270176257555E-002	1.31875974172365774E-002	5.21402881984305080E-002	3.20766995770702321E-002	-1	2.00635886213602760E-002	-1	OK
51.750000000000000	0.11259971610712810	6.19036284141492726E-002	4.90424918116464104E-002	1.28611366025028380E-002	5.06960876929788348E-002	3.11824490067507260E-002	-1	1.95136386862281089E-002	-1	OK
52.000000000000000	0.10960707430832446	6.03089347532752701E-002	4.77648567399365648E-002	1.25440780133386949E-002	4.92981395550491919E-002	3.03169653619237561E-002	-1	1.89811741931254357E-002	-1	OK
52.250000000000000	0.10670671639238714	5.87620392640701289E-002	4.65259294252116720E-002	1.22361098388584586E-002	4.79446771283170148E-002	2.94792871700134719E-002	-1	1.84653899583035429E-002	-1	OK
52.500000000000000	0.10389525108448008	5.72613099434994902E-002	4.53243735072974482E-002	1.19369364362020107E-002	4.66339411409805865E-002	2.86683271211678678E-002	-1	1.79656140198127187E-002	-1	OK
52.750000000000000	0.10116976053146684	5.58051780400830033E-002	4.41589050556545626E-002	1.16462729844284459E-002	4.53645824913838300E-002	2.78830834936411066E-002	-1	1.74814989977427233E-002	-1	OK
53.000000000000000	9.85272359561976396E-002	5.43921396976569035E-002	4.30282895661694698E-002	1.13638501314874373E-002	4.41350962585407292E-002	2.71226461105201697E-002	-1	1.70124501480205595E-002	-1	OK
53.250000000000000	9.59648148931497857E-002	5.30207362260981668E-002	4.19313368735786743E-002	1.10893993525195151E-002	4.29440786670516259E-002	2.63861276442651817E-002	-1	1.65579510227864442E-002	-1	OK
53.500000000000000	9.34606619875575639E-002	5.16895581735825060E-002	4.08669023496674930E-002	1.08226558239150165E-002	4.17711038139750579E-002	2.56726816889256380E-002	-1	1.60984221250494199E-002	-1	OK
53.750000000000000	9.10266562424218717E-002	5.03972683331356947E-002	3.98338895007296565E-002	1.05633788324060330E-002	4.06293879092861840E-002	2.49814946852095279E-002	-1	1.56478932240766561E-002	-1	OK
54.000000000000000	8.86896783051047549E-002	4.91425731207565525E-002	3.88312405718026082E-002	1.03113325489539390E-002	3.95471051843482024E-002	2.43117833286437650E-002	-1	1.52353218557044374E-002	-1	OK
54.250000000000000	8.64220135034381720E-002	4.79242202721547050E-002	3.78579370721267780E-002	1.00662832000279305E-002	3.84977932312834670E-002	2.36627813591485173E-002	-1	1.48350118721349497E-002	-1	OK
54.500000000000000	8.42219592536111172E-002	4.67410090935407724E-002	3.69130001751559605E-002	9.82800891838482571E-003	3.74809501600703449E-002	2.30337603512156402E-002	-1	1.44471898088547046E-002	-1	OK
54.750000000000000	8.20869988392402411E-002	4.55917902407624448E-002	3.59954886142235947E-002	9.59630162653884143E-003	3.64952085984777963E-002	2.24240275588348317E-002	-1	1.40711810396429646E-002	-1	OK
55.000000000000000	8.00148162845152056E-002	4.44754476642134147E-002	3.51044940292447316E-002	9.37095363496867791E-003	3.55393686203017908E-002	2.18329430307110280E-002	-1	1.37064255895907629E-002	-1	OK
55.250000000000000	7.80044926902802860E-002	4.33909054975351316E-002	3.42391417982179994E-002	9.15176369931713050E-003	3.46135871927451474E-002	2.12598882493770375E-002	-1	1.33536989433681100E-002	-1	OK
55.500000000000000	7.60291766452905471E-002	4.23371333144136608E-002	3.33985911501594943E-002	8.93854216425418215E-003	3.36920433308768932E-002	2.07041796382134817E-002	-1	1.29878636926634115E-002	-1	OK
55.750000000000000	7.41337740629944425E-002	4.13131343610614321E-002	3.25820317216730174E-002	8.73110263938841995E-003	3.28206397019330104E-002	2.01652216733455118E-002	-1	1.26554180285874986E-002	-1	OK
56.000000000000000	7.22932043873006080E-002	4.03179551447768458E-002	3.17886843406287520E-002	8.52927080414809906E-003	3.19752492425237692E-002	1.96424413850955319E-002	-1	1.23328078574282372E-002	-1	OK
56.250000000000000	7.05056859092856453E-002	3.93506720787255432E-002	3.10177963829220346E-002	8.33287569580349642E-003	3.11550138305601056E-002	1.91351932751474760E-002	-1	1.20198205554126296E-002	-1	OK
56.500000000000000	6.87682661447792526E-002	3.84103891871761527E-002	3.02686418463831187E-002	8.14174734079303741E-003	3.03578769576030999E-002	1.86430495943128473E-002	-1	1.17148273632902526E-002	-1	OK
56.750000000000000	6.70818662647650332E-002	3.74962465217066124E-002	2.95405217762092671E-002	7.95572474549734870E-003	2.95856197430584208E-002	1.81655030724057788E-002	-1	1.14201166706526420E-002	-1	OK
57.000000000000000	6.54434347650377918E-002	3.66074158936165600E-002	2.88327624210923047E-002	7.77465347252425873E-003	2.88360188714212352E-002	1.77020691628092253E-002	-1	1.11339497086120100E-002	-1	OK
57.250000000000000	6.38515410952342488E-002	3.57430914503656383E-002	2.81447129582934850E-002	7.59837849207215064E-003	2.81084496448686140E-002	1.72524045386556052E-002	-1	1.08560451062130088E-002	-1	OK
57.500000000000000	6.23037625980157814E-002	3.49025000525464146E-002	2.74757470890450613E-002	7.42675296350134035E-003	2.74012625454693667E-002	1.68159084599939918E-002	-1	1.05853540854753750E-002	-1	OK
57.750000000000000	6.08001870521710785E-002	3.40849028416389740E-002	2.68252622096210556E-002	7.25964063201791753E-003	2.67152842105321010E-002	1.63921486333337904E-002	-1	1.03231355771983106E-002	-1	OK
58.000000000000000	5.93385929369330753E-002	3.32895787669187371E-002	2.61926752768097404E-002	7.09690349010900015E-003	2.60490141700143382E-002	1.59806873591025883E-002	-1	1.00683268109117499E-002	-1	OK
58.250000000000000	5.79179670489016057E-002	3.25158368225112390E-002	2.55774253719170674E-002	6.93841145059417592E-003	2.54021302263903632E-002	1.55811277088939732E-002	-1	9.82100251749639004E-003	-1	OK
58.500000000000000	5.65367645854696205E-002	3.17630096963049599E-002	2.49789708681872925E-002	6.78403882811766303E-003	2.47737548891646571E-002	1.51931065601812066E-002	-1	9.58064832898345049E-003	-1	OK
58.750000000000000	5.51937959202340317E-002	3.10304525577413323E-002	2.43967890397270848E-002	6.63366351801424579E-003	2.41633433624927028E-002	1.48162365646003786E-002	-1	9.34710679789232425E-003	-1	OK
59.000000000000000	5.38878196779818686E-002	3.03175424754314991E-002	2.38303751523863232E-002	6.48716732304518724E-003	2.35702772025503729E-002	1.44501596620308023E-002	-1	9.12011754051957058E-003	-1	OK
59.250000000000000	5.26040421970292299E-002	2.96236794135542464E-002	2.32792424027589810E-002	6.34443701079525670E-003	2.29803627834749835E-002	1.40945433411212191E-002	-1	8.88581944235376439E-003	-1	OK
59.500000000000000	5.13685563230367806E-002	2.89482806785300445E-002	2.27429197929980391E-002	6.20536088553201581E-003	2.24202756445067361E-002	1.37489615477770135E-002	-1	8.67131409672972260E-003	-1	OK
59.750000000000000	5.01724160019308141E-002	2.82907808992113041E-002	2.22209524120335622E-002	6.06982848717773672E-003	2.18816351027195100E-002	1.34129506393091610E-002	-1	8.46868446341034892E-003	-1	OK
60.000000000000000	4.90033592657196648E-002	2.76506376694085378E-002	2.17129022074128986E-002	5.93773546199564354E-003	2.13527215963111305E-002	1.30864074422327899E-002	-1	8.26631415407834066E-003	-1	OK
60.250000000000000	4.78658889915041796E-002	2.70273314685264346E-002	2.12183469993797585E-002	5.80898446914667691E-003	2.08385575229777485E-002	1.27690283418833532E-002	-1	8.06952918109439532E-003	-1	OK
60.500000000000000	4.67590362806493270E-002	2.64203579099282493E-002	2.07368784243578026E-002	5.68347948557044232E-003	2.03386783707210812E-002	1.24605301790999632E-002	-1	7.87814819162111803E-003	-1	OK
60.750000000000000	4.56657583423891247E-002	2.58292292607270706E-002	2.02681020102723174E-002	5.56112725045475233E-003	1.98365290816620542E-002	1.21606177509880325E-002	-1	7.67591133067402169E-003	-1	OK
61.000000000000000	4.46177249297693077E-002	2.52534751562239479E-002	1.98116367121141251E-002	5.44183844410981755E-003	1.93642497735453598E-002	1.18690155351370338E-002	-1	7.49523423840832599E-003	-1	OK
61.250000000000000	4.35975759282397485E-002	2.46926397168772752E-002	1.93671139934907428E-002	5.32552572338653406E-003	1.89049362113624768E-002	1.15854457678291473E-002	-1	7.31949044353332953E-003	-1	OK
61.500000000000000	4.26044818328300406E-002	2.41462821831326113E-002	1.89341775876544875E-002	5.21210459547812553E-003	1.84581996496974293E-002	1.13096845106513393E-002	-1	7.14851513904609000E-003	-1	OK
61.750000000000000	4.16373518950597168E-002	2.36139751371575238E-002	1.85124828224142966E-002	5.10149231474321847E-003	1.80233767579021931E-002	1.09947980681890586E-002	-1	7.02857868971313443E-003	-1	OK
62.000000000000000	4.06959526982944575E-002	2.30953060278811934E-002	1.81016968519580844E-002	4.99360917592310809E-003	1.76006466704132676E-002	1.07349992446167473E-002	-1	6.86564742579652033E-003	-1	OK
62.250000000000000	3.97792224202014183E-002	2.25898747824083805E-002	1.77014977264481725E-002	4.88837705596020366E-003	1.71893476377930343E-002	1.04822733956969633E-002	-1	6.70707424209607099E-003	-1	OK
62.500000000000000	3.88862766392418374E-002	2.20972958841512968E-002	1.73115746158861057E-002	4.78572126826518583E-003	1.67889807550905407E-002	1.02363946081467424E-002	-1	6.55258614694379828E-003	-1	OK
62.750000000000000	3.80167152538735953E-002	2.16171989412269373E-002	1.69316273762230192E-002	4.68557156500391293E-003	1.63995163126466545E-002	9.99714907011157485E-003	-1	6.40236724253507965E-003	-1	OK
63.000000000000000	3.71696946104787540E-002	2.11492228465359061E-002	1.65613651298129362E-002	4.58785771672296210E-003	1.60204717639428444E-002	9.76434067741150519E-003	-1	6.25613108653133923E-003	-1	OK
63.250000000000000	3.63445380205468307E-002	2.06930205315944346E-002	1.62005068849073730E-002	4.49251364668705466E-003	1.56515174889523961E-002	9.53777743745393147E-003	-1	6.11374005149846467E-003	-1	OK
63.500000000000000	3.55406128608252020E-002	2.02482538543625953E-002	1.58487802506609224E-002	4.39947360370167382E-003	1.52923590064626032E-002	9.31727068974934867E-003	-1	5.97508831671325451E-003	-1	OK
63.750000000000000	3.47572966579522968E-002	1.98145941381678223E-002	1.55059215446383663E-002	4.30867259352945599E-003	1.49427025197844711E-002	9.10263662497067319E-003	-1	5.84006589481379790E-003	-1	OK
64.000000000000000	3.39940011245543072E-002	1.93917264949198878E-002	1.51716763080717125E-002	4.22005018684817532E-003	1.46022746296344229E-002	8.89369722218075198E-003	-1	5.70857740745367090E-003	-1	OK
64.250000000000000	3.32501392712520119E-002	1.89793442215392925E-002	1.48457977392721530E-002	4.13354648226713778E-003	1.42707950497127211E-002	8.69028203847924292E-003	-1	5.58051301123347818E-003	-1	OK
64.500000000000000	3.25244827448544493E-002	1.85771506903737414E-002	1.45280472178721948E-002	4.04910347250155359E-003	1.39473320544807097E-002	8.49222563029572788E-003	-1	5.45510642418498178E-003	-1	OK
64.750000000000000	3.18177623355925532E-002	1.81848601242803956E-002	1.42181940206686352E-002	3.96666610361175957E-003	1.36329022113121576E-002	8.29937424518473188E-003	-1	5.33352796612742569E-003	-1	OK
65.000000000000000	3.11293655752576393E-002	1.78021933307516700E-002	1.39160143289924210E-002	3.88617900175924512E-003	1.33271722445059675E-002	8.11156104410276461E-003	-1	5.21561120040320292E-003	-1	OK
65.250000000000000	3.04577443627129310E-002	1.74288826233175709E-002	1.36212920455220030E-002	3.80759057779556792E-003	1.30288617393953584E-002	7.92864273043610707E-003	-1	5.10021900895925133E-003	-1	OK
65.500000000000000	2.98023098435740014E-002	1.70646684851611073E-002	1.33338175986535308E-002	3.73085088650758172E-003	1.27376413584128940E-002	7.75047481852180354E-003	-1	4.98716653989109051E-003	-1	OK
65.750000000000000	2.91638199794015639E-002	1.67092986648738548E-002	1.30533878784859121E-002	3.65591078638794224E-003	1.24545213145277091E-002	7.57691758887666256E-003	-1	4.87760372565104652E-003	-1	OK
66.000000000000000	2.85411841027048696E-002	1.63625284161219749E-002	1.27798060862583784E-002	3.58272232986359346E-003	1.21786556865828947E-002	7.40782268542906734E-003	-1	4.77083300115382740E-003	-1	OK
66.250000000000000	2.79339567063780284E-002	1.60241183219063457E-002	1.25128811057980596E-002	3.51123721610828703E-003	1.19098383844716809E-002	7.24307233680514077E-003	-1	4.66676604766654013E-003	-1	OK
66.500000000000000	2.73426241996550141E-002	1.56938379874048545E-002	1.22524281591993266E-002	3.44140982820552921E-003	1.16487862122501597E-002	7.08254020922840285E-003	-1	4.56624600302175682E-003	-1	OK
66.750000000000000	2.67545182857120839E-002	1.53714633393673712E-002	1.19982681844204141E-002	3.37319515494695311E-003	1.13830549463447110E-002	6.92610269490977291E-003	-1	4.45695225143493811E-003	-1	OK
67.000000000000000	2.61911551347439146E-002	1.50567776527017212E-002	1.17502278737329543E-002	3.30654977896876687E-003	1.11343774820421935E-002	6.77364240017454440E-003	-1	4.36073508186764908E-003	-1	OK
67.250000000000000	2.56415355666126943E-002	1.47495749956439749E-002	1.15081402992858912E-002	3.24143469635808411E-003	1.08919605709687194E-002	6.62504602336022944E-003	-1	4.26691454760848993E-003	-1	OK
67.500000000000000	2.51052801536984505E-002	1.44496548030900798E-002	1.12718430809552184E-002	3.17781172213485886E-003	1.06556253506083724E-002	6.48020275193277734E-003	-1	4.17542259867559502E-003	-1	OK
67.750000000000000	2.45815732804482989E-002	1.41568197945607741E-002	1.10411782546402017E-002	3.11564153992057152E-003	1.04247534858875231E-002	6.33900186220442800E-003	-1	4.08575162368309507E-003	-1	OK
68.000000000000000	2.40709624251233337E-002	1.38708791248809225E-002	1.08159928623930267E-002	3.05488626248789702E-003	1.02000833002424129E-002	6.20133756661972631E-003	-1	3.99874573362268664E-003	-1	OK
68.250000000000000	2.35726752143967273E-002	1.35916485353325470E-002	1.05961386297919388E-002	2.99550990554060294E-003	9.98102667906418037E-003	6.06712378175129716E-003	-1	3.91390289731288320E-003	-1	OK
68.500000000000000	2.30863520835769970E-002	1.33189484516775467E-002	1.03814715641092677E-002	2.93747688756827588E-003	9.76740363189944859E-003	5.93625388363656914E-003	-1	3.83114974826287945E-003	-1	OK
68.750000000000000	2.26116609365952376E-002	1.30526033590128814E-002	1.01718517089719879E-002	2.88075165004088828E-003	9.55905757758235622E-003	5.80863355877546048E-003	-1	3.75042401880689574E-003	-1	OK
69.000000000000000	2.21482867657693400E-002	1.27924421063205611E-002	9.96714330847761794E-003	2.82529879784294488E-003	9.35584465944878062E-003	5.68417167180236983E-003	-1	3.67167298764641079E-003	-1	OK
69.250000000000000	2.16959147039541417E-002	1.25383002422636263E-002	9.76721514285181121E-003	2.77108509941181467E-003	9.15761446169051536E-003	5.56278036078429981E-003	-1	3.59483410090621555E-003	-1	OK
69.500000000000000	2.12542528673266562E-002	1.22900196573169675E-002	9.57194027837458654E-003	2.71807937894238266E-003	8.96423321000968873E-003	5.44437297813034956E-003	-1	3.51986023187933917E-003	-1	OK
69.750000000000000	2.08236711826487592E-002	1.20474458707778669E-002	9.38119528549432626E-003	2.66625058528353626E-003	8.77622531187089230E-003	5.32886648786810770E-003	-1	3.44735882400278460E-003	-1	OK
70.000000000000000	2.04025411649253752E-002	1.18104296152502716E-002	9.19486044535510090E-003	2.61556916989516639E-003	8.59211154967510181E-003	5.21618675954802630E-003	-1	3.37592479012707551E-003	-1	OK
70.250000000000000	1.99912755906830643E-002	1.15788280018174067E-002	9.01281986098138171E-003	2.56600814083602887E-003	8.41244758886565761E-003	5.10625764405230401E-003	-1	3.30618994481335360E-003	-1	OK
70.500000000000000	1.95892113015181946E-002	1.13524997678114518E-002	8.83496065984204840E-003	2.51753910796940475E-003	8.23671153370674446E-003	4.99899466708770331E-003	-1	3.23771686661904114E-003	-1	OK
70.750000000000000	1.91969042519065589E-002	1.11313074719832338E-002	8.66117325963820447E-003	2.47013421234503015E-003	8.06559677992332510E-003	4.89433409283298888E-003	-1	3.17126268709033623E-003	-1	OK
71.000000000000000	1.88134307250283420E-002	1.09151177565776081E-002	8.49135135339283177E-003	2.42376640318477284E-003	7.89831296845073215E-003	4.79219514752524719E-003	-1	3.10611782092548496E-003	-1	OK
71.250000000000000	1.84390834484598719E-002	1.07038013623951996E-002	8.32539175038691896E-003	2.37840961200828449E-003	7.73528208606467146E-003	4.69250922303682347E-003	-1	3.04277286302784798E-003	-1	OK
71.500000000000000	1.80733584971119500E-002	1.04972330262619248E-002	8.16319431397439718E-003	2.33403871228752679E-003	7.57612547085002429E-003	4.59520948644839399E-003	-1	2.98091598440163030E-003	-1	OK
71.750000000000000	1.77123923040916134E-002	1.02952910029042929E-002	8.00466180677598428E-003	2.29062919612830736E-003	7.41710130118731874E-003	4.50023125115788566E-003	-1	2.91687005002943308E-003	-1	OK
72.000000000000000	1.73633245755309071E-002	1.00978565850652017E-002	7.84969977719644080E-003	2.24815680786876219E-003	7.26546799046570539E-003	4.40751177888169463E-003	-1	2.85795621158401077E-003	-1	OK
72.250000000000000	1.70222214167985095E-002	9.90481521838064080E-003	7.69821670002947701E-003	2.20659851835116596E-003	7.11740619841786781E-003	4.31699027055935155E-003	-1	2.80041592785851626E-003	-1	OK
72.500000000000000	1.66888754379948545E-002	9.71605507091607284E-003	7.55012354506191634E-003	2.16593152585415824E-003	6.97282036707878167E-003	4.22860775979836366E-003	-1	2.74421260728041801E-003	-1	OK
72.750000000000000	1.63630865164443202E-002	9.53146740081440257E-003	7.40533387805124114E-003	2.12613352276316142E-003	6.83161911562991855E-003	4.14230703553663746E-003	-1	2.68931208009328109E-003	-1	OK
73.000000000000000	1.60446596703320427E-002	9.35094774564159889E-003	7.26376401523542384E-003	2.08718373040617721E-003	6.69371192469044290E-003	4.05803261806657149E-003	-1	2.63567930662387141E-003	-1	OK
73.250000000000000	1.57334059071015317E-002	9.17439572177869769E-003	7.12533278638802746E-003	2.04906293539066633E-003	6.55901018532283574E-003	3.97573063290782187E-003	-1	2.58327955241501386E-003	-1	OK
73.500000000000000	1.54291371833508821E-002	9.00171190226154924E-003	6.98996086593945461E-003	2.01175103632209550E-003	6.42742528108933373E-003	3.89534880241785512E-003	-1	2.53207647867147861E-003	-1	OK
73.750000000000000	1.51316864279335030E-002	8.83279952149139229E-003	6.85757116416242912E-003	1.97522835732896274E-003	6.29888690644210981E-003	3.81683641778487581E-003	-1	2.48205048865723400E-003	-1	OK
74.000000000000000	1.48408293292976515E-002	8.66756414077545466E-003	6.72808872188630346E-003	1.93947541888915033E-003	6.17326518852219681E-003	3.74014141294008772E-003	-1	2.43312377558210910E-003	-1	OK
74.250000000000000	1.45564848925345131E-002	8.50591380892089591E-003	6.60144064190679516E-003	1.90447316701409901E-003	6.05057108361361801E-003	3.66520359064599448E-003	-1	2.38536749296762354E-003	-1	OK
74.500000000000000	1.42784489964793999E-002	8.34776011628169876E-003	6.47755637976581578E-003	1.87020373651588124E-003	5.93068888019770112E-003	3.59199186844088919E-003	-1	2.33869701175681193E-003	-1	OK
74.750000000000000	1.40065601708483419E-002	8.19301725810238357E-003	6.35636732167264417E-003	1.83664993642973897E-003	5.81354291274595834E-003	3.51749092778354169E-003	-1	2.29605198496241666E-003	-1	OK
75.000000000000000	1.37406643196267275E-002	8.04160111131202449E-003	6.23780666829351019E-003	1.80379444301851364E-003	5.69906320831470303E-003	3.44766536574060310E-003	-1	2.25139784257409993E-003	-1	OK
75.250000000000000	1.34806107228248890E-002	7.89343069820124671E-003	6.12180957730010158E-003	1.77162112090114318E-003	5.58718002462364229E-003	3.37943448417413021E-003	-1	2.20774554044951207E-003	-1	OK
75.500000000000000	1.32262530113363003E-002	7.74842635215638141E-003	6.00831283764352748E-003	1.74011351451285458E-003	5.47782665917991799E-003	3.31275717263882245E-003	-1	2.16506948654109554E-003	-1	OK
75.750000000000000	1.29774526255205871E-002	7.60651011338967648E-003	5.89725495992089038E-003	1.70925515346878653E-003	5.37094251213091067E-003	3.24758572237955926E-003	-1	2.12335678975135141E-003	-1	OK
76.000000000000000	1.27340873999100893E-002	7.46760702707263170E-003	5.78857640189307625E-003	1.67903062517955198E-003	5.26648037283745842E-003	3.18388807009431550E-003	-1	2.08259230274314292E-003	-1	OK
76.250000000000000	1.24960043276703264E-002	7.33164609137422658E-003	5.68221959915405327E-003	1.64942649222016941E-003	5.16435823629610071E-003	3.12163914513548506E-003	-1	2.04271909116061565E-003	-1	OK
76.500000000000000	1.22630761315741781E-002	7.19855693241056374E-003	5.57812815860333523E-003	1.62042877380722894E-003	5.06451919916361439E-003	3.06079108712540345E-003	-1	2.00372811203821093E-003	-1	OK
76.750000000000000	1.20351789419652008E-002	7.06827040890408050E-003	5.47624707319345743E-003	1.59202333571062090E-003	4.96690853306112033E-003	3.00130713670227183E-003	-1	1.96560139635884850E-003	-1	OK
77.000000000000000	1.18121829320398733E-002	6.94071906661391028E-003	5.37652280349059427E-003	1.56419626312331731E-003	4.87146386542596302E-003	2.94315458272785286E-003	-1	1.92830928269811016E-003	-1	OK
77.250000000000000	1.15939672572770193E-002	6.81583702111033217E-003	5.27890325349673721E-003	1.53693376761359496E-003	4.77813023616668713E-003	2.88630313536146097E-003	-1	1.89182710080522615E-003	-1	OK
77.500000000000000	1.13804072569281701E-002	6.69355977986064478E-003	5.18333768594961709E-003	1.51022209391102661E-003	4.68684747706752530E-003	2.83072376202116865E-003	-1	1.85612371504635665E-003	-1	OK
77.750000000000000	1.11713977269543192E-002	6.57382570297958269E-003	5.08977697259554301E-003	1.48404873038403989E-003	4.59757202397473568E-003	2.77637541331651793E-003	-1	1.82119661065821776E-003	-1	OK
78.000000000000000	1.09668304626043926E-002	6.45657471729685004E-003	4.99817332380622561E-003	1.45840139349062291E-003	4.51025574530754259E-003	2.72322619132974461E-003	-1	1.78702955397779797E-003	-1	OK
78.250000000000000	1.07665831337025453E-002	6.34174856093414063E-003	4.90848022567133817E-003	1.43326833526280202E-003	4.42483457276840551E-003	2.67124495561028158E-003	-1	1.75358961715812393E-003	-1	OK
78.500000000000000	1.05705420041580997E-002	6.22929069888825300E-003	4.82065249719705255E-003	1.40863820169120132E-003	4.34125130526984669E-003	2.62040454620514904E-003	-1	1.72084675906469765E-003	-1	OK
78.750000000000000	1.03786322245339561E-002	6.11914622719945261E-003	4.73464609027925750E-003	1.38450013692019555E-003	4.25948599733450440E-003	2.57067662248400535E-003	-1	1.68880937485049905E-003	-1	OK
79.000000000000000	1.01906748310252645E-002	6.01126049499657068E-003	4.65041784575715832E-003	1.36084264923941019E-003	4.17941433602869380E-003	2.52203357101975093E-003	-1	1.65738076500894288E-003	-1	OK
79.250000000000000	1.00067322525266983E-002	5.90558001902386637E-003	4.56792573619953408E-003	1.33765428282433055E-003	4.10115223350283106E-003	2.47444865514906452E-003	-1	1.62670357835376653E-003	-1	OK
79.500000000000000	9.82662888829316170E-003	5.80205318557731366E-003	4.48712897253048405E-003	1.31492421304682983E-003	4.02457570271584804E-003	2.42789624524054502E-003	-1	1.59667945747530302E-003	-1	OK
79.750000000000000	9.65027074031077348E-003	5.70063000761285819E-003	4.40798788659380048E-003	1.29264212101905685E-003	3.94964073269791528E-003	2.38235083055805168E-003	-1	1.56728990213986360E-003	-1	OK
80.000000000000000	9.47757214976696280E-003	5.60126209999284742E-003	4.33046392553066047E-003	1.27079817446218760E-003	3.87631004977411452E-003	2.33778705945921622E-003	-1	1.53852299031489829E-003	-1	OK
80.250000000000000	9.30844341939668016E-003	5.50390234414648363E-003	4.25451952455404171E-003	1.24938281959244149E-003	3.80454107525019652E-003	2.29418146090212523E-003	-1	1.51035961434807129E-003	-1	OK
80.500000000000000	9.14280252607594171E-003	5.40850423932593555E-003	4.18011798125676043E-003	1.22838625806917447E-003	3.73429828675000703E-003	2.25151058236348900E-003	-1	1.48278770438651803E-003	-1	OK
80.750000000000000	8.98049852834854195E-003	5.31502253126855430E-003	4.10722355635106257E-003	1.20779897491749195E-003	3.66547599707998722E-003	2.20975189739126962E-003	-1	1.45572409968871760E-003	-1	OK
81.000000000000000	8.82159436823828740E-003	5.22341343747623893E-003	4.03580153110980836E-003	1.18761190636642883E-003	3.59818093076204847E-003	2.16888334790368191E-003	-1	1.42929758285836655E-003	-1	OK
81.250000000000000	8.66594037689209958E-003	5.13363385561314486E-003	3.96581798015790184E-003	1.16781587545524194E-003	3.53230652127895471E-003	2.12888342398294709E-003	-1	1.40342309729600762E-003	-1	OK
81.500000000000000	8.51346490607403361E-003	5.04564231231012517E-003	3.89724000561324224E-003	1.14840230669688184E-003	3.46782259376390888E-003	2.08973127877867034E-003	-1	1.37809131498523854E-003	-1	OK
81.750000000000000	8.36409208781946356E-003	4.95939888273505981E-003	3.83003560853468084E-003	1.12936327420037745E-003	3.40469320508440289E-003	2.05140656176174864E-003	-1	1.35328664332265425E-003	-1	OK
82.000000000000000	8.21775012709143396E-003	4.87486436594226913E-003	3.76417350798041728E-003	1.11069085796185207E-003	3.34288576114916396E-003	2.01388937209649125E-003	-1	1.32899638905267271E-003	-1	OK
82.250000000000000	8.07436683500964252E-003	4.79199975820185191E-003	3.69962307462817254E-003	1.09237668357368024E-003	3.28236707680779061E-003	1.97716031992526244E-003	-1	1.30520675688252817E-003	-1	OK
82.500000000000000	7.93384444151527639E-003	4.71076723526121354E-003	3.63635451885362159E-003	1.07441271640759239E-003	3.22307720625406241E-003	1.94120092561341851E-003	-1	1.28187628064064391E-003	-1	OK
82.750000000000000	7.79617876355017184E-003	4.63112990373999549E-003	3.57433883952087451E-003	1.05679106421912141E-003	3.16504885981017678E-003	1.90599284701174223E-003	-1	1.25905601279843456E-003	-1	OK
83.000000000000000	7.66127538425502921E-003	4.55305251557973530E-003	3.51354790455885241E-003	1.03950461102088137E-003	3.10822286867529435E-003	1.87152085660788228E-003	-1	1.23670201206741207E-003	-1	OK
83.250000000000000	7.52906979138089766E-003	4.47650010113012295E-003	3.45395415727817396E-003	1.02254594385194834E-003	3.05256969025077471E-003	1.83776534317264036E-003	-1	1.21480434707813435E-003	-1	OK
83.500000000000000	7.39950067048102123E-003	4.40143929130550754E-003	3.39553088554558598E-003	1.00590840575992069E-003	2.99806137917551412E-003	1.80470937051316880E-003	-1	1.19335200866234532E-003	-1	OK
83.750000000000000	7.27251008831918989E-003	4.32783721314535918E-003	3.33825194871852559E-003	9.89585264426834019E-004	2.94467287517383072E-003	1.77233654921311228E-003	-1	1.17233632596071844E-003	-1	OK
84.000000000000000	7.14513185636570305E-003	4.25566141101405872E-003	3.28209177165498644E-003	9.73569639359074123E-004	2.88947044535164390E-003	1.74063140665275365E-003	-1	1.14883903869889025E-003	-1	OK
84.250000000000000	7.02316646888316749E-003	4.18487999773016310E-003	3.22702536839998859E-003	9.57854629330173540E-004	2.83828647115300396E-003	1.70957418917524855E-003	-1	1.12871228197775541E-003	-1	OK
84.500000000000000	6.90360792326254798E-003	4.11546190634230931E-003	3.17302841094360341E-003	9.42433495398705572E-004	2.78814601692023867E-003	1.67915146816874166E-003	-1	1.10899454875149702E-003	-1	OK
84.750000000000000	6.78640156678014458E-003	4.04737714139588936E-003	3.12007726623260342E-003	9.27299875163286810E-004	2.73902442538425479E-003	1.64935045514456695E-003	-1	1.08967397023968784E-003	-1	OK
85.000000000000000	6.67149507651330041E-003	3.98059650992957370E-003	3.06814890045024012E-003	9.12447609479334122E-004	2.69089856658372715E-003	1.62015694399337000E-003	-1	1.07074162259035714E-003	-1	OK
85.250000000000000	6.55883759604797105E-003	3.91509205420554479E-003	3.01722095467703288E-003	8.97871099528513641E-004	2.64374554184242582E-003	1.59155741483132159E-003	-1	1.05218812701110423E-003	-1	OK
85.500000000000000	6.44837961320932421E-003	3.85083641345916996E-003	2.96727157795573801E-003	8.83564835503433677E-004	2.59754319975015382E-003	1.56353823782255457E-003	-1	1.03400496192759925E-003	-1	OK
85.750000000000000	6.34007535942611444E-003	3.78780250417671584E-003	2.91827936103735905E-003	8.69523143139357114E-004	2.55227285524939817E-003	1.53608529451543566E-003	-1	1.01618756073396251E-003	-1	OK
86.000000000000000	6.23387564819067718E-003	3.72596353682620599E-003	2.87022334806023372E-003	8.55740188765971078E-004	2.50791211136447119E-003	1.50918504888161915E-003	-1	9.98727062482852044E-004	-1	OK
86.250000000000000	6.12973173897647140E-003	3.66529345480364442E-003	2.82308312190856928E-003	8.42210332895075792E-004	2.46443828417282698E-003	1.48282534333872540E-003	-1	9.81612940834101578E-004	-1	OK
86.500000000000000	6.02759979196001733E-003	3.60576703454396508E-003	2.77683880600186487E-003	8.28928228542099460E-004	2.42183275741605225E-003	1.45699621887437924E-003	-1	9.64836538541673011E-004	-1	OK
86.750000000000000	5.92743815625476449E-003	3.54735967387827733E-003	2.73147102631455261E-003	8.15888647563725263E-004	2.38007848237648673E-003	1.43168339151730209E-003	-1	9.48395090859184640E-004	-1	OK
87.000000000000000	5.82920047740373079E-003	3.49004755741137880E-003	2.68696091608139820E-003	8.03086641329979088E-004	2.33915291999235199E-003	1.40687477243442612E-003	-1	9.32278147557925874E-004	-1	OK
87.250000000000000	5.73284404617168883E-003	3.43380735655254149E-003	2.64329007669575865E-003	7.90517279856782300E-004	2.29903668961914734E-003	1.38255981540637458E-003	-1	9.16476874212772755E-004	-1	OK
87.500000000000000	5.63832914812034160E-003	3.37861676465857439E-003	2.60044060043688107E-003	7.78176164221693967E-004	2.25971238346176677E-003	1.35872742406438788E-003	-1	9.00984959397378889E-004	-1	OK
87.750000000000000	5.54561549156752480E-003	3.32445339500769821E-003	2.55839486264459711E-003	7.66058532363101644E-004	2.22116209655982702E-003	1.33536322842865295E-003	-1	8.85798868131174076E-004	-1	OK
88.000000000000000	5.45466353388972779E-003	3.27129523170620242E-003	2.51713563791825272E-003	7.54159593787949055E-004	2.18336830218352580E-003	1.31245992026080200E-003	-1	8.70908381922723797E-004	-1	OK
88.250000000000000	5.36543569733745427E-003	3.21912068373716564E-003	2.47664609919874589E-003	7.42474584538419316E-004	2.14631501360028863E-003	1.29000764383430545E-003	-1	8.56307369765983185E-004	-1	OK
88.500000000000000	5.27776595738770667E-003	3.16790882112301820E-003	2.43690989413896828E-003	7.30998926984049806E-004	2.10985713626468847E-003	1.26800018808501417E-003	-1	8.41856948179674301E-004	-1	OK
88.750000000000000	5.19187626086715492E-003	3.11763964943787214E-003	2.39791114742255200E-003	7.19728502015321340E-004	2.07423661142928277E-003	1.24642480031443375E-003	-1	8.27811811114849026E-004	-1	OK
89.000000000000000	5.10760160620521778E-003	3.06829366890442679E-003	2.35963435638437708E-003	7.08659312520048624E-004	2.03930793730079055E-003	1.22527092141498737E-003	-1	8.14037015885803183E-004	-1	OK
89.250000000000000	5.02490715323965741E-003	3.01985155172662320E-003	2.32206430524844326E-003	6.97787246478180591E-004	2.00505560151303464E-003	1.20452924553901162E-003	-1	8.00526355974023017E-004	-1	OK
89.500000000000000	4.94375859634133691E-003	2.97229440618028851E-003	2.28518614773493131E-003	6.87108258445358290E-004	1.97146419016104840E-003	1.18419068936290433E-003	-1	7.87273500798144066E-004	-1	OK
89.750000000000000	4.86412452198900676E-003	2.92560377611823970E-003	2.24898536295214599E-003	6.76618413166092843E-004	1.93852074587076728E-003	1.16424638824854862E-003	-1	7.74274357622218657E-004	-1	OK
90.000000000000000	4.78597191116182825E-003	2.87976164534100134E-003	2.21344782365486253E-003	6.66313821686138484E-004	1.90621026582082713E-003	1.14468769501920682E-003	-1	7.61522570801620316E-004	-1	OK
90.250000000000000	4.70927021288876889E-003	2.83475052881595503E-003	2.17855972274453484E-003	6.56190806071419754E-004	1.87451968407281407E-003	1.12550624837074505E-003	-1	7.49013435702069021E-004	-1	OK
90.500000000000000	4.63398886789798386E-003	2.79055335075501561E-003	2.14430760026485413E-003	6.46245750490160404E-004	1.84343551714296824E-003	1.10669380673425856E-003	-1	7.36741710408709682E-004	-1	OK
90.750000000000000	4.56009895080239369E-003	2.74715368294575768E-003	2.11067834743125472E-003	6.36475335514503286E-004	1.81294526785663623E-003	1.08824035193447297E-003	-1	7.24704915922163261E-004	-1	OK
91.000000000000000	4.48747265640001870E-003	2.70453518957552552E-003	2.07765907987259501E-003	6.26876109702930611E-004	1.78293746682449340E-003	1.07013750141905892E-003	-1	7.12799965405434485E-004	-1	OK
91.250000000000000	4.41627735804833287E-003	2.66268176284060109E-003	2.04523718133776521E-003	6.17444581502835880E-004	1.75359559520773200E-003	1.05237691663075876E-003	-1	7.01218678576973238E-004	-1	OK
91.500000000000000	4.34638690241831525E-003	2.62157778389167677E-003	2.01340035752274257E-003	6.08177426368933759E-004	1.72480911852663870E-003	1.03495461154125799E-003	-1	6.89854506985380705E-004	-1	OK
91.750000000000000	4.27777406798277547E-003	2.58120795614735906E-003	1.98213660037057683E-003	5.99071355776781473E-004	1.69656611183541597E-003	1.01786331373398490E-003	-1	6.78702798101431075E-004	-1	OK
92.000000000000000	4.21041194999907317E-003	2.54155718685722745E-003	1.95143413293514222E-003	5.90123053922084694E-004	1.66885476314184615E-003	1.00109592816410029E-003	-1	6.67758834977745866E-004	-1	OK
92.250000000000000	4.14427453482578249E-003	2.50261083939222646E-003	1.92128151169235705E-003	5.81329327699869739E-004	1.64166369543355625E-003	9.84645517949659429E-004	-1	6.57018177483896819E-004	-1	OK
92.500000000000000	4.07933665834009189E-003	2.46435484623105808E-003	1.89166756413073310E-003	5.72687282100324546E-004	1.61498181210903403E-003	9.68505312486940225E-004	-1	6.46476499622093801E-004	-1	OK
92.750000000000000	4.01557370280854892E-003	2.42677522142447505E-003	1.86258135101566042E-003	5.64193870408814411E-004	1.58879848138407430E-003	9.52668968875206132E-004	-1	6.36129512508868170E-004	-1	OK
93.000000000000000	3.95296193142183946E-003	2.38985846008041552E-003	1.83401221356834800E-003	5.55846246512067409E-004	1.56310347134142416E-003	9.37129649618204477E-004	-1	6.25973821723219679E-004	-1	OK
93.250000000000000	3.89147756361945228E-003	2.35359128264302827E-003	1.80594971671908257E-003	5.47641565923945154E-004	1.53788628097642380E-003	9.21881150933478435E-004	-1	6.16005130042945361E-004	-1	OK
93.500000000000000	3.83109771599119287E-003	2.31796094411091790E-003	1.77838370007752516E-003	5.39577244033393063E-004	1.51313677188027475E-003	9.06917320411194786E-004	-1	6.06219451469079966E-004	-1	OK
93.750000000000000	3.77179943975931766E-003	2.28295484400962024E-003	1.75130419656662601E-003	5.31650647442994122E-004	1.48884459574969764E-003	8.92232124020856158E-004	-1	5.96612471728841481E-004	-1	OK
94.000000000000000	3.71356124575931371E-003	2.24856050645055178E-003	1.72470142566790319E-003	5.23859080782648474E-004	1.46500073930876172E-003	8.77819965780125529E-004	-1	5.87180773528636190E-004	-1	OK
94.250000000000000	3.65636143801784282E-003	2.21476564103562611E-003	1.69856581102903058E-003	5.16199830006596827E-004	1.44159579698221649E-003	8.63675018618503603E-004	-1	5.77920778363712889E-004	-1	OK
94.500000000000000	3.60007922936540336E-003	2.18155821047223133E-003	1.67288800043983023E-003	5.08670210032401431E-004	1.41852101889317203E-003	8.49791321250747272E-004	-1	5.68729697642424755E-004	-1	OK
94.750000000000000	3.54489451036047159E-003	2.14892676855118776E-003	1.64765890864455324E-003	5.01267859906634732E-004	1.39596774180928383E-003	8.36163636439871084E-004	-1	5.59804105369412748E-004	-1	OK
95.000000000000000	3.49068709060795443E-003	2.11685990608509716E-003	1.62286960313587489E-003	4.93990302949222490E-004	1.37382718452285727E-003	8.22786623509041645E-004	-1	5.51040561013815627E-004	-1	OK
95.250000000000000	3.43743673722122448E-003	2.08534658775119284E-003	1.59851138167967175E-003	4.86835206071521307E-004	1.35209014947003142E-003	8.09655072078992893E-004	-1	5.42435077391038530E-004	-1	OK
95.500000000000000	3.38512396555098105E-003	2.05437588333094593E-003	1.57457570213189379E-003	4.79800181199051701E-004	1.33074808222003512E-003	7.96763892991846621E-004	-1	5.33984189228188500E-004	-1	OK
95.750000000000000	3.33373001853871182E-003	2.02393711714343467E-003	1.55105421885443008E-003	4.72882898289004043E-004	1.30979290139527716E-003	7.84108114398372660E-004	-1	5.25684786996904498E-004	-1	OK
96.000000000000000	3.28323670778222967E-003	1.99401994155283709E-003	1.52793879701580335E-003	4.66081144537033897E-004	1.28921676622939280E-003	7.71683490792587890E-004	-1	5.17533275436804908E-004	-1	OK
96.250000000000000	3.23362721982034008E-003	1.96461419032980481E-003	1.50522144978940012E-003	4.59392740540403937E-004	1.26901302949053549E-003	7.59485377978808365E-004	-1	5.09527651511727125E-004	-1	OK
96.500000000000000	3.18488309792363091E-003	1.93570982132912264E-003	1.48289437237413566E-003	4.52815448954986869E-004	1.24917327659450827E-003	7.47508406231944052E-004	-1	5.01664870362564220E-004	-1	OK
96.750000000000000	3.13698796729595768E-003	1.90729707633877543E-003	1.46094992927500874E-003	4.46347147063766371E-004	1.22969089095718224E-003	7.35748394779731519E-004	-1	4.93942496177450724E-004	-1	OK
97.000000000000000	3.09003716441582938E-003	1.87936633582617627E-003	1.43938065376807839E-003	4.39985682058097768E-004	1.21067082858965312E-003	7.24201227859392433E-004	-1	4.86469600730260682E-004	-1	OK
97.250000000000000	3.04378605039226343E-003	1.85190853149822064E-003	1.41817929996028110E-003	4.33729231537939152E-004	1.19187751889404279E-003	7.12861902064097319E-004	-1	4.79015616829945473E-004	-1	OK
97.500000000000000	2.99833382396925887E-003	1.82491450465748482E-003	1.39733870665586287E-003	4.27575798001621731E-004	1.17341931931177405E-003	7.01726188485593300E-004	-1	4.71693130826180752E-004	-1	OK
97.750000000000000	2.95366454825264158E-003	1.79837524404048276E-003	1.37685187932801742E-003	4.21523364712464964E-004	1.15528930421215882E-003	6.90789952313369468E-004	-1	4.64499351898789350E-004	-1	OK
98.000000000000000	2.90976276237905115E-003	1.77228204833776480E-003	1.35671198340245260E-003	4.15570064935311665E-004	1.13748071404128634E-003	6.80049472069753250E-004	-1	4.57431241971533093E-004	-1	OK
98.250000000000000	2.86661283725953096E-003	1.74662624316097295E-003	1.33691231942349026E-003	4.09713923737482744E-004	1.11998659409855801E-003	6.69500358046144122E-004	-1	4.50486236052413886E-004	-1	OK
98.500000000000000	2.82420095528371998E-003	1.72139957453445189E-003	1.31744637985457456E-003	4.03953194679877172E-004	1.10280138074926788E-003	6.59138411816902279E-004	-1	4.43662968932365597E-004	-1	OK
98.750000000000000	2.78251288195338446E-003	1.69659382398710027E-003	1.29830775868227158E-003	3.98286065304827926E-004	1.08591905796628398E-003	6.48960182988244099E-004	-1	4.36958874978039878E-004	-1	OK
99.000000000000000	2.74153447293618013E-003	1.67220113271870268E-003	1.27949024621265691E-003	3.92710886506045817E-004	1.06933334021747746E-003	6.38962086526482565E-004	-1	4.30371253690994891E-004	-1	OK
99.250000000000000	2.70125222578531223E-003	1.64821385009080519E-003	1.26098774159424509E-003	3.87226108496560486E-004	1.05303837569450704E-003	6.29140581386643293E-004	-1	4.23897794307863743E-004	-1	OK
99.500000000000000	2.66165217690331017E-003	1.62462425654638729E-003	1.24279424418486891E-003	3.81830012361518596E-004	1.03702792035692288E-003	6.19492525631822489E-004	-1	4.17535394725100390E-004	-1	OK
99.750000000000000	2.62264786947654076E-003	1.60142489205353710E-003	1.22490389215923565E-003	3.76520999894302047E-004	1.02122297742300344E-003	6.10015109549161836E-004	-1	4.11207867873841608E-004	-1	OK
100.00000000000000	2.58437587202686031E-003	1.57860832732120357E-003	1.20731092487609852E-003	3.71297402445104673E-004	1.00576754470565674E-003	6.00703905811191419E-004	-1	4.05063638894465321E-004	-1	OK
