#pt	totcs	totdirect	directLO	directNLO	totfrag	fragLO	err_fragLO	fragNLO	err_fragNLO	errmess
0.50000000000000000	-250995331.42893949	-489212157.49371517	24829374.405377343	-514041531.89909244	238216826.06477568	105868197.24964371	-1	132348628.81513196	-1	Error
0.75000000000000000	46534458.381943531	-7983637.9276793301	2497880.3264501942	-10481518.254129522	54518096.309622861	18233018.274638120	-1	36285078.034984738	-1	Error
1.0000000000000000	21566193.590013254	775172.91234355140	580973.63482961664	194199.27751393322	20791020.677669704	5325139.9989542468	-1	15465880.678715456	-1	Error
1.2500000000000000	9656800.3718342241	670079.90204541013	196333.96836496147	473745.93368044856	8986720.4697888140	2056106.2091096940	-1	6930614.2606791202	-1	Error
1.5000000000000000	4894967.8193393312	410300.69640803966	107240.66167952842	303060.03472851141	4484667.1229312913	1031272.3756943510	-1	3453394.7472369401	-1	Error
1.7500000000000000	2744258.6477829656	285316.13814230950	91952.218026096976	193363.92011621245	2458942.5096406559	704320.19037203293	-1	1754622.3192686229	-1	Error
2.0000000000000000	1577567.5400021304	196186.59982544102	71894.085307655128	124292.51451778592	1381380.9401766895	457224.92715833458	-1	924156.01301835501	-1	Error
2.2500000000000000	940768.65847376687	136089.58543992549	54544.899464563634	81544.685975361921	804679.07303384133	297465.34012725862	-1	507213.73290658271	-1	Error
2.5000000000000000	583783.54028975312	95890.350694895198	41099.323760744359	54791.026934150912	487893.18959485786	197120.16112482216	-1	290773.02847003570	-1	Error
2.7500000000000000	376117.26638873445	68761.401637965930	31063.322860905409	37698.078777060502	307355.86475076852	133260.81825884880	-1	174095.04649191973	-1	Error
3.0000000000000000	250655.62567414308	50167.958244013935	23648.906425239125	26519.051818774795	200487.66743012914	91930.234588748775	-1	108557.43284138036	-1	Error
3.2500000000000000	171952.27496627878	37212.443423930214	18172.260933902267	19040.182490027939	134739.83154234858	64698.812723885982	-1	70041.018818462588	-1	Error
3.5000000000000000	120943.28845107244	28029.229287874026	14102.594246001632	13926.635041872392	92914.059163198413	46352.612774235960	-1	46561.446388962453	-1	Error
3.7500000000000000	86923.876086282398	21413.728737228441	11053.864094537172	10359.864642691280	65510.147349053957	33865.807992832160	-1	31644.339356221797	-1	Error
4.0000000000000000	63781.259121600917	16578.501932733405	8751.3701446321429	7827.1317881012601	47202.757188867516	25182.549888288970	-1	22020.207300578546	-1	OK
4.2500000000000000	47682.344281044643	12984.263247329494	6989.7835021259125	5994.4797452035873	34698.081033715149	18994.486981782404	-1	15703.594051932745	-1	OK
4.5000000000000000	36227.526178097884	10272.842037173037	5626.5623520831414	4646.2796850898976	25954.684140924845	14514.466048951343	-1	11440.218091973502	-1	OK
4.7500000000000000	27904.028327112926	8203.2636367944178	4562.5083934252616	3640.7552433691571	19700.764690318509	11226.439673612538	-1	8474.3250167059705	-1	OK
5.0000000000000000	21727.635451060625	6609.1563665842368	3726.8572617743530	2882.2991048098825	15118.479084476387	8782.9402090748445	-1	6335.5388754015421	-1	OK
5.2500000000000000	17102.918459357723	5369.9728227636670	3066.0575365162822	2303.9152862473884	11732.945636594055	6942.1316312917934	-1	4790.8140053022616	-1	OK
5.5000000000000000	13609.418112691063	4398.0862104754988	2539.8342478283762	1858.2519626471244	9211.3319022155629	5540.1025578884819	-1	3671.2293443270810	-1	OK
5.7500000000000000	10941.665992893577	3629.3077040259104	2117.8334924281080	1511.4742115978022	7312.3582888676665	4450.5032313329511	-1	2861.8550575347153	-1	OK
6.0000000000000000	8872.4405605999618	3016.1197965465526	1777.0170369645425	1239.1027595820117	5856.3207640534092	3610.3897931903239	-1	2245.9309708630853	-1	OK
6.2500000000000000	7264.1043103146612	2522.7451736474486	1499.6062858818023	1023.1388877656452	4741.3591366672126	2951.8325128897072	-1	1789.5266237775054	-1	OK
6.5000000000000000	5992.3657346681402	2122.7361242897227	1272.2767907275406	850.45933356218347	3869.6296103784175	2430.7818749825797	-1	1438.8477353958378	-1	OK
6.7500000000000000	4977.1833231600085	1796.1523739054703	1084.8308952566272	711.32147864884303	3181.0309492545384	2015.2146755223346	-1	1165.8162737322039	-1	OK
7.0000000000000000	4160.8447043481501	1527.7721235373990	929.36988188829389	598.40224164910558	2633.0725808107513	1681.0202685112092	-1	952.05231229954211	-1	OK
7.2500000000000000	3496.2431819434501	1305.8732858532671	799.72847490500180	506.14481094826527	2190.3698960901829	1410.7871188011784	-1	779.58277728900453	-1	OK
7.5000000000000000	2954.8032775614802	1121.3528432108935	691.05915475716506	430.29368845372875	1833.4504343505869	1190.7771584500977	-1	642.67327590048922	-1	OK
7.7500000000000000	2510.6235307902575	967.08661892144607	599.52421815888260	367.56240076256353	1543.5369118688116	1010.2150447414022	-1	533.32186712740940	-1	OK
8.0000000000000000	2144.5271951528339	837.46035753108492	522.06683094219966	315.39352658888544	1307.0668376217491	863.08282220324372	-1	443.98401541850535	-1	OK
8.2500000000000000	1839.7035649837026	728.01950327077702	456.23732157777135	271.78218169300601	1111.6840617129255	738.89998692880670	-1	372.78407478411884	-1	OK
8.5000000000000000	1585.1251860203174	635.20060440326995	400.05672582862115	235.14387857464880	949.92458161704758	635.26216970246855	-1	314.66241191457902	-1	OK
8.7500000000000000	1371.7981966744414	556.13994740521525	351.92070675834117	204.21924064687406	815.65824926922630	548.45103877922656	-1	267.20721048999974	-1	OK
9.0000000000000000	1191.9106629399430	488.52352296882486	310.52210217455922	178.00142079426558	703.38713997111813	475.24865986196312	-1	228.13848010915501	-1	OK
9.2500000000000000	1039.5679729242702	430.47082651668609	274.79034907674566	155.68047743994040	609.09714640758409	413.36635502685817	-1	195.73079138072592	-1	OK
9.5000000000000000	909.90250021749762	380.44584470921171	243.84451394688389	136.60133076232779	529.45665550828596	360.79627632719644	-1	168.66037918108952	-1	OK
9.7500000000000000	799.09195014028774	337.18763833133721	216.95636090186031	120.23127742947693	461.90431180895058	315.94340269401897	-1	145.96090911493161	-1	OK
10.000000000000000	703.84279275179961	299.65623847859700	193.52128235199700	106.13495612659986	404.18655427320255	277.52618126984606	-1	126.66037300335648	-1	OK
10.250000000000000	621.81253858839023	266.98989978015123	173.03516773678356	93.954732043367684	354.82263880823893	244.51233515068850	-1	110.31030365755043	-1	OK
10.500000000000000	550.51403788878451	238.47174731746608	155.07609638635140	83.395650931114673	312.04229057131840	216.02007480239794	-1	96.022215768920461	-1	OK
10.750000000000000	488.93753695962255	213.50269418874777	139.28951366519604	74.213180523551685	275.43484277087481	191.36391825183350	-1	84.070924519041313	-1	OK
11.000000000000000	435.51639329312195	191.58043452361630	125.37644048218019	66.203994041436076	243.93595876950565	169.97649935589584	-1	73.959459413609807	-1	OK
11.250000000000000	388.94491645420538	172.28180488134137	113.08377888861705	59.198025992724375	216.66311157286401	151.34407439217264	-1	65.319037180691367	-1	OK
11.500000000000000	347.97411688000352	155.24951253213510	102.19668211294270	53.052830419192361	192.72460434786845	135.06531821103471	-1	57.659286136833742	-1	OK
11.750000000000000	312.19186028174607	140.18051532081893	92.532125892745583	47.648389428073344	172.01134496092715	120.79109871692631	-1	51.220246244000833	-1	OK
12.000000000000000	280.68610525759067	126.81715721339799	83.933750073997203	42.883407139400809	153.86894804419268	108.26528667128416	-1	45.603661372908519	-1	OK
12.250000000000000	252.88849100223851	114.93954809017427	76.267562709302013	38.671985380872222	137.94894291206424	97.243902051180868	-1	40.705040860883372	-1	OK
12.500000000000000	228.29364001375862	104.35951926037598	69.418407853492170	34.941111406883756	123.93412075338264	87.519870831504178	-1	36.414249921878465	-1	OK
12.750000000000000	206.35839132606370	94.915586471092993	63.287059322489164	31.628527148603823	111.44280485497070	78.918739169488916	-1	32.524065685481787	-1	OK
13.000000000000000	186.99293872628738	86.468739915332279	57.787770767980085	28.680969147352187	100.52419881095510	71.295938060172077	-1	29.228260750783022	-1	OK
13.250000000000000	169.74381074060955	78.899026271744475	52.846270936688022	26.052755335056457	90.844784468865086	64.525270023758438	-1	26.319514445106648	-1	OK
13.500000000000000	154.34285915499524	72.102621621986927	48.398050511842513	23.704571110144400	82.240237533008312	58.499379078288221	-1	23.740858454720090	-1	OK
13.750000000000000	140.56766697652421	65.989461181484188	44.386960515497904	21.602500665986295	74.578205795040020	53.016476247929376	-1	21.561729547110644	-1	OK
14.000000000000000	128.21915037548774	60.481244405933772	40.764011245594602	19.717233160339173	67.737905969553978	48.222299232327373	-1	19.515606737226605	-1	OK
14.250000000000000	116.95182167565812	55.509684097756065	37.486358293230190	18.023325804525893	61.442137577902052	43.930105448295123	-1	17.512032129606929	-1	OK
14.500000000000000	107.00553774404828	51.015177699498835	34.516467872743938	16.498709826754894	55.990360044549448	40.081713318502800	-1	15.908646726046648	-1	OK
14.750000000000000	98.046230374576112	46.945508165385050	31.821369282211073	15.124138883173968	51.100722209191055	36.626333946309359	-1	14.474388262881696	-1	OK
15.000000000000000	89.958579375674731	43.254880692979249	29.372056790593344	13.882823902385907	46.703698682695489	33.532545584611668	-1	13.171153098083821	-1	OK
15.250000000000000	82.649078821469502	39.903014532911200	27.142943741340630	12.760070791570577	42.746064288558301	30.726286623944844	-1	12.019777664613457	-1	OK
15.500000000000000	76.030971963183362	36.854386508942270	25.111405965264918	11.742980543677351	39.176585454241085	28.192854665075856	-1	10.983730789165229	-1	OK
15.750000000000000	70.032889950862639	34.077702136767087	23.257455973123086	10.820246163643997	35.955187814095552	25.900633200476040	-1	10.054554613619512	-1	OK
16.000000000000000	64.585979884609031	31.545269409536054	21.563370360147989	9.9818990493880566	33.040710475072977	23.823857469816826	-1	9.2168530052561515	-1	OK
16.250000000000000	59.636878081961385	29.232571019253900	20.013414903067741	9.2191561161861557	30.404307062707481	21.939149073678593	-1	8.4651579890288886	-1	OK
16.500000000000000	55.129011093566398	27.117849997659476	18.593590379754076	8.5242596179053898	28.011161095906921	20.227687509524266	-1	7.7834735863826552	-1	OK
16.750000000000000	51.017888731883019	25.181754990502917	17.291422019850490	7.8903329706524223	25.836133741380099	18.670476685621725	-1	7.1656570557583734	-1	OK
17.000000000000000	47.264599082433072	23.407074873760504	16.095781469132362	7.3112934046281408	23.857524208672569	17.252065855616824	-1	6.6054583530557451	-1	OK
17.250000000000000	43.831584374561913	21.778445496951974	14.996716343539646	6.7817291534123285	22.053138877609936	15.958472513620935	-1	6.0946663639890009	-1	OK
17.500000000000000	40.688745802478188	20.282145068977879	13.985320266866783	6.2968248021110975	20.406600733500309	14.777217708475391	-1	5.6293830250249179	-1	OK
17.750000000000000	37.797928490041897	18.905909686819946	13.053609637891348	5.8523000489285950	18.892018803221948	13.697319148361538	-1	5.1946996548604094	-1	OK
18.000000000000000	35.154754712879480	17.638731666252021	12.194411909884522	5.4443197563674985	17.516023046627463	12.708588131588140	-1	4.8074349150393232	-1	OK
18.250000000000000	32.726922555409210	16.470743660966086	11.401282589655450	5.0694610713106458	16.256178894443124	11.802051927137100	-1	4.4541269673060242	-1	OK
18.500000000000000	30.494478118478128	15.393086339751703	10.668420463905640	4.7246658758460631	15.101391778726427	10.970440134623310	-1	4.1309516441031171	-1	OK
18.750000000000000	28.439956283926719	14.397777786326147	9.9905933849122075	4.4071844014139421	14.042178497600572	10.206780928049671	-1	3.8353975695509011	-1	OK
19.000000000000000	26.547533458740411	13.477630812250702	9.3630809548467315	4.1145498574039721	13.069902646489711	9.5045470275883961	-1	3.5653556189013145	-1	OK
19.250000000000000	24.802106275060950	12.626168501107914	8.7816178546875125	3.8445506464204016	12.175937773953034	8.8582080723069456	-1	3.3177297016460887	-1	OK
19.500000000000000	23.190923989554896	11.837530641247918	8.2423424904472817	3.5951881508006363	11.353393348306977	8.2439285183055695	-1	3.1094648300014072	-1	OK
19.750000000000000	21.701290845357853	11.106422441617237	7.7417585446497892	3.3646638969674489	10.594868403740618	7.6962357527278531	-1	2.8986326510127647	-1	OK
20.000000000000000	20.324770285578943	10.428056208673336	7.2766961954038338	3.1513600132695063	9.8967140769056083	7.1907367613552147	-1	2.7059773155503937	-1	OK
20.250000000000000	19.048597605151812	9.7980843191114495	6.8442749713919486	2.9538093477195004	9.2505132860403609	6.7236282572863857	-1	2.5268850287539752	-1	OK
20.500000000000000	17.865807263877763	9.2125631927094460	6.4418776825040842	2.7706855102053609	8.6532440711683183	6.2917192391891064	-1	2.3615248319792119	-1	OK
20.750000000000000	16.768395178235387	8.6679139432990482	6.0671236436686167	2.6007902996304311	8.1004812349363391	5.8920399490440127	-1	2.2084412858923264	-1	OK
21.000000000000000	15.749366591692326	8.1608766574089273	5.7178425614737893	2.4430340959351402	7.5884899342833974	5.5215049964115632	-1	2.0669849378718341	-1	OK
21.250000000000000	14.798006178422394	7.6884832140274906	5.3920558181940113	2.2964273958334820	7.1095229643949045	5.1777990001167815	-1	1.9317239642781230	-1	OK
21.500000000000000	13.918392653068894	7.2480302536718773	5.0879579888778714	2.1600722647940040	6.6703623993970167	4.8588614475560989	-1	1.8115009518409178	-1	OK
21.750000000000000	13.099491245104959	6.8370516558841858	4.8038992725010949	2.0331523833830922	6.2624395892207732	4.5626918486602372	-1	1.6997477405605359	-1	OK
22.000000000000000	12.336697497989382	6.4532923828411048	4.5383698311971266	1.9149225516439792	5.8834051151482774	4.2874255097399443	-1	1.5959796054083331	-1	OK
22.250000000000000	11.625399794065444	6.0946867670786737	4.2899846796209760	1.8047020874576973	5.5307130269867697	4.0314277333810153	-1	1.4992852936057544	-1	OK
22.500000000000000	10.962149920070928	5.7593512749914595	4.0574783228115576	1.7018729521799025	5.2027986450794677	3.7932155873317006	-1	1.4095830577477670	-1	OK
22.750000000000000	10.338289168694960	5.4455602211281873	3.8396905455565413	1.6058696755716462	4.8927289475667726	3.5712384515966207	-1	1.3214904959701519	-1	OK
23.000000000000000	9.7602389848132596	5.1517316825326427	3.6355565473778815	1.5161751351547605	4.6085073022806169	3.3642775100364046	-1	1.2442297922442123	-1	OK
23.250000000000000	9.2197218385141113	4.8764155369042061	3.4440984153680239	1.4323171215361818	4.3433063016099043	3.1712016842327477	-1	1.1721046173771565	-1	OK
23.500000000000000	8.7141813918746180	4.6182794488058390	3.2644167176107759	1.3538627311950637	4.0959019430687791	2.9910094384711954	-1	1.1048925045975837	-1	OK
23.750000000000000	8.2409846210617594	4.3760981275172917	3.0956835540029561	1.2804145735143353	3.8648864935444678	2.8227335309573531	-1	1.0421529625871147	-1	OK
24.000000000000000	7.7976567981198830	4.1487453334028981	2.9371367314123979	1.2116086019905001	3.6489114647169845	2.6654229701901992	-1	0.98348849452678522	-1	OK
24.250000000000000	7.3821854600458909	3.9351841276108956	2.7880736355002118	1.1471104921106832	3.4470013324349948	2.5182648853912539	-1	0.92873644704374092	-1	OK
24.500000000000000	6.9925785361987938	3.7344585328849442	2.6478459574144280	1.0866125754705174	3.2581200033138500	2.3805179555520062	-1	0.87760204776184381	-1	OK
24.750000000000000	6.6269522676913493	3.5456878275916863	2.5158553916107245	1.0298324359809616	3.0812644400996625	2.2515020824806289	-1	0.82976235761903361	-1	OK
25.000000000000000	6.2835922825473514	3.3680580931718356	2.3915488802732101	0.97650921289862480	2.9155341893755153	2.1306342254625079	-1	0.78489996391300743	-1	OK
25.250000000000000	5.9610007117965589	3.2008186242342163	2.2744153933684057	0.92640323086581033	2.7601820875623426	2.0172809176165183	-1	0.74290116994582434	-1	OK
25.500000000000000	5.6578626971086461	3.0432752681383102	2.1639818914137505	0.87929337672456021	2.6145874289703355	1.9109109732268519	-1	0.70367645574348359	-1	OK
25.750000000000000	5.3725547532408537	2.8947851892374885	2.0598102532628055	0.83497493597468209	2.4777695640033652	1.8110531613671039	-1	0.66671640263626131	-1	OK
26.000000000000000	5.1040159395629541	2.7547536541372963	1.9614946624596072	0.79325899167768910	2.3492622854256577	1.7172355852901400	-1	0.63202670013551776	-1	OK
26.250000000000000	4.8511543837834523	2.6226305147826259	1.8686589839669552	0.75397153081566970	2.2285238690008260	1.6290455721189627	-1	0.59947829688186327	-1	OK
26.500000000000000	4.6128144796317718	2.4979054219048491	1.7809541265761386	0.71695129532871116	2.1149090577269227	1.5461042907797049	-1	0.56880476694721782	-1	OK
26.750000000000000	4.3882009885858935	2.3801046951108633	1.6980559320080264	0.68204876310283713	2.0080962934750302	1.4680518614204177	-1	0.54004443205461250	-1	OK
27.000000000000000	4.1744037085082866	2.2687892059671793	1.6196634052805314	0.64912580068664660	1.9056145025411071	1.3945589928551143	-1	0.51105550968599278	-1	OK
27.250000000000000	3.9745051185311873	2.1635510044875845	1.5454966487216844	0.61805435576590040	1.8109541140436025	1.3253244074903965	-1	0.48562970655320603	-1	OK
27.500000000000000	3.7857589656439092	2.0640108981368264	1.4752953664085238	0.58871553172830293	1.7217480675070829	1.2600936227523276	-1	0.46165444475475526	-1	OK
27.750000000000000	3.6074531809131209	1.9698167712480454	1.4088173496333969	0.56099942161464789	1.6376364096650755	1.1985875237699573	-1	0.43904888589511826	-1	OK
28.000000000000000	3.4390150603949987	1.8806404482959573	1.3458368774729985	0.53480357082295849	1.5583746120990416	1.1405578312861848	-1	0.41781678081285678	-1	OK
28.250000000000000	3.2796440299983347	1.7961762582585885	1.2861436286752139	0.51003262958337481	1.4834677717397464	1.0857669001560977	-1	0.39770087158364875	-1	OK
28.500000000000000	3.1288789186469979	1.7161400314413902	1.2295416155578032	0.48659841588358710	1.4127388872056075	1.0340368324838871	-1	0.37870205472172036	-1	OK
28.750000000000000	2.9861797576064832	1.6402665952044959	1.1758479126945989	0.46441868250989699	1.3459131624019876	0.98517119001653097	-1	0.36074197238545658	-1	OK
29.000000000000000	2.8510616469359289	1.5683086630259016	1.1248917582959492	0.44341690472995249	1.2827529839100273	0.93897605421115893	-1	0.34377692969886842	-1	OK
29.250000000000000	2.7230609652617561	1.5000350775105029	1.0765135775553123	0.42352149995519095	1.2230258877512530	0.89530440446498039	-1	0.32772148328627260	-1	OK
29.500000000000000	2.6017535926149407	1.4352303290778767	1.0305643560956854	0.40466597298219076	1.1665232635370641	0.85396868172198537	-1	0.31255458181507878	-1	OK
29.750000000000000	2.4867522638420914	1.3736930977865360	0.98690475329714522	0.38678834448939065	1.1130591660555553	0.81484043525303940	-1	0.29821873080251593	-1	OK
30.000000000000000	2.3776727093568804	1.3152354011440308	0.94540445672955897	0.36983094441447167	1.0624373082128493	0.77778933758324598	-1	0.28464797062960334	-1	OK
30.250000000000000	2.2741584782204027	1.2596811540294417	0.90594140193171346	0.35373975209772845	1.0144773241909613	0.74269018091378813	-1	0.27178714327717313	-1	OK
30.500000000000000	2.1758881214848582	1.2068654219458459	0.86840126409243457	0.33846415785341138	0.96902269953901243	0.70942511890478577	-1	0.25959758063422667	-1	OK
30.750000000000000	2.0825672890894751	1.1566339220164230	0.83267697382936645	0.32395694818705645	0.92593336707305218	0.67788306127006759	-1	0.24805030580298459	-1	OK
31.000000000000000	1.9938990324795409	1.1088422930661821	0.79866819424523383	0.31017409882094804	0.88505673941335883	0.64796437543485563	-1	0.23709236397850320	-1	OK
31.250000000000000	1.9096361612073807	1.0633552667880066	0.76628080982297508	0.29707445696503121	0.84628089441937415	0.61957290701425882	-1	0.22670798740511533	-1	OK
31.500000000000000	1.8295258464126409	1.0200458253551963	0.73542645956004471	0.28461936579515174	0.80948002105744465	0.59262180471144021	-1	0.21685821634600444	-1	OK
31.750000000000000	1.7533492429484738	0.97879469457757340	0.70602218079311974	0.27277251378445372	0.77455454837090054	0.56703284874131432	-1	0.20752169962958622	-1	OK
32.000000000000000	1.6808623299241698	0.93949021861839688	0.67799013613700421	0.26150008248139273	0.74137211130577296	0.54272508493991478	-1	0.19864702636585818	-1	OK
32.250000000000000	1.6118638255714208	0.90202747881821610	0.65125715085746916	0.25077032796074711	0.70983634675320473	0.51962341521833777	-1	0.19021293153486696	-1	OK
32.500000000000000	1.5461647335127167	0.86630785671447597	0.62575442317127528	0.24055343354320052	0.67985687679824069	0.49765979261785120	-1	0.18219708418038949	-1	OK
32.750000000000000	1.4835723945398660	0.83223861537843247	0.60141723483496878	0.23082138054346363	0.65133377916143353	0.47677053826631688	-1	0.17456324089511666	-1	OK
33.000000000000000	1.4239360093697435	0.79973257031636158	0.57818467258947714	0.22154789772688421	0.62420343905338205	0.45689603460882805	-1	0.16730740444455400	-1	OK
33.250000000000000	1.3670835440667419	0.76870758578208120	0.55599924294120684	0.21270834284087464	0.59837595828466061	0.43797981441575523	-1	0.16039614386890538	-1	OK
33.500000000000000	1.3128743499181073	0.73908651942977777	0.53480698262945892	0.20427953680031888	0.57378783048832949	0.41996429248349365	-1	0.15382353800483584	-1	OK
33.750000000000000	1.2611620262525991	0.71079672959073581	0.51455707885418456	0.19623965073655117	0.55036529666186329	0.40279799895581081	-1	0.14756729770605248	-1	OK
34.000000000000000	1.2118219262365622	0.68376984993939138	0.49520165355872348	0.18856819638066794	0.52805207629717088	0.38644319407009392	-1	0.14160888222707696	-1	OK
34.250000000000000	1.1647295562554909	0.65794153231187202	0.47669557867595874	0.18124595363591334	0.50678802394361877	0.37085667294260416	-1	0.13593135100101461	-1	OK
34.500000000000000	1.1197649657977926	0.63325108908658312	0.45899627554608297	0.17425481354050010	0.48651387671120944	0.35599768691642686	-1	0.13051618979478258	-1	OK
34.750000000000000	1.0768150631590747	0.60964126607501279	0.44206356208751979	0.16757770398749305	0.46717379708406181	0.34183113768850570	-1	0.12534265939555611	-1	OK
35.000000000000000	1.0357874583736990	0.58705800656640550	0.42585949640514664	0.16119851016125883	0.44872945180729346	0.32831661291641517	-1	0.12041283889087828	-1	OK
35.250000000000000	0.99657488617732848	0.56545033830586222	0.41034825280144172	0.15510208550442064	0.43112454787146631	0.31541981256994073	-1	0.11570473530152559	-1	OK
35.500000000000000	0.95909571072649902	0.54476996468771555	0.39549595180099090	0.14927401288672471	0.41432574603878342	0.30310916101574931	-1	0.11121658502303411	-1	OK
35.750000000000000	0.92327297768201122	0.52497148109672787	0.38127064432933566	0.14370083676739207	0.39830149658528330	0.29135442809599083	-1	0.10694706848929247	-1	OK
36.000000000000000	0.88898987178846323	0.50601211829883197	0.36764213337876728	0.13836998492006475	0.38297775348963126	0.28012699918016881	-1	0.10285075430946244	-1	OK
36.250000000000000	0.85618799171801363	0.48785118448509984	0.35458178816926417	0.13326939631583551	0.36833680723291379	0.26940001693002180	-1	9.89367903028919859E-002	-1	OK
36.500000000000000	0.82479541567256476	0.47045022151044730	0.34206254323801660	0.12838767827243081	0.35434519416211741	0.25914813885692811	-1	9.51970553051892932E-002	-1	OK
36.750000000000000	0.79474090122996843	0.45377295167559523	0.33005879427713014	0.12371415739846495	0.34096794955437326	0.24934673508244412	-1	9.16212144719291410E-002	-1	OK
37.000000000000000	0.76597418461273137	0.43778490109340940	0.31854627484163645	0.11923862625177291	0.32818928351932197	0.23997365294014764	-1	8.82156305791743367E-002	-1	OK
37.250000000000000	0.73840652199423795	0.42245363612193798	0.30750205102430633	0.11495158509763170	0.31595288587229997	0.23100854611066082	-1	8.49443397616391482E-002	-1	OK
37.500000000000000	0.71199563027182144	0.40774838242668204	0.29690437140582610	0.11084401102085589	0.30424724784513940	0.22243210606177433	-1	8.18151417833650751E-002	-1	OK
37.750000000000000	0.68668370636504927	0.39363997320188560	0.28673261043522652	0.10690736276665895	0.29304373316316368	0.21422381386597733	-1	7.88199192971863472E-002	-1	OK
38.000000000000000	0.66241925300938354	0.38010067691340421	0.27696719375533052	0.10313348315807380	0.28231857609597927	0.20636524436605064	-1	7.59533317299286304E-002	-1	OK
38.250000000000000	0.63888471577966510	0.36710422657804065	0.26758956616033702	9.95146604177036542E-002	0.27178048920162445	0.19883942451124476	-1	7.29410646903796978E-002	-1	OK
38.500000000000000	0.61666839682535812	0.35462572983530127	0.25858213384013540	9.60435959951659868E-002	0.26204266699005690	0.19163099631640251	-1	7.04116706736543918E-002	-1	OK
38.750000000000000	0.59526607187294567	0.34264168062885741	0.24992822201338877	9.27134586154687024E-002	0.25262439124408825	0.18472487464396609	-1	6.78995166001221673E-002	-1	OK
39.000000000000000	0.57472737942334917	0.33112970017803528	0.24161198398520939	8.95177161928260162E-002	0.24359767924531384	0.17810597970577580	-1	6.54916995395380397E-002	-1	OK
39.250000000000000	0.55501308267031157	0.32006858833836471	0.23361837821397274	8.64502101243919546E-002	0.23494449433194689	0.17176132181378448	-1	6.31831725181624115E-002	-1	OK
39.500000000000000	0.53608408531787077	0.30943817526372208	0.22593310098166505	8.35050742820570568E-002	0.22664591005414872	0.16567800649949993	-1	6.09679035546487891E-002	-1	OK
39.750000000000000	0.51790407450174114	0.29921927992055364	0.21854256051622489	8.06767194043287728E-002	0.21868479458118756	0.15984388955835432	-1	5.88409050228332342E-002	-1	OK
40.000000000000000	0.50044011142803235	0.28939368547952993	0.21143383890708059	7.79598465724493650E-002	0.21104642594850237	0.15424752820653120	-1	5.67988977419711660E-002	-1	OK
40.250000000000000	0.48366103840333241	0.27994410239417888	0.20459466518928732	7.53494372048915811E-002	0.20371693600915350	0.14887791578119408	-1	5.48390202279594174E-002	-1	OK
40.500000000000000	0.46753769070582896	0.27085414079450276	0.19801337517732787	7.28407656171748130E-002	0.19668354991132619	0.14372491616887106	-1	5.29586337424551301E-002	-1	OK
40.750000000000000	0.45203865799101550	0.26210813813331835	0.19167885738952772	7.04292807437906371E-002	0.18993051985769718	0.13878025492437657	-1	5.11502649333206161E-002	-1	OK
41.000000000000000	0.43713622953882469	0.25369127041833162	0.18558055358250486	6.81107168358267290E-002	0.18344495912049305	0.13403071589838525	-1	4.94142432221078010E-002	-1	OK
41.250000000000000	0.42280522757980110	0.24558941984283145	0.17970840387815765	6.58810159646738419E-002	0.17721580773696968	0.12946910629477643	-1	4.77467014421932567E-002	-1	OK
41.500000000000000	0.40902124925411026	0.23778907898787727	0.17405281548843141	6.37362634994459026E-002	0.17123217026623300	0.12508779512056090	-1	4.61443751456721007E-002	-1	OK
41.750000000000000	0.39575992014806949	0.23027738640868337	0.16860465735309096	6.16727290555923874E-002	0.16548253373938615	0.12087900094494719	-1	4.46035327944389604E-002	-1	OK
42.000000000000000	0.38299975141133147	0.22304216626832679	0.16335524965189735	5.96869166164293932E-002	0.15995758514300468	0.11683457122539732	-1	4.31230139176073529E-002	-1	OK
42.250000000000000	0.37071520300149663	0.21607182575963407	0.15829631552567877	5.77755102339553156E-002	0.15464337724186256	0.11294681846212989	-1	4.16965587797326620E-002	-1	OK
42.500000000000000	0.35889135498421254	0.20935526395583176	0.15341995850464754	5.59353054511841502E-002	0.14953609102838081	0.10920854322478533	-1	4.03275478035954732E-002	-1	OK
42.750000000000000	0.34750636562599480	0.20288196242751896	0.14871866343428367	5.41632989932352635E-002	0.14462440319847586	0.10561331279436217	-1	3.90110904041136852E-002	-1	OK
43.000000000000000	0.33653858517428897	0.19664187943805084	0.14418525430114046	5.24566251369104480E-002	0.13989670573623814	0.10215490590896935	-1	3.77417998272687877E-002	-1	OK
43.250000000000000	0.32597232438155455	0.19062540380389570	0.13981287770900433	5.08125260948913901E-002	0.13534692057765882	9.88274073929657215E-002	-1	3.65195131846930976E-002	-1	OK
43.500000000000000	0.31579185632645324	0.18482336027011470	0.13559499418266227	4.92283660874524576E-002	0.13096849605633853	9.56251584431586227E-002	-1	3.53433376131799121E-002	-1	OK
43.750000000000000	0.30598044095758342	0.17922700282577653	0.13152536778812207	4.77016350376545176E-002	0.12675343813180689	9.25428541653823961E-002	-1	3.42105839664244987E-002	-1	OK
44.000000000000000	0.29652350156263185	0.17382802058235033	0.12759805388997339	4.62299666923768823E-002	0.12269548098028150	8.95753788333729373E-002	-1	3.31201021469085671E-002	-1	OK
44.250000000000000	0.28740633864385645	0.16861848765276671	0.12380737537904478	4.48111122737220174E-002	0.11878785099108977	8.67176466678646063E-002	-1	3.20702043232251599E-002	-1	OK
44.500000000000000	0.27842544048413620	0.16359080963961231	0.12014790388234478	4.34429057572676136E-002	0.11483463084452387	8.39644045583299997E-002	-1	3.08702262861938748E-002	-1	OK
44.750000000000000	0.26995321986002813	0.15873773922239504	0.11661445488355889	4.21232843388361436E-002	0.11121548063763308	8.13119588448878300E-002	-1	2.99035217927452468E-002	-1	OK
45.000000000000000	0.26166595391301972	0.15405236867103067	0.11320207664323553	4.08502920277951168E-002	0.10761358524198905	7.87569721797225092E-002	-1	2.88566130622665423E-002	-1	OK
45.250000000000000	0.25378454481227325	0.14952809398615557	0.10990603469256383	3.96220592935917632E-002	0.10425645082611769	7.62948563120022655E-002	-1	2.79615945141154232E-002	-1	OK
45.500000000000000	0.24617524718789119	0.14515858311277002	0.10672179691786997	3.84367861948999925E-002	0.10101666407512115	7.39216312624989824E-002	-1	2.70950328126221690E-002	-1	OK
45.750000000000000	0.23883499401217784	0.14093776610890923	0.10364502807735469	3.72927380315545218E-002	9.78972279032685883E-002	7.16337158224190085E-002	-1	2.62635120808495798E-002	-1	OK
46.000000000000000	0.23174911043652641	0.13685988044068467	0.10067159228610405	3.61882881545806320E-002	9.48892299958417340E-002	6.94276288596293867E-002	-1	2.54616011362123473E-002	-1	OK
46.250000000000000	0.22490755021283076	0.13291942015621888	9.77975310881000065E-002	3.51218890681188819E-002	9.19881300566118693E-002	6.73000495375822988E-002	-1	2.46880805190295705E-002	-1	OK
46.500000000000000	0.21830164759574430	0.12911109434654044	9.50190514659382812E-002	3.40920428806021913E-002	8.91905532492038577E-002	6.52477074994847056E-002	-1	2.39428457497191521E-002	-1	OK
46.750000000000000	0.21191919993372052	0.12542984747969962	9.23325255981647386E-002	3.30973218815348996E-002	8.64893524540208958E-002	6.32675921482135084E-002	-1	2.32217603058073874E-002	-1	OK
47.000000000000000	0.20575812827803108	0.12187085298756567	8.97344813640787442E-002	3.21363716234869048E-002	8.38872752904653990E-002	6.13571378299087658E-002	-1	2.25301374605566332E-002	-1	OK
47.250000000000000	0.19980221488655839	0.11842946568908558	8.72215875339354685E-002	3.12078781551500817E-002	8.13727491974728101E-002	5.94037042758972511E-002	-1	2.19690449215755590E-002	-1	OK
47.500000000000000	0.19404505606140410	0.11510123601348544	8.47906537331774013E-002	3.03105822803080571E-002	7.89438200479186392E-002	5.76272332786626207E-002	-1	2.13165867692560185E-002	-1	OK
47.750000000000000	0.18848252579663302	0.11188190836232972	8.24386263712298950E-002	2.94432819910998671E-002	7.66006174343032975E-002	5.59121336019788862E-002	-1	2.06884838323244113E-002	-1	OK
48.000000000000000	0.18310527806033067	0.10876742063410524	8.01625840749112667E-002	2.86048365591939323E-002	7.43378574262254371E-002	5.42555213213755036E-002	-1	2.00823361048499335E-002	-1	OK
48.250000000000000	0.17790629071591063	0.10575388874236756	7.79597271517326329E-002	2.77941615906349138E-002	7.21524019735430566E-002	5.26549133857570212E-002	-1	1.94974885877860354E-002	-1	OK
48.500000000000000	0.17287287903428705	0.10283757040796997	7.58273675497602856E-002	2.70102028582096566E-002	7.00353086263170721E-002	5.11087147063996883E-002	-1	1.89265939199173838E-002	-1	OK
48.750000000000000	0.16801054685362699	0.10001488901924281	7.37629311701396284E-002	2.62519578491032038E-002	6.79956578343841878E-002	4.96149244601828757E-002	-1	1.83807333742013121E-002	-1	OK
49.000000000000000	0.16330708085587620	9.72824214377264740E-002	7.17639495912309050E-002	2.55184718464955794E-002	6.60246594181497365E-002	4.81715429721572552E-002	-1	1.78531164459924813E-002	-1	OK
49.250000000000000	0.15875651494373247	9.46368728633462664E-002	6.98280523827184696E-002	2.48088204806278141E-002	6.41196420803862022E-002	4.67765514026336551E-002	-1	1.73430906777525470E-002	-1	OK
49.500000000000000	0.15435334519923022	9.20750877933172868E-002	6.79529656022738321E-002	2.41221221910434304E-002	6.22782574059129179E-002	4.54278640577080797E-002	-1	1.68503933482048382E-002	-1	OK
49.750000000000000	0.15009138778452033	8.95940301128001215E-002	6.61365062217694616E-002	2.34575238910306842E-002	6.04973576717202019E-002	4.41240673104448602E-002	-1	1.63732903612753417E-002	-1	OK
50.000000000000000	0.14596687344849008	8.71907952188315793E-002	6.43765821806664418E-002	2.28142130381651202E-002	5.87760782296584822E-002	4.28634770479283667E-002	-1	1.59126011817301155E-002	-1	OK
50.250000000000000	0.14197412407684476	8.48625968156227345E-002	6.26711840261123115E-002	2.21914127895104056E-002	5.71115272612220323E-002	4.16444689429405004E-002	-1	1.54670583182815319E-002	-1	OK
50.500000000000000	0.13810819590748188	8.26067544303294710E-002	6.10183823098664896E-002	2.15883721204630057E-002	5.55014414771524064E-002	4.04655585384375294E-002	-1	1.50358829387148771E-002	-1	OK
50.750000000000000	0.13436455108406486	8.04207060789706440E-002	5.94163277774251916E-002	2.10043783015454594E-002	5.39438450050942070E-002	3.93253548695686878E-002	-1	1.46184901355255192E-002	-1	OK
51.000000000000000	0.13073879209844755	7.83019982790259250E-002	5.78632441555609472E-002	2.04387541234649708E-002	5.24367938194216232E-002	3.82222459804278103E-002	-1	1.42145478389938129E-002	-1	OK
51.250000000000000	0.12722669011684712	7.62482549611732535E-002	5.63574187709746724E-002	1.98908361901985777E-002	5.09784351556738582E-002	3.71549096687548569E-002	-1	1.38235254869190013E-002	-1	OK
51.500000000000000	0.12382416819754535	7.42571906157303563E-002	5.48972019897268973E-002	1.93599886260034486E-002	4.95669775818149902E-002	3.61219981289081019E-002	-1	1.34449794529068883E-002	-1	OK
51.750000000000000	0.12052738381805328	7.23266258404036411E-002	5.34810166945958523E-002	1.88456091458077853E-002	4.82007579776496387E-002	3.51222359570064757E-002	-1	1.30785220206431629E-002	-1	OK
52.000000000000000	0.11733289031076119	7.04544525772139996E-002	5.21073451169258711E-002	1.83471074602881319E-002	4.68784377335471972E-002	3.41543836000085740E-002	-1	1.27240541335386231E-002	-1	OK
52.250000000000000	0.11423682640594482	6.86386520561225733E-002	5.07747302268271167E-002	1.78639218292954566E-002	4.55981743498222458E-002	3.32172496468170486E-002	-1	1.23809247030051972E-002	-1	OK
52.500000000000000	0.11120755313870151	6.68772902218313370E-002	4.94817727471359298E-002	1.73955174746954072E-002	4.43302629168701792E-002	3.23099074265096112E-002	-1	1.20203554903605681E-002	-1	OK
52.750000000000000	0.10829875323896035	6.51685081742662820E-002	4.82271275285044293E-002	1.69413806457618318E-002	4.31302450646940741E-002	3.14311708909333423E-002	-1	1.16990741737607318E-002	-1	OK
53.000000000000000	0.10547822203850271	6.35105211361899902E-002	4.70095003823771118E-002	1.65010207538128749E-002	4.19677009023127212E-002	3.05800194982478804E-002	-1	1.13876814040648408E-002	-1	OK
53.250000000000000	0.10274298093672676	6.19016035243533935E-002	4.58276437511927134E-002	1.60739597731606766E-002	4.08413774123733628E-002	2.97554716846191412E-002	-1	1.10859057277542215E-002	-1	OK
53.500000000000000	0.10009004090102966	6.03400905995224446E-002	4.46803572729685891E-002	1.56597333265538832E-002	3.97499503015072073E-002	2.89565847183513338E-002	-1	1.07933655831558735E-002	-1	OK
53.750000000000000	9.75166115599468974E-002	5.88243970061887445E-002	4.35664898090974972E-002	1.52579071970912437E-002	3.86922145537581461E-002	2.81824771375376107E-002	-1	1.05097374162205354E-002	-1	OK
54.000000000000000	9.50199517498946378E-002	5.73529920764574985E-002	4.24849307726310188E-002	1.48680613038264953E-002	3.76669596734371462E-002	2.74323291435318965E-002	-1	1.02346305299052497E-002	-1	OK
54.250000000000000	9.25974809525785536E-002	5.59243958499946597E-002	4.14346103039813229E-002	1.44897855460133489E-002	3.66730851025838869E-002	2.67052257547584077E-002	-1	9.96785934782547928E-003	-1	OK
54.500000000000000	9.02466969486435816E-002	5.45371876867134231E-002	4.04144994753078274E-002	1.41226882114055992E-002	3.57095092619301585E-002	2.60003749505877922E-002	-1	9.70913431134236629E-003	-1	OK
54.750000000000000	8.79651973826633959E-002	5.31900056586817743E-002	3.94236082237952659E-002	1.37663974348865101E-002	3.47751917239816286E-002	2.53169918087825171E-002	-1	9.45819991519911141E-003	-1	OK
55.000000000000000	8.57506467647748960E-002	5.18815303342090514E-002	3.84609810054440393E-002	1.34205493287650225E-002	3.38691164305658376E-002	2.46543366068243050E-002	-1	9.21477982374153265E-003	-1	OK
55.250000000000000	8.36007979211512708E-002	5.06104905050034706E-002	3.75256974063728002E-002	1.30847930986306496E-002	3.29903074161478002E-002	2.40117023374500048E-002	-1	8.97860507869779542E-003	-1	OK
55.500000000000000	8.15135345253169136E-002	4.93756685133197454E-002	3.66168722334597463E-002	1.27587962798599852E-002	3.21378660119971682E-002	2.33883979153400000E-002	-1	8.74946809665716821E-003	-1	OK
55.750000000000000	7.94867675799943996E-002	4.81758867128502383E-002	3.57336517369758674E-002	1.24422349758743916E-002	3.13108808671441613E-002	2.27837609960675411E-002	-1	8.52711987107662023E-003	-1	OK
56.000000000000000	7.75184961210380052E-002	4.70100151494828727E-002	3.48752142273537832E-002	1.21348009221290756E-002	3.05084809715551290E-002	2.21971614703246403E-002	-1	8.31131950123048871E-003	-1	OK
56.250000000000000	7.56068082144063097E-002	4.58769616404377106E-002	3.40407660713056143E-002	1.18361955691321102E-002	2.97298465739686026E-002	2.16279855255140721E-002	-1	8.10186104845453045E-003	-1	OK
56.500000000000000	7.37497159537511271E-002	4.47756694563454377E-002	3.32295416263962418E-002	1.15461278299491769E-002	2.89740464974056859E-002	2.10756366655680955E-002	-1	7.89840983183759046E-003	-1	OK
56.750000000000000	7.19454648557952270E-002	4.37051232345620766E-002	3.24408033172284005E-002	1.12643199173336830E-002	2.82403416212331504E-002	2.05395635493629478E-002	-1	7.70077807187020263E-003	-1	OK
57.000000000000000	7.01924365732466138E-002	4.26643447211244309E-002	3.16738398302093063E-002	1.09905048909151211E-002	2.75280918521221760E-002	2.00192227503718928E-002	-1	7.50886910175028316E-003	-1	OK
57.250000000000000	6.84891101313330475E-002	4.16523847081160248E-002	3.09279640004376938E-002	1.07244207076783414E-002	2.68367254232170227E-002	1.95140908670352158E-002	-1	7.32263455618180695E-003	-1	OK
57.500000000000000	6.68337928171710560E-002	4.06683310260143524E-002	3.02025139939738167E-002	1.04658170320405391E-002	2.61654617911567106E-002	1.90236637356766894E-002	-1	7.14179805548002117E-003	-1	OK
57.750000000000000	6.52249209944984615E-002	3.97113102589672640E-002	2.94968525986385212E-002	1.02144576603287480E-002	2.55136107355311940E-002	1.85474559187197505E-002	-1	6.96615481681144358E-003	-1	OK
58.000000000000000	6.36610145320918308E-002	3.87804727579006692E-002	2.88103632802173062E-002	9.97010947768335425E-003	2.48805417741911547E-002	1.80850061124005895E-002	-1	6.79553566179056517E-003	-1	OK
58.250000000000000	6.21406254682758813E-002	3.78750020147195637E-002	2.81424522659235871E-002	9.73254974879596453E-003	2.42656234535563176E-002	1.76358580701141340E-002	-1	6.62976538344218352E-003	-1	OK
58.500000000000000	6.06442035504391325E-002	3.69941099962951547E-002	2.74925460830007587E-002	9.50156391329439257E-003	2.36500935541439777E-002	1.71995774382413050E-002	-1	6.45051611590267276E-003	-1	OK
58.750000000000000	5.92071944456313282E-002	3.61370356283598274E-002	2.68600910722788418E-002	9.27694455608097691E-003	2.30701588172714973E-002	1.67757454067969831E-002	-1	6.29441341047451419E-003	-1	OK
59.000000000000000	5.78096046286998011E-002	3.53030440609867421E-002	2.62445524848235849E-002	9.05849157616317111E-003	2.25065605677130590E-002	1.63639670190880958E-002	-1	6.14259354862496318E-003	-1	OK
59.250000000000000	5.64503107393115461E-002	3.44914274235423868E-002	2.56454143441083894E-002	8.84601307943401124E-003	2.19588833157691558E-002	1.59638804299686680E-002	-1	5.99500288580048779E-003	-1	OK
59.500000000000000	5.51280693967640817E-002	3.37014996033850461E-002	2.50621774092840456E-002	8.63932219410099879E-003	2.14265697933790390E-002	1.55750765191661911E-002	-1	5.85149327421284789E-003	-1	OK
59.750000000000000	5.38417551240428921E-002	3.29325956786338109E-002	2.44943593156932357E-002	8.43823636294056129E-003	2.09091594454090778E-002	1.51971943292567701E-002	-1	5.71196511615230766E-003	-1	OK
60.000000000000000	5.25902887305705197E-002	3.21840761403139539E-002	2.39414950815540033E-002	8.24258105875995753E-003	2.04062125902565623E-002	1.48298860543886347E-002	-1	5.57632653586792766E-003	-1	OK
60.250000000000000	5.13578988293082392E-002	3.14553276726030201E-002	2.34031363643963028E-002	8.05219130820671730E-003	1.99025711567052191E-002	1.44728163522254670E-002	-1	5.42975480447975209E-003	-1	OK
60.500000000000000	5.01732435974218335E-002	3.07457554544429620E-002	2.28788493388670383E-002	7.86690611557592546E-003	1.94274881429788715E-002	1.41256671290786052E-002	-1	5.30182101390026632E-003	-1	OK
60.750000000000000	4.90202900315695883E-002	3.00547840848946167E-002	2.23682147187684172E-002	7.68656936612619954E-003	1.89655059466749681E-002	1.37881117636077938E-002	-1	5.17739418306717436E-003	-1	OK
61.000000000000000	4.78980711456516439E-002	2.93818584076447932E-002	2.18708273196601723E-002	7.51103108798461573E-003	1.85162127380068542E-002	1.34598590386697126E-002	-1	5.05635369933714156E-003	-1	OK
61.250000000000000	4.68056252915472204E-002	2.87264410756549841E-002	2.13862952092323672E-002	7.34014586642261178E-003	1.80791842158922397E-002	1.31406262024935643E-002	-1	4.93855801339867541E-003	-1	OK
61.500000000000000	4.57421778094494469E-002	2.80880130038060338E-002	2.09142394459895797E-002	7.17377355781644716E-003	1.76541648056434131E-002	1.28301043119129800E-002	-1	4.82406049373043308E-003	-1	OK
61.750000000000000	4.47067376101279029E-002	2.74660712837479885E-002	2.04542933192460308E-002	7.01177796450196122E-003	1.72406663263799179E-002	1.25280441344799882E-002	-1	4.71262219189992962E-003	-1	OK
62.000000000000000	4.36984643665261074E-002	2.68601297663058486E-002	2.00061024328035790E-002	6.85402733350227479E-003	1.68383346002202589E-002	1.22341844283806248E-002	-1	4.60415017183963410E-003	-1	OK
62.250000000000000	4.27165561505292377E-002	2.62697180461303713E-002	1.95693239835023590E-002	6.70039406262800969E-003	1.64468381043988664E-002	1.19482878241874198E-002	-1	4.49855028021144653E-003	-1	OK
62.500000000000000	4.17608080167007623E-002	2.56943823871254272E-002	1.91436267580535439E-002	6.55075562907189365E-003	1.60664256295753385E-002	1.16701009857211793E-002	-1	4.39632464385415929E-003	-1	OK
62.750000000000000	4.08292882798775014E-002	2.51336860623132402E-002	1.87286907392567523E-002	6.40499532305649748E-003	1.56956022175642612E-002	1.13993740327819285E-002	-1	4.29622818478233269E-003	-1	OK
63.000000000000000	3.99218630231116187E-002	2.45872038508200830E-002	1.83242057071907848E-002	6.26299814362929301E-003	1.53346591722915374E-002	1.11358895394640355E-002	-1	4.19876963282750197E-003	-1	OK
63.250000000000000	3.90378270333476829E-002	2.40545261943814967E-002	1.79298718035304644E-002	6.12465439085103230E-003	1.49833008389661845E-002	1.08794272936571165E-002	-1	4.10387354530906794E-003	-1	OK
63.500000000000000	3.81657497524971398E-002	2.35352551889579237E-002	1.75453983978181918E-002	5.98985679113973098E-003	1.46304945635392179E-002	1.06297747640961733E-002	-1	4.00071979944304455E-003	-1	OK
63.750000000000000	3.73266952429295445E-002	2.30290046646488278E-002	1.71705040722855383E-002	5.85850059236328775E-003	1.42976905782807202E-002	1.03867269463124995E-002	-1	3.91096363196822075E-003	-1	OK
64.000000000000000	3.65084844890428556E-002	2.25354036122223343E-002	1.68049170464675129E-002	5.73048656575481877E-003	1.39730808768205195E-002	1.01500807321999661E-002	-1	3.82300014462055339E-003	-1	OK
64.250000000000000	3.57113086092294904E-002	2.20540916075772815E-002	1.64483737530791117E-002	5.60571785449817325E-003	1.36572170016522089E-002	9.91963946547707795E-003	-1	3.73757753617513094E-003	-1	OK
64.500000000000000	3.49346345381105483E-002	2.15847195588344844E-002	1.61006191454208906E-002	5.48410041341359893E-003	1.33499149792760674E-002	9.69522883434563096E-003	-1	3.65468614493043645E-003	-1	OK
64.750000000000000	3.41654639182117220E-002	2.11269511353526854E-002	1.57614065484287975E-002	5.36554458692388436E-003	1.30385127828590401E-002	9.47667002524880953E-003	-1	3.56184275761023059E-003	-1	OK
65.000000000000000	3.34276805973813748E-002	2.06804584481473201E-002	1.54304966249367830E-002	5.24996182321053710E-003	1.27472221492340530E-002	9.26379025755480132E-003	-1	3.48343189167925164E-003	-1	OK
65.250000000000000	3.27083627045237635E-002	2.02449261223216145E-002	1.51076580965943848E-002	5.13726802572722629E-003	1.24634365822021490E-002	9.05642239036102796E-003	-1	3.40701419184112099E-003	-1	OK
65.500000000000000	3.20069869691048670E-002	1.98200485475024772E-002	1.47926666577303002E-002	5.02738188977217351E-003	1.21869384216023880E-002	8.85441199920274785E-003	-1	3.33252642239964016E-003	-1	OK
65.750000000000000	3.13230409884490829E-002	1.94055289727616334E-002	1.44853048483889382E-002	4.92022412437269005E-003	1.19175120156874512E-002	8.65761888410609970E-003	-1	3.25989313158135154E-003	-1	OK
66.000000000000000	3.06560348967858873E-002	1.90010797197063472E-002	1.41853619172407335E-002	4.81571780246560846E-003	1.16549551770795401E-002	8.46587059031902837E-003	-1	3.18908458676051172E-003	-1	OK
66.250000000000000	3.00054894757399819E-002	1.86064200585361120E-002	1.38926332071650574E-002	4.71378685137105805E-003	1.13990694172038699E-002	8.27902188478829397E-003	-1	3.12004753241557596E-003	-1	OK
66.500000000000000	2.93704616528939824E-002	1.82212792775490046E-002	1.36069207003244996E-002	4.61435857722450500E-003	1.11491823753449796E-002	8.09691918885858779E-003	-1	3.05226318648639180E-003	-1	OK
66.750000000000000	2.87514720454534675E-002	1.78453945882338927E-002	1.33280324890298271E-002	4.51736209920406556E-003	1.09060774572195766E-002	7.88076720200173685E-003	-1	3.02531025521783972E-003	-1	OK
67.000000000000000	2.81473047845105448E-002	1.74785117493421148E-002	1.30557827332596302E-002	4.42272901608248628E-003	1.06687930351684300E-002	7.70852990156415622E-003	-1	2.96026313360427378E-003	-1	OK
67.250000000000000	2.75581458772099289E-002	1.71203873911361555E-002	1.27899921362656342E-002	4.33039525487052390E-003	1.04377584860737716E-002	7.54062261336475859E-003	-1	2.89713587270901303E-003	-1	OK
67.500000000000000	2.69832920957764587E-002	1.67707851154353313E-002	1.25304863744067664E-002	4.24029874102856662E-003	1.02125069803411274E-002	7.37692810814349204E-003	-1	2.83557887219763535E-003	-1	OK
67.750000000000000	2.64223342770821476E-002	1.64294734708529712E-002	1.22770959061699290E-002	4.15237756468304301E-003	9.99286080622917815E-003	7.21732669365619285E-003	-1	2.77553411257298530E-003	-1	OK
68.000000000000000	2.58748928670728823E-002	1.60962283391254957E-002	1.20296564710185693E-002	4.06657186810692808E-003	9.77866452794738661E-003	7.06168929660789396E-003	-1	2.71697523133949265E-003	-1	OK
68.250000000000000	2.53406057807025326E-002	1.57708332079378871E-002	1.17880088037044754E-002	3.98282440423340656E-003	9.56977257276464370E-003	6.90991168742896133E-003	-1	2.65986088533568237E-003	-1	OK
68.500000000000000	2.48190961456847825E-002	1.54530773118601097E-002	1.15519982018530681E-002	3.90107911000704254E-003	9.36601883382467450E-003	6.76188598378688575E-003	-1	2.60413285003778874E-003	-1	OK
68.750000000000000	2.43100257724092952E-002	1.51427550625894917E-002	1.13214743037744776E-002	3.82128075881501455E-003	9.16727070981980356E-003	6.61750746753690753E-003	-1	2.54976324228289603E-003	-1	OK
69.000000000000000	2.38130488287643036E-002	1.48396662659937891E-002	1.10962912191627759E-002	3.74337504683101190E-003	8.97338256277051619E-003	6.47667961644229993E-003	-1	2.49670294632821626E-003	-1	OK
69.250000000000000	2.33278399752628388E-002	1.45436179480361617E-002	1.08763077897375202E-002	3.66731015829863897E-003	8.78422202722667876E-003	6.33930378002405762E-003	-1	2.44491824720262114E-003	-1	OK
69.500000000000000	2.28540839615565677E-002	1.42544242011917559E-002	1.06613873850845541E-002	3.59303681610720479E-003	8.59965976036481360E-003	6.20528005587370982E-003	-1	2.39437970449110377E-003	-1	OK
69.750000000000000	2.23914638402438228E-002	1.39719039759572047E-002	1.04513971873968891E-002	3.52050678856031867E-003	8.41955986428661804E-003	6.07451796707933304E-003	-1	2.34504189720728499E-003	-1	OK
70.000000000000000	2.19396983590485276E-002	1.36958824044725487E-002	1.02462086246727837E-002	3.44967377979976285E-003	8.24381595457597885E-003	5.94692905384311757E-003	-1	2.29688690073286128E-003	-1	OK
70.250000000000000	2.14984938749750720E-002	1.34261912862210023E-002	1.00456970057553625E-002	3.38049428046563807E-003	8.07230258875407149E-003	5.82242635137433014E-003	-1	2.24987623737974134E-003	-1	OK
70.500000000000000	2.10675683132868080E-002	1.31626650064764240E-002	9.84974071244815348E-003	3.31292429402826882E-003	7.90490330681038224E-003	5.70092640904769788E-003	-1	2.20397689776268436E-003	-1	OK
70.750000000000000	2.06466495963326495E-002	1.29051425019250082E-002	9.65822163467753257E-003	3.24692086724747775E-003	7.74150709440764133E-003	5.58234720253163608E-003	-1	2.15915989187600525E-003	-1	OK
71.000000000000000	2.02354940374070424E-002	1.26534674485779021E-002	9.47102514694633801E-003	3.18244230163155844E-003	7.58202658882914035E-003	5.46660883853937116E-003	-1	2.11541775028976919E-003	-1	OK
71.250000000000000	1.98338229095294111E-002	1.24074883458495759E-002	9.28803996848293068E-003	3.11944837736663786E-003	7.42633456367983603E-003	5.35363370242721102E-003	-1	2.07270086125262501E-003	-1	OK
71.500000000000000	1.94413816933258383E-002	1.21670582845566019E-002	9.10915806073509492E-003	3.05790022382150528E-003	7.27432340876923555E-003	5.24334711227100563E-003	-1	2.03097629649822992E-003	-1	OK
71.750000000000000	1.90579381305133258E-002	1.19320345550946519E-002	8.93427449444782022E-003	2.99776006064683079E-003	7.12590357541867479E-003	5.13567692214369521E-003	-1	1.99022665327497957E-003	-1	OK
72.000000000000000	1.86832548262957886E-002	1.17022780568225310E-002	8.76328730068309282E-003	2.93899075613944039E-003	6.98097676947325753E-003	5.03055332087894679E-003	-1	1.95042344859431074E-003	-1	OK
72.250000000000000	1.83171010670024892E-002	1.14776542213487799E-002	8.59609758851936911E-003	2.88155663282940906E-003	6.83944684565371015E-003	4.92790716183371270E-003	-1	1.91153968381999745E-003	-1	OK
72.500000000000000	1.79592465639700528E-002	1.12580320574305667E-002	8.43260918967211545E-003	2.82542286775844947E-003	6.70121450653948705E-003	4.82767329766301684E-003	-1	1.87354120887647021E-003	-1	OK
72.750000000000000	1.76094817790878877E-002	1.10432842873769491E-002	8.27272870718985705E-003	2.77055558018709158E-003	6.56619749171093777E-003	4.72978652459329907E-003	-1	1.83641096711763870E-003	-1	OK
73.000000000000000	1.72676010604322777E-002	1.08332881285048074E-002	8.11636563077940652E-003	2.71692249772540048E-003	6.43431293192746855E-003	4.63418461542374534E-003	-1	1.80012831650372320E-003	-1	OK
73.250000000000000	1.69334066570853425E-002	1.06279253035797897E-002	7.96343212974801040E-003	2.66449317383177968E-003	6.30548135350555462E-003	4.54080717706578652E-003	-1	1.76467417643976811E-003	-1	OK
73.500000000000000	1.66067007589998476E-002	1.04270792886257679E-002	7.81384242391195381E-003	2.61323686471381499E-003	6.17962147037407969E-003	4.44960194813944984E-003	-1	1.73001952223462985E-003	-1	OK
73.750000000000000	1.62872929898747708E-002	1.02306368041665333E-002	7.66751313464817102E-003	2.56312366951836311E-003	6.05665618570823665E-003	4.36050689525383731E-003	-1	1.69614929045439934E-003	-1	OK
74.000000000000000	1.59748195343242527E-002	1.00384874082721579E-002	7.52436317071263072E-003	2.51412423755952540E-003	5.93633212605209661E-003	4.27346545409854929E-003	-1	1.66286667195354732E-003	-1	OK
74.250000000000000	1.56694602929302665E-002	9.85052362132086967E-003	7.38431365584625143E-003	2.46620996547461651E-003	5.81893667160939855E-003	4.18842387356580925E-003	-1	1.63051279804358931E-003	-1	OK
74.500000000000000	1.53708582828582657E-002	9.66664171847923456E-003	7.24728817919058788E-003	2.41935353928864711E-003	5.70421656437903116E-003	4.10533011276267672E-003	-1	1.59888645161635444E-003	-1	OK
74.750000000000000	1.50788430704342502E-002	9.48674110579382848E-003	7.11321242075613983E-003	2.37352868503769255E-003	5.59210196464042172E-003	4.02414513157859418E-003	-1	1.56795683306182754E-003	-1	OK
75.000000000000000	1.47935820956011793E-002	9.31072331352165300E-003	6.98201400618675330E-003	2.32870930733489970E-003	5.48285878207952632E-003	3.94481342803452983E-003	-1	1.53804535404499648E-003	-1	OK
75.250000000000000	1.45144569295424172E-002	9.13849321272078297E-003	6.85362263414326500E-003	2.28487057857751797E-003	5.37596371682163340E-003	3.86728166070976140E-003	-1	1.50868205611187200E-003	-1	OK
75.500000000000000	1.42412646723523023E-002	8.96995755934801471E-003	6.72796978669960594E-003	2.24198777264840920E-003	5.27130711300428847E-003	3.79150356600793182E-003	-1	1.47980354699635665E-003	-1	OK
75.750000000000000	1.39740242688848604E-002	8.80502530443849109E-003	6.60498880718210068E-003	2.20003649725639041E-003	5.16899896444636842E-003	3.71743402639805902E-003	-1	1.45156493804830941E-003	-1	OK
76.000000000000000	1.37125910785801559E-002	8.64360865662340550E-003	6.48461509577144199E-003	2.15899356085196611E-003	5.06898242195674958E-003	3.64503074677968806E-003	-1	1.42395167517706152E-003	-1	OK
76.250000000000000	1.34568130051951826E-002	8.48562382748268076E-003	6.36678611814316987E-003	2.11883770933951133E-003	4.97118917771250182E-003	3.57425470203561304E-003	-1	1.39693447567688879E-003	-1	OK
76.500000000000000	1.32065571827824618E-002	8.33098823850487308E-003	6.25144066866589916E-003	2.07954756983897001E-003	4.87556894427758868E-003	3.50505899515648946E-003	-1	1.37050994912109921E-003	-1	OK
76.750000000000000	1.29616898767082635E-002	8.17962106299922019E-003	6.13851906641623909E-003	2.04110199658297893E-003	4.78206881370904415E-003	3.43739196945019301E-003	-1	1.34467684425885114E-003	-1	OK
77.000000000000000	1.27220790713431890E-002	8.03144347392019398E-003	6.02796320520368033E-003	2.00348026871651191E-003	4.69063559742299418E-003	3.37122703151034172E-003	-1	1.31940856591265246E-003	-1	OK
77.250000000000000	1.24873920625031068E-002	7.88637854592721434E-003	5.91971652984960104E-003	1.96666201607761243E-003	4.60101351657589332E-003	3.30652724781912120E-003	-1	1.29448626875677212E-003	-1	OK
77.500000000000000	1.22577633939270729E-002	7.74435108667942147E-003	5.81372394957908011E-003	1.93062713710034114E-003	4.51341230724765230E-003	3.24325587993485242E-003	-1	1.27015642731279988E-003	-1	OK
77.750000000000000	1.20331778043100274E-002	7.60528886030657249E-003	5.70993206755868263E-003	1.89535679274789007E-003	4.42788894400345488E-003	3.18136716655680355E-003	-1	1.24652177744665133E-003	-1	OK
78.000000000000000	1.18133536364466839E-002	7.46912152375687512E-003	5.60828892643637847E-003	1.86083259732049903E-003	4.34423211268980883E-003	3.12082552675011773E-003	-1	1.22340658593969110E-003	-1	OK
78.250000000000000	1.15981335324017304E-002	7.33578070516166525E-003	5.50874393181637317E-003	1.82703677334529295E-003	4.26235282724006428E-003	3.06160907600831452E-003	-1	1.20074375123174976E-003	-1	OK
78.500000000000000	1.13874909531676768E-002	7.20520003254309510E-003	5.41124791682187981E-003	1.79395211572121465E-003	4.18229092062458261E-003	3.00368698717015528E-003	-1	1.17860393345442733E-003	-1	OK
78.750000000000000	1.11812771267271356E-002	7.07731504664974205E-003	5.31575294705946989E-003	1.76156209959027195E-003	4.10396208007739443E-003	2.94702593234769886E-003	-1	1.15693614772969557E-003	-1	OK
79.000000000000000	1.09793891769283808E-002	6.95206202622345587E-003	5.22221209587791189E-003	1.72984993034554549E-003	4.02732715070492405E-003	2.89159418191320319E-003	-1	1.13573296879172086E-003	-1	OK
79.250000000000000	1.07817198138069996E-002	6.82937866217524312E-003	5.13057965397275412E-003	1.69879900820248792E-003	3.95234115163175560E-003	2.83736155758215931E-003	-1	1.11497959404959629E-003	-1	OK
79.500000000000000	1.05881687515480619E-002	6.70920463509826984E-003	5.04081122286030320E-003	1.66839341223796252E-003	3.87896411644979159E-003	2.78429577358875295E-003	-1	1.09466834286103864E-003	-1	OK
79.750000000000000	1.03986391696090121E-002	6.59148153402484491E-003	4.95286362272102324E-003	1.63861791130382102E-003	3.80715763558416628E-003	2.73236819424859745E-003	-1	1.07478944133556882E-003	-1	OK
80.000000000000000	1.02130403224488884E-002	6.47615279150189765E-003	4.86669487186353316E-003	1.60945791963836471E-003	3.73688753094699073E-003	2.68156431178463153E-003	-1	1.05532321916235921E-003	-1	OK
80.250000000000000	1.00312749733162954E-002	6.36316328442948324E-003	4.78226404837638411E-003	1.58089923605309935E-003	3.66811168888681212E-003	2.63185063084296839E-003	-1	1.03626105804384373E-003	-1	OK
80.500000000000000	9.85325172925581583E-003	6.25245874446842681E-003	4.69953116764185077E-003	1.55292757682657604E-003	3.60079298478738988E-003	2.58319682926701384E-003	-1	1.01759615552037604E-003	-1	OK
80.750000000000000	9.67877420788862929E-003	6.14398629514790497E-003	4.61845727854783440E-003	1.52552901660007144E-003	3.53478791274072389E-003	2.53347370521999574E-003	-1	1.00131420752072814E-003	-1	OK
81.000000000000000	9.50797793068193856E-003	6.03769473849512413E-003	4.53900452371878114E-003	1.49869021477634320E-003	3.47028319218681530E-003	2.48689887973856669E-003	-1	9.83384312448248605E-004	-1	OK
81.250000000000000	9.34065884952064995E-003	5.93353382705648445E-003	4.46113591978303074E-003	1.47239790727345522E-003	3.40712502246416464E-003	2.44130864903569856E-003	-1	9.65816373428466084E-004	-1	OK
81.500000000000000	9.17673239057004674E-003	5.83145503295638343E-003	4.38481556810028060E-003	1.44663946485610196E-003	3.34527735761366287E-003	2.39667953687576919E-003	-1	9.48597820737893688E-004	-1	OK
81.750000000000000	9.01613301372762056E-003	5.73141146826168166E-003	4.31000853092191639E-003	1.42140293733976526E-003	3.28472154546593847E-003	2.35298910486074009E-003	-1	9.31732440605198380E-004	-1	OK
82.000000000000000	8.85878466800018097E-003	5.63335719794646767E-003	4.23668066079457579E-003	1.39667653715189145E-003	3.22542747005371286E-003	2.31021442688747209E-003	-1	9.15213043166240772E-004	-1	OK
82.250000000000000	8.70461247930606058E-003	5.53724679426070929E-003	4.16479854462119357E-003	1.37244824963951529E-003	3.16736568504535129E-003	2.26833393879379008E-003	-1	8.99031746251561202E-004	-1	OK
82.500000000000000	8.55354334109159967E-003	5.44303615916953264E-003	4.09432966758023053E-003	1.34870649158930211E-003	3.11050718192206789E-003	2.22732936736959103E-003	-1	8.83177814552476865E-004	-1	OK
82.750000000000000	8.40550490021848944E-003	5.35068222295146181E-003	4.02524233523119356E-003	1.32543988772026891E-003	3.05482267726702762E-003	2.18717332728820581E-003	-1	8.67649349978821816E-004	-1	OK
83.000000000000000	8.26042775130231971E-003	5.26014352827736120E-003	3.95750564925722356E-003	1.30263787902013765E-003	3.00028422302495937E-003	2.14784923267070460E-003	-1	8.52434990354254771E-004	-1	OK
83.250000000000000	8.11824361772460826E-003	5.17137929477763745E-003	3.89108949683358678E-003	1.28028979794405089E-003	2.94686432294697124E-003	2.10933750770880358E-003	-1	8.37526815238167667E-004	-1	OK
83.500000000000000	7.97888809790030760E-003	5.08435043161655637E-003	3.82596468623141702E-003	1.25838574538513978E-003	2.89453766628375124E-003	2.07161953365086592E-003	-1	8.22918132632885317E-004	-1	OK
83.750000000000000	7.84229502916154383E-003	4.99901849240110170E-003	3.76210265116424776E-003	1.23691584123685285E-003	2.84327653676044257E-003	2.03467587980442300E-003	-1	8.08600656956019563E-004	-1	OK
84.000000000000000	7.70840417004929612E-003	4.91534567356082062E-003	3.69947545445502637E-003	1.21587021910579511E-003	2.79305849648847594E-003	1.99848913364111726E-003	-1	7.94569362847358674E-004	-1	OK
84.250000000000000	7.57715590032612390E-003	4.83329491065823645E-003	3.63805580290478417E-003	1.19523910775345141E-003	2.74386098966788745E-003	1.96304210533192625E-003	-1	7.80818884335961194E-004	-1	OK
84.500000000000000	7.44856553335651247E-003	4.75283006485916013E-003	3.57781710760366606E-003	1.17501295725549429E-003	2.69573546849735234E-003	1.92831540545946407E-003	-1	7.67420063037888272E-004	-1	OK
84.750000000000000	7.32242156698372296E-003	4.67391614796861324E-003	3.51873351746023483E-003	1.15518263050837775E-003	2.64850541901510972E-003	1.89429448078568658E-003	-1	7.54210938229423139E-004	-1	OK
85.000000000000000	7.19873712864817737E-003	4.59651907954080393E-003	3.46077983046915415E-003	1.13573924907164913E-003	2.60221804910737301E-003	1.86096338334116977E-003	-1	7.41254665766203236E-004	-1	OK
85.250000000000000	7.07746584597531564E-003	4.52060607945384534E-003	3.40393156126596362E-003	1.11667451818788259E-003	2.55685976652147073E-003	1.82830757448781316E-003	-1	7.28552192033657571E-004	-1	OK
85.500000000000000	6.95855636679431656E-003	4.44614506399607350E-003	3.34816477521815772E-003	1.09798028877791621E-003	2.51241130279824349E-003	1.79631055131006440E-003	-1	7.16100751488179090E-004	-1	OK
85.750000000000000	6.84195646744803921E-003	4.37310443504152976E-003	3.29345603749706031E-003	1.07964839754446902E-003	2.46885203240650945E-003	1.76495700031254767E-003	-1	7.03895032093961774E-004	-1	OK
86.000000000000000	6.72761450640077530E-003	4.30145306239236320E-003	3.23978241850865142E-003	1.06167064388371112E-003	2.42616144400841210E-003	1.73423228350859512E-003	-1	6.91929160499816977E-004	-1	OK
86.250000000000000	6.61547969081313636E-003	4.23116065528830569E-003	3.18712157107126732E-003	1.04403908421703837E-003	2.38431903552483023E-003	1.70412213281405421E-003	-1	6.80196902710776020E-004	-1	OK
86.500000000000000	6.50550391728365804E-003	4.16219784084995853E-003	3.13545173036398244E-003	1.02674611048597609E-003	2.34330607643369907E-003	1.67461319086950524E-003	-1	6.68692885564193835E-004	-1	OK
86.750000000000000	6.39764057175580374E-003	4.09453598240975061E-003	3.08475167534921725E-003	1.00978430706053380E-003	2.30310458934605356E-003	1.64569481842653884E-003	-1	6.57409770919514715E-004	-1	OK
87.000000000000000	6.29184329214860748E-003	4.02814728979989690E-003	3.03500072666958859E-003	9.93146563130308533E-004	2.26369600234871014E-003	1.61735202917185684E-003	-1	6.46343973176853300E-004	-1	OK
87.250000000000000	6.18798962090702162E-003	3.96300452319355880E-003	2.98617870499525697E-003	9.76825818198303339E-004	2.22498509771346283E-003	1.58957000948161515E-003	-1	6.35415088231847678E-004	-1	OK
87.500000000000000	6.08626767744566317E-003	3.89908151653321940E-003	2.93826595962766359E-003	9.60815556905556022E-004	2.18718616091244421E-003	1.56233727102438784E-003	-1	6.24848889888056369E-004	-1	OK
87.750000000000000	5.98640632849901325E-003	3.83635219519259073E-003	2.89124316864356780E-003	9.45109026549022604E-004	2.15005413330642253E-003	1.53564066276902435E-003	-1	6.14413470537398176E-004	-1	OK
88.000000000000000	5.88843803788673213E-003	3.77479097240229679E-003	2.84509144813025914E-003	9.29699524272037761E-004	2.11364706548443533E-003	1.50946789804727024E-003	-1	6.04179167437165088E-004	-1	OK
88.250000000000000	5.79232118501437146E-003	3.71437279080317866E-003	2.79979234954615261E-003	9.14580441257026159E-004	2.07794839421119324E-003	1.48380733579003940E-003	-1	5.94141058421153835E-004	-1	OK
88.500000000000000	5.69775545101511988E-003	3.65507330072477495E-003	2.75532792868498667E-003	8.99745372039787513E-004	2.04268215029034450E-003	1.45864820992087744E-003	-1	5.84033940369467052E-004	-1	OK
88.750000000000000	5.60522609667708435E-003	3.59686911068655231E-003	2.71168074612416175E-003	8.85188364562390336E-004	2.00835698599053205E-003	1.43397909402423148E-003	-1	5.74377891966300564E-004	-1	OK
89.000000000000000	5.51442857834591807E-003	3.53973739325554645E-003	2.66883376670022784E-003	8.70903626555317198E-004	1.97469118509037162E-003	1.40978927197026927E-003	-1	5.64901913120102349E-004	-1	OK
89.250000000000000	5.42529018274929761E-003	3.48365561598334766E-003	2.62677028122279858E-003	8.56885334760549189E-004	1.94163456676594974E-003	1.38606633565150099E-003	-1	5.55568231114448750E-004	-1	OK
89.500000000000000	5.33785508791756805E-003	3.42860179152817794E-003	2.58547398682919738E-003	8.43127804698981108E-004	1.90925329638938967E-003	1.36280144213606264E-003	-1	5.46451854253327029E-004	-1	OK
89.750000000000000	5.25204664051135642E-003	3.37455443793045632E-003	2.54492893749108662E-003	8.29625500439369048E-004	1.87749220258090011E-003	1.33998410735931481E-003	-1	5.37508095221585300E-004	-1	OK
90.000000000000000	5.16783245903988837E-003	3.32149260597676931E-003	2.50511961211276292E-003	8.16372993864007148E-004	1.84633985306311885E-003	1.31760514967016549E-003	-1	5.28734703392953363E-004	-1	OK
90.250000000000000	5.08517782215274494E-003	3.26939592343123558E-003	2.46603083627507016E-003	8.03365087156165643E-004	1.81578189872150936E-003	1.29565511698156890E-003	-1	5.20126781739940454E-004	-1	OK
90.500000000000000	5.00405214731874416E-003	3.21824448459263890E-003	2.42764781086713581E-003	7.90596673725503193E-004	1.78580766272610570E-003	1.27412499189932674E-003	-1	5.11682670826778957E-004	-1	OK
90.750000000000000	4.92442231307624670E-003	3.16801905755611894E-003	2.38995610936133460E-003	7.78062948194783804E-004	1.75640325552012732E-003	1.25300550823490811E-003	-1	5.03397747285219211E-004	-1	OK
91.000000000000000	4.84625657836925457E-003	3.11870058706870817E-003	2.35294155994522462E-003	7.65759027123483226E-004	1.72755599130054618E-003	1.23228741470398197E-003	-1	4.95268576596564212E-004	-1	OK
91.250000000000000	4.76952553432033639E-003	3.07027036005353120E-003	2.31659029207681747E-003	7.53680067976713838E-004	1.69925517426680541E-003	1.21196316457119644E-003	-1	4.87292009695608963E-004	-1	OK
91.500000000000000	4.69416298599224877E-003	3.02271017800958544E-003	2.28088877921624059E-003	7.41821398793344306E-004	1.67145280798266355E-003	1.19202381194329814E-003	-1	4.79428996039365412E-004	-1	OK
91.750000000000000	4.62020802859121338E-003	2.97600223500594282E-003	2.24582380667461999E-003	7.30178428331323482E-004	1.64420579358527013E-003	1.17246112428251708E-003	-1	4.71744669302753047E-004	-1	OK
92.000000000000000	4.54759702057992883E-003	2.93012901176619876E-003	2.21138241955820417E-003	7.18746592207993940E-004	1.61746800881373051E-003	1.15326705960983847E-003	-1	4.64200949203892035E-004	-1	OK
92.250000000000000	4.47630364694772808E-003	2.88507347773327497E-003	2.17755201697640913E-003	7.07521460756865405E-004	1.59123016921445311E-003	1.13443369347963484E-003	-1	4.56796475734818274E-004	-1	OK
92.500000000000000	4.40630090714074461E-003	2.84081919638015830E-003	2.14432029137098497E-003	6.96498905009173327E-004	1.56548171076058631E-003	1.11595339911577693E-003	-1	4.49528311644809388E-004	-1	OK
92.750000000000000	4.33756324037660665E-003	2.79734988799810319E-003	2.11167519274897166E-003	6.85674695249130993E-004	1.54021335237850368E-003	1.09781871430165274E-003	-1	4.42394638076850939E-004	-1	OK
93.000000000000000	4.27006284848755781E-003	2.75464980353224646E-003	2.07960497510879241E-003	6.75044828423453395E-004	1.51541304495531179E-003	1.08002306138627242E-003	-1	4.35389983569039367E-004	-1	OK
93.250000000000000	4.20377457226993063E-003	2.71270349102542205E-003	2.04809814159947296E-003	6.64605349425949517E-004	1.49107108124450880E-003	1.06255941343423718E-003	-1	4.28511667810271618E-004	-1	OK
93.500000000000000	4.13867488123784415E-003	2.67149606189631987E-003	2.01714349119616609E-003	6.54352570700153665E-004	1.46717881934152407E-003	1.04541993411261637E-003	-1	4.21758885228907697E-004	-1	OK
93.750000000000000	4.07473954151494136E-003	2.63101282602241481E-003	1.98673003599625364E-003	6.44282790026162039E-004	1.44372671549252611E-003	1.02859818617876807E-003	-1	4.15128529313758040E-004	-1	OK
94.000000000000000	4.01194476743081587E-003	2.59123927474441381E-003	1.95684699587754182E-003	6.34392278866872418E-004	1.42070549268640206E-003	1.01208910264464027E-003	-1	4.08616390041761793E-004	-1	OK
94.250000000000000	3.95026729951784492E-003	2.55216114217434679E-003	1.92748381557206086E-003	6.24677326602285387E-004	1.39810615734349791E-003	9.95886658855825880E-004	-1	4.02219498487672031E-004	-1	OK
94.500000000000000	3.88963681159444890E-003	2.51376445665815827E-003	1.89863018415655687E-003	6.15134272501601399E-004	1.37587235493629042E-003	9.79981305051705245E-004	-1	3.95891049884585173E-004	-1	OK
94.750000000000000	3.83012722882314707E-003	2.47603585641335876E-003	1.87027607580757564E-003	6.05759780605783231E-004	1.35409137240978810E-003	9.64367316791486643E-004	-1	3.89724055618301452E-004	-1	OK
95.000000000000000	3.77166872683280981E-003	2.43896209643519862E-003	1.84241164016525844E-003	5.96550456269940178E-004	1.33270663039761097E-003	9.49038810767625159E-004	-1	3.83667819629985815E-004	-1	OK
95.250000000000000	3.71424033515063094E-003	2.40253032748466650E-003	1.81502727334208495E-003	5.87503054142581439E-004	1.31171000766596422E-003	9.33989860190274348E-004	-1	3.77720147475689872E-004	-1	OK
95.500000000000000	3.65782139457585236E-003	2.36672785146296340E-003	1.78811354936236769E-003	5.78614302100595489E-004	1.29109354311288897E-003	9.19214578611994917E-004	-1	3.71878964500894048E-004	-1	OK
95.750000000000000	3.60239149626155825E-003	2.33154225546651104E-003	1.76166125498104765E-003	5.69881000485463612E-004	1.27084924079504721E-003	9.04707471336947916E-004	-1	3.66141769458099291E-004	-1	OK
96.000000000000000	3.54802790852391499E-003	2.29696148192547016E-003	1.73566140346120097E-003	5.61300078464268539E-004	1.25106642659844483E-003	8.90463081846396172E-004	-1	3.60603344752048662E-004	-1	OK
96.250000000000000	3.49451631655674482E-003	2.26297370177275942E-003	1.71010517595314004E-003	5.52868525819619162E-004	1.23154261478398519E-003	8.76476041814932649E-004	-1	3.55066572969052539E-004	-1	OK
96.500000000000000	3.44193599362518487E-003	2.22956725917838059E-003	1.68498395238860258E-003	5.44583306789777569E-004	1.21236873444680450E-003	8.62741143321440855E-004	-1	3.49627591125363643E-004	-1	OK
96.750000000000000	3.39026847911391011E-003	2.19673081350012928E-003	1.66028929801470071E-003	5.36441515485428129E-004	1.19353766561378105E-003	8.49253558124306220E-004	-1	3.44284107489474826E-004	-1	OK
97.000000000000000	3.33949534632710290E-003	2.16445320653358819E-003	1.63601296533366679E-003	5.28440241199921177E-004	1.17504213979351471E-003	8.36007900442177791E-004	-1	3.39034239351336921E-004	-1	OK
97.250000000000000	3.28966348420174854E-003	2.13272385544707862E-003	1.61214694381379108E-003	5.20576911633287330E-004	1.15693962875466991E-003	8.22999264194722887E-004	-1	3.33940364559947027E-004	-1	OK
97.500000000000000	3.24056293985186018E-003	2.10153212841693478E-003	1.58868332135240868E-003	5.12848807064526639E-004	1.13903081143492562E-003	8.10222856472940078E-004	-1	3.28807954961985545E-004	-1	OK
97.750000000000000	3.19237101467114738E-003	2.07086757684309553E-003	1.56561436696802097E-003	5.05253209875074672E-004	1.12150343782805207E-003	7.97673989644449768E-004	-1	3.23829448183602297E-004	-1	OK
98.000000000000000	3.14506667821464695E-003	2.04072009030997412E-003	1.54293252415217534E-003	4.97787566157798563E-004	1.10434658790467305E-003	7.85348388949282453E-004	-1	3.18998198955390598E-004	-1	OK
98.250000000000000	3.09851125298641608E-003	2.01107961984651855E-003	1.52063038571567666E-003	4.90449234130841891E-004	1.08743163313989753E-003	7.73241372442690111E-004	-1	3.14190260697207418E-004	-1	OK
98.500000000000000	3.05275088400036154E-003	1.98193654734874890E-003	1.49870074854649383E-003	4.83235798802254910E-004	1.07081433665161285E-003	7.61348445527788289E-004	-1	3.09465891123824558E-004	-1	OK
98.750000000000000	3.00777023525514425E-003	1.95328133293009047E-003	1.47713652648024199E-003	4.76144806449848104E-004	1.05448890232505399E-003	7.49665332348348548E-004	-1	3.04823569976705447E-004	-1	OK
99.000000000000000	2.96355434975580784E-003	1.92510480360964993E-003	1.45593084058020790E-003	4.69173963029441649E-004	1.03844954614615769E-003	7.38187851571521156E-004	-1	3.00261694574636539E-004	-1	OK
99.250000000000000	2.92005677155092978E-003	1.89739801823490557E-003	1.43507693414539035E-003	4.62321084089515537E-004	1.02265875331602400E-003	7.26911899854456797E-004	-1	2.95746853461567203E-004	-1	OK
99.500000000000000	2.87732696577315669E-003	1.87015201356354496E-003	1.41456816370758888E-003	4.55583849855955918E-004	1.00717495220961173E-003	7.15833493332680183E-004	-1	2.91341458876931544E-004	-1	OK
99.750000000000000	2.83531870614473023E-003	1.84335810648657197E-003	1.39439803660713966E-003	4.48960069879432140E-004	9.91960599658158262E-004	7.04948720172690743E-004	-1	2.87011879485467520E-004	-1	OK
100.00000000000000	2.79401844297508251E-003	1.81700769038551377E-003	1.37456017586584092E-003	4.42447514519673179E-004	9.77010752589568951E-004	6.94253756122114826E-004	-1	2.82756996467454125E-004	-1	OK
