#pt	totcs	totdirect	directLO	directNLO	totfrag	fragLO	err_fragLO	fragNLO	err_fragNLO	errmess
0.50000000000000000	38280664.779901855	-2882719.9560188856	4350645.6194388168	-7233365.5754577024	41163384.735920742	14619642.855558550	-1	26543741.880362190	-1	Error
0.75000000000000000	5577194.5316375326	520401.35268982197	1088528.2953999036	-568126.94271008181	5056793.1789477104	1728466.9316600668	-1	3328326.2472876436	-1	Error
1.0000000000000000	1273808.1699279882	302057.96199906367	324400.34894474910	-22342.386945685517	971750.20792892459	334050.31871231395	-1	637699.88921661070	-1	Error
1.2500000000000000	394030.10657285171	135923.02934800478	114626.58245111043	21296.446896894377	258107.07722484693	88898.013755302600	-1	169209.06346954434	-1	Error
1.5000000000000000	147160.42885496252	62373.045816195081	46132.021171355402	16241.024644839667	84787.383038767424	28947.436651325974	-1	55839.946387441450	-1	Error
1.7500000000000000	62677.471374113193	30229.728665381597	20561.784474360727	9667.9441910208807	32447.742708731595	11086.552089011551	-1	21361.190619720044	-1	Error
2.0000000000000000	29415.477962502366	15460.617087337348	9917.8784521149519	5542.7386352224003	13954.860875165017	4748.5599409570850	-1	9206.3009342079313	-1	Error
2.2500000000000000	14825.521990439353	8294.0875846958334	5094.4678580749833	3199.6197266208474	6531.4344057435183	2219.5051767004979	-1	4311.9292290430203	-1	Error
2.5000000000000000	7914.5683153461705	4637.6674855018264	2754.4523314842936	1883.2151540175339	3276.9008298443441	1107.4006382716170	-1	2169.5001915727271	-1	Error
2.7500000000000000	4422.1275098651276	2687.7985515391101	1553.9966568925106	1133.8018946465991	1734.3289583260180	584.84549904007281	-1	1149.4834592859452	-1	Error
3.0000000000000000	2568.6754832523284	1606.6710154613031	908.64383585725022	698.02717960405266	962.00446779102538	323.12684993972721	-1	638.87761785129817	-1	Error
3.2500000000000000	1541.5888727571169	986.60145535597485	547.73661966091800	438.86483569505691	554.98741740114190	185.46168165042295	-1	369.52573575071892	-1	Error
3.5000000000000000	950.67216163445573	620.28626533602664	338.96341203760659	281.32285329842006	330.38589629842915	109.99225305258794	-1	220.39364324584119	-1	Error
3.7500000000000000	600.55304119184996	398.15607910117058	214.60592734687370	183.55015175429691	202.39696209067938	66.932175489043374	-1	135.46478660163601	-1	Error
4.0000000000000000	387.24395786425833	260.30193060839758	138.61272104663067	121.68920956176692	126.94202725586076	41.828903676901554	-1	85.113123578959204	-1	OK
4.2500000000000000	254.39161066352813	172.97726496065837	91.121170168220914	81.856094792437460	81.414345702869753	26.671363939388954	-1	54.742981763480799	-1	OK
4.5000000000000000	169.75133795165945	116.63651999853349	60.845142412289782	55.791377586243662	53.114817953125964	17.358423619059707	-1	35.756394334066258	-1	OK
4.7500000000000000	114.96763969018147	79.683045552933436	41.199160760924812	38.483884792008617	35.284594137248035	11.471534615698301	-1	23.813059521549732	-1	OK
5.0000000000000000	78.880928682496844	55.083039633860615	28.247098940477223	26.835940693383389	23.797889048636232	7.7072467704842138	-1	16.090642278152018	-1	OK
5.2500000000000000	54.773439455214678	38.485319387438899	19.585451250258021	18.899868137180885	16.288120067775779	5.2162725914241150	-1	11.071847476351664	-1	OK
5.5000000000000000	38.414508462747811	27.149502179273327	13.717967571778027	13.431534607495298	11.265006283474486	3.6128426349518010	-1	7.6521636485226852	-1	OK
5.7500000000000000	27.195954866775249	19.321664971468689	9.6969300539883072	9.6247349174803798	7.8742898953065614	2.5013249435380942	-1	5.3729649517684672	-1	OK
6.0000000000000000	19.421020758612592	13.861528990519361	6.9120628546240868	6.9494661358952756	5.5594917680932330	1.7610054019383790	-1	3.7984863661548540	-1	OK
6.2500000000000000	13.982405373416457	10.017508600150306	4.9645954173897708	5.0529131827605367	3.9648967732661515	1.2492757723777570	-1	2.7156210008883948	-1	OK
6.5000000000000000	10.139622187647316	7.2882600441475391	3.5906630344515285	3.6975970096960125	2.8513621434997765	0.89476234661574938	-1	1.9565997968840270	-1	OK
6.7500000000000000	7.3991673696608888	5.3352641461337695	2.6134661778531374	2.7217979682806326	2.0639032235271193	0.64510771167216752	-1	1.4187955118549518	-1	OK
7.0000000000000000	5.4326181901815946	3.9276843768466057	1.9132772094302339	2.0144071674163717	1.5049338133349890	0.46846363127795898	-1	1.0364701820570299	-1	OK
7.2500000000000000	4.0102377414784014	2.9064916419598252	1.4081372030421073	1.4983544389177179	1.1037460995185764	0.34242519548306716	-1	0.76132090403550923	-1	OK
7.5000000000000000	2.9748017335797439	2.1610303435363338	1.0414114812915536	1.1196188622447802	0.81377139004340981	0.25135974455153304	-1	0.56241164549187683	-1	OK
7.7500000000000000	2.2173457860564842	1.6138359568632157	0.77364172437426315	0.84019423248895242	0.60350982919326868	0.18597677825490294	-1	0.41753305093836574	-1	OK
8.0000000000000000	1.6597785331533921	1.2100326860380817	0.57707115665717801	0.63296152938090344	0.44974584711531046	0.13769121683108801	-1	0.31205463028422242	-1	OK
8.2500000000000000	1.2474356205703305	0.91062947868308208	0.43206420280723279	0.47856527587584891	0.33680614188724856	0.10280505388970106	-1	0.23400108799754749	-1	OK
8.5000000000000000	0.94083043196085425	0.68765570441037838	0.32461396171929080	0.36304174269108763	0.25317472755047582	7.69534060613303317E-002	-1	0.17622132148914549	-1	OK
8.7500000000000000	0.71194997334138033	0.52090572914063349	0.24465987161504230	0.27624585752559133	0.19104424420074689	5.78734734356036867E-002	-1	0.13317077076514322	-1	OK
9.0000000000000000	0.54046744037390737	0.39574027832222664	0.18493792048684937	0.21080235783537735	0.14472716205168071	4.35910719034933794E-002	-1	0.10113609014818734	-1	OK
9.2500000000000000	0.41145264227698625	0.30144658287106674	0.14016603839118918	0.16128054447987758	0.11000605940591952	3.28936712064098191E-002	-1	7.71123881995097044E-002	-1	OK
9.5000000000000000	0.31397546053810838	0.23017716363633095	0.10649145431214915	0.12368570932418181	8.37982969017774387E-002	2.49288536923456365E-002	-1	5.88694432094317988E-002	-1	OK
9.7500000000000000	0.24009501370688435	0.17615087415054709	8.10868796710909057E-002	9.50639944794561403E-002	6.39441395563372789E-002	1.89880094711741172E-002	-1	4.49561300851631651E-002	-1	OK
10.000000000000000	0.18401037379167529	0.13507436610492210	6.18660600976273234E-002	7.32083060072947628E-002	4.89360076867531926E-002	1.44793645130765203E-002	-1	3.44566431736766723E-002	-1	OK
10.250000000000000	0.14132479376099621	0.10376723397291483	4.72873618215285049E-002	5.64798721513863136E-002	3.75575597880813683E-002	1.10516274963686004E-002	-1	2.65059322917127679E-002	-1	OK
10.500000000000000	0.10875180290823672	7.98497582966317954E-002	3.62033554027985163E-002	4.36464028938332721E-002	2.89020446116049212E-002	8.45672026112830565E-003	-1	2.04453243504766138E-002	-1	OK
10.750000000000000	8.37936469688616986E-002	6.15341257910630018E-002	2.77574051755509511E-002	3.37767206155120681E-002	2.22595211777986933E-002	6.47377468394578701E-003	-1	1.57857464938529063E-002	-1	OK
11.000000000000000	6.46608955749429504E-002	4.74832709481422324E-002	2.13096044303196751E-002	2.61736665178225573E-002	1.71776246268007214E-002	4.97889733014072761E-003	-1	1.21987272966599947E-002	-1	OK
11.250000000000000	4.99511914692273296E-002	3.66843268716160048E-002	1.63782325525901849E-002	2.03060943190258095E-002	1.32668645976113282E-002	3.82120207462277334E-003	-1	9.44566252298855574E-003	-1	OK
11.500000000000000	3.86048743478647483E-002	2.83693070539542611E-002	1.26002807153500242E-002	1.57690263386042369E-002	1.02355672939104872E-002	2.93277569844936766E-003	-1	7.30279159546111910E-003	-1	OK
11.750000000000000	2.98861988492462871E-002	2.19588207692723303E-002	9.70207304646997747E-003	1.22567477228023546E-002	7.92737807997395683E-003	2.26311798054757872E-003	-1	5.66426009942637768E-003	-1	OK
12.000000000000000	2.31495103545497835E-002	1.70097463329784288E-002	7.47573068188878490E-003	9.53401565108964386E-003	6.13976402157135562E-003	1.74683997506909624E-003	-1	4.39292404650225982E-003	-1	OK
12.250000000000000	1.79324171632107079E-002	1.31837634425183391E-002	5.76347148842346491E-003	7.42029195409487329E-003	4.74865372069236714E-003	1.34831456672409146E-003	-1	3.40033915396827568E-003	-1	OK
12.500000000000000	1.39046123719736014E-002	1.02235972699201202E-002	4.44540087014224077E-003	5.77819639977787767E-003	3.68101510205348040E-003	1.04118867297695256E-003	-1	2.63982642907652785E-003	-1	OK
12.750000000000000	1.07851570665825538E-002	7.93097111375215547E-003	3.42980164911652107E-003	4.50116946463563483E-003	2.85418595283039832E-003	8.02310253293792605E-004	-1	2.05187569953660560E-003	-1	OK
13.000000000000000	8.36730519868640783E-003	6.15375222257489099E-003	2.64670171890690753E-003	3.50705050366798346E-003	2.21355297611151728E-003	6.19335498370516451E-004	-1	1.59421747774100083E-003	-1	OK
13.250000000000000	6.49212625453882836E-003	4.77565554755895409E-003	2.04261987021363495E-003	2.73303567734531913E-003	1.71647070697987384E-003	4.77910936323036909E-004	-1	1.23855977065683693E-003	-1	OK
13.500000000000000	5.03802204548914161E-003	3.70629666338210574E-003	1.57634984095146916E-003	2.12994682243063680E-003	1.33172538210703608E-003	3.69513177334900912E-004	-1	9.62212204772135171E-004	-1	OK
13.750000000000000	3.90935157434603789E-003	2.87601450375214252E-003	1.21631175217538413E-003	1.65970275157675882E-003	1.03333707059389537E-003	2.84995779382399186E-004	-1	7.48341291211496130E-004	-1	OK
14.000000000000000	3.03269670078104049E-003	2.23136773934116657E-003	9.38274988221490108E-004	1.29309275111967690E-003	8.01328961439873701E-004	2.19961891727246098E-004	-1	5.81367069712627549E-004	-1	OK
14.250000000000000	2.35089453153551012E-003	1.73067185165219845E-003	7.23509351771718635E-004	1.00716249988047971E-003	6.20222679883311676E-004	1.69310573732232259E-004	-1	4.50912106151079390E-004	-1	OK
14.500000000000000	1.82185938560891578E-003	1.34168030854254832E-003	5.57609975956893785E-004	7.84070332585654539E-004	4.80179077066367514E-004	1.30484035343048657E-004	-1	3.49695041723318829E-004	-1	OK
14.750000000000000	1.41133405978635966E-003	1.03959942369967234E-003	4.29495629297557105E-004	6.10103794402115456E-004	3.71734636086687204E-004	1.00398689001313221E-004	-1	2.71335947085373983E-004	-1	OK
15.000000000000000	1.09300167694353608E-003	8.05007656931151783E-004	3.30570259004690933E-004	4.74437397926460796E-004	2.87994020012384295E-004	7.72839637031547919E-005	-1	2.10710056309229489E-004	-1	OK
15.250000000000000	8.45466018956717827E-004	6.22827480709820100E-004	2.54205069858256410E-004	3.68622410851563744E-004	2.22638538246897755E-004	5.93951971337592708E-005	-1	1.63243341113138477E-004	-1	OK
15.500000000000000	6.53016431200476662E-004	4.81470704005275960E-004	1.95296198497172578E-004	2.86174505508103409E-004	1.71545727195200728E-004	4.56077484103458483E-005	-1	1.25937978784854880E-004	-1	OK
15.750000000000000	5.04151329824006206E-004	3.71824886678234615E-004	1.49873440870288023E-004	2.21951445807946565E-004	1.32326443145771590E-004	3.47806499644683710E-005	-1	9.75457931813032193E-005	-1	OK
16.000000000000000	3.88698398933631447E-004	2.86800260625117874E-004	1.14870629591094553E-004	1.71929631034023321E-004	1.01898138308513560E-004	2.66695646817889668E-005	-1	7.52285736267245899E-005	-1	OK
16.250000000000000	2.99324818838533446E-004	2.20950794089337774E-004	8.79268670102930256E-005	1.33023927079044762E-004	7.83740247491956997E-005	2.04518712912865266E-005	-1	5.79221534579091730E-005	-1	OK
16.500000000000000	2.30153596131741549E-004	1.69989966139234182E-004	6.72039978047265661E-005	1.02785968334507657E-004	6.01636299925073666E-005	1.56491727684778675E-005	-1	4.45144572240294991E-005	-1	OK
16.750000000000000	1.76482422277291851E-004	1.30571912976232924E-004	5.12800063508388310E-005	7.92919066253941002E-005	4.59105093010589400E-005	1.18586673853010103E-005	-1	3.40518419157579314E-005	-1	OK
17.000000000000000	1.35271484256545955E-004	1.00135426119849830E-004	3.90626700929447076E-005	6.10727560269051160E-005	3.51360581366961174E-005	9.04713248675202937E-006	-1	2.60889256499440898E-005	-1	OK
17.250000000000000	1.03472915688595466E-004	7.66609545785814782E-005	2.97007478563003757E-005	4.69602067222810889E-005	2.68119611100139878E-005	6.85395302144163587E-006	-1	1.99580080885723510E-005	-1	OK
17.500000000000000	7.89793804171273956E-005	5.85700571006114062E-005	2.25354825053683052E-005	3.60345745952430908E-005	2.04093233165159895E-005	5.19792162954577237E-006	-1	1.52114016869702162E-005	-1	OK
17.750000000000000	6.01645590993461001E-005	4.46577205647724913E-005	1.70623547826825891E-005	2.75953657820899124E-005	1.55068385345736121E-005	3.92509031363584543E-006	-1	1.15817482209377659E-005	-1	OK
18.000000000000000	4.57346324283170922E-005	3.39773387839074523E-005	1.28890005575549480E-005	2.10883382263525128E-005	1.17572936444096365E-005	2.95469485208877564E-006	-1	8.80259879232086039E-006	-1	OK
18.250000000000000	3.46682845940115522E-005	2.57882060122045602E-005	9.71186417308461233E-006	1.60763418391199479E-005	8.88007858180699373E-006	2.21878716353204380E-006	-1	6.66129141827494950E-006	-1	OK
18.500000000000000	2.62043653797713083E-005	1.95233901701111306E-005	7.29871703374513780E-006	1.22246731363659936E-005	6.68097520966017857E-006	1.66076828498639251E-006	-1	5.02020692467378585E-006	-1	OK
18.750000000000000	1.97555529337120579E-005	1.47417797553247401E-005	5.46999952187729192E-006	9.27178023344744397E-006	5.01377317838731775E-006	1.23998085216837235E-006	-1	3.77379232621894540E-006	-1	OK
19.000000000000000	1.48606557893147078E-005	1.10993803263478366E-005	4.08719606630821532E-006	7.01218426003962297E-006	3.76127546296687077E-006	9.22825143035243899E-007	-1	2.83845031993162687E-006	-1	OK
19.250000000000000	1.11339294273441185E-005	8.33096967920761981E-006	3.04421340090140221E-006	5.28675627830621844E-006	2.80295974813649956E-006	6.84171096850946157E-007	-1	2.11878865128555340E-006	-1	OK
19.500000000000000	8.31644847927897528E-006	6.23274699134495030E-006	2.25975871228737127E-006	3.97298827905757734E-006	2.08370148793402540E-006	5.05202696454185932E-007	-1	1.57849879147983947E-006	-1	OK
19.750000000000000	6.18752573932029104E-006	4.64679056145344986E-006	1.67145609226277945E-006	2.97533446919066978E-006	1.54073517786684118E-006	3.70617268011299322E-007	-1	1.17011790985554191E-006	-1	OK
20.000000000000000	4.58833862364456221E-006	3.45204792640855845E-006	1.23171829042618003E-006	2.22032963598237841E-006	1.13629069723600334E-006	2.72213421715621075E-007	-1	8.64077275520382269E-007	-1	OK
20.250000000000000	3.39023945113902672E-006	2.55497988860847712E-006	9.04096627702483595E-007	1.65088326090599342E-006	8.35259562530549703E-007	1.97507241730876908E-007	-1	6.37752320799672796E-007	-1	OK
20.500000000000000	2.49298364093984917E-006	1.88286544540561096E-006	6.60720224527600698E-007	1.22214522087801068E-006	6.10118195534238109E-007	1.44025036714145699E-007	-1	4.66093158820092410E-007	-1	OK
20.750000000000000	1.82450553797460959E-006	1.38133047981654012E-006	4.80674816347530976E-007	9.00655663469009035E-007	4.43175058158069525E-007	1.04085410276628679E-007	-1	3.39089647881440846E-007	-1	OK
21.000000000000000	1.33010382961263055E-006	1.00903066168507913E-006	3.48101264895714451E-007	6.60929396789364941E-007	3.21073167927551531E-007	7.43215746093991231E-008	-1	2.46751593318152422E-007	-1	OK
21.250000000000000	9.64832771871607316E-007	7.33598129451541029E-007	2.50839567231680775E-007	4.82758562219860413E-007	2.31234642420066208E-007	5.34505068004812222E-008	-1	1.77784135619584973E-007	-1	OK
21.500000000000000	6.95935852298294734E-007	5.30477541425270252E-007	1.79767023710038499E-007	3.50710517715231885E-007	1.65458310873024429E-007	3.76471314711290277E-008	-1	1.27811179401895395E-007	-1	OK
21.750000000000000	4.98977753993965622E-007	3.81437298702232028E-007	1.28100803621382328E-007	2.53336495080849674E-007	1.17540455291733581E-007	2.67887855409123617E-008	-1	9.07516697508212223E-008	-1	OK
22.000000000000000	3.55764714785416440E-007	2.72731830550962165E-007	9.07518755618708890E-008	1.81979954989091289E-007	8.30328842344542754E-008	1.85853568642936705E-008	-1	6.44475273701605983E-008	-1	OK
22.250000000000000	2.52119017870328092E-007	1.93828727850403103E-007	6.38885634787431014E-008	1.29940164371660002E-007	5.82902900199249687E-008	1.29339138319798224E-008	-1	4.53563761879451496E-008	-1	OK
22.500000000000000	1.77525381598556893E-007	1.36841052669637571E-007	4.46724842010028706E-008	9.21685684686347069E-008	4.06843289289193355E-008	8.96635801537056160E-009	-1	3.17179709135487739E-008	-1	OK
22.750000000000000	1.24017230227420516E-007	9.59295326432659856E-008	3.10122948593857129E-008	6.49172377838802727E-008	2.80876975841545242E-008	6.13600449820220493E-009	-1	2.19516930859523193E-008	-1	OK
23.000000000000000	8.59960655668920553E-008	6.67528684483206422E-008	2.13662125804535062E-008	4.53866558678671261E-008	1.92431971185714164E-008	4.21075465790451063E-009	-1	1.50324424606669057E-008	-1	OK
23.250000000000000	5.91928136131277661E-008	4.60854779060590026E-008	1.46018043288335287E-008	3.14836735772254689E-008	1.31073357070687636E-008	2.83684200313299839E-009	-1	1.02704937039357656E-008	-1	OK
23.500000000000000	4.03530755763492404E-008	3.15492853936434099E-008	9.89300773100409962E-009	2.16562776626393087E-008	8.80379018270583210E-009	1.87689113517028744E-009	-1	6.92689904753554424E-009	-1	OK
23.750000000000000	2.72627548353657318E-008	2.14042594474545486E-008	6.64113661592271832E-009	1.47631228315318295E-008	5.85849538791118234E-009	1.23361277533391865E-009	-1	4.62488261257726370E-009	-1	OK
24.000000000000000	1.82468182227307771E-008	1.43810399665483241E-008	4.41424385539096915E-009	9.96679611115735492E-009	3.86577825618245391E-009	8.16611909592248105E-010	-1	3.04916634659020580E-009	-1	OK
24.250000000000000	1.20756139407918224E-008	9.56248917768832197E-009	2.90316057178115394E-009	6.65932860590716969E-009	2.51312476310349998E-009	5.21312981282933628E-010	-1	1.99181178182056625E-009	-1	OK
24.500000000000000	7.90636889724357770E-009	6.28782540488017409E-009	1.88775717258510579E-009	4.40006823229506913E-009	1.61854349236340278E-009	3.32004093846069328E-010	-1	1.28653939851733355E-009	-1	OK
24.750000000000000	5.11141383504694090E-009	4.08555437206577610E-009	1.21266337493929122E-009	2.87289099712648570E-009	1.02585946298116439E-009	2.10309471032247178E-010	-1	8.15549991948917241E-010	-1	OK
25.000000000000000	3.26151274065749945E-009	2.62051459687529080E-009	7.68822462016088069E-010	1.85169213485920222E-009	6.40998143782208745E-010	1.29058946643118028E-010	-1	5.11939197139090743E-010	-1	OK
25.250000000000000	2.05192321799710039E-009	1.65762163339619239E-009	4.80578997118447371E-010	1.17704263627774522E-009	3.94301584600907897E-010	7.90197869319678604E-011	-1	3.15281797668940024E-010	-1	OK
25.500000000000000	1.27118745641422011E-009	1.03278850565593227E-009	2.95834128134644847E-010	7.36954377521287528E-010	2.38398950758287893E-010	4.72223507389607911E-011	-1	1.91176600019327108E-010	-1	OK
25.750000000000000	7.74590448586295237E-010	6.33203392145997522E-010	1.79133522295773637E-010	4.54069869850223807E-010	1.41387056440297690E-010	2.75069515879380767E-011	-1	1.13880104852359610E-010	-1	OK
26.000000000000000	4.63114814780792858E-010	3.81209616118862551E-010	1.06504694825642990E-010	2.74704921293219587E-010	8.19051986619303069E-011	1.56719088385847082E-011	-1	6.62332898233456019E-011	-1	OK
26.250000000000000	2.71646931703379029E-010	2.25062616004037372E-010	6.20900138949658957E-011	1.62972602109071464E-010	4.65843156993416635E-011	8.84340216707384925E-012	-1	3.77409135322678159E-011	-1	OK
26.500000000000000	1.55945129639868394E-010	1.30164270867819236E-010	3.54394038207475711E-011	9.47248670470716905E-011	2.57808587720491682E-011	4.87175128233421431E-012	-1	2.09091074897149531E-011	-1	OK
26.750000000000000	8.73465274716288193E-011	7.34727366193090086E-011	1.97463532739286190E-011	5.37263833453804025E-011	1.38737908523198140E-011	2.58309445956621029E-012	-1	1.12906963927536041E-011	-1	OK
27.000000000000000	4.76618282992469350E-011	4.04460705786631345E-011	1.07248939083906638E-011	2.97211766702724658E-011	7.21575772058379887E-012	1.33274582971973401E-012	-1	5.88301189086406506E-012	-1	OK
27.250000000000000	2.52786029676738886E-011	2.16302034294509143E-011	5.65882890336104789E-012	1.59713745260898672E-011	3.64839953822297425E-012	6.59913806834410311E-013	-1	2.98848573138856374E-012	-1	OK
27.500000000000000	1.29774361430418277E-011	1.12087737024069815E-011	2.89242662406987548E-012	8.31634707833710400E-012	1.76866244063484554E-012	3.19605393060686379E-013	-1	1.44905704757415916E-012	-1	OK
27.750000000000000	6.42363814608639892E-012	5.60330086670475520E-012	1.42638255779044142E-012	4.17691830891431560E-012	8.20337279381643719E-013	1.46205588898364721E-013	-1	6.74131690483279023E-013	-1	OK
28.000000000000000	3.05462122122374447E-012	2.69429344459910735E-012	6.76176876068997319E-013	2.01811656853011064E-012	3.60327776624637116E-013	6.36661937961713793E-014	-1	2.96661582828465762E-013	-1	OK
28.250000000000000	1.38670235650161405E-012	1.23701637649856919E-012	3.06202344523146026E-013	9.30814031975422911E-013	1.49685980003044809E-013	2.60981600570967178E-014	-1	1.23587819945948104E-013	-1	OK
28.500000000000000	5.98071367293699739E-013	5.39706206651615737E-013	1.31692089408547618E-013	4.08014117243068068E-013	5.83651606420840398E-014	9.98200666159091046E-015	-1	4.83831539804931278E-014	-1	OK
28.750000000000000	2.43195099785838691E-013	2.22057082292654696E-013	5.33966393741565294E-014	1.68660442918498160E-013	2.11380174931839696E-014	3.52902495791685796E-015	-1	1.76089925352671108E-014	-1	OK
29.000000000000000	9.22030539241839101E-014	8.52463560936622277E-014	2.01881748400279233E-014	6.50581812536343139E-014	6.95669783052168556E-015	1.12412056870418563E-015	-1	5.83257726181749954E-015	-1	OK
29.250000000000000	3.22751941326585762E-014	3.02209667824604720E-014	7.04009682826008043E-015	2.31808699542003861E-014	2.05422735019810184E-015	3.32287452459297870E-016	-1	1.72193989773880392E-015	-1	OK
29.500000000000000	1.02322118252499201E-014	9.69412994410924945E-015	2.21994927078714419E-015	7.47418067332210486E-015	5.38081881140670796E-016	8.19877577030394471E-017	-1	4.56094123437631325E-016	-1	OK
29.750000000000000	2.90297465506685465E-015	2.78550561724113744E-015	6.23337060363149085E-016	2.16216855687798835E-015	1.17469037825717305E-016	1.71704619673449700E-017	-1	1.00298575858372329E-016	-1	OK
30.000000000000000	7.01178381601144947E-016	6.80315466193970766E-016	1.49250176468982982E-016	5.31065289724987735E-016	2.08629154071742206E-017	2.96565340966612172E-018	-1	1.78972619975081005E-017	-1	OK
