#pt	totcs	totdirect	directLO	directNLO	totfrag	fragLO	err_fragLO	fragNLO	err_fragNLO	errmess
0.50000000000000000	32123743.409039833	-5496431.0677788407	3066956.8527010293	-8563387.9204798657	37620174.476818673	14887942.723540682	-1	22732231.753277991	-1	Error
0.75000000000000000	7503252.2876874488	469234.35114675807	649967.21137214557	-180732.86022538703	7034017.9365406903	2629889.7996459901	-1	4404128.1368947001	-1	Error
1.0000000000000000	1808109.1790653504	315374.46512815310	279277.99456324021	36096.470564912925	1492734.7139371973	554228.54921899550	-1	938506.16471820185	-1	Error
1.2500000000000000	542220.42323062196	153900.23935906548	116600.64925948350	37299.590099581990	388320.18387155648	145112.79487141641	-1	243207.38900014007	-1	Error
1.5000000000000000	197995.21110665926	74399.491183728096	51757.721375068060	22641.769808660050	123595.71992293118	46662.678921141283	-1	76933.041001789898	-1	Error
1.7500000000000000	83429.783469983755	37323.640535317129	24572.896668340203	12750.743866976911	46106.142934666626	17414.216231205195	-1	28691.926703461431	-1	Error
2.0000000000000000	38888.845783716453	19571.877764065881	12393.074664789854	7178.8030992760305	19316.968019650572	7329.8969403996125	-1	11987.071079250960	-1	Error
2.2500000000000000	19580.755201815024	10692.385508372528	6576.0950767984214	4116.2904315741062	8888.3696934424934	3375.2975927015482	-1	5513.0721007409447	-1	Error
2.5000000000000000	10456.274233414035	6054.6548573356467	3640.3781611344521	2414.2766962011933	4401.6193760783890	1668.5861666546875	-1	2733.0332094237015	-1	Error
2.7500000000000000	5851.2630779972715	3541.7965233633631	2091.1545596778283	1450.6419636855346	2309.4665546339079	873.80829161869156	-1	1435.6582630152163	-1	Error
3.0000000000000000	3404.0849356594658	2133.6747090186373	1240.9880143989526	892.68669461968466	1270.4102266408286	481.01388338323250	-1	789.39634325759607	-1	Error
3.2500000000000000	2047.2048855167523	1318.8453024901032	757.41664623702388	561.42865625307957	728.35958302664915	275.29049142756963	-1	453.06909159907951	-1	Error
3.5000000000000000	1266.2060036774265	833.75813354059062	473.65579806380538	360.10233547678541	432.44787013683577	162.94169356090515	-1	269.50617657593062	-1	Error
3.7500000000000000	801.95304205909019	537.72289372586113	302.59190143158742	235.13099229427365	264.23014833322912	99.087107131849976	-1	165.14304120137916	-1	Error
4.0000000000000000	518.53617287668010	353.00663312597408	196.98009242210830	156.02654070386575	165.52953975070605	61.820349611448336	-1	103.70919013925771	-1	OK
4.2500000000000000	341.39468424773776	235.44305282173698	130.38806921602122	105.05498360571579	105.95163142600079	39.386400922070258	-1	66.565230503930536	-1	OK
4.5000000000000000	228.41299814428046	159.27981993598135	87.603783224911965	71.676036711069386	69.133178208299114	25.626840135711788	-1	43.506338072587326	-1	OK
4.7500000000000000	155.06066454252698	109.14260420304140	59.649243208910555	49.493360994130853	45.918060339485585	16.961755642674103	-1	28.956304696811483	-1	OK
5.0000000000000000	106.61779834814077	75.657145080733713	41.105503068507780	34.551642012225948	30.960653267407057	11.379634322619433	-1	19.581018944787623	-1	OK
5.2500000000000000	74.185836791006679	52.997143853064181	28.634904306089432	24.362239546974752	21.188692937942495	7.7027144371970326	-1	13.485978500745462	-1	OK
5.5000000000000000	52.129852245755110	37.478636460761550	20.144031248282861	17.334605212478682	14.651215784993562	5.3348365325413862	-1	9.3163792524521760	-1	OK
5.7500000000000000	36.987840568719264	26.735559222396425	14.297974596130839	12.437584626265588	10.252281346322835	3.6949778220244425	-1	6.5573035242983924	-1	OK
6.0000000000000000	26.466701751030349	19.224028934168441	10.231428302318864	8.9926006318495784	7.2426728168619068	2.6033297678544796	-1	4.6393430490074277	-1	OK
6.2500000000000000	19.094175453880396	13.923759795090877	7.3760173183515887	6.5477424767392867	5.1704156587895200	1.8470133052244357	-1	3.3234023535650845	-1	OK
6.5000000000000000	13.871087849768566	10.152301664924384	5.3537202002971505	4.7985814646272322	3.7187861848441823	1.3257220698458383	-1	2.3930641149983440	-1	OK
6.7500000000000000	10.143194290845372	7.4477946669703927	3.9100800039269696	3.5377146630434222	2.6953996238749784	0.95652341798764784	-1	1.7388762058873306	-1	OK
7.0000000000000000	7.4619796693925755	5.4945279082009737	2.8720181489880199	2.6225097592129538	1.9674517611916016	0.69393974741629483	-1	1.2735120137753069	-1	OK
7.2500000000000000	5.5176798537145793	4.0745355305163216	2.1205780490157671	1.9539574815005534	1.4431443231982577	0.50834122124712133	-1	0.93480310195113636	-1	OK
7.5000000000000000	4.1020447979512760	3.0358625186106907	1.5732474064743858	1.4626151121363054	1.0661822793405853	0.37350606153140259	-1	0.69267621780918276	-1	OK
7.7500000000000000	3.0632379339784821	2.2719323722482869	1.1723448969923060	1.0995874752559802	0.79130556173019539	0.27596376691102170	-1	0.51534179481917364	-1	OK
8.0000000000000000	2.2979731508721786	1.7071383584164681	0.87716460952449837	0.82997374889196973	0.59083479245571024	0.20515829242881820	-1	0.38567650002689202	-1	OK
8.2500000000000000	1.7305849521649745	1.2875731242702888	0.65877415498433833	0.62879896928595036	0.44301182789468574	0.15317099515690830	-1	0.28984083273777744	-1	OK
8.5000000000000000	1.3081661166554244	0.97448939237924581	0.49646452673561003	0.47802486564363583	0.33367672427617856	0.11489334415129855	-1	0.21878338012488002	-1	OK
8.7500000000000000	0.99215208869692106	0.73987135863806830	0.37532797932707113	0.36454337931099706	0.25228073005885271	8.64765051163837312E-002	-1	0.16580422494246899	-1	OK
9.0000000000000000	0.75484418536373576	0.56339322455371332	0.28457504317125698	0.27881818138245623	0.19145096081002250	6.53039255932504753E-002	-1	0.12614703521677201	-1	OK
9.2500000000000000	0.57580414634154642	0.43016178334878691	0.21633886737157820	0.21382291597720871	0.14564236299275954	4.94476611027052232E-002	-1	9.61947018900543155E-002	-1	OK
9.5000000000000000	0.44026139409355425	0.32924532014847085	0.16486436202470575	0.16438095812376521	0.11101607394508342	3.74532250703780226E-002	-1	7.35628488747054055E-002	-1	OK
9.7500000000000000	0.33752717701384577	0.25257614966063402	0.12591654586870321	0.12665960379193084	8.49510273532117638E-002	2.85397128760352010E-002	-1	5.64113144771765662E-002	-1	OK
10.000000000000000	0.25935952181483679	0.19415477387310520	9.63622743322028602E-002	9.77924995409023556E-002	6.52047479417316167E-002	2.17648975184912587E-002	-1	4.34398504232403615E-002	-1	OK
10.250000000000000	0.19966390592982630	0.14952632119594098	7.38794288585126746E-002	7.56468923374282731E-002	5.01375847338853195E-002	1.66861637966020243E-002	-1	3.34514209372832952E-002	-1	OK
10.500000000000000	0.15396861729050940	0.11535251250328822	5.67352472847560615E-002	5.86172652185321802E-002	3.86161047872211685E-002	1.27728951063723010E-002	-1	2.58432096808488693E-002	-1	OK
10.750000000000000	0.11893318493602641	8.91214625161152324E-002	4.36327046713525721E-002	4.54887578447626603E-002	2.98117224199111776E-002	9.80783678387455414E-003	-1	2.00038856360366252E-002	-1	OK
11.000000000000000	9.19679928401185703E-002	6.89497410879768569E-002	3.36000431898142993E-002	3.53496978981625715E-002	2.30182517521417100E-002	7.54022668118257185E-003	-1	1.54780250709591373E-002	-1	OK
11.250000000000000	7.12115274316090507E-002	5.34098639156214486E-002	2.59045234872403406E-002	2.75053404283811184E-002	1.78016635159876022E-002	5.81026848595902340E-003	-1	1.19913950300285788E-002	-1	OK
11.500000000000000	5.52045378560497915E-002	4.14162342518274024E-002	1.99918722739145828E-002	2.14243619779128161E-002	1.37883036042223892E-002	4.46738574546667964E-003	-1	9.32091785875571038E-003	-1	OK
11.750000000000000	4.28437266818915974E-002	3.21470481077364423E-002	1.54426815116851489E-002	1.67043665960512899E-002	1.06966785741551516E-002	3.45417879526376632E-003	-1	7.24249977889138488E-003	-1	OK
12.000000000000000	3.32747052781261210E-002	2.49730536879110149E-002	1.19376600424370132E-002	1.30353936454740069E-002	8.30165159021510959E-003	2.67182805854654154E-003	-1	5.62982353166856762E-003	-1	OK
12.250000000000000	2.58526202021130622E-002	1.94128694663201311E-002	9.23382569436120848E-003	1.01790437719589243E-002	6.43975073579293022E-003	2.06372320018138270E-003	-1	4.37602753561154752E-003	-1	OK
12.500000000000000	2.01018158544776539E-002	1.50994957478509662E-002	7.14602622880970793E-003	7.95346951904125909E-003	5.00232010662668859E-003	1.59471825662684040E-003	-1	3.40760184999984797E-003	-1	OK
12.750000000000000	1.56361710961553345E-002	1.17497406496138556E-002	5.53229815945926410E-003	6.21744249015459324E-003	3.88643044654147889E-003	1.23312071485376265E-003	-1	2.65330973168771602E-003	-1	OK
13.000000000000000	1.21672473773186147E-002	9.14572606499398574E-003	4.28399029786746214E-003	4.86173576712652534E-003	3.02152131232462937E-003	9.54367763144926178E-004	-1	2.06715354917970297E-003	-1	OK
13.250000000000000	9.46821566452495447E-003	7.12048722243073442E-003	3.31782878414320619E-003	3.80265843828752953E-003	2.34772844209422092E-003	7.38517478943676552E-004	-1	1.60921096315054437E-003	-1	OK
13.500000000000000	7.36992890829985241E-003	5.54421626668719861E-003	2.56956539121999065E-003	2.97465087546720710E-003	1.82571264161265358E-003	5.71051017285859421E-004	-1	1.25466162432679405E-003	-1	OK
13.750000000000000	5.73685463296005806E-003	4.31659071599369091E-003	1.98980737477352137E-003	2.32678334122016954E-003	1.42026391696636694E-003	4.42129045194240421E-004	-1	9.78134871772126571E-004	-1	OK
14.000000000000000	4.46414804516967641E-003	3.36040943697066578E-003	1.54053511801853483E-003	1.81987431895213139E-003	1.10373860819901041E-003	3.41443769462513214E-004	-1	7.62294838736497196E-004	-1	OK
14.250000000000000	3.47151696242502250E-003	2.61535878989615101E-003	1.19228202670527451E-003	1.42307676319087736E-003	8.56158172528871599E-004	2.64212738898768611E-004	-1	5.91945433630102933E-004	-1	OK
14.500000000000000	2.70032257758347997E-003	2.03464054124553179E-003	9.22311548172195122E-004	1.11232899307333634E-003	6.65682036337948290E-004	2.03700783115476943E-004	-1	4.61981253222471346E-004	-1	OK
14.750000000000000	2.09868846759150938E-003	1.58214886325554649E-003	7.13073368633432422E-004	8.69075494622114177E-004	5.16539604335962996E-004	1.57248035185191725E-004	-1	3.59291569150771298E-004	-1	OK
15.000000000000000	1.63060143627923818E-003	1.22955277662417477E-003	5.50915959318755638E-004	6.78636817305419021E-004	4.01048659655063469E-004	1.21372936916948730E-004	-1	2.79675722738114752E-004	-1	OK
15.250000000000000	1.26531452111216451E-003	9.54788969346738112E-004	4.25276009881287505E-004	5.29512959465450552E-004	3.10525551765426344E-004	9.36135962676584981E-005	-1	2.16911955497767846E-004	-1	OK
15.500000000000000	9.81038891053931427E-004	7.40834406420811070E-004	3.27990196566739023E-004	4.12844209854071993E-004	2.40204484633120303E-004	7.19504842611161930E-005	-1	1.68254000372004110E-004	-1	OK
15.750000000000000	7.60141997965564447E-004	5.74279003795046222E-004	2.52690533236062912E-004	3.21588470558983311E-004	1.85862994170518198E-004	5.50906570134987710E-005	-1	1.30772337157019427E-004	-1	OK
16.000000000000000	5.88105574137045206E-004	4.44655412135286148E-004	1.94441565769820049E-004	2.50213846365466099E-004	1.43450162001759112E-004	4.23469931475423114E-005	-1	1.01103168854216807E-004	-1	OK
16.250000000000000	4.54582217867744223E-004	3.43887855158508862E-004	1.49427872651623154E-004	1.94459982506885735E-004	1.10694362709235376E-004	3.25600417225157892E-005	-1	7.81343209867195931E-005	-1	OK
16.500000000000000	3.50630454148360515E-004	2.65608151036251399E-004	1.14670202491849661E-004	1.50937948544401792E-004	8.50223031121091023E-005	2.49490680508018857E-005	-1	6.00732350613072166E-005	-1	OK
16.750000000000000	2.70063801055409091E-004	2.04833854926499625E-004	8.78572605115944023E-005	1.16976594414905236E-004	6.52299461289094796E-005	1.89756737571636881E-005	-1	4.62542723717457915E-005	-1	OK
17.000000000000000	2.07743855547690533E-004	1.57726695988655259E-004	6.72037373335712744E-005	9.05229586550839572E-005	5.00171595590352813E-005	1.45077915298071711E-005	-1	3.55093680292281068E-005	-1	OK
17.250000000000000	1.59559583236330388E-004	1.21252518624146731E-004	5.13133655236873895E-005	6.99391531004593485E-005	3.83070646121836498E-005	1.10285494565233742E-005	-1	2.72785151556602756E-005	-1	OK
17.500000000000000	1.22294678795673375E-004	9.30327341293534177E-005	3.91018448882879640E-005	5.39308892410654604E-005	2.92619446663199508E-005	8.38787050694179998E-006	-1	2.08740741593781525E-005	-1	OK
17.750000000000000	9.35491462769248532E-005	7.12420743222202599E-005	2.97350068577092170E-005	4.15070674645110226E-005	2.23070719547045865E-005	6.34499209830377243E-006	-1	1.59620798564008133E-005	-1	OK
18.000000000000000	7.13885486604963232E-005	5.44434099828032476E-005	2.25620822226799638E-005	3.18813277601233042E-005	1.69451386776930756E-005	4.79616540270017648E-006	-1	1.21489732749929000E-005	-1	OK
18.250000000000000	5.43463332029605278E-005	4.15087704152208457E-005	1.70777912364253810E-005	2.44309791787954681E-005	1.28375627877396837E-005	3.60890214288081666E-006	-1	9.22866064485886706E-006	-1	OK
18.500000000000000	4.12550750788136467E-005	3.15703409560812168E-005	1.28937964154115720E-005	1.86765445406696448E-005	9.68473412273243331E-006	2.70906282906340992E-006	-1	6.97567129366902381E-006	-1	OK
18.750000000000000	3.12562096471274308E-005	2.39508003620400872E-005	9.70873343946374352E-006	1.42420669225763505E-005	7.30540928508734020E-006	2.02907767788359004E-006	-1	5.27633160720375015E-006	-1	OK
19.000000000000000	2.36078791568410223E-005	1.81201502424461520E-005	7.28922911376392257E-006	1.08309211286822269E-005	5.48772891439486861E-006	1.51399573503439792E-006	-1	3.97373317936047090E-006	-1	OK
19.250000000000000	1.77787382448139148E-005	1.36678707947833706E-005	5.45573888772617093E-006	8.21213190705719878E-006	4.11086745003054505E-006	1.12798918624089828E-006	-1	2.98287826378964677E-006	-1	OK
19.500000000000000	1.33415569242139939E-005	1.02772186265479702E-005	4.07009768559544486E-006	6.20712094095252622E-006	3.06433829766602322E-006	8.35227142050129373E-007	-1	2.22911115561589406E-006	-1	OK
19.750000000000000	9.97822073342745026E-006	7.70182932685984048E-006	3.02584706609118284E-006	4.67598226076865553E-006	2.27639140656760978E-006	6.15188734733369442E-007	-1	1.66120267183424034E-006	-1	OK
20.000000000000000	7.43524468440210292E-006	5.75191322690655761E-006	2.24138019784504062E-006	3.51053302906151699E-006	1.68333145749554489E-006	4.53229917210937468E-007	-1	1.23010154028460748E-006	-1	OK
20.250000000000000	5.52443027313178394E-006	4.28021264370534332E-006	1.65391840564229949E-006	2.62629423806304362E-006	1.24421762942644063E-006	3.30039957370899011E-007	-1	9.14177672055541615E-007	-1	OK
20.500000000000000	4.08537904020301609E-006	3.17180371999259334E-006	1.21525262765617507E-006	1.95655109233641742E-006	9.13575320210422753E-007	2.41341892335780268E-007	-1	6.72233427874642538E-007	-1	OK
20.750000000000000	3.00505715895542315E-006	2.34023182119336298E-006	8.89002075440836910E-007	1.45122974575252607E-006	6.64825337762060274E-007	1.75212523010687794E-007	-1	4.89612814751372479E-007	-1	OK
21.000000000000000	2.20369227107056821E-006	1.71940993155967864E-006	6.47432099968368629E-007	1.07197783159131012E-006	4.84282339510889782E-007	1.25488228765091296E-007	-1	3.58794110745798513E-007	-1	OK
21.250000000000000	1.60715215439413536E-006	1.25745860392054260E-006	4.69203321180681997E-007	7.88255282739860652E-007	3.49693550473592654E-007	9.06578240253468658E-008	-1	2.59035726448245789E-007	-1	OK
21.500000000000000	1.16588175217150152E-006	9.14797121094740157E-007	3.38220257610731189E-007	5.76576863484008967E-007	2.51084631076761368E-007	6.40308471110450271E-008	-1	1.87053783965716327E-007	-1	OK
21.750000000000000	8.41281042008820307E-007	6.61848255048785905E-007	2.42443094321916770E-007	4.19405160726869188E-007	1.79432786960034455E-007	4.58130452900303139E-008	-1	1.33619741670004135E-007	-1	OK
22.000000000000000	6.03573520077780926E-007	4.76203011457506535E-007	1.72790061353525437E-007	3.03412950103981125E-007	1.27370508620274390E-007	3.19070237823233952E-008	-1	9.54634848379510018E-008	-1	OK
22.250000000000000	4.30367824631462112E-007	3.40603315216390740E-007	1.22386542325799235E-007	2.18216772890591505E-007	8.97645094150713855E-008	2.22750454732269550E-008	-1	6.74894639418444305E-008	-1	OK
22.500000000000000	3.04942722645401417E-007	2.42036758850931159E-007	8.61080523151996035E-008	1.55928706535731516E-007	6.29059637944702308E-008	1.55229085214156052E-008	-1	4.73830552730546256E-008	-1	OK
22.750000000000000	2.14472537898446609E-007	1.70808217575215147E-007	6.01553838537753937E-008	1.10652833721439767E-007	4.36643203232314479E-008	1.06618472545898084E-008	-1	3.30024730686416395E-008	-1	OK
23.000000000000000	1.49726354275172907E-007	1.19666397353159818E-007	4.17106414077143429E-008	7.79557559454454947E-008	3.00599569220130764E-008	7.35090826347254258E-009	-1	2.27090486585405321E-008	-1	OK
23.250000000000000	1.03749260754728950E-007	8.31895164400749325E-008	2.86910558206384043E-008	5.44984606194365215E-008	2.05597443146540138E-008	4.97466917802606397E-009	-1	1.55850751366279506E-008	-1	OK
23.500000000000000	7.12459139798433494E-008	5.73527060375113666E-008	1.95672968566981730E-008	3.77854091808131969E-008	1.38932079423319811E-008	3.33961592897278226E-009	-1	1.05535920133591989E-008	-1	OK
23.750000000000000	4.84897163004808831E-008	3.91905472366378125E-008	1.32235292575979247E-008	2.59670179790398878E-008	9.29916906384306727E-009	2.18427887922266592E-009	-1	7.11489018462040136E-009	-1	OK
24.000000000000000	3.26914264734565583E-008	2.65244456894928256E-008	8.84918617471206974E-009	1.76752595147807542E-008	6.16698078396373193E-009	1.45299525359762994E-009	-1	4.71398553036610178E-009	-1	OK
24.250000000000000	2.18020992799892561E-008	1.77688520764277077E-008	5.85999623368051862E-009	1.19088558427471833E-008	4.03324720356154673E-009	9.32490918198479535E-010	-1	3.10075628536306720E-009	-1	OK
24.500000000000000	1.43849718827794947E-008	1.17727449243260173E-008	3.83695090413573592E-009	7.93579402019027891E-009	2.61222695845347820E-009	6.01759125443165662E-010	-1	2.01046783301031253E-009	-1	OK
24.750000000000000	9.37390432063256226E-009	7.70846436498720101E-009	2.48211944916048440E-009	5.22634491582671702E-009	1.66543995564536104E-009	3.80194881268037410E-010	-1	1.28524507437732363E-009	-1	OK
25.000000000000000	6.03092936842977200E-009	4.98305162405133817E-009	1.58480744851081500E-009	3.39824417554052255E-009	1.04787774437843342E-009	2.34635075494397487E-010	-1	8.13242668884035932E-010	-1	OK
25.250000000000000	3.82538831942999534E-009	3.17710547601969760E-009	9.97702902502437322E-010	2.17940257351726028E-009	6.48282843410297639E-010	1.44455473779699956E-010	-1	5.03827369630597657E-010	-1	OK
25.500000000000000	2.39004505221762625E-009	1.99543847435021139E-009	6.18560849516604174E-010	1.37687762483360660E-009	3.94606577867414706E-010	8.68552894583770948E-011	-1	3.07751288409037624E-010	-1	OK
25.750000000000000	1.46892031190075565E-009	1.23334470298799728E-009	3.77234088978741330E-010	8.56110614009256005E-010	2.35575608912758315E-010	5.08922719905514304E-011	-1	1.84683336922206878E-010	-1	OK
26.000000000000000	8.86184013607197350E-010	7.48648978766029023E-010	2.25901825164409595E-010	5.22747153601619661E-010	1.37535034841168353E-010	2.92020671116340184E-011	-1	1.08332967729534335E-010	-1	OK
26.250000000000000	5.24466968867211612E-010	4.45692416956310576E-010	1.32644879790196152E-010	3.13047537166114347E-010	7.87745519109010616E-011	1.65868906241078067E-011	-1	6.21876612867932581E-011	-1	OK
26.500000000000000	3.03879331527349506E-010	2.59927198880363465E-010	7.62506862752856467E-011	1.83676512605077819E-010	4.39521326469860212E-011	9.19848307828612075E-012	-1	3.47536495686999021E-011	-1	OK
26.750000000000000	1.71784256737725813E-010	1.47963605604686197E-010	4.27871985369123759E-011	1.05176407067773795E-010	2.38206511330396286E-011	4.85874098831717096E-012	-1	1.89619101447224560E-011	-1	OK
27.000000000000000	9.46562288026513144E-011	8.21393908272711600E-011	2.34002070159896383E-011	5.87391838112815378E-011	1.25168379753801560E-011	2.54532506046509247E-012	-1	9.97151291491506311E-012	-1	OK
27.250000000000000	5.06672755494868027E-011	4.42966310617233887E-011	1.24301652375357366E-011	3.18664658241876505E-011	6.37064448776341640E-012	1.27342004358914514E-012	-1	5.09722444417427126E-012	-1	OK
27.500000000000000	2.62595884253712416E-011	2.31442763737583223E-011	6.39464778188855127E-012	1.67496285918697702E-011	3.11531205161291773E-012	6.17421408406766528E-013	-1	2.49789064320615110E-012	-1	OK
27.750000000000000	1.31158329522373967E-011	1.16635278925244272E-011	3.17287779606102535E-012	8.49065009646339902E-012	1.45230505971296990E-012	2.86326511620743722E-013	-1	1.16597854809222607E-012	-1	OK
28.000000000000000	6.29814569540742712E-012	5.65188639139360134E-012	1.51266293241634972E-012	4.13922345897725202E-012	6.46259304013825578E-013	1.25691297810148316E-013	-1	5.20568006203677212E-013	-1	OK
28.250000000000000	2.88522572410262068E-012	2.61437793063163022E-012	6.88585707984016479E-013	1.92579222264761313E-012	2.70847793470990516E-013	5.19059367258024405E-014	-1	2.18941856745188069E-013	-1	OK
28.500000000000000	1.25504505114295031E-012	1.14864495764331029E-012	2.97522139496526930E-013	8.51122818146783106E-013	1.06400093499640045E-013	1.99919807068935921E-014	-1	8.64081127927464493E-014	-1	OK
28.750000000000000	5.14630128441544989E-013	4.75727827465500764E-013	1.21124503210533820E-013	3.54603324254966969E-013	3.89023009760442626E-014	7.13944289851776288E-015	-1	3.17628580775264966E-014	-1	OK
29.000000000000000	1.96649538793295434E-013	1.83753115439545168E-013	4.59540099799950679E-014	1.37799105459550107E-013	1.28964233537502645E-014	2.27721972229489972E-015	-1	1.06192036314553644E-014	-1	OK
29.250000000000000	6.93549821382770820E-014	6.55230120843772394E-014	1.60723778196059851E-014	4.94506342647712543E-014	3.83197005389984099E-015	6.76018764896755772E-016	-1	3.15595128900308502E-015	-1	OK
29.500000000000000	2.21516872257722859E-014	2.11449217576396833E-014	5.08201158299755590E-015	1.60629101746421290E-014	1.00676546813260099E-015	1.67057467508186906E-016	-1	8.39708000624414129E-016	-1	OK
29.750000000000000	6.33193995899765608E-015	6.11179982203174407E-015	1.43038307547794560E-015	4.68141674655379649E-015	2.20140136965911943E-016	3.49565168176258109E-017	-1	1.85183620148286126E-016	-1	OK
30.000000000000000	1.54419572904609037E-015	1.50514940862161518E-015	3.43648726535403619E-016	1.16150068208621180E-015	3.90463204244751980E-017	6.01452109165207055E-018	-1	3.30317993328231267E-017	-1	OK
