#pt	totcs	totdirect	directLO	directNLO	totfrag	fragLO	err_fragLO	fragNLO	err_fragNLO	errmess
0.50000000000000000	-7104633.4130751267	-44724807.889893800	7024622.5418751920	-51749430.431768961	37620174.476818673	14887942.723540682	-1	22732231.753277991	-1	Error
0.75000000000000000	7240171.6623742832	160682.97972778790	956784.35179206717	-796101.37206427788	7079488.6826464953	2666738.5928280512	-1	4412750.0898184441	-1	Error
1.0000000000000000	2270025.3435864290	406959.14833658957	267543.20469358389	139415.94364300565	1863066.1952498397	734464.10680629138	-1	1128602.0884435484	-1	Error
1.2500000000000000	802164.15145983035	199662.54809808027	101360.02467748553	98302.523420594705	602501.60336175002	256110.66296478984	-1	346390.94039696018	-1	Error
1.5000000000000000	315318.37585038180	97973.503336384179	48527.104423942488	49446.398912441728	217344.87251399760	99199.736912839013	-1	118145.13560115859	-1	Error
1.7500000000000000	127869.62252448100	50240.063731425158	26717.993425382207	23522.070306042962	77629.558793055839	35897.403032647198	-1	41732.155760408641	-1	Error
2.0000000000000000	57833.234564656086	26696.773127839784	14753.071743124980	11943.701384714792	31136.461436816302	14523.201781565216	-1	16613.259655251088	-1	Error
2.2500000000000000	28487.773206483416	14725.698462413919	8324.5840508406291	6401.1144115732932	13762.074744069498	6427.8398413725054	-1	7334.2349026969923	-1	Error
2.5000000000000000	14961.923121548443	8408.8785293050769	4821.8811006369524	3586.9974286681240	6553.0445922433673	3076.4800535408517	-1	3476.5645387025156	-1	Error
2.7500000000000000	8303.6303100745317	4953.3347967182926	2866.9534356489476	2086.3813610693451	3350.2955133562386	1571.4422566552228	-1	1778.8532567010159	-1	Error
3.0000000000000000	4800.7036791393539	2999.9869218262179	1747.1920539948640	1252.7948678313546	1800.7167573131362	844.81841123441336	-1	955.89834607872285	-1	Error
3.2500000000000000	2875.8067753751893	1862.0823907754334	1089.0183236868700	773.06406708856332	1013.7243845997561	474.48476952947942	-1	539.23961507027673	-1	Error
3.5000000000000000	1774.5800579272964	1181.2608078644280	692.77556496968236	488.48524289474562	593.31925006286826	277.38571239641385	-1	315.93353766645441	-1	Error
3.7500000000000000	1122.8125323966888	764.13222752564218	448.93714962739455	315.19507789824786	358.68030487104664	167.17296756854614	-1	191.50733730250050	-1	Error
4.0000000000000000	725.84737004525732	502.99299387985729	295.82159568854240	207.17139819131489	222.85437616539997	103.53837855488109	-1	119.31599761051888	-1	OK
4.2500000000000000	478.04279752244906	336.25484951623878	197.85286129440934	138.40198822182950	141.78794800621026	65.481738123281247	-1	76.306209882929011	-1	OK
4.5000000000000000	320.03113664897626	227.90284483266572	134.10240641596641	93.800438416699322	92.128291816310522	42.277814947769087	-1	49.850476868541435	-1	OK
4.7500000000000000	217.48912575781713	156.38114736432090	91.988298318225347	64.392849046095520	61.107978393496225	27.838781072023522	-1	33.269197321472703	-1	OK
5.0000000000000000	149.56094637383492	108.52002046112258	63.796118197995774	44.723902263126782	41.040925912712332	18.526932890087135	-1	22.513993022625197	-1	OK
5.2500000000000000	104.07199713157736	76.089564642915676	44.692872569148655	31.396692073767024	27.982432488661683	12.639691694647471	-1	15.342740794014212	-1	OK
5.5000000000000000	73.238787636353379	53.859726137782161	31.601901665306439	22.257824472475711	19.379061498571225	8.6413349579170653	-1	10.737726540654160	-1	OK
5.7500000000000000	51.975990029486738	38.459003909921186	22.537030149565673	15.921973760355515	13.516986119565553	6.0405317765379030	-1	7.4764543430276502	-1	OK
6.0000000000000000	37.227844859045078	27.683323920895880	16.198985398784203	11.484338522111678	9.5445209381491996	4.2187464920890809	-1	5.3257744460601186	-1	OK
6.2500000000000000	26.881099129612199	20.073341524881332	11.727107367704749	8.3462341571765837	6.8077576047308668	2.9890235022475853	-1	3.8187341024832815	-1	OK
6.5000000000000000	19.548380410845720	14.653466178779588	8.5457357029403092	6.1077304758392765	4.8949142320661316	2.1411722108248314	-1	2.7537420212413002	-1	OK
6.7500000000000000	14.310509865898677	10.763275807604348	6.2651426979380505	4.4981331096663002	3.5472340582943285	1.5464656935670316	-1	2.0007683647272971	-1	OK
7.0000000000000000	10.539257550358307	7.9509302960313466	4.6187570588894262	3.3321732371419208	2.5883272543269604	1.1217927681523534	-1	1.4665344861746070	-1	OK
7.2500000000000000	7.8068989793473591	5.9042781998742582	3.4224561624776442	2.4818220373966140	1.9026207794731009	0.82035365523136217	-1	1.0822671242417388	-1	OK
7.5000000000000000	5.8107827169610173	4.4055971162340875	2.5479427355396451	1.8576543806944410	1.4051856007269301	0.60316232234295530	-1	0.80202327838397480	-1	OK
7.7500000000000000	4.3462802101605718	3.3019895966931769	1.9051097321751869	1.3968798645179892	1.0442906134673950	0.44568729209695496	-1	0.59860332137044003	-1	OK
8.0000000000000000	3.2659838448311453	2.4849867206136618	1.4301419977127996	1.0548447229008626	0.78099712421748346	0.33142969357266039	-1	0.44956743064482307	-1	OK
8.2500000000000000	2.4641766170523591	1.8773007097516887	1.0775844379621469	0.79971627178954208	0.58687590730067030	0.24756955206874548	-1	0.33930635523192482	-1	OK
8.5000000000000000	1.8655840068933256	1.4232429848240367	0.81472281530420165	0.60852016951983490	0.44234102206928905	0.18583024363498302	-1	0.25651077843430603	-1	OK
8.7500000000000000	1.4174540099791164	1.0825142373449832	0.61792360615555642	0.46459063118942662	0.33493977263413310	0.13978524428890041	-1	0.19515452834523270	-1	OK
9.0000000000000000	1.0802875860593080	0.82584220326371371	0.47002454311789132	0.35581766014582250	0.25444538279559425	0.10553792281028865	-1	0.14890745998530561	-1	OK
9.2500000000000000	0.82545038149211525	0.63177137369301273	0.35847586427726330	0.27329550941574954	0.19367900779910255	7.99735048747751559E-002	-1	0.11370550292432739	-1	OK
9.5000000000000000	0.63261527236115611	0.48453397200045389	0.27406751819075870	0.21046645380969525	0.14808130036070222	6.07851975073185544E-002	-1	8.72961028533836558E-002	-1	OK
9.7500000000000000	0.48608714419427002	0.37248176323265542	0.21000231260284377	0.16247945062981167	0.11360538096161461	4.63659109985741572E-002	-1	6.72394699630404491E-002	-1	OK
10.000000000000000	0.37427340370051954	0.28694798174071512	0.16123782119468644	0.12571016054602857	8.73254219598044029E-002	3.54509738563341115E-002	-1	5.18744481034702914E-002	-1	OK
10.250000000000000	0.28875233632872033	0.22148590267444751	0.12402518120568742	9.74607214687601281E-002	6.72664336542728447E-002	2.71488216349391881E-002	-1	4.01176120193336566E-002	-1	OK
10.500000000000000	0.22318223920850880	0.17126099285321000	9.55596127486534191E-002	7.57013801045566259E-002	5.19212463552988016E-002	2.07882309889238642E-002	-1	3.11330153663749373E-002	-1	OK
10.750000000000000	0.17269698711770676	0.13263222162874463	7.37359784962943882E-002	5.88962431324502253E-002	4.00647654889621091E-002	1.60167386830611311E-002	-1	2.40480268059009780E-002	-1	OK
11.000000000000000	0.13388970817051965	0.10286684020629300	5.69738628192349855E-002	4.58929773870580052E-002	3.10228679642266456E-002	1.22965517934257793E-002	-1	1.87263161708008663E-002	-1	OK
11.250000000000000	0.10394327516262208	7.98877241385786002E-002	4.40760841290897473E-002	3.58116400094888529E-002	2.40555510240434839E-002	9.50113434606262609E-003	-1	1.45544166779808578E-002	-1	OK
11.500000000000000	8.07955241421159931E-002	6.21130244117889321E-002	3.41344324613249983E-002	2.79785919504639199E-002	1.86824997303270575E-002	7.33045375417460798E-003	-1	1.13520459761524486E-002	-1	OK
11.750000000000000	6.28520767382669127E-002	4.83437228167659799E-002	2.64601879307664184E-002	2.18835348859995650E-002	1.45083539215009310E-002	5.67758716064994083E-003	-1	8.83076676085099016E-003	-1	OK
12.000000000000000	4.89583121204693605E-002	3.76610263367575041E-002	2.05277360117833568E-002	1.71332903249741472E-002	1.12972857837118600E-002	4.39407410409741080E-003	-1	6.90321167961444916E-003	-1	OK
12.250000000000000	3.81530279969794911E-002	2.93608198280669412E-002	1.59359181830510503E-002	1.34249016450158926E-002	8.79220816891254642E-003	3.40481454377817433E-003	-1	5.38739362513437209E-003	-1	OK
12.500000000000000	2.97406055904918011E-002	2.29050330661522972E-002	1.23781042426270877E-002	1.05269288235252077E-002	6.83557252433950307E-003	2.63649367551476018E-003	-1	4.19907884882474332E-003	-1	OK
12.750000000000000	2.32040364733348652E-002	1.78780684990401881E-002	9.61858800700925859E-003	8.25948049203092775E-003	5.32596797429467621E-003	2.04069759083215941E-003	-1	3.28527038346251681E-003	-1	OK
13.000000000000000	1.81120803030612940E-002	1.39594888511059313E-002	7.47641413781090398E-003	6.48307471329502821E-003	4.15259145195536090E-003	1.58242900585385776E-003	-1	2.57016244610150293E-003	-1	OK
13.250000000000000	1.41415176437634117E-002	1.09031125260310915E-002	5.81244632767658788E-003	5.09066619835450273E-003	3.23840511773232061E-003	1.22807770561479809E-003	-1	2.01032741211752252E-003	-1	OK
13.500000000000000	1.10398159473905997E-002	8.51732784585969641E-003	4.51905342857928521E-003	3.99827441728041379E-003	2.52248810153090286E-003	9.51183394629811986E-004	-1	1.57130470690109098E-003	-1	OK
13.750000000000000	8.62145364947042997E-003	6.65366180984996829E-003	3.51321636809418360E-003	3.14044544175578425E-003	1.96779183962046125E-003	7.37929557998262846E-004	-1	1.22986228162219840E-003	-1	OK
14.000000000000000	6.72890422779767912E-003	5.19753463741748963E-003	2.73081498910236536E-003	2.46671964831512514E-003	1.53136959038018992E-003	5.70927928073464478E-004	-1	9.60441662306725443E-004	-1	OK
14.250000000000000	5.25418309179082402E-003	4.05931994842553562E-003	2.12201717979026592E-003	1.93730276863527100E-003	1.19486314336528861E-003	4.42385077649506671E-004	-1	7.52478065715781992E-004	-1	OK
14.500000000000000	4.10070986635822747E-003	3.16927406193807720E-003	1.64823731614198422E-003	1.52103674579609385E-003	9.31435804420150055E-004	3.42303847130579029E-004	-1	5.89131957289571080E-004	-1	OK
14.750000000000000	3.19892073834381454E-003	2.47341145252638920E-003	1.27958229950830664E-003	1.19382915301808278E-003	7.25509285817425441E-004	2.65005253720633981E-004	-1	4.60504032096791460E-004	-1	OK
15.000000000000000	2.49263544579933277E-003	1.92931213454969851E-003	9.92732867346794723E-004	9.36579267202904001E-004	5.63323311249634153E-004	2.04898828301455652E-004	-1	3.58424482948178501E-004	-1	OK
15.250000000000000	1.94164561965033070E-003	1.50385144309706951E-003	7.69585358099626488E-004	7.34266084997443132E-004	4.37794176553261299E-004	1.58447460618992068E-004	-1	2.79346715934269203E-004	-1	OK
15.500000000000000	1.51128430389916549E-003	1.17139640672617369E-003	5.96104148752652852E-004	5.75292257973520401E-004	3.39887897172991857E-004	1.22118468609600097E-004	-1	2.17769428563391760E-004	-1	OK
15.750000000000000	1.17522333422901380E-003	9.11674491862055330E-004	4.61282510442706148E-004	4.50391981419349182E-004	2.63548842366958527E-004	9.37002781047113797E-005	-1	1.69848564262247147E-004	-1	OK
16.000000000000000	9.13023207803575674E-004	7.08810597675968868E-004	3.56557158462670145E-004	3.52253439213298832E-004	2.04212610127606778E-004	7.23374235731133469E-005	-1	1.31875186554493418E-004	-1	OK
16.250000000000000	7.08372334953261172E-004	5.50506645459484666E-004	2.75281209737745017E-004	2.75225435721739757E-004	1.57865689493776480E-004	5.57404653932892460E-005	-1	1.02125224100487234E-004	-1	OK
16.500000000000000	5.48913123828045305E-004	4.27050607500182862E-004	2.12249275406522369E-004	2.14801332093660547E-004	1.21862516327862444E-004	4.28125615258512714E-005	-1	7.90499548020111721E-005	-1	OK
16.750000000000000	4.24618972680470056E-004	3.30814077563892071E-004	1.63404947556807130E-004	1.67409130007084914E-004	9.38048951165779983E-005	3.26901177584880130E-005	-1	6.11147773580899786E-005	-1	OK
17.000000000000000	3.28126919262590781E-004	2.55900355936037737E-004	1.25604637410082045E-004	1.30295718525955774E-004	7.22265633265530303E-005	2.50363260263560271E-005	-1	4.71902373001970032E-005	-1	OK
17.250000000000000	2.53129646729053390E-004	1.97642780676415483E-004	9.63833119011946388E-005	1.01259468775220817E-004	5.54868660526378792E-005	1.91064621611448403E-005	-1	3.63804038914930389E-005	-1	OK
17.500000000000000	1.94903439865005301E-004	1.52370852482972430E-004	7.38189501553990657E-005	7.85519023275733105E-005	4.25325873820328769E-005	1.45604151235645308E-005	-1	2.79721722584683461E-005	-1	OK
17.750000000000000	1.49777941825398621E-004	1.17252218158138874E-004	5.64251768064803411E-005	6.08270413516585328E-005	3.25257236672597407E-005	1.10472794732496363E-005	-1	2.14784441940101060E-005	-1	OK
18.000000000000000	1.14842467248694389E-004	9.00513731630672281E-005	4.30381432182796127E-005	4.70132299447876154E-005	2.47910940856271611E-005	8.36755426549953996E-006	-1	1.64235398201276195E-005	-1	OK
18.250000000000000	8.78519408952705869E-005	6.90077374657946743E-005	3.27503952068277431E-005	3.62573422589669244E-005	1.88442034294759126E-005	6.32081291231669878E-006	-1	1.25233905171592139E-005	-1	OK
18.500000000000000	6.70666567035010789E-005	5.27590656076645385E-005	2.48607306319396226E-005	2.78983349757249227E-005	1.43075910958365454E-005	4.76160634157454445E-006	-1	9.54598475426200182E-006	-1	OK
18.750000000000000	5.10595496018419494E-005	4.02385728521023595E-005	1.88226415511806836E-005	2.14159313009216826E-005	1.08209767497395882E-005	3.57957095404362927E-006	-1	7.24140579569595931E-006	-1	OK
19.000000000000000	3.87809656820604849E-005	3.06083070461011798E-005	1.42109973994117101E-005	1.63973096466894663E-005	8.17265863595930515E-006	2.68414544203898400E-006	-1	5.48851319392032157E-006	-1	OK
19.250000000000000	2.93576284294905850E-005	2.32158603412722914E-005	1.06970097964538036E-005	1.25188505448184963E-005	6.14176808821829444E-006	2.00277306449846685E-006	-1	4.13899502371982802E-006	-1	OK
19.500000000000000	2.21537424243237799E-005	1.75556012837830284E-005	8.02638028758808914E-006	9.52922099619493923E-006	4.59814114054075242E-006	1.48960197450004067E-006	-1	3.10853916604071175E-006	-1	OK
19.750000000000000	1.66627702279248876E-005	1.32325698733138041E-005	6.00219438097492671E-006	7.23037549233887574E-006	3.43020035461108304E-006	1.09977637411893411E-006	-1	2.33042398049214892E-006	-1	OK
20.000000000000000	1.24923087765510113E-005	9.94080986489853336E-006	4.47265326643182593E-006	5.46815659846670828E-006	2.55149891165247712E-006	8.13060659253842868E-007	-1	1.73843825239863425E-006	-1	OK
20.250000000000000	9.33293195285804174E-006	7.44183516145353407E-006	3.32037889230623639E-006	4.12145626914729726E-006	1.89109679140450831E-006	5.97436899989010607E-007	-1	1.29365989141549770E-006	-1	OK
20.500000000000000	6.94189247498919387E-006	5.54867940933381492E-006	2.45477939338414160E-006	3.09390001594967289E-006	1.39321306565537874E-006	4.36662317912382050E-007	-1	9.56550747742996584E-007	-1	OK
20.750000000000000	5.14032252220818704E-006	4.11975045558378557E-006	1.80703334790315795E-006	2.31271710768062762E-006	1.02057206662440168E-006	3.17828517903992050E-007	-1	7.02743548720409632E-007	-1	OK
21.000000000000000	3.79205031004757788E-006	3.04623411525622993E-006	1.32436704660620843E-006	1.72186706865002172E-006	7.45816194791348156E-007	2.28448297740561383E-007	-1	5.17367897050786747E-007	-1	OK
21.250000000000000	2.78424986555578014E-006	2.24234673127525978E-006	9.65975332832182586E-007	1.27637139844307762E-006	5.41903134280520572E-007	1.66003766268703633E-007	-1	3.75899368011816965E-007	-1	OK
21.500000000000000	2.03271733979872786E-006	1.64220203398865176E-006	7.00881779920958603E-007	9.41320254067693268E-007	3.90515305810075888E-007	1.17957629140746271E-007	-1	2.72557676669329604E-007	-1	OK
21.750000000000000	1.47697361736521680E-006	1.19622216964964095E-006	5.05753571311945316E-007	6.90468598337695530E-007	2.80751447715575847E-007	8.47278855422525951E-008	-1	1.96023562173323251E-007	-1	OK
22.000000000000000	1.06708310532857841E-006	8.66654339205247582E-007	3.62884518788582441E-007	5.03769820416665194E-007	2.00428766123330802E-007	5.92144454438896373E-008	-1	1.41214320679441158E-007	-1	OK
22.250000000000000	7.66279446330286686E-007	6.24280515183508462E-007	2.58799023587351086E-007	3.65481491596157428E-007	1.41998931146778171E-007	4.15124964264069081E-008	-1	1.00486434720371270E-007	-1	OK
22.500000000000000	5.46857550196568045E-007	4.46867591927865963E-007	1.83366910575712460E-007	2.63500681352153556E-007	9.99899582687021084E-008	2.90388899742793524E-008	-1	7.09510682944227560E-008	-1	OK
22.750000000000000	3.87496167921904428E-007	3.17732926047214781E-007	1.29023612167782907E-007	1.88709313879431875E-007	6.97632418746896597E-008	2.00839879868970381E-008	-1	4.96792538877926183E-008	-1	OK
23.000000000000000	2.72654620721291409E-007	2.24321517328726721E-007	9.01215389785593990E-008	1.34199978350167282E-007	4.83331033925647017E-008	1.38960063458297263E-008	-1	3.44370970467349771E-008	-1	OK
23.250000000000000	1.90401770199853029E-007	1.57183782760620277E-007	6.24579779022095189E-008	9.47258048584107845E-008	3.32179874392327457E-008	9.44969731375566422E-009	-1	2.37682901254770831E-008	-1	OK
23.500000000000000	1.31824379118112314E-007	1.09253132835469129E-007	4.29247443295725921E-008	6.63283885058965171E-008	2.25712462826431979E-008	6.37620974301749317E-009	-1	1.61950365396257039E-008	-1	OK
23.750000000000000	9.05160325536002186E-008	7.52845911635985647E-008	2.92373052796390869E-008	4.60472858839595043E-008	1.52314413900016571E-008	4.19282290861866498E-009	-1	1.10386184813829930E-008	-1	OK
24.000000000000000	6.15527575147549458E-008	5.13955395435684726E-008	1.97236662665042736E-008	3.16718732770642023E-008	1.01572179711864765E-008	2.80651757171751447E-009	-1	7.35070039946896202E-009	-1	OK
24.250000000000000	4.14302945528086701E-008	3.47382013183401851E-008	1.31691988024430986E-008	2.15690025158970865E-008	6.69209323446848417E-009	1.81008640232510460E-009	-1	4.88200683214337915E-009	-1	OK
24.500000000000000	2.75870212060520083E-008	2.32281104334689717E-008	8.69584281543354093E-009	1.45322676180354325E-008	4.35891077258303660E-009	1.17455224165817069E-009	-1	3.18435853092486591E-009	-1	OK
24.750000000000000	1.81519185499047707E-008	1.53536824272660545E-008	5.67409236059422294E-009	9.67959006667183236E-009	2.79823612263871663E-009	7.46695098376190490E-010	-1	2.05154102426252593E-009	-1	OK
25.000000000000000	1.17972107161117155E-008	1.00225503170522592E-008	3.65499682780551510E-009	6.36755348924674497E-009	1.77466039905945684E-009	4.63777012062551069E-010	-1	1.31088338699690583E-009	-1	OK
25.250000000000000	7.56269681860994971E-009	6.45481937348773647E-009	2.32185933959330511E-009	4.13296003389443218E-009	1.10787744512221324E-009	2.87256732716781416E-010	-1	8.20620712405431775E-010	-1	OK
25.500000000000000	4.77503670693844957E-009	4.09636455209746152E-009	1.45288099704947174E-009	2.64348355504798958E-009	6.78672154840988257E-010	1.73919219820095010E-010	-1	5.04752935020893222E-010	-1	OK
25.750000000000000	2.96738728351456666E-009	2.55904367718693424E-009	8.94425094737441138E-010	1.66461858244949321E-009	4.08343606327632265E-010	1.02600276418455063E-010	-1	3.05743329909177190E-010	-1	OK
26.000000000000000	1.81113469573833630E-009	1.57047615556797227E-009	5.40761620329574276E-010	1.02971453523839758E-009	2.40658540170363983E-010	5.93473998244997573E-011	-1	1.81311140345864226E-010	-1	OK
26.250000000000000	1.08453061452063987E-009	9.45508322957449385E-010	3.20614038406541289E-010	6.24894284550908096E-010	1.39022291563190404E-010	3.39186143181499153E-011	-1	1.05103677245040496E-010	-1	OK
26.500000000000000	6.35984159154998332E-010	5.57764172334213537E-010	1.86107788489875649E-010	3.71656383844337810E-010	7.82199868207848334E-011	1.89758320125021789E-011	-1	5.92441548082826513E-011	-1	OK
26.750000000000000	3.64119060454734611E-010	3.21253384741583127E-010	1.05464101895592610E-010	2.15789282845990491E-010	4.28656757131514911E-011	1.01052631493899368E-011	-1	3.27604125637615510E-011	-1	OK
27.000000000000000	2.03179474877318443E-010	1.80470427227817941E-010	5.82458765035367531E-011	1.22224550724281175E-010	2.27090476495005084E-011	5.33703534896171686E-012	-1	1.73720123005387908E-011	-1	OK
27.250000000000000	1.10172913329048480E-010	9.85081824294679105E-011	3.12435540888167960E-011	6.72646283406511144E-011	1.16647308995805700E-011	2.68502547427227022E-012	-1	8.97970542530830057E-012	-1	OK
27.500000000000000	5.78619047225486191E-011	5.20990739339800027E-011	1.62282254862235574E-011	3.58708484477564453E-011	5.76283078856861319E-012	1.29936811681815792E-012	-1	4.46346267175045527E-012	-1	OK
27.750000000000000	2.92984144257251949E-011	2.65780034430131636E-011	8.12806027880799639E-012	1.84499431642051721E-011	2.72041098271203091E-012	6.11880083676965548E-013	-1	2.10853089903506536E-012	-1	OK
28.000000000000000	1.42614605657612327E-011	1.30361229103967205E-011	3.91009761738651646E-012	9.12602529301020402E-012	1.22533765536451160E-012	2.72902849820895008E-013	-1	9.52434805543616595E-013	-1	OK
28.250000000000000	6.62248031331669429E-012	6.10305613929242672E-012	1.79531014998414992E-012	4.30774598930827559E-012	5.19424174024267977E-013	1.13597421636384777E-013	-1	4.05826752387883213E-013	-1	OK
28.500000000000000	2.91895588322521659E-012	2.71293909679911096E-012	7.81932129512924853E-013	1.93100696728618550E-012	2.06016786426105553E-013	4.41397206344690011E-014	-1	1.61877065791636539E-013	-1	OK
28.750000000000000	1.21246721714945135E-012	1.13642967723962690E-012	3.20665349395540875E-013	8.15764327844085974E-013	7.60375399098243741E-014	1.58745245870026447E-014	-1	6.01630153228217358E-014	-1	OK
29.000000000000000	4.69185816182417295E-013	4.43741216568442383E-013	1.22458476127253399E-013	3.21282740441188883E-013	2.54445996139749188E-014	5.09461626069890771E-015	-1	2.03499833532760111E-014	-1	OK
29.250000000000000	1.67481263151937806E-013	1.59872699189627525E-013	4.30749341820077690E-014	1.16797765007619749E-013	7.60856396231028802E-015	1.51930019591968443E-015	-1	6.08926376639060398E-015	-1	OK
29.500000000000000	5.41359256717312658E-014	5.21244395818070992E-014	1.36918489076476227E-014	3.84325906741594891E-014	2.01148608992416777E-015	3.76476242533917510E-016	-1	1.63500984739025026E-015	-1	OK
29.750000000000000	1.56511860977325607E-014	1.52101845034126728E-014	3.87058292053860123E-015	1.13396015828740692E-014	4.41001594319887984E-016	8.08383117952292206E-017	-1	3.60163282524658776E-016	-1	OK
30.000000000000000	3.86719451188994468E-015	3.78903306701349666E-015	9.34855961751994898E-016	2.85417710526150176E-015	7.81614448764479844E-017	1.34385426215522564E-017	-1	6.47229022548957296E-017	-1	OK
