#pt	totcs	totdirect	directLO	directNLO	totfrag	fragLO	err_fragLO	fragNLO	err_fragNLO	errmess
0.50000000000000000	13921061.876967840	4711175.1479046736	3506769.8644138724	1204405.2834907994	9209886.7290631663	2254924.5667532352	-1	6954962.1623099316	-1	Error
0.75000000000000000	1328763.4916261849	704287.73030354502	375275.35150130111	329012.37880224391	624475.76132263977	154956.89498611970	-1	469518.86633652006	-1	Error
1.0000000000000000	217446.37583993678	133675.40167906517	62970.534584966008	70704.867094099114	83770.974160871614	20835.607305978334	-1	62935.366854893276	-1	Error
1.2500000000000000	47605.836186067550	31394.976622304006	13850.585916709206	17544.390705594804	16210.859563763541	3999.6880112545650	-1	12211.171552508975	-1	Error
1.5000000000000000	12536.545924394468	8594.8268294143490	3634.7187573332944	4960.1080720810551	3941.7190949801193	962.06004074149678	-1	2979.6590542386225	-1	Error
1.7500000000000000	3743.9418230764477	2628.9263824501168	1077.6679703026366	1551.2584121474806	1115.0154406263309	268.38709341072621	-1	846.62834721560466	-1	Error
2.0000000000000000	1224.5060227977301	872.47124453795618	348.67244564241093	523.79879889554513	352.03477825977404	83.737953208736769	-1	268.29682505103727	-1	Error
2.2500000000000000	427.64652732832593	307.76865052945232	120.27397699212878	187.49467353732354	119.87787679887360	28.198987477891180	-1	91.678889320982421	-1	Error
2.5000000000000000	156.96877463589513	113.64760118068065	43.495468716953638	70.152132463727000	43.321173455214470	10.064965771455316	-1	33.256207683759158	-1	Error
2.7500000000000000	59.715901554469824	43.409690530003267	16.281002093121245	27.128688436882022	16.306211024466553	3.7295899078826587	-1	12.576621116583894	-1	Error
3.0000000000000000	23.331032832081316	16.993930176888426	6.2465323959883747	10.747397780900052	6.3371026551928891	1.4277532002436619	-1	4.9093494549492274	-1	Error
3.2500000000000000	9.2754149435710538	6.7673287568823302	2.4372443946809472	4.3300843622013856	2.5080861866887227	0.55639086360374113	-1	1.9516953230849816	-1	Error
3.5000000000000000	3.7259612053093081	2.7233678739498588	0.96049285970988063	1.7628750142399781	1.0025933313594493	0.21981132438582168	-1	0.78278200697362754	-1	Error
3.7500000000000000	1.5043740720572318	1.1009919190469080	0.37998995275399244	0.72100196629291546	0.40338215301032387	8.69026492456386607E-002	-1	0.31647950376468520	-1	Error
4.0000000000000000	0.60636055476853634	0.44469344047417420	0.15006025764985151	0.29463318282432271	0.16166711429436215	3.43015369701317116E-002	-1	0.12736557732423043	-1	OK
4.2500000000000000	0.24298232251676982	0.17848724890574597	5.88276697432511264E-002	0.11965957916249481	6.44950736110238426E-002	1.34171941981572288E-002	-1	5.10778794128666155E-002	-1	OK
4.5000000000000000	9.61821163681621377E-002	7.08226443773500997E-002	2.27723799362589581E-002	4.80502644410911450E-002	2.53594719908120346E-002	5.16939745031317482E-003	-1	2.01900745404988598E-002	-1	OK
4.7500000000000000	3.73480295896424994E-002	2.76239013397905457E-002	8.65421531599966203E-003	1.89696860237908889E-002	9.72412824985195365E-003	1.94578683645767821E-003	-1	7.77834141339427566E-003	-1	OK
5.0000000000000000	1.41691731978235702E-002	1.05258335586259338E-002	3.20852140312848522E-003	7.31731215549745028E-003	3.64333963919763644E-003	7.15843200265446882E-004	-1	2.92749643893218956E-003	-1	OK
5.2500000000000000	5.20686450669226916E-003	3.89153465689815597E-003	1.15242771629697023E-003	2.73910694060118618E-003	1.31532984979411318E-003	2.53035761588699093E-004	-1	1.06229408820541398E-003	-1	OK
5.5000000000000000	1.83918952862442611E-003	1.38473333099619657E-003	3.97759547465831374E-004	9.86973783530364869E-004	4.54456197628229591E-004	8.54487603102218170E-005	-1	3.69007437318007788E-004	-1	OK
5.7500000000000000	6.18939236310234826E-004	4.69911870661422727E-004	1.30691109433261199E-004	3.39220761228161501E-004	1.49027365648812126E-004	2.74164605621058273E-005	-1	1.21610905086706302E-004	-1	OK
6.0000000000000000	1.96094913105240138E-004	1.50394123556912406E-004	4.04142566859109735E-005	1.09979866871001412E-004	4.57007895483277452E-005	8.13234913260233442E-006	-1	3.75684404157254108E-005	-1	OK
6.2500000000000000	5.76933373550487946E-005	4.47395934305286615E-005	1.15921706506834258E-005	3.31474227798452307E-005	1.29537439245201331E-005	2.23946068232389757E-006	-1	1.07142832421962356E-005	-1	OK
6.5000000000000000	1.54540283289795614E-005	1.21484791043710862E-005	3.02757561990534926E-006	9.12090348446573655E-006	3.30554922460847649E-006	5.58263185661587243E-007	-1	2.74728603894688914E-006	-1	OK
6.7500000000000000	3.68059232984628331E-006	2.93990287205797416E-006	7.02772027368847200E-007	2.23713084468912760E-006	7.40689457788309145E-007	1.21264262841889648E-007	-1	6.19425194946419524E-007	-1	OK
7.0000000000000000	7.53450403145434862E-007	6.13330513706672238E-007	1.40198206051557653E-007	4.73132307655114769E-007	1.40119889438762598E-007	2.21494113394635685E-008	-1	1.17970478099299026E-007	-1	OK
