#pt	totcs	totdirect	directLO	directNLO	totfrag	fragLO	err_fragLO	fragNLO	err_fragNLO	errmess
0.50000000000000000	4357557.4536505193	-35216457.013342932	8909383.3166733552	-44125840.330016300	39574014.466993451	13165381.955832528	-1	26408632.511160925	-1	Error
0.75000000000000000	6905850.6708563920	788588.75716473442	1156196.3460116745	-367607.58884693950	6117261.9136916576	2043114.5669730080	-1	4074147.3467186494	-1	Error
1.0000000000000000	1866089.0494700177	484594.64720031701	302342.70843006048	182251.93877025676	1381494.4022697008	490013.98834159051	-1	891480.41392811027	-1	Error
1.2500000000000000	594911.72762488772	200461.43618651296	106222.34446694724	94239.091719565709	394450.29143837478	150956.76770700820	-1	243493.52373136659	-1	Error
1.5000000000000000	213601.44280172372	86969.248310280382	45215.131927672315	41754.116382608096	126632.19449144333	52019.089147147941	-1	74613.105344295385	-1	Error
1.7500000000000000	79156.881197595532	39399.655481238311	21133.532647953758	18266.122833284542	39757.225716357221	16513.293331669756	-1	23243.932384687465	-1	Error
2.0000000000000000	33164.742894041039	18698.111693419982	10186.319360175976	8511.7923332440078	14466.631200621057	6049.4790429122677	-1	8417.1521577087897	-1	Error
2.2500000000000000	15155.386426900233	9280.9186553983072	5098.2292437053002	4182.6894116930052	5874.4677715019252	2471.5307415116540	-1	3402.9370299902712	-1	Error
2.5000000000000000	7409.8351952435823	4795.4755136552785	2646.1514347070874	2149.3240789481915	2614.3596815883038	1100.2695218096233	-1	1514.0901597786806	-1	Error
2.7500000000000000	3815.0988502187211	2566.7048533413117	1419.5242213579891	1147.1806319833233	1248.3939968774096	524.58056582314885	-1	723.81343105426072	-1	Error
3.0000000000000000	2046.8433995176679	1416.6981231651982	784.13900006983931	632.55912309535915	630.14527635246964	263.01636810402152	-1	367.12890824844811	-1	Error
3.2500000000000000	1135.6592506878610	803.17703079777164	444.46023994975423	358.71679084801741	332.48221989008925	137.38114888783156	-1	195.10107100225770	-1	Error
3.5000000000000000	647.87713812573429	466.12161445154169	257.68955484694646	208.43205960459528	181.75552367419260	74.732595046432820	-1	107.02292862775978	-1	Error
3.7500000000000000	378.99604933003900	276.10583594833076	152.39751813185296	123.70831781647773	102.89021338170824	41.906481929029624	-1	60.983731452678612	-1	Error
4.0000000000000000	226.10664867979187	166.53466207483234	91.725217217669183	74.809444857163129	59.571986604959520	24.122922860166319	-1	35.449063744793200	-1	OK
4.2500000000000000	137.33714718453899	102.04284814802753	56.060500136605228	45.982348011422317	35.294299036511454	14.193053891079090	-1	21.101245145432365	-1	OK
4.5000000000000000	84.750903721773966	63.391689455201771	34.723808565380473	28.667880889821291	21.359214266572192	8.5450767075139940	-1	12.814137559058198	-1	OK
4.7500000000000000	52.983869191312138	39.858623819648393	21.761483077638726	18.097140742009671	13.125245371663745	5.2130910487827018	-1	7.9121543228810429	-1	OK
5.0000000000000000	33.518481921514898	25.333379258985644	13.781167100959733	11.552212158025913	8.1851026625292516	3.2246858176310749	-1	4.9604168448981767	-1	OK
5.2500000000000000	21.436695884996858	16.256902735142067	8.8088017831966763	7.4481009519453876	5.1797931498547927	2.0255853810404698	-1	3.1542077688143229	-1	OK
5.5000000000000000	13.830351060039193	10.521769964618029	5.6769772469443076	4.8447927176737204	3.3085810954211645	1.2832212918956940	-1	2.0253598035254705	-1	OK
5.7500000000000000	8.9949159343530365	6.8616838265398856	3.6852567105402225	3.1764271159996631	2.1332321078131513	0.81992819615408674	-1	1.3133039116590646	-1	OK
6.0000000000000000	5.8928689102127745	4.5047408700186722	2.4075784517071286	2.0971624183115432	1.3881280401941023	0.52873585167296777	-1	0.85939218852113453	-1	OK
6.2500000000000000	3.8849778545792706	2.9748826882072872	1.5816915087349410	1.3931911794723462	0.91009516637198318	0.34357223597951653	-1	0.56652293039246659	-1	OK
6.5000000000000000	2.5753221042825927	1.9747126993294557	1.0441638739289332	0.93054882540052308	0.60060940495313697	0.22408851699853927	-1	0.37652088795459770	-1	OK
6.7500000000000000	1.7137136827743569	1.3166142329413786	0.69216749202741668	0.62444674091396191	0.39709944983297835	0.14735505952251560	-1	0.24974439031046275	-1	OK
7.0000000000000000	1.1452755738867286	0.88117751525241150	0.46044185717680314	0.42073565807560837	0.26409805863431712	9.72607087675534249E-002	-1	0.16683734986676368	-1	OK
7.2500000000000000	0.76788328398427330	0.59160586313285324	0.30717321576866985	0.28443264736418344	0.17627742085142001	6.44500222400628819E-002	-1	0.11182739861135713	-1	OK
7.5000000000000000	0.51630334976581638	0.39823038426610630	0.20539767420710195	0.19283271005900438	0.11807296549971007	4.27992032743218023E-002	-1	7.52737622253882577E-002	-1	OK
7.7500000000000000	0.34770803299349079	0.26860285503609899	0.13758246732370044	0.13102038771239852	7.91051779573918173E-002	2.84952489391095236E-002	-1	5.06099290182822903E-002	-1	OK
8.0000000000000000	0.23458429870562386	0.18145234345013073	9.22731065872964412E-002	8.91792368628343129E-002	5.31319552554931282E-002	1.89655973489046593E-002	-1	3.41663579065884654E-002	-1	OK
8.2500000000000000	0.15845715727789497	0.12271564504091743	6.19377328108448935E-002	6.07779122300725408E-002	3.57415122369775448E-002	1.26473873500067783E-002	-1	2.30941248869707683E-002	-1	OK
8.5000000000000000	0.10707741524286218	8.30493422442735579E-002	4.15911207801305943E-002	4.14582214641429567E-002	2.40280729985886260E-002	8.43272895226055384E-003	-1	1.55953440463280722E-002	-1	OK
8.7500000000000000	7.23647219117963675E-002	5.62153353958551177E-002	2.79258451961624382E-002	2.82894901996926761E-002	1.61493865159412532E-002	5.62155605515281959E-003	-1	1.05278304607884336E-002	-1	OK
9.0000000000000000	4.89164504275016454E-002	3.80414776043352942E-002	1.87397035529136557E-002	1.93017740514216350E-002	1.08749728231663512E-002	3.73921524889470926E-003	-1	7.13575757427164191E-003	-1	OK
9.2500000000000000	3.30274655144108739E-002	2.57245163382322194E-002	1.25624884399038930E-002	1.31620278983283264E-002	7.30294917617865282E-003	2.48786491169567794E-003	-1	4.81508426448297444E-003	-1	OK
9.5000000000000000	2.22648121450465600E-002	1.73743161891441317E-002	8.40859988903629521E-003	8.96571630010783473E-003	4.89049595590242657E-003	1.65263441952699826E-003	-1	3.23786153637542831E-003	-1	OK
9.7500000000000000	1.49848185909936277E-002	1.17152840794633624E-002	5.61714642387058875E-003	6.09813765559277712E-003	3.26953451153026578E-003	1.08789862566846703E-003	-1	2.18163588586179876E-003	-1	OK
10.000000000000000	1.00633754138473967E-002	7.88209994356723481E-003	3.74294452123857596E-003	4.13915542232865929E-003	2.18127547028016278E-003	7.21765022690375917E-004	-1	1.45951044758978687E-003	-1	OK
10.250000000000000	6.73794580021869031E-003	5.28922444675217467E-003	2.48668653000930261E-003	2.80253791674287293E-003	1.44872135346651543E-003	4.75791447413479406E-004	-1	9.72929906053035965E-004	-1	OK
10.500000000000000	4.49442522177445798E-003	3.53780066716059610E-003	1.64618744740489863E-003	1.89161321975569812E-003	9.56624554613861883E-004	3.11293311991699107E-004	-1	6.45331242622162776E-004	-1	OK
10.750000000000000	2.98845743922250377E-003	2.35769782020699755E-003	1.08538803297041531E-003	1.27230978723658224E-003	6.30759619015506005E-004	2.02929484930242061E-004	-1	4.27830134085263971E-004	-1	OK
11.000000000000000	1.97790124109025953E-003	1.56453172137920775E-003	7.12339934024264600E-004	8.52191787354943261E-004	4.13369519711051828E-004	1.31482091695763842E-004	-1	2.81887428015288014E-004	-1	OK
11.250000000000000	1.30243314367112293E-003	1.03339598406491364E-003	4.65157777878350985E-004	5.68238206186562822E-004	2.69037159606209291E-004	8.47142261690093180E-005	-1	1.84322933437199986E-004	-1	OK
11.500000000000000	8.52949664466665048E-004	6.78926048974089810E-004	3.02010994966985175E-004	3.76915054007104743E-004	1.74023615492575266E-004	5.42525901781440483E-005	-1	1.19771025314431218E-004	-1	OK
11.750000000000000	5.55329550343270327E-004	4.43436047399561070E-004	1.94853596052487762E-004	2.48582451347073281E-004	1.11893502943709297E-004	3.45218721056089173E-005	-1	7.73716308381003869E-005	-1	OK
12.000000000000000	3.59138868433994695E-004	2.87709695814421359E-004	1.24831555659009742E-004	1.62878140155411617E-004	7.14291726195733358E-005	2.17493809735481675E-005	-1	4.96797916460251648E-005	-1	OK
12.250000000000000	2.30412719565781731E-004	1.85296648164882087E-004	7.93507984477868954E-005	1.05945849717095151E-004	4.51160714008996578E-005	1.35388589309421928E-005	-1	3.15772124699574666E-005	-1	OK
12.500000000000000	1.46619036701737258E-004	1.18374428374385919E-004	5.00108321646315054E-005	6.83635962097544139E-005	2.82446083273513349E-005	8.40066885221265183E-006	-1	1.98439394751386813E-005	-1	OK
12.750000000000000	9.24828254373719912E-005	7.49575890783073543E-005	3.12236960924994940E-005	4.37338929858078807E-005	1.75252363590646369E-005	5.13583971124052408E-006	-1	1.23893966478241128E-005	-1	OK
13.000000000000000	5.77107332682534572E-005	4.69828908435778115E-005	1.92898187012437595E-005	2.76930721423340486E-005	1.07278424246756474E-005	3.10490858598317214E-006	-1	7.62293383869247530E-006	-1	OK
13.250000000000000	3.56281600534495571E-005	2.91409189633809796E-005	1.17839986786197416E-005	1.73569202847612328E-005	6.48724109006857504E-006	1.85699116640969470E-006	-1	4.63024992365888076E-006	-1	OK
13.500000000000000	2.17195181920286069E-005	1.78534828456907373E-005	7.10708754168783704E-006	1.07463953040028986E-005	3.86603534633786876E-006	1.08463001537210167E-006	-1	2.78140533096576730E-006	-1	OK
13.750000000000000	1.30664083383507135E-005	1.07924060340277089E-005	4.22725578336169955E-006	6.56515025066600761E-006	2.27400230432300463E-006	6.25179985989310225E-007	-1	1.64882231833369441E-006	-1	OK
14.000000000000000	7.74245756047076247E-006	6.43036123035672078E-006	2.47627049086686433E-006	3.95409073948985730E-006	1.31209633011404254E-006	3.59903420392963418E-007	-1	9.52192909721079118E-007	-1	OK
14.250000000000000	4.51424499523165734E-006	3.76870247707628379E-006	1.42599594384206974E-006	2.34270653323421468E-006	7.45542518155373338E-007	1.98737464767688860E-007	-1	5.46805053387684451E-007	-1	OK
14.500000000000000	2.58350570543144022E-006	2.16930522725789796E-006	8.05890689706668772E-007	1.36341453755122961E-006	4.14200478173542152E-007	1.09780110831521362E-007	-1	3.04420367342020764E-007	-1	OK
14.750000000000000	1.44801721658179869E-006	1.22370590314788958E-006	4.45997863996793376E-007	7.77708039151096411E-007	2.24311313433909012E-007	5.81400937897078912E-008	-1	1.66171219644201127E-007	-1	OK
15.000000000000000	7.93929560170818601E-007	6.74950526270170470E-007	2.41123459913546188E-007	4.33827066356624600E-007	1.18979033900648158E-007	3.05637449112784965E-008	-1	8.84152889893696611E-008	-1	OK
15.250000000000000	4.23961004913375196E-007	3.62977332697644653E-007	1.26991907293139796E-007	2.35985425404504804E-007	6.09836722157305566E-008	1.53736882432844018E-008	-1	4.56099839724461549E-008	-1	OK
15.500000000000000	2.20151403871760304E-007	1.89759351863605625E-007	6.49533528886231441E-008	1.24805998974982520E-007	3.03920520081546791E-008	7.45824514480459859E-009	-1	2.29338068633500806E-008	-1	OK
15.750000000000000	1.10652486100734975E-007	9.60798956685056530E-008	3.21409392790702115E-008	6.39389563894354415E-008	1.45725904322293217E-008	3.53095172932052918E-009	-1	1.10416387029087934E-008	-1	OK
16.000000000000000	5.35828980757559580E-008	4.69074635865468536E-008	1.53174760433060751E-008	3.15899875432407818E-008	6.67543448920910275E-009	1.58989079443987703E-009	-1	5.08554369476922593E-009	-1	OK
16.250000000000000	2.48922898749330693E-008	2.19627822549198954E-008	6.99155296852074144E-009	1.49712292863991597E-008	2.92950762001317316E-009	6.71157344308592863E-010	-1	2.25835027570458029E-009	-1	OK
16.500000000000000	1.10114218289710999E-008	9.79854960743064545E-009	3.03678644577769949E-009	6.76176316165294431E-009	1.21287222154045446E-009	2.75979664416070168E-010	-1	9.36892557124384239E-010	-1	OK
16.750000000000000	4.60027413513166874E-009	4.13041605431319255E-009	1.24448899171939019E-009	2.88592706259380174E-009	4.69858080818476395E-010	1.02296277671020805E-010	-1	3.67561803147455603E-010	-1	OK
17.000000000000000	1.79746269224664499E-009	1.62971667424853103E-009	4.76517656403430839E-010	1.15319901784510030E-009	1.67746017998113955E-010	3.59719384306000416E-011	-1	1.31774079567513920E-010	-1	OK
17.250000000000000	6.48403703611994362E-010	5.93923609488146846E-010	1.68247369081237525E-010	4.25676240406909554E-010	5.44800941238474764E-011	1.13507189443755593E-011	-1	4.31293751794719155E-011	-1	OK
17.500000000000000	2.12493012526394621E-010	1.96797207787277864E-010	5.38996390525733001E-011	1.42897568734704596E-010	1.56958047391167570E-011	3.16788958280153688E-012	-1	1.25279151563152197E-011	-1	OK
17.750000000000000	6.18604190890860043E-011	5.79580861160263946E-011	1.53202498618754691E-011	4.26378362541509319E-011	3.90233297305961371E-012	7.79038565489544490E-013	-1	3.12329440757006922E-012	-1	OK
18.000000000000000	1.55661671007428519E-011	1.47631037889402310E-011	3.75571909268680892E-012	1.10073846962534229E-011	8.03063311802622430E-013	1.54977312150144354E-013	-1	6.48085999652478050E-013	-1	OK
18.250000000000000	3.25165430090263362E-012	3.12275365310840084E-012	7.62139034235848743E-013	2.36061461887255199E-012	1.28900647794232583E-013	2.34797295879177869E-014	-1	1.05420918206314799E-013	-1	OK
18.500000000000000	5.32401265443260439E-013	5.17683333514307948E-013	1.20549768620354276E-013	3.97133564893953621E-013	1.47179319289525167E-014	2.53492692508851228E-015	-1	1.21830050038640048E-014	-1	OK
18.750000000000000	6.25013062344576434E-014	6.14710310413989528E-014	1.35212989562088592E-014	4.79497320851900968E-014	1.03027519305868956E-015	1.63011436185484118E-016	-1	8.67263756873205469E-016	-1	OK
19.000000000000000	4.48080551533102374E-015	4.44870068023839906E-015	9.08633690709515364E-016	3.54006698952888409E-015	3.21048350926250571E-017	4.69962769883054889E-018	-1	2.74052073937945083E-017	-1	OK
19.250000000000000	1.37649593634734630E-016	1.37595400106361694E-016	2.55679083045402795E-017	1.12027491801821418E-016	5.41935283729397464E-020	5.25256749967156041E-021	-1	4.89409608732681852E-020	-1	OK
