#pt	totcs	totdirect	directLO	directNLO	totfrag	fragLO	err_fragLO	fragNLO	err_fragNLO	errmess
0.50000000000000000	24948516.480335336	1651454.2676746035	5772041.5830481201	-4120587.3153735190	23297062.212660734	6971792.0553925326	-1	16325270.157268200	-1	Error
0.75000000000000000	3108757.2616547681	905963.47119162162	890152.56684711808	15810.904344503449	2202793.7904631463	658132.55727130745	-1	1544661.2331918390	-1	Error
1.0000000000000000	665653.96864826116	281372.05074283481	204875.58129068124	76496.469452153528	384281.91790542629	113553.97945561865	-1	270727.93844980764	-1	Error
1.2500000000000000	190850.63496378879	96011.704368005405	60502.933702686198	35508.770665319207	94838.930595783400	27897.498703659774	-1	66941.431892123626	-1	Error
1.5000000000000000	65792.553205131393	36585.964049130809	21143.783318810682	15442.180730320120	29206.589156000588	8529.5169702619733	-1	20677.072185738616	-1	Error
1.7500000000000000	25771.239863989540	15292.709113962545	8339.1571386583983	6953.5519753041481	10478.530750026994	3043.8592516339340	-1	7434.6714983930597	-1	Error
2.0000000000000000	11104.318474952732	6890.0526623169881	3602.3570131675406	3287.6956491494470	4214.2658126357446	1214.9053255184294	-1	2999.3604871173152	-1	Error
2.2500000000000000	5144.0998183131305	3298.6804447014460	1670.1382175003960	1628.5422272010496	1845.4193736116840	527.47592088407998	-1	1317.9434527276039	-1	Error
2.5000000000000000	2524.8802357072564	1659.9529501734598	819.20399057824136	840.74895959521825	864.92728553379629	245.32803780519424	-1	619.59924772860199	-1	Error
2.7500000000000000	1298.4416986226179	870.56268671197745	420.64939924532149	449.91328746665590	427.87901191064049	120.74617569526374	-1	307.13283621537676	-1	Error
3.0000000000000000	694.18185040845719	472.65631407056162	224.32328527108129	248.33302879948027	221.52553633789555	62.089945966430975	-1	159.43559037146457	-1	Error
3.2500000000000000	383.56203415433998	264.26271747275734	123.47650882318533	140.78620864957196	119.29931668158262	33.002025339612892	-1	86.297291341969725	-1	Error
3.5000000000000000	217.68930858499851	151.49603081351319	69.810449835870031	81.685580977643099	66.193277771485327	18.308435697071310	-1	47.884842074414017	-1	Error
3.7500000000000000	126.43515808870305	88.739177120698770	40.380013045672236	48.359164075026548	37.695980968004278	10.317053227941363	-1	27.378927740062913	-1	Error
4.0000000000000000	74.965982394963333	52.954260572466808	23.818261938865152	29.135998633601645	22.011721822496529	5.9797129621071132	-1	16.032008860389418	-1	OK
4.2500000000000000	45.214911961486401	32.113961999635613	14.288419075496112	17.825542924139505	13.100949961850789	3.5390906720065081	-1	9.5618592898442820	-1	OK
4.5000000000000000	27.691359049850476	19.752180174317012	8.6983137989812800	11.053866375335728	7.9391788755334645	2.1299284276900461	-1	5.8092504478434179	-1	OK
4.7500000000000000	17.173786598517413	12.299403095385705	5.3632460578014811	6.9361570375842252	4.8743835031317095	1.3009690118112176	-1	3.5734144913204919	-1	OK
5.0000000000000000	10.776044222103323	7.7417796059281931	3.3438561056620624	4.3979235002661303	3.0342646161751290	0.80372536756114443	-1	2.2305392486139848	-1	OK
5.2500000000000000	6.8298375265679310	4.9192433535290085	2.1050986315387723	2.8141447219902362	1.9105941730389226	0.50349956908507254	-1	1.4070946039538501	-1	OK
5.5000000000000000	4.3683843415116135	3.1515687005887076	1.3364353786476066	1.8151333219411017	1.2168156409229061	0.31881564803862161	-1	0.89799999288428445	-1	OK
5.7500000000000000	2.8151592353971711	2.0336705544171574	0.85466575420944757	1.1790048002077100	0.78148868098001378	0.20279868107644047	-1	0.57868999990357328	-1	OK
6.0000000000000000	1.8258686152463595	1.3204778853134658	0.55002034818201495	0.77045753713145071	0.50539072993289369	0.13005871276507275	-1	0.37533201716782094	-1	OK
6.2500000000000000	1.1906133939493764	0.86201265748031819	0.35588324247928588	0.50612941500103226	0.32860073646905819	8.41775496691516967E-002	-1	0.24442318679990649	-1	OK
6.5000000000000000	0.78030237712946748	0.56531582378113754	0.23133134093654342	0.33398448284459398	0.21498655334833000	5.47173176762096244E-002	-1	0.16026923567212037	-1	OK
6.7500000000000000	0.51358074416292343	0.37218614133541761	0.15095584015412672	0.22123030118129089	0.14139460282750577	3.56350924870433156E-002	-1	0.10575951034046245	-1	OK
7.0000000000000000	0.33917293331323678	0.24584749012948803	9.88277561305679342E-002	0.14701973399892010	9.33254431837487602E-002	2.33651195219829744E-002	-1	6.99603236617657859E-002	-1	OK
7.2500000000000000	0.22456236558912293	0.16282094382228601	6.48681833534813235E-002	9.79527604688046893E-002	6.17414217668369111E-002	1.53075902509323663E-002	-1	4.64338315159045431E-002	-1	OK
7.5000000000000000	0.14901979606650043	0.10806446778130202	4.26649280858000454E-002	6.53995396955020097E-002	4.09553282851983988E-002	1.01091609820968039E-002	-1	3.08461673031015932E-002	-1	OK
7.7500000000000000	9.89749291693476085E-002	7.18318952410720718E-002	2.81023166972776926E-002	4.37295785437943757E-002	2.71430339282755437E-002	6.66739770694793881E-003	-1	2.04756362213276040E-002	-1	OK
8.0000000000000000	6.58462759585355661E-002	4.77993672709097275E-002	1.85279109424908092E-002	2.92714563284189148E-002	1.80469086876258317E-002	4.39942939779377346E-003	-1	1.36474792898320582E-002	-1	OK
8.2500000000000000	4.38135801945286341E-002	3.18240001421194532E-002	1.22206592439822303E-002	1.96033408981372212E-002	1.19895800524091774E-002	2.90251863645124694E-003	-1	9.08706141595793000E-003	-1	OK
8.5000000000000000	2.91784111983733468E-002	2.11898348095123090E-002	8.05998245459792033E-003	1.31298523549143870E-002	7.98857638886103956E-003	1.91600229903367736E-003	-1	6.07257408982736242E-003	-1	OK
8.7500000000000000	1.94129331918382712E-002	1.41032455955576990E-002	5.31292266310092690E-003	8.79032293245677297E-003	5.30968759628057310E-003	1.26553006134858632E-003	-1	4.04415753493198721E-003	-1	OK
9.0000000000000000	1.28963700472454201E-002	9.37828773535283669E-003	3.49842613837716412E-003	5.87986159697567214E-003	3.51808231189258431E-003	8.32500625005301977E-004	-1	2.68558168688728255E-003	-1	OK
9.2500000000000000	8.56181643195635250E-003	6.22801714618719492E-003	2.30016093685671795E-003	3.92785620933047697E-003	2.33379928576915715E-003	5.46948782294320261E-004	-1	1.78685050347483689E-003	-1	OK
9.5000000000000000	5.67470413558232231E-003	4.12821145048622266E-003	1.50922165220796780E-003	2.61898979827825682E-003	1.54649268509609965E-003	3.58791797456711682E-004	-1	1.18770088763938807E-003	-1	OK
9.7500000000000000	3.74923076346577247E-003	2.73017498171175413E-003	9.87810499887163771E-004	1.74236448182459058E-003	1.01905578175401812E-003	2.35128234482511589E-004	-1	7.83927547271506559E-004	-1	OK
10.000000000000000	2.47112815288282094E-003	1.80038432839688079E-003	6.44557665206208722E-004	1.15582666319067207E-003	6.70743824485940036E-004	1.52489607786049282E-004	-1	5.18254216699890781E-004	-1	OK
10.250000000000000	1.62284941178881636E-003	1.18339431290178146E-003	4.19117130691728590E-004	7.64277182210053091E-004	4.39455098887034899E-004	9.95120551452536304E-005	-1	3.39943043741781242E-004	-1	OK
10.500000000000000	1.06039671039998571E-003	7.74785440071379351E-004	2.71404952616506503E-004	5.03380487454872902E-004	2.85611270328606302E-004	6.40639317271222671E-005	-1	2.21547338601484035E-004	-1	OK
10.750000000000000	6.90519600395227357E-004	5.05129326441414910E-004	1.74963113987714787E-004	3.30166212453700150E-004	1.85390273953812393E-004	4.12180003375122421E-005	-1	1.44172273616300164E-004	-1	OK
11.000000000000000	4.47242333386767938E-004	3.27671956076692615E-004	1.12204120230970252E-004	2.15467835845722309E-004	1.19570377310075323E-004	2.64282977165453948E-005	-1	9.31420795935299247E-005	-1	OK
11.250000000000000	2.88142682249516830E-004	2.11421823412507904E-004	7.15507064407290799E-005	1.39871116971778797E-004	7.67208588370089266E-005	1.67910649808912858E-005	-1	5.99297938561176442E-005	-1	OK
11.500000000000000	1.84379317896936617E-004	1.35570786172561870E-004	4.53341963635839318E-005	9.02365898089779652E-005	4.88085317243747399E-005	1.05736409084415443E-005	-1	3.82348908159331989E-005	-1	OK
11.750000000000000	1.17188449577801179E-004	8.63558623023938187E-005	2.85239628655336403E-005	5.78318994368601648E-005	3.08325872754073668E-005	6.61456994013038205E-006	-1	2.42180173352769831E-005	-1	OK
12.000000000000000	7.38930111258661031E-005	5.45949722736120707E-005	1.78076442208590052E-005	3.67873280527530587E-005	1.92980388522540392E-005	4.10896235164460592E-006	-1	1.51890765006094324E-005	-1	OK
12.250000000000000	4.62106788799740529E-005	3.42307816304860391E-005	1.10226913196614767E-005	2.32080903108245726E-005	1.19798972494880120E-005	2.52422089900182156E-006	-1	9.45567635048619005E-006	-1	OK
12.500000000000000	2.86184702973202723E-005	2.12691509364165999E-005	6.75955354278566189E-006	1.45095973936309380E-005	7.34931936090367236E-006	1.53337089109354608E-006	-1	5.81594846981012607E-006	-1	OK
12.750000000000000	1.75600526525517839E-005	1.30876792509219039E-005	4.10318708146453658E-006	8.98449216945737067E-006	4.47237340162988093E-006	9.20523604151860816E-007	-1	3.55184979747802022E-006	-1	OK
13.000000000000000	1.06399119304052378E-005	7.96245655606553574E-006	2.46236146400465095E-006	5.50009509206088521E-006	2.67745537433970288E-006	5.47907142182463757E-007	-1	2.12954823215723912E-006	-1	OK
13.250000000000000	6.37766221659116387E-006	4.78942661300151716E-006	1.46006505048381279E-006	3.32936156251770395E-006	1.58823560358964713E-006	3.20379167965383683E-007	-1	1.26785643562426350E-006	-1	OK
13.500000000000000	3.76818064581282358E-006	2.84215922337824814E-006	8.53891971478716851E-007	1.98826725189953119E-006	9.26021422434575441E-007	1.83384169558121974E-007	-1	7.42637252876453494E-007	-1	OK
13.750000000000000	2.19434627271617698E-006	1.66230066852928933E-006	4.92049150815420304E-007	1.17025151771386924E-006	5.32045604186887435E-007	1.03760391709136777E-007	-1	4.28285212477750645E-007	-1	OK
14.000000000000000	1.25734432475333911E-006	9.57184387492217123E-007	2.78987012207882319E-007	6.78197375284334910E-007	3.00159937261121933E-007	5.84466714388992651E-008	-1	2.41713265822222661E-007	-1	OK
14.250000000000000	7.07532556329146989E-007	5.41443747824309379E-007	1.55345035515157538E-007	3.86098712309151974E-007	1.66088808504837583E-007	3.16380805346645812E-008	-1	1.34450727970172989E-007	-1	OK
14.500000000000000	3.90505583216611457E-007	3.00428664939165060E-007	8.48051654544577934E-008	2.15623499484707280E-007	9.00769182774463965E-008	1.70307721966869917E-008	-1	7.30461460807594081E-008	-1	OK
14.750000000000000	2.10634438501079604E-007	1.63142024378615787E-007	4.52897635352913825E-008	1.17852260843324418E-007	4.74924141224638107E-008	8.80723674711434494E-009	-1	3.86851773753494675E-008	-1	OK
15.000000000000000	1.10933440528834181E-007	8.65041100030537459E-008	2.36042329967803903E-008	6.28998770062733688E-008	2.44293305257804315E-008	4.51088682997490217E-009	-1	1.99184436958055301E-008	-1	OK
15.250000000000000	5.68268799709107029E-008	4.46563255806305180E-008	1.19716655699747422E-008	3.26846600106557757E-008	1.21705543902801833E-008	2.21141331614713645E-009	-1	9.95914107413304682E-009	-1	OK
15.500000000000000	2.82515070421923841E-008	2.23739700496738595E-008	5.88991339237374778E-009	1.64840566573001134E-008	5.87753699251852383E-009	1.04205211540183353E-009	-1	4.83548487711669009E-009	-1	OK
15.750000000000000	1.35623848876735542E-008	1.08385892358745436E-008	2.80026898523841808E-009	8.03832025063612266E-009	2.72379565179901102E-009	4.79721595823913813E-010	-1	2.24407405597509711E-009	-1	OK
16.000000000000000	6.26070838021198551E-009	5.05399244318720915E-009	1.28085223814880228E-009	3.77314020503840687E-009	1.20671593702477594E-009	2.09690620035770596E-010	-1	9.97025316989005346E-010	-1	OK
16.250000000000000	2.76588478394909648E-009	2.25637175888479853E-009	5.60608129100697752E-010	1.69576362978410026E-009	5.09513025064297746E-010	8.53615819209116188E-011	-1	4.24151443143386140E-010	-1	OK
16.500000000000000	1.16093491480148587E-009	9.58387652045868199E-010	2.33337525647952628E-010	7.25050126397915726E-010	2.02547262755617570E-010	3.39385092834742401E-011	-1	1.68608753472143317E-010	-1	OK
16.750000000000000	4.59320185136815073E-010	3.84049962524245926E-010	9.15968957014982700E-011	2.92453066822747604E-010	7.52702226125691595E-011	1.21188395599384893E-011	-1	6.31513830526306718E-011	-1	OK
17.000000000000000	1.69634913103993404E-010	1.43918221576646740E-010	3.36060131900109862E-011	1.10312208386635747E-010	2.57166915273466549E-011	4.11052513185592441E-012	-1	2.16061663954907288E-011	-1	OK
17.250000000000000	5.77623697784879151E-011	4.97927993322869794E-011	1.13811066766986027E-011	3.84116926555883670E-011	7.96957044620093574E-012	1.26395528527105289E-012	-1	6.70561516092988305E-012	-1	OK
17.500000000000000	1.78626273474994652E-011	1.56718808341745236E-011	3.50472259372072406E-012	1.21671582404538020E-011	2.19074651332494114E-012	3.40607595857295192E-013	-1	1.85013891746764590E-012	-1	OK
17.750000000000000	4.91033509420987572E-012	4.39057159636399196E-012	9.60707897604132195E-013	3.42986369875986017E-012	5.19763497845883956E-013	7.87901898414258835E-014	-1	4.40973308004458085E-013	-1	OK
18.000000000000000	1.16926200405962711E-012	1.06699254684873423E-012	2.28199950583524121E-013	8.38792596265210357E-013	1.02269457210892931E-013	1.51395840109191837E-014	-1	8.71298731999737476E-014	-1	OK
18.250000000000000	2.31886311015925472E-013	2.16045421634130076E-013	4.51038861110060509E-014	1.70941535523123993E-013	1.58408893817954153E-014	2.23822190303638791E-015	-1	1.36026674787590266E-014	-1	OK
18.500000000000000	3.61338650490379207E-014	3.43606052225632423E-014	6.98013909772828572E-015	2.73804661248349574E-014	1.77325982647468058E-015	2.39912975299786465E-016	-1	1.53334685117489406E-015	-1	OK
18.750000000000000	4.02901087371615432E-015	3.90435081850430422E-015	7.66893392800533230E-016	3.13745742570377119E-015	1.24660055211850152E-016	1.57102805607596198E-017	-1	1.08949774651090536E-016	-1	OK
19.000000000000000	2.70035814224417359E-016	2.66090866451785041E-016	4.99888138272671422E-017	2.16102052624517874E-016	3.94494777263231681E-018	4.67195704111700913E-019	-1	3.47775206852061580E-018	-1	OK
19.250000000000000	7.42119742829406357E-018	7.41515081629351102E-018	1.32497988528065322E-018	6.09017093101285703E-018	6.04661200055298509E-021	5.09984803260068795E-022	-1	5.53662719729291620E-021	-1	OK
-1	-1	-1	-1	-1	-1	-1	-1	-1	-1	OK
-1	-1	-1	-1	-1	-1	-1	-1	-1	-1	Error
-1	-1	-1	-1	-1	-1	-1	-1	-1	-1	Error
