#pt	totcs	totdirect	directLO	directNLO	totfrag	fragLO	err_fragLO	fragNLO	err_fragNLO	errmess
0.50000000000000000	34738538.298417531	6086.4781016837806	4477760.8217832828	-4471674.3436816009	34732451.820315845	10724208.128586097	-1	24008243.691729747	-1	Error
0.75000000000000000	4196076.4326880500	879281.57896347845	926579.88054969860	-47298.301586220201	3316794.8537245719	1012977.1792801634	-1	2303817.6744444086	-1	Error
1.0000000000000000	874594.84887684498	321359.35366220365	240712.40402881941	80646.949633384269	553235.49521464133	170595.83078987876	-1	382639.66442476260	-1	Error
1.2500000000000000	249750.15185573915	117465.52725033078	75779.438080289910	41686.089170040854	132284.62460540837	40984.559329065509	-1	91300.065276342866	-1	Error
1.5000000000000000	86434.381662752538	46437.909302135238	27508.192774263862	18929.716527871358	39996.472360617299	12394.104560656149	-1	27602.367799961150	-1	Error
1.7500000000000000	34071.506519494091	19886.555795155040	11141.678811342890	8744.8769838121552	14184.950724339049	4394.5956443226733	-1	9790.3550800163757	-1	Error
2.0000000000000000	14765.768044862303	9112.6076374896493	4907.7468252699737	4204.8608122196765	5653.1604073726530	1751.0373014606480	-1	3902.1231059120050	-1	Error
2.2500000000000000	6886.2806304978340	4417.7762140972027	2309.7163825970151	2108.0598315001880	2468.5044164006313	761.15814150336041	-1	1707.3462748972709	-1	Error
2.5000000000000000	3400.4499012390920	2244.7784812761697	1146.5712155119127	1098.2072657642566	1155.6714199629223	353.77819303891511	-1	801.89322692400719	-1	Error
2.7500000000000000	1757.6710837762666	1186.5362921333565	594.61046184692498	591.92583028643139	571.13479164291005	173.93562215076707	-1	397.19916949214297	-1	Error
3.0000000000000000	943.94137916706586	648.44855566390925	319.78454850838131	328.66400715552794	295.49282350315667	89.519869545466918	-1	205.97295395768975	-1	Error
3.2500000000000000	523.72066618313522	364.61122238396734	177.32841133597964	187.28281104798774	159.10944379916785	47.625334508606727	-1	111.48410929056112	-1	Error
3.5000000000000000	298.47540879543317	210.08113863709283	100.92173446280478	109.15940417428807	88.394270158340348	26.443730540635016	-1	61.950539617705331	-1	Error
3.7500000000000000	173.98594515635892	123.62166502383064	58.727481805153623	64.894183218677014	50.364280132528265	14.923612797770829	-1	35.440667334757435	-1	Error
4.0000000000000000	103.52367947266301	74.087678344650243	34.834962655137595	39.252715689512641	29.436001128012762	8.6703671630017602	-1	20.765633965011002	-1	OK
4.2500000000000000	62.678526368241961	45.117538754963547	21.009501130951321	24.108037624012216	17.560987613278410	5.1379076198133609	-1	12.423079993465048	-1	OK
4.5000000000000000	38.512373393293039	27.862577324959172	12.855757182663385	15.006820142295775	10.649796068333867	3.0971819926503841	-1	7.5526140756834828	-1	OK
4.7500000000000000	23.973203583133667	17.418550653000203	7.9661318798203116	9.4524187731798932	6.5546529301334644	1.8954095477817683	-1	4.6592433823516961	-1	OK
5.0000000000000000	15.094615169026962	11.007022291788159	4.9907678585742099	6.0162544332139491	4.0875928772388033	1.1740009210553035	-1	2.9135919561834998	-1	OK
5.2500000000000000	9.6022295713616117	7.0212876260378412	3.1567985864799133	3.8644890395579283	2.5809419453237714	0.73715646835066329	-1	1.8437854769731081	-1	OK
5.5000000000000000	6.1619870758497681	4.5157587060056619	2.0134509086534873	2.5023077973521746	1.6462283698441065	0.46721278895694757	-1	1.1790155808871590	-1	OK
5.7500000000000000	3.9850611971712269	2.9254522675315009	1.2936089841442024	1.6318432833872971	1.0596089296397257	0.29774279500237533	-1	0.76186613463735042	-1	OK
6.0000000000000000	2.5941506581479032	1.9072318543186679	0.83641722007846375	1.0708146342402052	0.68691880382923542	0.19175417327777305	-1	0.49516463055146237	-1	OK
6.2500000000000000	1.6977322791158973	1.2502730305065948	0.54377933743176154	0.70649369307483323	0.44745924860930258	0.12410629782284870	-1	0.32335295078645387	-1	OK
6.5000000000000000	1.1174015456802708	0.82350189352141534	0.35518894130268269	0.46831295221873259	0.29389965215885544	8.10545964413213194E-002	-1	0.21284505571753412	-1	OK
6.7500000000000000	0.73850238979046023	0.54458186804071695	0.23292069704647328	0.31166117099424362	0.19392052174974331	5.29926795767930725E-002	-1	0.14092784217295024	-1	OK
7.0000000000000000	0.48970074286108700	0.36135857897096624	0.15324613145062924	0.20811244752033692	0.12834216389012074	3.48050978738241243E-002	-1	9.35370660162966050E-002	-1	OK
7.2500000000000000	0.32552773169787896	0.24043461523780782	0.10109212930043254	0.13934248593737519	8.50931164600711165E-002	2.29031708670383374E-002	-1	6.21899455930327791E-002	-1	OK
7.5000000000000000	0.21695556194417520	0.16033277480421168	6.68270652658659314E-002	9.35057095383457632E-002	5.66227871399635346E-002	1.51685847666564576E-002	-1	4.14542023733070752E-002	-1	OK
7.7500000000000000	0.14478241989705276	0.10709058481880111	4.42427186934131675E-002	6.28478661253879661E-002	3.76918350782516620E-002	1.00420885421592474E-002	-1	2.76497465360924163E-002	-1	OK
8.0000000000000000	9.67522061293799862E-002	7.16120397491430971E-002	2.93200344286728004E-002	4.22920053204702828E-002	2.51401663802368856E-002	6.63914126255560431E-003	-1	1.85010251176812822E-002	-1	OK
8.2500000000000000	6.46727758744059245E-002	4.79165015321015714E-002	1.94397732811718051E-002	2.84767282509297733E-002	1.67562743423043496E-002	4.39881363970340018E-003	-1	1.23574607026009503E-002	-1	OK
8.5000000000000000	4.32696897891894569E-002	3.20685076309394981E-002	1.28892987042514163E-002	1.91792089266880801E-002	1.12011821582499588E-002	2.91506318340458955E-003	-1	8.28611897484536966E-003	-1	OK
8.7500000000000000	2.89259575825260365E-002	2.14566153516393895E-002	8.54245122718544359E-003	1.29141641244539512E-002	7.46934223088664695E-003	1.92916768189553447E-003	-1	5.54017454899111226E-003	-1	OK
9.0000000000000000	1.93181014159732392E-002	1.43460016552360153E-002	5.65633994031033288E-003	8.68966171492568419E-003	4.97209976073722214E-003	1.27624884875669341E-003	-1	3.69585091198052895E-003	-1	OK
9.2500000000000000	1.28902027055714900E-002	9.58069711048303158E-003	3.74021369288417933E-003	5.84048341759885268E-003	3.30950559508845932E-003	8.40899532352804078E-004	-1	2.46860606273565514E-003	-1	OK
9.5000000000000000	8.58973265165215161E-003	6.38752268135336747E-003	2.46851157317068241E-003	3.91901110818268592E-003	2.20220997029878501E-003	5.54174955314865568E-004	-1	1.64803501498391944E-003	-1	OK
9.7500000000000000	5.70590983240719211E-003	4.24976385887872350E-003	1.62543025865517039E-003	2.62433360022355268E-003	1.45614597352846905E-003	3.63653194170705416E-004	-1	1.09249277935776368E-003	-1	OK
10.000000000000000	3.78226915462886613E-003	2.81991735111821124E-003	1.06720208234321076E-003	1.75271526877500004E-003	9.62351803510654892E-004	2.37473723526002031E-004	-1	7.24878079984652888E-004	-1	OK
10.250000000000000	2.49889349333865364E-003	1.86545771815083204E-003	6.98372440866945653E-004	1.16708527728388639E-003	6.33435775187821712E-004	1.55524103220285465E-004	-1	4.77911671967536219E-004	-1	OK
10.500000000000000	1.64307239535505922E-003	1.22947546989596659E-003	4.55216266566505509E-004	7.74259203329461139E-004	4.13596925459092731E-004	1.00614884353394791E-004	-1	3.12982041105697953E-004	-1	OK
10.750000000000000	1.07684620623896862E-003	8.07032691330578024E-004	2.95429330724383853E-004	5.11603360606194225E-004	2.69813514908390651E-004	6.50229024009782306E-005	-1	2.04790612507412407E-004	-1	OK
11.000000000000000	7.02090335520248786E-004	5.27181283651527010E-004	1.90760993926701274E-004	3.36420289724825709E-004	1.74909051868721830E-004	4.18852144466567243E-005	-1	1.33023837422065113E-004	-1	OK
11.250000000000000	4.55315074716495876E-004	3.42586659103528838E-004	1.22497552637380359E-004	2.20089106466148451E-004	1.12728415612967052E-004	2.67081776859834016E-005	-1	8.60202379269836499E-005	-1	OK
11.500000000000000	2.93377985681098638E-004	2.21293713049879135E-004	7.81698563885368977E-005	1.43123856661342197E-004	7.20842726312194898E-005	1.69005422490390572E-005	-1	5.51837303821804326E-005	-1	OK
11.750000000000000	1.87768490294342230E-004	1.42019481245648295E-004	4.95431747314822364E-005	9.24763065141660995E-005	4.57490090486939352E-005	1.06203514339339405E-005	-1	3.51286576147599963E-005	-1	OK
12.000000000000000	1.19264171627542434E-004	9.04774524576766121E-005	3.11606339664801288E-005	5.93168184911964697E-005	2.87867191698658189E-005	6.62735783664410609E-006	-1	2.21593613332217145E-005	-1	OK
12.250000000000000	7.51389505137866552E-005	5.71757468663354064E-005	1.94346669518829299E-005	3.77410799144524664E-005	1.79632036474512522E-005	4.09924330824658362E-006	-1	1.38639603392046694E-005	-1	OK
12.500000000000000	4.68892986101035811E-005	3.58121334541777780E-005	1.20104662324815449E-005	2.38016672216962330E-005	1.10771651559258014E-005	2.50269453435297690E-006	-1	8.57447062157282453E-006	-1	OK
12.750000000000000	2.89964409407306868E-005	2.22172790691174488E-005	7.34804497067025470E-006	1.48692340984471916E-005	6.77916187161323714E-006	1.51072677468720135E-006	-1	5.26843509692603536E-006	-1	OK
13.000000000000000	1.77159106492512775E-005	1.36311263258397293E-005	4.44524118500228871E-006	9.18588514083744231E-006	4.08478432341154815E-006	9.03401143487920220E-007	-1	3.18138317992362782E-006	-1	OK
13.250000000000000	1.07070283038663284E-005	8.27020711315907014E-006	2.65761810960700426E-006	5.61258900355206672E-006	2.43682119070725738E-006	5.31796088702960089E-007	-1	1.90502510200429718E-006	-1	OK
13.500000000000000	6.38017312109861976E-006	4.95182986492925918E-006	1.56751435367303745E-006	3.38431551125622110E-006	1.42834325616936079E-006	3.05859714190045271E-007	-1	1.12248354197931552E-006	-1	OK
13.750000000000000	3.74975027682759959E-006	2.92302596127932717E-006	9.11186748642591756E-007	2.01183921263673573E-006	8.26724315548272426E-007	1.74356546045068663E-007	-1	6.52367769503203816E-007	-1	OK
14.000000000000000	2.16800086922296990E-006	1.69921579425977472E-006	5.21288761600720408E-007	1.17792703265905494E-006	4.68785074963195074E-007	9.88403209415791881E-008	-1	3.69944754021615886E-007	-1	OK
14.250000000000000	1.23261830951333467E-006	9.70693543453897275E-007	2.92956746498149234E-007	6.77736796955748094E-007	2.61924766059437449E-007	5.38163762968739417E-008	-1	2.08108389762563495E-007	-1	OK
14.500000000000000	6.87210071036933035E-007	5.44104539941074948E-007	1.61454947456435858E-007	3.82649592484639222E-007	1.43105531095858061E-007	2.91804792642199977E-008	-1	1.13925051831638066E-007	-1	OK
14.750000000000000	3.74609209220974465E-007	2.98586080187197931E-007	8.70700096381488299E-008	2.11516070549049075E-007	7.60231290337765472E-008	1.52147580369514582E-008	-1	6.08083709968250890E-008	-1	OK
15.000000000000000	1.99479011153829094E-007	1.60048459868799632E-007	4.58364814120824210E-008	1.14211978456717204E-007	3.94305512850294686E-008	7.84505291991234542E-009	-1	3.15854983651171199E-008	-1	OK
15.250000000000000	1.03365896036702527E-007	8.35534761555872866E-008	2.34877424466467154E-008	6.00657337089405580E-008	1.98124198811152438E-008	3.87687756944877024E-009	-1	1.59355423116664719E-008	-1	OK
15.500000000000000	5.20058192969316558E-008	4.23488589963247528E-008	1.16778784384947570E-008	3.06709805578300024E-008	9.65696030060690139E-009	1.84436370095127442E-009	-1	7.81259659965562717E-009	-1	OK
15.750000000000000	2.52798723750891889E-008	2.07604237240278693E-008	5.61195721178041063E-009	1.51484665122474603E-008	4.51944865106132042E-009	8.55689450380886376E-010	-1	3.66375920068043415E-009	-1	OK
16.000000000000000	1.18212615971298912E-008	9.79942563333062466E-009	2.59504089401823145E-009	7.20438473931239279E-009	2.02183596379926652E-009	3.77571201613043285E-010	-1	1.64426476218622324E-009	-1	OK
16.250000000000000	5.29226660539491923E-009	4.42987898528220708E-009	1.14834729691876632E-009	3.28153168836344117E-009	8.62387620112712047E-010	1.55302221648727076E-010	-1	7.07085398463985022E-010	-1	OK
16.500000000000000	2.25263985832571405E-009	1.90553875471362672E-009	4.83235850043384588E-010	1.42230290467024213E-009	3.47101103612087486E-010	6.23808012597188399E-011	-1	2.84720302352368659E-010	-1	OK
16.750000000000000	9.03845610752580112E-010	7.73402514185076625E-010	1.91758145163540639E-010	5.81644369021536012E-010	1.30443096567503487E-010	2.25250424342335673E-011	-1	1.07918054133269914E-010	-1	OK
17.000000000000000	3.38686560646782008E-010	2.93511254886385926E-010	7.10929481050121224E-011	2.22418306781373816E-010	4.51753057603960759E-011	7.61306635151327635E-012	-1	3.75622394088827995E-011	-1	OK
17.250000000000000	1.16984411288541471E-010	1.02808131261348030E-010	2.43144573890472521E-011	7.84936738723007809E-011	1.41762800271934280E-011	2.36449407785859451E-012	-1	1.18117859493348331E-011	-1	OK
17.500000000000000	3.66891522300315352E-011	3.27386429982523484E-011	7.55447052221899507E-012	2.51841724760333517E-011	3.95050923177918522E-012	6.56011354636767306E-013	-1	3.29449787714241812E-012	-1	OK
17.750000000000000	1.02210417323074872E-011	9.27132029878630823E-012	2.08679577361924688E-012	7.18452452516706297E-012	9.49721433521178796E-013	1.53550347350833411E-013	-1	7.96171086170345385E-013	-1	OK
18.000000000000000	2.46399555347489594E-012	2.27478741085252962E-012	4.98777047351058127E-013	1.77601036350147139E-012	1.89208142622366374E-013	2.98028465769726281E-014	-1	1.59405296045393745E-013	-1	OK
18.250000000000000	4.94170898359166407E-013	4.64588531202020599E-013	9.90670401385719288E-014	3.65521491063448632E-013	2.95823671571458019E-014	4.43804215591717173E-015	-1	2.51443250012286302E-014	-1	OK
18.500000000000000	7.78561824114545649E-014	7.45267676884878029E-014	1.53939444808376167E-014	5.91328232076501894E-014	3.32941472296676045E-015	4.76745219175493605E-016	-1	2.85266950379126705E-015	-1	OK
18.750000000000000	8.79441858845817224E-015	8.56074556874358768E-015	1.69891839714600034E-015	6.86182717159758871E-015	2.33673019714584955E-016	3.10741613805319156E-017	-1	2.02598858334053033E-016	-1	OK
19.000000000000000	6.02113731848351149E-016	5.94756241477546052E-016	1.11731707361360167E-016	4.83024534116185860E-016	7.35749037080511140E-018	9.17225164839076626E-019	-1	6.44026520596603459E-018	-1	OK
19.250000000000000	1.72498977738779061E-017	1.72383392072436263E-017	3.02207008919870417E-018	1.42162691180449195E-017	1.15585666342794966E-020	1.00718093613829259E-021	-1	1.05513856981412040E-020	-1	OK
-1	-1	-1	-1	-1	-1	-1	-1	-1	-1	OK
-1	-1	-1	-1	-1	-1	-1	-1	-1	-1	Error
-1	-1	-1	-1	-1	-1	-1	-1	-1	-1	Error
