#pt	totcs	totdirect	directLO	directNLO	totfrag	fragLO	err_fragLO	fragNLO	err_fragNLO	errmess
0.50000000000000000	36702780.951360822	-2871233.5156326257	3889845.1914709378	-6761078.7071035635	39574014.466993451	13165381.955832528	-1	26408632.511160925	-1	Error
0.75000000000000000	6745178.2586718798	805291.97452511685	752265.33458353195	53026.639941585439	5939886.2841467634	1969139.2009645519	-1	3970747.0831822115	-1	Error
1.0000000000000000	1338445.2556914878	365495.00220947119	258467.52994497734	107027.47226449373	972950.25348201673	322421.99228014110	-1	650528.26120187563	-1	Error
1.2500000000000000	364326.70530096145	146261.11159029615	92342.807542997383	53918.304047298792	218065.59371066530	73333.090225558029	-1	144732.50348510727	-1	Error
1.5000000000000000	123163.77634294165	60859.482910324543	36062.570514147876	24796.912396176667	62304.293432617102	21221.759698806643	-1	41082.533733810458	-1	Error
1.7500000000000000	48208.415233704283	26891.257420237504	15296.068050445490	11595.189369792010	21317.157813466780	7294.4408324570932	-1	14022.716981009686	-1	Error
2.0000000000000000	20869.371402242403	12588.507808359580	6957.3037724055175	5631.2040359540597	8280.8635938828211	2845.4983714991590	-1	5435.3652223836616	-1	Error
2.2500000000000000	9743.6128227847785	6194.6027448244340	3350.8403001758406	2843.7624446485925	3549.0100779603449	1221.5757336012766	-1	2327.4343443590683	-1	Error
2.5000000000000000	4821.9903845453955	3179.0759920449432	1691.1147134637788	1487.9612785811648	1642.9143925004519	563.23945672158959	-1	1079.6749357788622	-1	Error
2.7500000000000000	2497.7491803737576	1692.4479726484199	888.13532159665886	804.31265105176101	805.30120772533780	275.00696773677515	-1	530.29423998856259	-1	Error
3.0000000000000000	1345.0022406898784	930.44074397129395	482.66219552423723	447.77854844705666	414.56149671858429	141.17001121816574	-1	273.39148550041853	-1	Error
3.2500000000000000	747.73288800100670	525.85366574762475	270.05026490154955	255.80340084607525	221.87922225338198	75.258689004748859	-1	146.62053324863314	-1	Error
3.5000000000000000	427.47373351721797	304.35155822171515	154.89521730544740	149.45634091626781	123.12217529550279	41.448395284932175	-1	81.673780010570610	-1	Error
3.7500000000000000	249.88705410141444	179.83083231189369	90.767140699683765	89.063691612209908	70.056221789520748	23.356807742783111	-1	46.699414046737637	-1	Error
4.0000000000000000	149.08044412104539	108.18594513383403	54.182639778318460	54.003305355515565	40.894498987211371	13.550807889994068	-1	27.343691097217302	-1	OK
4.2500000000000000	90.520784775417468	66.122354675682089	32.871472003387645	33.250882672294459	24.398430099735386	8.0444812641726369	-1	16.353948835562747	-1	OK
4.5000000000000000	55.766617659615648	40.979836962112444	20.226783275285744	20.753053686826707	14.786780697503200	4.8485680762553924	-1	9.9382126212478070	-1	OK
4.7500000000000000	34.815303463363897	25.709919727409641	12.601121947453835	13.108797779955811	9.1053837359542538	2.9684645652010668	-1	6.1369191707531865	-1	OK
5.0000000000000000	21.991715845789997	16.304460054735280	7.9358892709839077	8.3685707837513714	5.6872557910547155	1.8406205544366763	-1	3.8466352366180390	-1	OK
5.2500000000000000	14.036229279035936	10.438053248475628	5.0453896445240787	5.3926636039515472	3.5981760305603090	1.1577256693639166	-1	2.4404503611963921	-1	OK
5.5000000000000000	9.0363998453856667	6.7380573438983093	3.2343375701986665	3.5037197736996419	2.2983425014873582	0.73385393780045427	-1	1.5644885636869039	-1	OK
5.7500000000000000	5.8637179524400720	4.3818341640632568	2.0885840917938547	2.2932500722694020	1.4818837883768154	0.47011407876743860	-1	1.0117697096093767	-1	OK
6.0000000000000000	3.8298860725297361	2.8680072369302896	1.3573295059086854	1.5106777310216040	0.96187883559944654	0.30230979890718845	-1	0.65956903669225808	-1	OK
6.2500000000000000	2.5172194228777878	1.8877848599678935	0.88698148842993463	1.0008033715379587	0.62943456290989408	0.19632119684032945	-1	0.43311336606956463	-1	OK
6.5000000000000000	1.6627526193922848	1.2486538363093989	0.58237432208998130	0.66627951421941756	0.41409878308288584	0.12821583441083731	-1	0.28588294867204855	-1	OK
6.7500000000000000	1.1034671149427349	0.82933926440500472	0.38390894246786211	0.44543032193714260	0.27412785053773020	8.42412943386556395E-002	-1	0.18988655619907457	-1	OK
7.0000000000000000	0.73434585428682730	0.55278568425501828	0.25392984935915558	0.29885583489586276	0.18156017003180899	5.54790719634393678E-002	-1	0.12608109806836962	-1	OK
7.2500000000000000	0.49039235192741976	0.36950965320197843	0.16841299766311474	0.20109665553886369	0.12088269872544133	3.66093217179131805E-002	-1	8.42733770075281552E-002	-1	OK
7.5000000000000000	0.32828910092295999	0.24757946506724110	0.11193653330952566	0.13564293175771547	8.07096358557188726E-002	2.42885123937144239E-002	-1	5.64211234620044522E-002	-1	OK
7.7500000000000000	0.22007269825606274	0.16617977611694831	7.45189486645984195E-002	9.16608274523498801E-002	5.38929221391144242E-002	1.61083556887971421E-002	-1	3.77845664503172821E-002	-1	OK
8.0000000000000000	0.14774960556853037	0.11169839340462495	4.96674627509796074E-002	6.20309306536453511E-002	3.60512121639054092E-002	1.07027910492599933E-002	-1	2.53484211146454141E-002	-1	OK
8.2500000000000000	9.92799984347374487E-002	7.51430564940422652E-002	3.31258546197266343E-002	4.20172018743156309E-002	2.41369419406951766E-002	7.10907074357965997E-003	-1	1.70278711971155183E-002	-1	OK
8.5000000000000000	6.67625572306804471E-002	5.05726603430343702E-002	2.20975373130093584E-002	2.84751230300250083E-002	1.61898968876460804E-002	4.73448594655497684E-003	-1	1.14554109410911036E-002	-1	OK
8.7500000000000000	4.48790888043356928E-002	3.40338264885490863E-002	1.47365412321289330E-002	1.92972852564201498E-002	1.08452623157866100E-002	3.13858289206088307E-003	-1	7.70667942372572738E-003	-1	OK
9.0000000000000000	3.01428217901833669E-002	2.28914605045967938E-002	9.81994833556941102E-003	1.30715121690273828E-002	7.25136128558657393E-003	2.08522992067620028E-003	-1	5.16613136491037364E-003	-1	OK
9.2500000000000000	2.02314750095932833E-002	1.53819124591327676E-002	6.53569163236092463E-003	8.84622082677184209E-003	4.84956255046051655E-003	1.38131746832817611E-003	-1	3.46824508213234043E-003	-1	OK
9.5000000000000000	1.35572529786392587E-002	1.03204537747409019E-002	4.34226572761162426E-003	5.97818804712927591E-003	3.23679920389835724E-003	9.13752063738479327E-004	-1	2.32304714015987802E-003	-1	OK
9.7500000000000000	9.06251649586481065E-003	6.91129873069759506E-003	2.87869963858802726E-003	4.03259909210956780E-003	2.15121776516721602E-003	5.99269438338522311E-004	-1	1.55194832682869371E-003	-1	OK
10.000000000000000	6.04534920274940168E-003	4.61682267514010140E-003	1.90321178286240915E-003	2.71361089227769399E-003	1.42852652760930006E-003	3.95249375029304076E-004	-1	1.03327715257999593E-003	-1	OK
10.250000000000000	4.01954945928989331E-003	3.07522343117296905E-003	1.25429378233475868E-003	1.82092964883821102E-003	9.44326028116923826E-004	2.59726224964168658E-004	-1	6.84599803152755168E-004	-1	OK
10.500000000000000	2.66107814309471521E-003	2.04116743006519698E-003	8.23505902970717929E-004	1.21766152709447861E-003	6.19910713029518125E-004	1.68936502239578576E-004	-1	4.50974210789939576E-004	-1	OK
10.750000000000000	1.75563283037340244E-003	1.34953795766146363E-003	5.38387688756075265E-004	8.11150268905388582E-004	4.06094872711938867E-004	1.09655168860739213E-004	-1	2.96439703851199667E-004	-1	OK
11.000000000000000	1.15278192297294598E-003	8.88118708347812613E-004	3.50257144435985556E-004	5.37861563911827003E-004	2.64663214625133309E-004	7.07863153812670644E-005	-1	1.93876899243866245E-004	-1	OK
11.250000000000000	7.52882476585020328E-004	5.81559694862052493E-004	2.26654135152237263E-004	3.54905559709815094E-004	1.71322781722967835E-004	4.54042038460427484E-005	-1	1.25918577876925087E-004	-1	OK
11.500000000000000	4.88577795197278055E-004	3.78648499935354274E-004	1.45788977261737592E-004	2.32859522673616655E-004	1.09929295261923835E-004	2.88969295209877300E-005	-1	8.10323657409361053E-005	-1	OK
11.750000000000000	3.15184344251312823E-004	2.45009992723375209E-004	9.31596307644473538E-005	1.51850361958927842E-004	7.01743515279376140E-005	1.82724903199843388E-005	-1	5.19018612079532752E-005	-1	OK
12.000000000000000	2.01955752994449834E-004	1.57429467974953737E-004	5.90922088481089417E-005	9.83372591268448092E-005	4.45262850194960895E-005	1.13933542089756396E-005	-1	3.31329308105204515E-005	-1	OK
12.250000000000000	1.28287625736662423E-004	1.00372464609386087E-004	3.71799845224261128E-005	6.31924800869600010E-005	2.79151611272763361E-005	7.08357934195206647E-006	-1	2.08315817853242697E-005	-1	OK
12.500000000000000	8.07836504816423074E-005	6.34525832923092708E-005	2.31865515805573868E-005	4.02660317117518602E-005	1.73310671893330333E-005	4.37276780103017075E-006	-1	1.29582993883028625E-005	-1	OK
12.750000000000000	5.04325602488917270E-005	3.97451484510931132E-005	1.43196559169579952E-005	2.54254925341351282E-005	1.06874117977986122E-005	2.65521617781020113E-006	-1	8.03219561998841062E-006	-1	OK
13.000000000000000	3.11139864544958793E-005	2.46310422451928906E-005	8.74766381496914496E-006	1.58833784302237456E-005	6.48294420930298620E-006	1.59516592707817072E-006	-1	4.88777828222481590E-006	-1	OK
13.250000000000000	1.89933201754766897E-005	1.50991258002120399E-005	5.28245428289325447E-006	9.81667151731878538E-006	3.89419437526465073E-006	9.46411537877613463E-007	-1	2.94778283738703716E-006	-1	OK
13.500000000000000	1.14368507562938978E-005	9.13815667460455895E-006	3.14805346720279097E-006	5.99010320740176967E-006	2.29869408168933927E-006	5.48344298176232271E-007	-1	1.75034978351310700E-006	-1	OK
13.750000000000000	6.79507285885324844E-006	5.45431124284550272E-006	1.84950622635008863E-006	3.60480501649541493E-006	1.34076161600774594E-006	3.14726067148030800E-007	-1	1.02603554885971514E-006	-1	OK
14.000000000000000	3.97426512640646499E-006	3.20724160751535753E-006	1.06973938905725917E-006	2.13750221845809794E-006	7.67023518891107035E-007	1.79800203544446154E-007	-1	5.87223315346660881E-007	-1	OK
14.250000000000000	2.28556548805869297E-006	1.85407000768584968E-006	6.07995793608195627E-007	1.24607421407765415E-006	4.31495480372843450E-007	9.85615644263516511E-008	-1	3.32933915946491786E-007	-1	OK
14.500000000000000	1.28995682832244218E-006	1.05211375952123474E-006	3.38989394359997492E-007	7.13124365161237143E-007	2.37843068801207435E-007	5.38577908906548041E-008	-1	1.83985277910552625E-007	-1	OK
14.750000000000000	7.12122063383608641E-007	5.84759775496603222E-007	1.85006649175389958E-007	3.99753126321213290E-007	1.27362287887005393E-007	2.83060957172209255E-008	-1	9.90561921697844641E-008	-1	OK
15.000000000000000	3.84286933484664418E-007	3.17597772517429031E-007	9.85954728524206810E-008	2.19002299665008310E-007	6.66891609672353867E-008	1.47323293815870025E-008	-1	5.19568315856483825E-008	-1	OK
15.250000000000000	2.01946493470637197E-007	1.68076705553070870E-007	5.11630260999009134E-008	1.16913679453169943E-007	3.38697879175663269E-008	7.33862981514690689E-009	-1	2.65311581024194208E-008	-1	OK
15.500000000000000	1.03078366056419696E-007	8.63966496776193830E-008	2.57679815825348790E-008	6.06286680950844973E-008	1.66817163788003062E-008	3.52393149844950858E-009	-1	1.31577848803507980E-008	-1	OK
15.750000000000000	5.08611496006378383E-008	4.29732525292412712E-008	1.25473529655091342E-008	3.04258995637321321E-008	7.88789707139656708E-009	1.65068330514725394E-009	-1	6.23721376624931314E-009	-1	OK
16.000000000000000	2.41607357815816546E-008	2.05899849447715986E-008	5.88032325959530505E-009	1.47096616851762968E-008	3.57075083681005564E-009	7.34698718611824815E-010	-1	2.83605211819823093E-009	-1	OK
16.250000000000000	1.09929744982352628E-008	9.45155757113265108E-009	2.63761377788324837E-009	6.81394379324940065E-009	1.54141692710261111E-009	3.06170923766444292E-010	-1	1.23524600333616687E-009	-1	OK
16.500000000000000	4.75824628513868229E-009	4.12969103279189574E-009	1.12509691622864960E-009	3.00459411656324489E-009	6.28555252346786448E-010	1.24344641648835010E-010	-1	5.04210610697951413E-010	-1	OK
16.750000000000000	1.94263819542237512E-009	1.70313820166836500E-009	4.52565204826158131E-010	1.25057299684220645E-009	2.39499993754009963E-010	4.54497201847756460E-011	-1	1.94050273569234330E-010	-1	OK
17.000000000000000	7.40982122743850419E-010	6.56903638394554264E-010	1.70046195911485288E-010	4.86857442483068899E-010	8.40784843492961156E-011	1.57603621607327683E-011	-1	6.83181221885633473E-011	-1	OK
17.250000000000000	2.60665921039636279E-010	2.33852781998851966E-010	5.89143800659237762E-011	1.74938401932928177E-010	2.68131390407843098E-011	4.86960525433278979E-012	-1	2.19435337864515200E-011	-1	OK
17.500000000000000	8.32407082975500333E-011	7.56615404566239616E-011	1.85274324388866852E-011	5.71341080177372796E-011	7.57916784092607170E-012	1.36727245352514922E-012	-1	6.21189538740092208E-012	-1	OK
17.750000000000000	2.36072087027101902E-011	2.17565742377129648E-011	5.17403890648817229E-012	1.65825353312247876E-011	1.85063446499722385E-012	3.26174193200615819E-013	-1	1.52446027179660808E-012	-1	OK
18.000000000000000	5.78844415785659164E-012	5.41452297265868137E-012	1.24822925958952200E-012	4.16629371306915937E-012	3.73921185197910427E-013	6.40205108085237219E-014	-1	3.09900674389386731E-013	-1	OK
18.250000000000000	1.17958632844837958E-012	1.12039686662195808E-012	2.49817535135357536E-013	8.70579331486600545E-013	5.91894618264214765E-014	9.61217368142606910E-015	-1	4.95772881449954090E-014	-1	OK
18.500000000000000	1.88691555551723542E-013	1.81993690731375205E-013	3.90659941185181718E-014	1.42927696612857014E-013	6.69786482034834230E-015	1.03525070238466487E-015	-1	5.66261411796367782E-015	-1	OK
18.750000000000000	2.16671331164824528E-014	2.11980629120196960E-014	4.33951492928876072E-015	1.68585479827309321E-014	4.69070204462757039E-016	6.70129592082297637E-017	-1	4.02057245254527275E-016	-1	OK
19.000000000000000	1.51760187719071023E-015	1.50289585751013941E-015	2.88469031174082993E-016	1.21442682633605651E-015	1.47060196805707426E-017	1.95985586376631067E-018	-1	1.27461638168044311E-017	-1	OK
19.250000000000000	4.51755683579817527E-017	4.51517882526176858E-017	7.97216982625185167E-018	3.71796184263658341E-017	2.37801053640677571E-020	2.16640421580026227E-021	-1	2.16137011482674941E-020	-1	OK
