#pt	totcs	totdirect	directLO	directNLO	totfrag	fragLO	err_fragLO	fragNLO	err_fragNLO	errmess
0.50000000000000000	43576971.029846475	4455089.3826025277	6380808.0424253047	-1925718.6598227818	39121881.647243947	10785950.372248402	-1	28335931.274995543	-1	Error
0.75000000000000000	4221555.2569262944	1224873.5177596514	981932.11628813890	242941.40147151239	2996681.7391666435	892228.76290506730	-1	2104452.9762615762	-1	Error
1.0000000000000000	812666.43550648983	331220.80931761954	225218.93870427628	106001.87061334323	481445.62618887034	147830.29212575563	-1	333615.33406311471	-1	Error
1.2500000000000000	222352.03205574566	106726.93722928136	67072.368050362100	39654.569178919257	115625.09482646431	36159.410247448832	-1	79465.684579015477	-1	Error
1.5000000000000000	75486.096201627399	39764.676593845652	23854.349709734910	15910.326884110740	35721.419607781740	11234.291241123534	-1	24487.128366658206	-1	Error
1.7500000000000000	29643.331654785958	16613.747936090749	9657.2310842806364	6956.5168518101154	13029.583718695207	4123.4573919269242	-1	8906.1263267682825	-1	Error
2.0000000000000000	12946.379710659376	7579.7975564254757	4304.2974176470407	3275.5001387784328	5366.5821542338999	1697.8099569168710	-1	3668.7721973170292	-1	Error
2.2500000000000000	6128.2782928923152	3706.1624917058584	2065.9892894767813	1640.1732022290767	2422.1158011864563	764.82428009348018	-1	1657.2915210929762	-1	Error
2.5000000000000000	3088.0651111283723	1915.7657153551875	1051.5301794058694	864.23553594931832	1172.2993957731846	368.91236584083691	-1	803.38702993234779	-1	Error
2.7500000000000000	1636.2089951452272	1036.3605117765155	561.19631242912840	475.16419934738718	599.84848336871164	187.54459408103335	-1	412.30388928767832	-1	Error
3.0000000000000000	903.07389769121608	582.16369213134180	311.42261709226807	270.74107503907379	320.91020555987427	99.742838182301583	-1	221.16736737757270	-1	Error
3.2500000000000000	515.77123205757607	337.53588176530940	178.53302750891601	159.00285425639336	178.23535029226667	55.127432406686935	-1	123.10791788557974	-1	Error
3.5000000000000000	303.06013373676603	201.02088249692736	105.19672943912325	95.824153057804168	102.03925123983868	31.385900532309066	-1	70.653350707529611	-1	Error
3.7500000000000000	182.51985089796216	122.49424230299309	63.447938957616756	59.046303345376316	60.025608594969079	18.248015893149162	-1	41.777592701819913	-1	Error
4.0000000000000000	112.31800068566815	76.127801322696598	39.039750690009548	37.088050632687057	36.190199362971548	10.961197816535837	-1	25.229001546435711	-1	OK
4.2500000000000000	70.271738916749882	48.124203400280933	24.438199983220745	23.686003417060185	22.147535516468945	6.6401930435120242	-1	15.507342472956921	-1	OK
4.5000000000000000	44.689366271363646	30.873645524190032	15.526817234124563	15.346828290065474	13.815720747173614	4.1085451220066647	-1	9.7071756251669505	-1	OK
4.7500000000000000	28.800480329319207	20.061329151287897	9.9923850320715388	10.068944119216352	8.7391511780313103	2.5788967906675691	-1	6.1602543873637412	-1	OK
5.0000000000000000	18.768659432258268	13.180977496546584	6.5024145578954897	6.6785629386510932	5.5876819357116849	1.6382017436141398	-1	3.9494801920975453	-1	OK
5.2500000000000000	12.355474966227611	8.7438465308139257	4.2720570746982958	4.4717894561156317	3.6116284354136861	1.0514311626541712	-1	2.5601972727595150	-1	OK
5.5000000000000000	8.2040195160452782	5.8484877676250298	2.8298789313019683	3.0186088363230605	2.3555317484202476	0.67985792935368228	-1	1.6756738190665654	-1	OK
5.7500000000000000	5.4888951527504837	3.9398398303110738	1.8878370525409152	2.0520027777701588	1.5490553224394099	0.44436798793571730	-1	1.1046873345036925	-1	OK
6.0000000000000000	3.6963694924137176	2.6702660719625575	1.2669882934233936	1.4032777785391644	1.0261034204511601	0.29114949688639646	-1	0.73495392356476363	-1	OK
6.2500000000000000	2.5024618333011484	1.8191230793983586	0.85462499654151558	0.96449808285684302	0.68333875390278997	0.19231186283437887	-1	0.49102689106841113	-1	OK
6.5000000000000000	1.7016172979818351	1.2445924385635441	0.57888883163368621	0.66570360692985786	0.45702485941829107	0.12778379698351922	-1	0.32924106243477186	-1	OK
6.7500000000000000	1.1618469690264233	0.85447746953407511	0.39344307158141439	0.46103439795266071	0.30736949949234821	8.52408286158099632E-002	-1	0.22212867087653826	-1	OK
7.0000000000000000	0.79565745483916350	0.58826734770329592	0.26811494992251128	0.32015239778078469	0.20739010713586753	5.70864735604871207E-002	-1	0.15030363357538040	-1	OK
7.2500000000000000	0.54614254387621719	0.40583512423321860	0.18306925966199192	0.22276586457122671	0.14030741964299862	3.81990415679675580E-002	-1	0.10210837807503106	-1	OK
7.5000000000000000	0.37528386741064368	0.28039103490572675	0.12516877573014323	0.15522225917558352	9.48928325049169102E-002	2.56647976992776701E-002	-1	6.92280348056392436E-002	-1	OK
7.7500000000000000	0.25827468681097210	0.19389322122794769	8.56462796922630026E-002	0.10824694153568468	6.43814655830243776E-002	1.72717181510486269E-002	-1	4.71097474319757542E-002	-1	OK
8.0000000000000000	0.17773841303981008	0.13412722197785218	5.86160103438198785E-002	7.55112116340323214E-002	4.36111910619579116E-002	1.16303222616983212E-002	-1	3.19808688002595903E-002	-1	OK
8.2500000000000000	0.12236198509801927	9.27687434465659932E-002	4.01047951600967054E-002	5.26639482864692809E-002	2.95932416514532656E-002	7.83499873271673031E-003	-1	2.17582429187365353E-002	-1	OK
8.5000000000000000	8.42023474025341279E-002	6.41259795752729816E-002	2.74192409160646661E-002	3.67067386592083225E-002	2.00763678272611462E-002	5.26548875867502257E-003	-1	1.48108790685861236E-002	-1	OK
8.7500000000000000	5.79008331300188486E-002	4.42821074047428237E-002	1.87244631143927004E-002	2.55576442903501268E-002	1.36187257252760267E-002	3.53783835108932403E-003	-1	1.00808873741867026E-002	-1	OK
9.0000000000000000	3.97574232428879321E-002	3.05351858908072329E-002	1.27663541865702425E-002	1.77688317042369939E-002	9.22223735208070085E-003	2.37902840140203492E-003	-1	6.84320895067866593E-003	-1	OK
9.2500000000000000	2.72497931131630844E-002	2.10176259449151234E-002	8.68671477063845746E-003	1.23309111742766660E-002	6.23216716824796183E-003	1.59272924594073585E-003	-1	4.63943792230722598E-003	-1	OK
9.5000000000000000	1.86328854104857861E-002	1.44342202684024506E-002	5.89641506041802509E-003	8.53780520798442730E-003	4.19866514208333628E-003	1.06355090458898609E-003	-1	3.13511423749435018E-003	-1	OK
9.7500000000000000	1.27185622302665117E-002	9.88736442196968927E-003	3.99120817777143169E-003	5.89615624419825932E-003	2.83119780829682198E-003	7.09569805423556797E-004	-1	2.12162800287326540E-003	-1	OK
10.000000000000000	8.64894718226879612E-003	6.75224543013218988E-003	2.69283571060839741E-003	4.05940971952379204E-003	1.89670175213660580E-003	4.68383813620091227E-004	-1	1.42831793851651463E-003	-1	OK
10.250000000000000	5.86418956430544060E-003	4.59572990037996395E-003	1.81027966826328079E-003	2.78545023211668489E-003	1.26845966392547687E-003	3.11455562733325411E-004	-1	9.57004101192151461E-004	-1	OK
10.500000000000000	3.95986237322562898E-003	3.11585961582497599E-003	1.21199001494077369E-003	1.90386960088420295E-003	8.44002757400653318E-004	2.04464288981786566E-004	-1	6.39538468418866780E-004	-1	OK
10.750000000000000	2.66098799444525191E-003	2.10367356441969232E-003	8.07798770653861886E-004	1.29587479376583044E-003	5.57314430025559375E-004	1.34066756926068821E-004	-1	4.23247673099490555E-004	-1	OK
11.000000000000000	1.78044687145444440E-003	1.41348552004002203E-003	5.35687268570524296E-004	8.77798251469497949E-004	3.66961351414422368E-004	8.79246436327780497E-005	-1	2.79036707781644305E-004	-1	OK
11.250000000000000	1.18526164147010615E-003	9.44842764895677928E-004	3.53292804492685310E-004	5.91549960402992835E-004	2.40418876574428279E-004	5.70102836652006136E-005	-1	1.83408592909227659E-004	-1	OK
11.500000000000000	7.84151826625754250E-004	6.27899621672071582E-004	2.31575528887926569E-004	3.96324092784144932E-004	1.56252204953682641E-004	3.66930840143531823E-005	-1	1.19559120939329459E-004	-1	OK
11.750000000000000	5.15560638420240044E-004	4.14640309801470367E-004	1.50781174598634682E-004	2.63859135202835712E-004	1.00920328618769704E-004	2.34142981716012670E-005	-1	7.75060304471684406E-005	-1	OK
12.000000000000000	3.36430638885555980E-004	2.71874897423062911E-004	9.74475684545609877E-005	1.74427328968501910E-004	6.45557414624930959E-005	1.48206629503489707E-005	-1	4.97350785121441236E-005	-1	OK
12.250000000000000	2.17805357482807088E-004	1.76872765806492828E-004	6.24662617031450433E-005	1.14406504103347771E-004	4.09325916763142602E-005	9.30957871009227137E-006	-1	3.16230129662219871E-005	-1	OK
12.500000000000000	1.39754719269592553E-004	1.14084407089838836E-004	3.96859563342924206E-005	7.43984507555464153E-005	2.56703121797537271E-005	5.75499596894171826E-006	-1	1.99153162108120088E-005	-1	OK
12.750000000000000	8.88377184315087724E-005	7.28997468383657895E-005	2.49663453885554343E-005	4.79334014498103417E-005	1.59379715931429829E-005	3.54487159611423597E-006	-1	1.23930999970287473E-005	-1	OK
13.000000000000000	5.58578949511177885E-005	4.60875377653362841E-005	1.55352760233695318E-005	3.05522617419667659E-005	9.77035718578150615E-006	2.14928269752386968E-006	-1	7.62107448825763647E-006	-1	OK
13.250000000000000	3.47396650688701006E-005	2.88170073395793350E-005	9.55488405238663322E-006	1.92621232871927136E-005	5.92265772929076305E-006	1.28594959851361576E-006	-1	4.63670813077714729E-006	-1	OK
13.500000000000000	2.13299885512235714E-005	1.77881367842925106E-005	5.79931824945384631E-006	1.19888185348386651E-005	3.54185176693105996E-006	7.53526048072964380E-007	-1	2.78832571885809558E-006	-1	OK
13.750000000000000	1.29055814388636521E-005	1.08277212864015572E-005	3.46961714762649928E-006	7.35810413877505747E-006	2.07786015246209535E-006	4.37590418868063528E-007	-1	1.64026973359403182E-006	-1	OK
14.000000000000000	7.69430850770496923E-006	6.49173004858336406E-006	2.04323993296068845E-006	4.44849011562267646E-006	1.20257845912160538E-006	2.50810827808938848E-007	-1	9.51767631312666477E-007	-1	OK
14.250000000000000	4.50629382849599328E-006	3.82561578459884460E-006	1.18214018434664797E-006	2.64347560025219705E-006	6.80678043897148366E-007	1.39188853105076461E-007	-1	5.41489190792071931E-007	-1	OK
14.500000000000000	2.59009004418839228E-006	2.21231198771048356E-006	6.70736093325521271E-007	1.54157589438496292E-006	3.77778056477908669E-007	7.67580313646596727E-008	-1	3.01020025113249009E-007	-1	OK
14.750000000000000	1.45721238360907442E-006	1.25259947870047453E-006	3.72383569417217122E-007	8.80215909283257730E-007	2.04612904908599831E-007	4.09361134380645918E-008	-1	1.63676791470535246E-007	-1	OK
15.000000000000000	8.00484100055681116E-007	6.92711866158517458E-007	2.01786550459561472E-007	4.90925315698956197E-007	1.07772233897163658E-007	2.09502392068448294E-008	-1	8.68219946903188285E-008	-1	OK
15.250000000000000	4.28172645691342006E-007	3.73057502003056966E-007	1.06407224326035898E-007	2.66650277677021068E-007	5.51151436882850268E-008	1.06937207290287604E-008	-1	4.44214229592562697E-008	-1	OK
15.500000000000000	2.22265889848419812E-007	1.95007309901657973E-007	5.44203815031544709E-008	1.40586928398503502E-007	2.72585799467618265E-008	5.14742898066579300E-009	-1	2.21111509660960343E-008	-1	OK
15.750000000000000	1.11506414717342964E-007	9.85525050898150196E-008	2.68855373666217450E-008	7.16669677231932647E-008	1.29539096275279428E-008	2.40880875810728455E-009	-1	1.05451008694206583E-008	-1	OK
16.000000000000000	5.38120421253060830E-008	4.79292825332019488E-008	1.27700760644973293E-008	3.51592064687046327E-008	5.88275959210413334E-009	1.08265741631930802E-009	-1	4.80010217578482552E-009	-1	OK
16.250000000000000	2.48497503970692634E-008	2.23044864932841044E-008	5.79795839524589855E-009	1.65065280980382025E-008	2.54526390378516024E-009	4.53907880273399585E-010	-1	2.09135602351176071E-009	-1	OK
16.500000000000000	1.09017911461493810E-008	9.86591176471821287E-009	2.49957148205546137E-009	7.36634028266275149E-009	1.03587938143116895E-009	1.83445092776100718E-010	-1	8.52434288655068229E-010	-1	OK
16.750000000000000	4.50597121850031365E-009	4.11177560280817590E-009	1.01424590663012436E-009	3.09752969617805133E-009	3.94195615692137641E-010	6.77922424831276527E-011	-1	3.26403373209010014E-010	-1	OK
17.000000000000000	1.73676300161270093E-009	1.59927599023699780E-009	3.83553152700594934E-010	1.21572283753640245E-009	1.37487011375703180E-010	2.31208881717356058E-011	-1	1.14366123203967571E-010	-1	OK
17.250000000000000	6.16315489523247079E-010	5.72791200720806544E-010	1.33397770211848650E-010	4.39393430508957869E-010	4.35242888024405409E-011	7.10628104368781836E-012	-1	3.64180077587527250E-011	-1	OK
17.500000000000000	1.98093389204454461E-010	1.85988072011304038E-010	4.19923787154052390E-011	1.43995693295898773E-010	1.21053171931504182E-011	1.94665051399414535E-012	-1	1.01586666791562729E-011	-1	OK
17.750000000000000	5.64607504181489807E-011	5.35480542033754072E-011	1.17041316574662577E-011	4.18439225459091447E-011	2.91269621477357067E-012	4.61806013418009172E-013	-1	2.45089020135556160E-012	-1	OK
18.000000000000000	1.38950231209791579E-011	1.33197081511433382E-011	2.81071318145373631E-012	1.05089949696896023E-011	5.75314969835819492E-013	8.87376567168330088E-014	-1	4.86577313118986458E-013	-1	OK
18.250000000000000	2.84277514997674540E-012	2.75434701115139567E-012	5.59093980614251488E-013	2.19525303053714388E-012	8.84281388253495993E-014	1.29692481585178000E-014	-1	7.54588906668317962E-014	-1	OK
18.500000000000000	4.58082379839292705E-013	4.48414008871397960E-013	8.69672871425941155E-014	3.61446721728803870E-013	9.66837096789477438E-015	1.35220803014635470E-015	-1	8.31616293774841988E-015	-1	OK
18.750000000000000	5.34350422433273209E-014	5.27854000427511080E-014	9.65936567877820809E-015	4.31260343639728952E-014	6.49642200576213725E-016	8.42093220497993399E-017	-1	5.65432878526414410E-016	-1	OK
19.000000000000000	3.86459302586385101E-015	3.84522319190736628E-015	6.49572204922302841E-016	3.19565098698506354E-015	1.93698339564849829E-017	2.36334119088300938E-018	-1	1.70064927656019736E-017	-1	OK
19.250000000000000	1.21164518780048703E-016	1.21131943919799725E-016	1.84340022365959959E-017	1.02697941683203741E-016	3.25748602489887005E-020	2.78107283767391371E-021	-1	2.97937874113147845E-020	-1	OK
