#pt	totcs	totdirect	directLO	directNLO	totfrag	fragLO	err_fragLO	fragNLO	err_fragNLO	errmess
0.50000000000000000	57463042.363342255	2896496.4148632288	7000133.1171122333	-4103636.7022490068	54566545.948479027	14898902.800836932	-1	39667643.147642091	-1	Error
0.75000000000000000	7417503.1844832525	1446306.1673695182	1006268.4314441469	440037.73592537164	5971197.0171137340	1798989.8495728618	-1	4172207.1675408725	-1	Error
1.0000000000000000	1266058.4239887851	427687.41959317832	266948.89002406399	160738.52956911433	838371.00439560693	271608.45466725377	-1	566762.54972835316	-1	Error
1.2500000000000000	327001.49780155002	142356.57446851366	85036.411963038146	57320.162505475542	184644.92333303636	61918.297542361019	-1	122726.62579067535	-1	Error
1.5000000000000000	107565.32194222265	53944.436208392130	31492.667403627464	22451.768804764662	53620.885733830532	18463.734649997135	-1	35157.151083833392	-1	Error
1.7500000000000000	41650.921713463402	22737.840344002503	13088.402749388386	9649.4375946141136	18913.081369460899	6578.1417955671013	-1	12334.939573893796	-1	Error
2.0000000000000000	18033.352431539832	10433.946708940201	5946.8867353976320	4487.0599735425685	7599.4057225996321	2666.9160960073268	-1	4932.4896265923053	-1	Error
2.2500000000000000	8488.2957142214418	5120.6504356268470	2896.3918744871075	2224.2585611397390	3367.6452785945953	1185.9861579772980	-1	2181.6591206172970	-1	Error
2.5000000000000000	4266.0683948858605	2651.1015481294562	1490.1999888689206	1160.9015592605354	1614.9668467564043	568.15664055395121	-1	1046.8102062024532	-1	Error
2.7500000000000000	2255.9089759583339	1435.3631785212392	802.34784426281442	633.01533425842479	820.54579743709496	288.35164071268878	-1	532.19415672440618	-1	Error
3.0000000000000000	1244.3784822494224	807.27998396423345	448.85624849138082	358.42373547285280	437.09849828518890	152.90505817886529	-1	284.19344010632358	-1	Error
3.2500000000000000	710.89789286417829	468.80119783296539	259.28457102874222	209.51662680422314	242.09669503121287	84.269012274699364	-1	157.82768275651352	-1	Error
3.5000000000000000	418.16594088719887	279.71423400061229	153.88332195424587	125.83091204636641	138.45170688658655	47.746230463727727	-1	90.705476422858823	-1	Error
3.7500000000000000	252.27157517917385	170.81147549955190	93.460661839353236	77.350813660198668	81.460099679621962	27.902885844857334	-1	53.557213834764624	-1	Error
4.0000000000000000	155.39281317516605	106.41278940598997	57.898022184524010	48.514767221465931	48.980023769176100	16.782363664975172	-1	32.197660104200928	-1	OK
4.2500000000000000	97.547672039043718	67.449794666701493	36.485624756480377	30.964169910221099	30.097877372342221	10.176232922268508	-1	19.921644450073714	-1	OK
4.5000000000000000	62.187143191780066	43.399939201217116	23.334932598132706	20.065006603084409	18.787203990562947	6.3060989121875384	-1	12.481105078375409	-1	OK
4.7500000000000000	40.207742341162621	28.291851781619016	15.116666214528609	13.175185567090406	11.915890559543605	3.9702260790712836	-1	7.9456644804723222	-1	OK
5.0000000000000000	26.288368417220685	18.653565851948184	9.9020619314944174	8.7515039204537608	7.6348025652725013	2.5287567962785769	-1	5.1060457689939245	-1	OK
5.2500000000000000	17.370042907523867	12.420444320386471	6.5487761894333003	5.8716681309531715	4.9495985871373973	1.6264476391568083	-1	3.3231509479805892	-1	OK
5.5000000000000000	11.577652979312312	8.3407847611630412	4.3669741492927683	3.9738106118702721	3.2368682181492709	1.0545516906502517	-1	2.1823165274990193	-1	OK
5.7500000000000000	7.7787792201182953	5.6426462946419553	2.9329061086975967	2.7097401859443595	2.1361329254763404	0.69075280130661054	-1	1.4453801241697297	-1	OK
6.0000000000000000	5.2612824515407954	3.8415419734436766	1.9817839429766835	1.8597580304669927	1.4197404780971186	0.45433799425907190	-1	0.96540248383804661	-1	OK
6.2500000000000000	3.5789298338718587	2.6294411172543337	1.3459894994927666	1.2834516177615674	0.94948871661752487	0.30107246253636460	-1	0.64841625408116021	-1	OK
6.5000000000000000	2.4444044993412293	1.8079220046267879	0.91807419386781630	0.88984781075897190	0.63648249471444140	0.20089594417085238	-1	0.43558655054358902	-1	OK
6.7500000000000000	1.6777859494745544	1.2476835358954561	0.62837276266277364	0.61931077323268258	0.43010241357909834	0.13445911557753504	-1	0.29564329800156330	-1	OK
7.0000000000000000	1.1550546071379066	0.86362457341929866	0.43126577394355853	0.43235879947574007	0.29143003371860798	9.03048433621410074E-002	-1	0.20112519035646698	-1	OK
7.2500000000000000	0.79684666037554608	0.59915737523844070	0.29659543097354424	0.30256194426489658	0.19768928513710540	6.07072854027211478E-002	-1	0.13698199973438424	-1	OK
7.5000000000000000	0.55066896946352040	0.41637454357995141	0.20426987375762237	0.21210466982232903	0.13429442588356902	4.08293644322829871E-002	-1	9.34650614512860245E-002	-1	OK
7.7500000000000000	0.38123646842436204	0.28967377095318203	0.14080610236032481	0.14886766859285724	9.15626974711799962E-002	2.76678365321192735E-002	-1	6.38948609390607158E-002	-1	OK
8.0000000000000000	0.26396855557610582	0.20165454269890398	9.70967932269371919E-002	0.10455774947196679	6.23140128772018478E-002	1.87050932579010606E-002	-1	4.36089196193007872E-002	-1	OK
8.2500000000000000	0.18286579868098174	0.14039869115196582	6.69482937968997188E-002	7.34503973550660882E-002	4.24671075290159114E-002	1.26231857381626233E-002	-1	2.98439217908532881E-002	-1	OK
8.5000000000000000	0.12666555316345696	9.77187061062207846E-002	4.61339989931695491E-002	5.15847071130512286E-002	2.89468470572361719E-002	8.53189620467417406E-003	-1	2.04149508525619978E-002	-1	OK
8.7500000000000000	8.76660215528783093E-002	6.79605914370299130E-002	3.17582898244640685E-002	3.62023016125658514E-002	1.97054301158484033E-002	5.76142307062826441E-003	-1	1.39440070452201380E-002	-1	OK
9.0000000000000000	6.06339708526461851E-002	4.72082354877606455E-002	2.18302569824368603E-002	2.53779785053237748E-002	1.34257353648855413E-002	3.88723890026599142E-003	-1	9.53849646461954991E-003	-1	OK
9.2500000000000000	4.18520264448311100E-002	3.27408146245397602E-002	1.49779744604550819E-002	1.77628401640846818E-002	9.11121182029134974E-003	2.61570529113455685E-003	-1	6.49550652915679289E-003	-1	OK
9.5000000000000000	2.88360570849144800E-002	2.26616305844835608E-002	1.02531266943197991E-002	1.24085038901637600E-002	6.17442650043091915E-003	1.75736094859850521E-003	-1	4.41706555183241437E-003	-1	OK
9.7500000000000000	1.98307325526980681E-002	1.56483122912851186E-002	7.00012321344190350E-003	8.64818907784321508E-003	4.18242026141294864E-003	1.17599467226001380E-003	-1	3.00642558915293484E-003	-1	OK
10.000000000000000	1.35928725072030042E-002	1.07752402696471659E-002	4.76443399409385605E-003	6.01080627555330895E-003	2.81763223755583875E-003	7.82235178262090792E-004	-1	2.03539705929374785E-003	-1	OK
10.250000000000000	9.28989094382991383E-003	7.39636047142603129E-003	3.23153900816810190E-003	4.16482146325792939E-003	1.89353047240388233E-003	5.21911195451242333E-004	-1	1.37161927695263999E-003	-1	OK
10.500000000000000	6.32545617814627998E-003	5.05856105288999148E-003	2.18319564740175652E-003	2.87536540548823582E-003	1.26689512525628828E-003	3.44335425228182827E-004	-1	9.22559700028105457E-004	-1	OK
10.750000000000000	4.28703424598575293E-003	3.44587929418628926E-003	1.46854257254037490E-003	1.97733672164591414E-003	8.41154951799463453E-004	2.26874832078017311E-004	-1	6.14280119721446116E-004	-1	OK
11.000000000000000	2.89366577336797959E-003	2.33659613314428794E-003	9.82994827362479364E-004	1.35360130578180858E-003	5.57069640223691758E-004	1.49563248981478085E-004	-1	4.07506391242213673E-004	-1	OK
11.250000000000000	1.94349978915561521E-003	1.57664997594380608E-003	6.54512513500559345E-004	9.22137462443246630E-004	3.66849813211809128E-004	9.73602949751779941E-005	-1	2.69489518236631161E-004	-1	OK
11.500000000000000	1.29802644002384557E-003	1.05802247587918983E-003	4.33244532194614171E-004	6.24777943684575550E-004	2.40003964144655659E-004	6.29301691108137676E-005	-1	1.77073795033841905E-004	-1	OK
11.750000000000000	8.61679992004756078E-004	7.05745438287010010E-004	2.84944294162689244E-004	4.20801144124320766E-004	1.55934553717746067E-004	4.04419981477706079E-005	-1	1.15492555569975466E-004	-1	OK
12.000000000000000	5.67973576319539771E-004	4.67602099350632010E-004	1.86073703918528859E-004	2.81528395432103205E-004	1.00371476968907748E-004	2.57721156672036389E-005	-1	7.45993613017041125E-005	-1	OK
12.250000000000000	3.71576845766748718E-004	3.07514692592672555E-004	1.20558476994355262E-004	1.86956215598317306E-004	6.40621531740761629E-005	1.62709343498104889E-005	-1	4.77912188242656774E-005	-1	OK
12.500000000000000	2.41065045553276317E-004	2.00589784284723469E-004	7.74415332199551482E-005	1.23148251064768321E-004	4.04752612685528617E-005	1.01266808168935544E-005	-1	3.03485804516593073E-005	-1	OK
12.750000000000000	1.54979783487411526E-004	1.29678599479673707E-004	4.92755310841990637E-005	8.04030683954746502E-005	2.53011840077378125E-005	6.27668124128965012E-006	-1	1.90245027664481632E-005	-1	OK
13.000000000000000	9.86103695878039573E-005	8.29836264863039570E-005	3.10241893729858390E-005	5.19594371133181044E-005	1.56267431015000004E-005	3.83093193169728761E-006	-1	1.17958111698027128E-005	-1	OK
13.250000000000000	6.20858645973808580E-005	5.25385514430399441E-005	1.93125200439677014E-005	3.32260313990722427E-005	9.54731315434091225E-006	2.30744959430538189E-006	-1	7.23986356003553036E-006	-1	OK
13.500000000000000	3.86000808517557135E-005	3.28532594291163242E-005	1.18681157678885046E-005	2.09851436612278077E-005	5.74682142263939105E-006	1.36179612337115803E-006	-1	4.38502529926823323E-006	-1	OK
13.750000000000000	2.36675531117591584E-005	2.02671057629585455E-005	7.19166816338991460E-006	1.30754375995686258E-005	3.40044734880061374E-006	7.95899391517080144E-007	-1	2.60454795728353370E-006	-1	OK
14.000000000000000	1.43031695190110061E-005	1.23201278265749295E-005	4.29109788564393492E-006	8.02902994093099624E-006	1.98304169243607622E-006	4.61202022231741388E-007	-1	1.52183967020433494E-006	-1	OK
14.250000000000000	8.49739922673324900E-006	7.36507708081702160E-006	2.51648473233190272E-006	4.84859234848512057E-006	1.13232214591622825E-006	2.57427450542626204E-007	-1	8.74894695373602098E-007	-1	OK
14.500000000000000	4.95643895573071463E-006	4.32275243688435086E-006	1.44786403593296361E-006	2.87488840095138704E-006	6.33686518846363977E-007	1.42942178475622388E-007	-1	4.90744340370741589E-007	-1	OK
14.750000000000000	2.83213853997355436E-006	2.48543083903261428E-006	8.15462442885758753E-007	1.66996839614685542E-006	3.46707700940940241E-007	7.68615258887534768E-008	-1	2.69846175052186751E-007	-1	OK
15.000000000000000	1.58107990523017257E-006	1.39656577303158833E-006	4.48470940231132647E-007	9.48094832800455525E-007	1.84514132198584131E-007	3.96848783540058284E-008	-1	1.44829253844578296E-007	-1	OK
15.250000000000000	8.59938228004761583E-007	7.64652360360404094E-007	2.40127293214173598E-007	5.24525067146230496E-007	9.52858676443574490E-008	2.04192430509794559E-008	-1	7.48666245933779898E-008	-1	OK
15.500000000000000	4.54252864240504571E-007	4.06616573952829672E-007	1.24755958988831969E-007	2.81860614963997783E-007	4.76362902876748985E-008	9.93460680114860449E-009	-1	3.77016834865262923E-008	-1	OK
15.750000000000000	2.32087510269157586E-007	2.09182595366986515E-007	6.26397443416245291E-008	1.46542851025361973E-007	2.29049149021710711E-008	4.69703855127234574E-009	-1	1.82078763508987246E-008	-1	OK
16.000000000000000	1.14157640161815176E-007	1.03625499948824496E-007	3.02519095591094939E-008	7.33735903897150026E-008	1.05321402129906743E-008	2.13612446174177341E-009	-1	8.39601575124890088E-009	-1	OK
16.250000000000000	5.37633555849729049E-008	4.91522366182043080E-008	1.39714919975592658E-008	3.51807446206450488E-008	4.61111896676859439E-009	9.03314476768234461E-010	-1	3.70780449000035972E-009	-1	OK
16.500000000000000	2.40763030248029286E-008	2.21738519119566787E-008	6.12906472644605418E-009	1.60447871855106287E-008	1.90245111284625152E-009	3.69727274046959343E-010	-1	1.53272383879929213E-009	-1	OK
16.750000000000000	1.01656948723617817E-008	9.43214630730195837E-009	2.53170902632448515E-009	6.90043728097747239E-009	7.33548565059823080E-010	1.38298762064501708E-010	-1	5.95249802995321423E-010	-1	OK
17.000000000000000	4.00660718422256671E-009	3.74686938835999478E-009	9.74907356520067007E-010	2.77196203183992819E-009	2.59737795862572129E-010	4.77651811300339527E-011	-1	2.11972614732538190E-010	-1	OK
17.250000000000000	1.45477502832508872E-009	1.37132435819199903E-009	3.45300952836038650E-010	1.02602340535596075E-009	8.34506701330896826E-011	1.49064611568979538E-011	-1	6.85442089761917223E-011	-1	OK
17.500000000000000	4.78795960512348780E-010	4.55129463692492877E-010	1.10669730742236017E-010	3.44459732950256860E-010	2.36664968198559419E-011	4.09870021408384854E-012	-1	1.95677966057720933E-011	-1	OK
17.750000000000000	1.39695863945815052E-010	1.33931014190003956E-010	3.13874212266960832E-011	1.02543592963307911E-010	5.76484975581108544E-012	9.92544901249626084E-013	-1	4.77230485456145936E-012	-1	OK
18.000000000000000	3.51833056365905704E-011	3.40279162396524634E-011	7.66142214144129742E-012	2.63664940982111644E-011	1.15538939693810760E-012	1.92987002946734707E-013	-1	9.62402393991372946E-013	-1	OK
18.250000000000000	7.35942922900799242E-012	7.17979296456340137E-012	1.54691991772842587E-012	5.63287304683497529E-012	1.79636264444590466E-013	2.84213377142635763E-014	-1	1.51214926730326899E-013	-1	OK
18.500000000000000	1.21107019695358137E-012	1.19131886701320361E-012	2.43975111268011859E-013	9.47343755745191855E-013	1.97513299403777333E-014	2.96925842931089326E-015	-1	1.67820715110668396E-014	-1	OK
18.750000000000000	1.44175548778393709E-013	1.42851683972560077E-013	2.74783635054739165E-014	1.15373320467086158E-013	1.32386480583362117E-015	1.83701932730828766E-016	-1	1.14016287310279233E-015	-1	OK
19.000000000000000	1.06463160402273005E-014	1.06070555491446366E-014	1.87868832807038752E-015	8.72836722107424867E-015	3.92604910826638481E-017	5.10756890016618288E-018	-1	3.41529221824976621E-017	-1	OK
19.250000000000000	3.41770948988175159E-016	3.41703084162662406E-016	5.45249698315266819E-017	2.87178114331135694E-016	6.78648255127739566E-020	6.05663021494237398E-021	-1	6.18081952978315766E-020	-1	OK
-1	-1	-1	-1	-1	-1	-1	-1	-1	-1	OK
-1	-1	-1	-1	-1	-1	-1	-1	-1	-1	Error
-1	-1	-1	-1	-1	-1	-1	-1	-1	-1	Error
