#pt	totcs	totdirect	directLO	directNLO	totfrag	fragLO	err_fragLO	fragNLO	err_fragNLO	errmess
0.50000000000000000	354101466.50120187	-289484470.35872984	102830700.72984689	-392315171.08857685	643585936.85993171	418819620.66381818	-1	224766316.19611353	-1	Error
0.75000000000000000	80925813.339951485	-43872066.226451799	24962696.062062252	-68834762.288514048	124797879.56640328	76011994.529402465	-1	48785885.037000820	-1	Error
1.0000000000000000	24705070.965924043	-10235491.254200805	8320394.8828283232	-18555886.137029134	34940562.220124848	21360797.945796553	-1	13579764.274328295	-1	Error
1.2500000000000000	9668628.2778814211	-3069319.2969836779	3404820.0029320889	-6474139.2999157663	12737947.574865099	7769180.4008536488	-1	4968767.1740114503	-1	Error
1.5000000000000000	4460146.4224600652	-1076687.2855896028	1602610.1714505169	-2679297.4570401204	5536833.7080496680	3339401.3381197895	-1	2197432.3699298785	-1	Error
1.7500000000000000	2285950.6852192250	-417105.03449977422	835010.24848963821	-1252115.2829894121	2703055.7197189992	1622927.6770814196	-1	1080128.0426375796	-1	Error
2.0000000000000000	1268149.5205396840	-171060.94814317441	469834.86672182137	-640895.81486499577	1439210.4686828584	863143.62070333958	-1	576066.84797951882	-1	Error
2.2500000000000000	752754.22274727072	-71278.599063594418	280824.22920847969	-352102.82827207405	824032.82181086508	491236.55949493888	-1	332796.26231592620	-1	Error
2.5000000000000000	469635.48845288821	-28498.976210906898	176215.22754351894	-204714.20375442583	498134.46466379508	295590.37404360302	-1	202544.09062019206	-1	Error
2.7500000000000000	305272.81859525992	-9586.4261175718857	115086.22293221256	-124672.64904978452	314859.24471283180	185943.41692760590	-1	128915.82778522591	-1	Error
3.0000000000000000	205399.99352460087	-1194.9986970348691	77726.921791548622	-78921.920488583492	206594.99222163574	121448.39314561547	-1	85146.599076020269	-1	Error
3.2500000000000000	142333.81633115152	2390.4707665278838	54014.917533353408	-51624.446766825524	139943.34556462365	81881.942154448770	-1	58061.403410174884	-1	Error
3.5000000000000000	101123.19994902075	3737.8573076611865	38469.835796216234	-34731.978488555033	97385.342641359559	56735.069485175685	-1	40650.273156183874	-1	Error
3.7500000000000000	73454.982706401512	4045.5052599235496	27990.078359633066	-23944.573099709523	69409.477446477962	40220.461394526537	-1	29189.016051951425	-1	Error
4.0000000000000000	54377.480782264960	3886.2876632468724	20750.817640380828	-16864.529977133956	50491.193119018091	29136.196506466044	-1	21354.996612552048	-1	OK
4.2500000000000000	40908.679398469241	3537.1088100700726	15641.639369531540	-12104.530559461471	37371.570588399169	21541.229163721287	-1	15830.341424677881	-1	OK
4.5000000000000000	31240.437552828407	3131.4396457579878	11966.571267754818	-8835.1316219968339	28108.997907070421	16152.262563598981	-1	11956.735343471441	-1	OK
4.7500000000000000	24194.379693742390	2731.1965933154443	9277.6358580130545	-6546.4392646976112	21463.183100426948	12291.110547214565	-1	9172.0725532123834	-1	OK
5.0000000000000000	18942.070917370234	2363.1069439953299	7279.8381273373043	-4916.7311833419781	16578.963973374903	9474.8682212804906	-1	7104.0957520944121	-1	OK
5.2500000000000000	15010.421080393433	2036.5611917135802	5774.8245225802821	-3738.2633308667018	12973.859888679854	7391.5263829057440	-1	5582.3335057741097	-1	OK
5.5000000000000000	12014.891664005732	1752.5608840829400	4626.6765769955591	-2874.1156929126205	10262.330779922793	5827.9345071063490	-1	4434.3962728164443	-1	OK
5.7500000000000000	9706.1139049608792	1508.3196591008582	3740.6529395873517	-2232.3332804864949	8197.7942458600210	4641.1310247497331	-1	3556.6632211102879	-1	OK
6.0000000000000000	7902.0504433581318	1299.5589882821046	3049.6728910332126	-1750.1139027511090	6602.4914550760277	3729.5367764274820	-1	2872.9546786485457	-1	OK
6.2500000000000000	6489.1808371385414	1121.6618120344797	2505.5565684534081	-1383.8947564189284	5367.5190251040622	3022.0305927309064	-1	2345.4884323731558	-1	OK
6.5000000000000000	5387.5592559276438	970.23042542491567	2073.2426405218775	-1103.0122150969621	4417.3288305027281	2467.9396336502064	-1	1949.3891968525218	-1	OK
6.7500000000000000	4484.9183499535393	841.30787454316464	1726.9027510799797	-885.59487653681560	3643.6104754103749	2029.8386846528947	-1	1613.7717907574802	-1	OK
7.0000000000000000	3756.6069351744418	731.42118009618366	1447.2970488632118	-715.87586876702790	3025.1857550782579	1680.6988785383569	-1	1344.4868765399010	-1	OK
7.2500000000000000	3164.3977534316268	637.59727727136624	1219.9450098793834	-582.34773260801705	2526.8004761602606	1400.2316105981181	-1	1126.5688655621425	-1	OK
7.5000000000000000	2678.4888150894812	557.31988205170205	1033.8417028681840	-476.52182081648152	2121.1689330377790	1173.3735545405516	-1	947.79537849722738	-1	OK
7.7500000000000000	2279.8407484772806	488.47159909572645	880.54738285202563	-392.07578375629924	1791.3691493815543	988.63290534902865	-1	802.73624403252563	-1	OK
8.0000000000000000	1949.7204508847403	429.27705291438303	753.53510519067072	-324.25805227628769	1520.4433979703572	837.30961514748674	-1	683.13378282287044	-1	OK
8.2500000000000000	1674.8104128581783	378.25103912049690	647.71733394832540	-269.46629482782816	1296.5593737376814	712.58386511504807	-1	583.97550862263336	-1	OK
8.5000000000000000	1444.7121088726080	334.14979395523812	559.09854048416605	-224.94874652892767	1110.5623149173698	609.19388759001856	-1	501.36842732735124	-1	OK
8.7500000000000000	1251.2006443434520	295.93214743894094	484.51884004260313	-188.58669260366233	955.26849690451115	523.03738414344843	-1	432.23111276106272	-1	OK
9.0000000000000000	1087.6971846337105	262.72626437263887	421.46322997299131	-158.73696560035248	824.97092026107168	450.88020255602635	-1	374.09071770504534	-1	OK
9.2500000000000000	948.96073988490866	233.79980675995427	367.91706876314856	-134.11726200319427	715.16093312495434	390.16055824978105	-1	325.00037487517329	-1	OK
9.5000000000000000	830.67520991337301	208.53674974695292	322.25717486938055	-113.72042512242771	622.13846016642003	338.82973770033425	-1	283.30872246608578	-1	OK
9.7500000000000000	729.44466013497106	186.41773967116649	283.16840619302269	-96.750666521856147	543.02692046380457	295.27265927247134	-1	247.75426119133323	-1	OK
10.000000000000000	642.17883826168281	167.00413149426439	249.57962102118006	-82.575489526915646	475.17470676741846	258.15730511211098	-1	217.01740165530748	-1	OK
10.250000000000000	567.28487029921905	149.92416776467027	220.61388632044236	-70.689718555772060	417.36070253454881	226.41318231619584	-1	190.94752021835296	-1	OK
10.500000000000000	502.53568753927590	134.86284393698588	195.54996234330662	-60.687118406320721	367.67284360229002	199.16183692382020	-1	168.51100667846981	-1	OK
10.750000000000000	446.35786158913902	121.55114147887187	173.79160864034159	-52.240467161469695	324.80672011026712	175.68806625608462	-1	149.11865385418250	-1	OK
11.000000000000000	397.46591609574182	109.76031141126762	154.84443040720049	-45.084118995932876	287.70560468447422	155.40656478375092	-1	132.29903990072330	-1	OK
11.250000000000000	354.79086875407074	99.293866312582139	138.29630616230389	-39.002439849721753	255.49700244148860	137.82330540947100	-1	117.67369703201760	-1	OK
11.500000000000000	317.42999413609579	89.984098856860797	123.80258929487258	-33.818490438011793	227.44589527923500	122.53075863714220	-1	104.91513664209280	-1	OK
11.750000000000000	284.63625263568019	81.686342725876514	111.07374535235341	-29.387402626476888	202.94990990980367	109.19148532755865	-1	93.758424582245013	-1	OK
12.000000000000000	255.77368908021339	74.276265879891625	99.865789440502184	-25.589523560610573	181.49742320032178	97.525973082482764	-1	83.971450117839012	-1	OK
12.250000000000000	230.30823151071934	67.646381058281293	89.972351878607554	-22.325970820326283	162.66185045243805	87.298163876213295	-1	75.363686576224751	-1	OK
12.500000000000000	207.71342551615027	61.703641988407483	81.218302536217706	-19.514660547810202	146.00978352774277	78.307292837367896	-1	67.702490690374873	-1	OK
12.750000000000000	187.75231422526667	56.367361048574622	73.454573881275351	-17.087212832700732	131.38495317669205	70.383419647582556	-1	61.001533529109494	-1	OK
13.000000000000000	170.01942144956848	51.567363415992375	66.553858188650182	-14.986494772657807	118.45205803357611	63.380218070972006	-1	55.071839962604102	-1	OK
13.250000000000000	154.23099804324175	47.242530132544346	60.407134228264759	-13.164604095720415	106.98846791069741	57.180717389709756	-1	49.807750520987653	-1	OK
13.500000000000000	140.14672169374234	43.339469052507077	54.920742278471636	-11.581273225964575	96.807252641235266	51.681345287714073	-1	45.125907353521193	-1	OK
13.750000000000000	127.55748058043287	39.811464245003194	50.014032296216989	-10.202568051213797	87.746016335429672	46.792564246311997	-1	40.953452089117675	-1	OK
14.000000000000000	116.21958328855403	36.617626124194032	45.617358158408194	-8.9997320342141744	79.601957164360002	42.437540558688063	-1	37.164416605671938	-1	OK
14.250000000000000	106.10849469250239	33.721944905013260	41.670416543600169	-7.9484716385869083	72.386549787489130	38.550305843435609	-1	33.836243944053521	-1	OK
14.500000000000000	97.018140347458910	31.092830545638300	38.120890825061814	-7.0280602794235074	65.925309801820603	35.074024353686994	-1	30.851285448133609	-1	OK
14.750000000000000	88.834125981980407	28.702362075855319	34.923251612280310	-6.2208895364249788	60.131763906125087	31.958843549525877	-1	28.172920356599210	-1	OK
15.000000000000000	81.450111259695660	26.525915504158561	32.037812046294725	-5.5118965421361619	54.924195755537092	29.167677609776373	-1	25.756518145760719	-1	OK
15.250000000000000	74.781270093356795	24.541693740738630	29.429885846482186	-4.8881921057435642	50.239576352618158	26.653075063041094	-1	23.586501289577065	-1	OK
15.500000000000000	68.747121720305913	22.730364365529859	27.069095514428948	-4.3387311488990843	46.016757354776054	24.388751962373938	-1	21.628005392402116	-1	OK
15.750000000000000	63.277766318632075	21.074811127860418	24.928791137145826	-3.8539800092854142	42.202955190771661	22.346322159708418	-1	19.856633031063243	-1	OK
16.000000000000000	58.314443397830587	19.559762025491789	22.985526298145707	-3.4257642726539226	38.754681372338794	20.501390631865199	-1	18.253290740473595	-1	OK
16.250000000000000	53.803771773388846	18.171654810006938	21.218653384517783	-3.0469985745108543	35.632116963381911	18.832305751412726	-1	16.799811211969185	-1	OK
16.500000000000000	49.699534207716795	16.898383874422894	19.609942674924213	-2.7115588005013085	32.801150333293904	17.320138930224878	-1	15.481011403069026	-1	OK
16.750000000000000	45.959447304739896	15.729109192717694	18.143269881147528	-2.4141606884298321	30.230338112022206	15.948398689212235	-1	14.281939422809971	-1	OK
17.000000000000000	42.546941929659177	14.654182651865293	16.804360551866790	-2.1501779000015002	27.892759277793886	14.702148662351512	-1	13.190610615442374	-1	OK
17.250000000000000	39.428982930688633	13.664916859066338	15.580534968892776	-1.9156181098264380	25.764066071622292	13.568383253332140	-1	12.195682818290152	-1	OK
17.500000000000000	36.562364786778708	12.753528225897975	14.460527796191988	-1.7069995702940040	23.808836560880735	12.535554597626801	-1	11.273281963253934	-1	OK
17.750000000000000	33.951449484500749	11.913049927144931	13.434302535922031	-1.5212526087771037	22.038399557355820	11.593537678840772	-1	10.444861878515049	-1	OK
18.000000000000000	31.557621417592976	11.137164065691925	12.492903978141324	-1.3557399124494010	20.420457351901049	10.733294356439361	-1	9.6871629954616889	-1	OK
18.250000000000000	29.345956667380840	10.420211263351444	11.628345886241787	-1.2081346228903471	18.925745404029396	9.9467634277287367	-1	8.9789819763006591	-1	OK
18.500000000000000	27.327653074658482	9.7571076555198886	10.833485475740268	-1.0763778202203786	17.570545419138593	9.2268096969777122	-1	8.3437357221608810	-1	OK
18.750000000000000	25.470810690766548	9.1432256290884535	10.101917026763861	-0.95869139767540690	16.327585061678096	8.5670522974174208	-1	7.7605327642606756	-1	OK
19.000000000000000	23.760689408538735	8.5743971701764323	9.4278987283799793	-0.85350155820354923	15.186292238362302	7.9617985668705762	-1	7.2244936714917261	-1	OK
19.250000000000000	22.184185746280839	8.0468663986223525	8.8062739392999383	-0.75940754067758365	14.137319347658485	7.4059453997864200	-1	6.7313739478720649	-1	OK
19.500000000000000	20.729347233829746	7.5571987376884753	8.2323978630790258	-0.67519912539055027	13.172148496141270	6.8949423903803950	-1	6.2772061057608752	-1	OK
19.750000000000000	19.383176573275982	7.1022929958726921	7.7020914486445289	-0.59979845277183497	12.280883577403289	6.4246937521233622	-1	5.8561898252799267	-1	OK
20.000000000000000	18.141796599435072	6.6793471908177393	7.2115877749562767	-0.53224058413854103	11.462449408617331	5.9914758178690715	-1	5.4709735907482600	-1	OK
20.250000000000000	16.992345524577267	6.2857921991042129	6.7574798349666567	-0.47168763586244494	10.706553325473056	5.5919191478594232	-1	5.1146341776136328	-1	OK
20.500000000000000	15.927674588129610	5.9192960153295857	6.3366897983074955	-0.41739378297791013	10.008378572800025	5.2231436094193704	-1	4.7852349633806543	-1	OK
20.750000000000000	14.940796529527955	5.5777462823548305	5.9464334272043553	-0.36868714484952742	9.3630502471731241	4.8824689120728175	-1	4.4805813351003065	-1	OK
21.000000000000000	14.024971346770389	5.2591993888208268	5.5841833342444493	-0.32498394542362291	8.7657719579495623	4.5674693953713943	-1	4.1983025625781680	-1	OK
21.250000000000000	13.174498956769192	4.9618841814706949	5.2476476431927210	-0.28576346172202566	8.2126147752984959	4.2758565187940238	-1	3.9367582565044721	-1	OK
21.500000000000000	12.384058025933921	4.6841893676060362	4.9347462655052352	-0.25055689789919916	7.6998686583278850	4.0057627699833098	-1	3.6941058883445752	-1	OK
21.750000000000000	11.645540739675269	4.4246379670374587	4.6435867726116182	-0.21894880557416183	7.2209027726378103	3.7553900243184422	-1	3.4655127483193682	-1	OK
22.000000000000000	10.961392985851457	4.1818735412128074	4.3724456632989890	-0.19057212208618124	6.7795194446386509	3.5231007686342002	-1	3.2564186760044507	-1	OK
22.250000000000000	10.323995778095846	3.9546555570478690	4.1197535432488372	-0.16509798620096741	6.3693402210479766	3.3074064964524585	-1	3.0619337245955180	-1	OK
22.500000000000000	9.7233378037447338	3.7418516467155802	3.8840797706574444	-0.14222812394186382	5.9814861570291544	3.1069882496221437	-1	2.8744979074070107	-1	OK
22.750000000000000	9.1693022253400507	3.5424143570914026	3.6641166224058406	-0.12170226531443798	5.6268878682486472	2.9205764025378582	-1	2.7063114657107890	-1	OK
23.000000000000000	8.6520211391159769	3.3553840088931359	3.4586698022080777	-0.10328579331494224	5.2966371302228401	2.7470704939715191	-1	2.5495666362513210	-1	OK
23.250000000000000	8.1687033151771544	3.1798817670930615	3.2666473630451840	-8.67655959521225206E-002	4.9888215480840925	2.5854648499968635	-1	2.4033566980872290	-1	OK
23.500000000000000	7.7168334317952461	3.0150964967644507	3.0870490039818601	-7.19525072174097835E-002	4.7017369350307954	2.4348445896162629	-1	2.2668923454145324	-1	OK
23.750000000000000	7.2939650947530268	2.8602784190440635	2.9189575288219776	-5.86791097779148021E-002	4.4336866757089632	2.2943634384031899	-1	2.1393232373057733	-1	OK
24.000000000000000	6.8980268358515282	2.7147402519747641	2.7615325844829961	-4.67923325082313310E-002	4.1832865838767646	2.1632500726767154	-1	2.0200365112000491	-1	OK
24.250000000000000	6.5270593133340373	2.5778479117747159	2.6140024307039318	-3.61545189292153887E-002	3.9492114015593214	2.0407946082266526	-1	1.9084167933326688	-1	OK
24.500000000000000	6.1792967472860845	2.4490133407134933	2.4756575228191315	-2.66441821056389895E-002	3.7302834065725916	1.9263317249066834	-1	1.8039516816659082	-1	OK
24.750000000000000	5.8530745878182415	2.3276966714604788	2.3458460457307089	-1.81493742702290226E-002	3.5253779163577628	1.8192898307316987	-1	1.7060880856260641	-1	OK
25.000000000000000	5.5468912224419427	2.2133959507810985	2.2239674552016808	-1.05715044205822156E-002	3.3334952716608446	1.7191548262343115	-1	1.6143404454265331	-1	OK
25.250000000000000	5.2593679920643543	2.1056493871514839	2.1094691507623464	-3.81976361086225043E-003	3.1537186049128705	1.6253645545407076	-1	1.5283540503721629	-1	OK
25.500000000000000	4.9892221342006922	2.0040276588222730	2.0018412344953402	2.18642432693313309E-003	2.9851944753784192	1.5374878258516553	-1	1.4477066495267639	-1	OK
25.750000000000000	4.7352278331054887	1.9081325254239010	1.9006132522696502	7.51927315425125319E-003	2.8270953076815872	1.4551020378735056	-1	1.3719932698080817	-1	OK
26.000000000000000	4.4962789318657199	1.8175949380707415	1.8053510268748003	1.22439111959413045E-002	2.6786839937949787	1.3778178756567989	-1	1.3008661181381798	-1	OK
26.250000000000000	4.2713667279202951	1.7320738520261485	1.7156536284530151	1.64202235731328895E-002	2.5392928758941467	1.3052800012863965	-1	1.2340128746077501	-1	OK
26.500000000000000	4.0595376158642527	1.6512511323499537	1.6311500664616496	2.01010658883038484E-002	2.4082864835142987	1.2371552452425145	-1	1.1711312382717842	-1	OK
26.750000000000000	3.8599185533797531	1.5748311457267119	1.5514971161133158	2.33340296133965237E-002	2.2850874076530410	1.1731395933789568	-1	1.1119478142740842	-1	OK
27.000000000000000	3.6717326904194625	1.5025406261621495	1.4763773073782516	2.61633187838988014E-002	2.1691920642573130	1.1129515007872890	-1	1.0562405634700240	-1	OK
27.250000000000000	3.4942278884368010	1.4341246317944736	1.4054962465577827	2.86283852366910722E-002	2.0601032566423272	1.0563310239577337	-1	1.0037722326845935	-1	OK
27.500000000000000	3.3268326565966766	1.3693452418136345	1.3385810301864718	3.07642116271625680E-002	1.9574874147830421	1.0030381683844998	-1	0.95444924639854234	-1	OK
27.750000000000000	3.1686887386777451	1.3079821608913651	1.2753786585950757	3.26035022962899781E-002	1.8607065777863798	0.95285238993333365	-1	0.90785418785304617	-1	OK
28.000000000000000	3.0192706594756644	1.2498295578014686	1.2156540666938742	3.41754911075942761E-002	1.7694411016741958	0.90556735009049982	-1	0.86387375158369595	-1	OK
28.250000000000000	2.8780375423739382	1.1946953312112409	1.1591888804210679	3.55064507901730955E-002	1.6833422111626972	0.86099389812326377	-1	0.82234831303943345	-1	OK
28.500000000000000	2.7444931646504127	1.1424006422780633	1.1057802362304530	3.66204060476103335E-002	1.6020925223723497	0.81895574177425812	-1	0.78313678059809155	-1	OK
28.750000000000000	2.6181451666454736	1.0927781882169687	1.0552393730424867	3.75388151744819321E-002	1.5253669784285047	0.77929437845375737	-1	0.74607259997474729	-1	OK
29.000000000000000	2.4985595465637216	1.0456724098417032	1.0073906586971715	3.82817511445315770E-002	1.4528871367220186	0.74184824716782316	-1	0.71103888955419547	-1	OK
29.250000000000000	2.3853256579203119	1.0009370956574286	0.96207037255613848	3.88667231012904055E-002	1.3843885622628831	0.70648127740754052	-1	0.67790728485534257	-1	OK
29.500000000000000	2.2780614387640119	0.95843612366897346	0.91912613435823332	3.93099893107401802E-002	1.3196253150950383	0.67306252817300483	-1	0.64656278692203351	-1	OK
29.750000000000000	2.1764064639287741	0.91804178445264673	0.87841581789847112	3.96259665541754888E-002	1.2583646794761274	0.64147135127802346	-1	0.61689332819810394	-1	OK
30.000000000000000	2.0800245077250299	0.87963518979468258	0.83980695475423217	3.98282350404504451E-002	1.2003893179303473	0.61159362098837045	-1	0.58879569694197686	-1	OK
30.250000000000000	1.9886068097698288	0.84310472554167881	0.80317575503403238	3.99289705076464815E-002	1.1455020842281500	0.58332238718645013	-1	0.56217969704169990	-1	OK
30.500000000000000	1.9018665669677843	0.80834544852824575	0.76840657593289530	3.99388725953504220E-002	1.0935211184395386	0.55655800969922997	-1	0.53696310874030861	-1	OK
30.750000000000000	1.8195270240547572	0.77525929766378865	0.73539143848781274	3.98678591759758227E-002	1.0442677263909685	0.53121267278877993	-1	0.51305505360218862	-1	OK
31.000000000000000	1.7413348440735059	0.74375423695730958	0.70402935189833338	3.97248850589758951E-002	0.99758060711619645	0.50720104163511426	-1	0.49037956548108219	-1	OK
31.250000000000000	1.6670471282568258	0.71374378427591156	0.67422576350561536	3.95180207702962444E-002	0.95330334398091432	0.48444399288029594	-1	0.46885935110061838	-1	OK
31.500000000000000	1.5964612634363653	0.68514698053765200	0.64589227713010966	3.92547034075426127E-002	0.91131428289871341	0.46201759061386904	-1	0.44929669228484437	-1	OK
31.750000000000000	1.5292140018964022	0.65788749107171340	0.61894609841940862	3.89413926523046947E-002	0.87132651082468893	0.44158835406259694	-1	0.42973815676209198	-1	OK
32.000000000000000	1.4648594390029581	0.63189413262213190	0.59330978913926591	3.85843434828660806E-002	0.83296530638082622	0.42220291843167990	-1	0.41076238794914632	-1	OK
32.250000000000000	1.4037324597082244	0.60709970236884903	0.56891069386166448	3.81890085071845825E-002	0.79663275733937533	0.40380079601461066	-1	0.39283196132476467	-1	OK
32.500000000000000	1.3459764519156669	0.58344078530260035	0.54568064765180690	3.77601376507935849E-002	0.76253566661306671	0.38632589608446444	-1	0.37620977052860227	-1	OK
32.750000000000000	1.2904399285199855	0.56085784312314790	0.52355571163636694	3.73021314867811662E-002	0.72958208539683755	0.36972595621214843	-1	0.35985612918468912	-1	OK
33.000000000000000	1.2380869728648314	0.53929504919969840	0.50247592336238289	3.68191258373153016E-002	0.69879192366513287	0.35395133209633139	-1	0.34484059156880148	-1	OK
33.250000000000000	1.1882047772796516	0.51869999585701687	0.48238499891826436	3.63149969387525015E-002	0.66950478142263470	0.33896069673620938	-1	0.33054408468642532	-1	OK
33.500000000000000	1.1406594095399214	0.49902297797308676	0.46322998148417455	3.57929964889122515E-002	0.64163643156683470	0.32470498365835920	-1	0.31693144790847549	-1	OK
33.750000000000000	1.0953260839637786	0.48021710399750839	0.44496109908066384	3.52560049168445522E-002	0.61510897996627012	0.31114201945469605	-1	0.30396696051157407	-1	OK
34.000000000000000	1.0520772567963572	0.46223820522270598	0.42753157013572995	3.47066350869757664E-002	0.58983905157365124	0.29823399322391397	-1	0.29160505834973727	-1	OK
34.250000000000000	1.0108229361858982	0.44504476813509053	0.41089741015894748	3.41473579761431764E-002	0.56577816805080772	0.28594518091216681	-1	0.27983298713864091	-1	OK
34.500000000000000	0.97144971649646361	0.42859768908922335	0.39501722325143884	3.35804658377845608E-002	0.54285202740724026	0.27424134640022058	-1	0.26861068100701968	-1	OK
34.750000000000000	0.93386177570298046	0.41286006926324281	0.37985202998114381	3.30080392820989305E-002	0.52100170643973764	0.26309130895834332	-1	0.25791039748139433	-1	OK
35.000000000000000	0.89796630182067561	0.39779686254036484	0.36536507802483975	3.24317845155251347E-002	0.50016943928031077	0.25246473798069230	-1	0.24770470129961847	-1	OK
35.250000000000000	0.86367692271814178	0.38337501627092174	0.35152174586917351	3.18532704017481100E-002	0.48030190644722004	0.24233466774746848	-1	0.23796723869975156	-1	OK
35.500000000000000	0.83091063853415270	0.36956298500200357	0.33828933956066132	3.12736454413422571E-002	0.46134765353214907	0.23267433589699313	-1	0.22867331763515594	-1	OK
35.750000000000000	0.79952855459048044	0.35633141987239780	0.32563715369893809	3.06942661734596958E-002	0.44319713471808264	0.22345891579398142	-1	0.21973821892410123	-1	OK
36.000000000000000	0.76958787120933114	0.34365285342115381	0.31353623617207094	3.01166172490829435E-002	0.42593501778817738	0.21466544461088991	-1	0.21126957317728748	-1	OK
36.250000000000000	0.74095050765233128	0.33150074989439116	0.30195913628443460	2.95416136099564582E-002	0.40944975775794007	0.20627315030160839	-1	0.20317660745633168	-1	OK
36.500000000000000	0.71355293489371263	0.31985003672812273	0.29087997275985217	2.89700639682705860E-002	0.39370289816558984	0.19826017525131517	-1	0.19544272291427467	-1	OK
36.750000000000000	0.68733537828401381	0.30867712223542620	0.28027431478599479	2.84028074494313970E-002	0.37865825604858760	0.19060661936228193	-1	0.18805163668630567	-1	OK
37.000000000000000	0.66223863152404361	0.29795943876389386	0.27011904281217919	2.78403959517147699E-002	0.36427919276014969	0.18329482009748205	-1	0.18098437266266765	-1	OK
37.250000000000000	0.63820573940379210	0.28767594963388743	0.26039238102509626	2.72835686087910360E-002	0.35052978976990473	0.17630905610032535	-1	0.17422073366957938	-1	OK
37.500000000000000	0.61518646586067027	0.27780666805847520	0.25107371036898757	2.67329576894876943E-002	0.33737979780219501	0.16962919999350412	-1	0.16775059780869089	-1	OK
37.750000000000000	0.59313252686703177	0.26833263426071219	0.24214351056784217	2.61891236928700026E-002	0.32479989260631964	0.16324173559976274	-1	0.16155815700655690	-1	OK
38.000000000000000	0.57199753506987705	0.25923563254801962	0.23358326760128972	2.56523649467300108E-002	0.31276190252185743	0.15713209191854607	-1	0.15562981060331135	-1	OK
38.250000000000000	0.55173777868285934	0.25049841060934697	0.22537547012743980	2.51229404819071911E-002	0.30123936807351237	0.15128659608233008	-1	0.14995277199118229	-1	OK
38.500000000000000	0.53226784824896378	0.24210462019184953	0.21750355131972438	2.46010688721252230E-002	0.29016322805711425	0.14569230063138294	-1	0.14447092742573131	-1	OK
38.750000000000000	0.51363831255509329	0.23403894942811818	0.20995185667197269	2.40870927561454701E-002	0.27959936312697514	0.14033793422231861	-1	0.13926142890465654	-1	OK
39.000000000000000	0.49576522112478572	0.22628675591266961	0.20270553082794573	2.35812250847238884E-002	0.26947846521211610	0.13521038746711758	-1	0.13426807774499852	-1	OK
39.250000000000000	0.47861570138302445	0.21883422111370526	0.19575050288938328	2.30837182243219773E-002	0.25978148026931919	0.13029908841990159	-1	0.12948239184941759	-1	OK
39.500000000000000	0.46215641762818555	0.21166810478262033	0.18907340043128881	2.25947043513315474E-002	0.25048831284556522	0.12559294526227113	-1	0.12489536758329409	-1	OK
39.750000000000000	0.44635656340839913	0.20477574580748426	0.18266153461019072	2.21142111972935304E-002	0.24158081760091490	0.12108303932427573	-1	0.12049777827663917	-1	OK
40.000000000000000	0.43118568688016912	0.19814513750351140	0.17650287068028339	2.16422668232279514E-002	0.23304054937665772	0.11676005867373682	-1	0.11628049070292090	-1	OK
40.250000000000000	0.41669779716535449	0.19176493220229535	0.17058600685272546	2.11789253495699298E-002	0.22493286496305917	0.11261533495018100	-1	0.11231753001287817	-1	OK
40.500000000000000	0.40270081706497207	0.18562440095510641	0.16490012644283827	2.07242745122681628E-002	0.21707641610986569	0.10864054593439246	-1	0.10843587017547324	-1	OK
40.750000000000000	0.38925054629487377	0.17971319156913620	0.15943493325187483	2.02782583172614120E-002	0.20953735472573753	0.10482599498620752	-1	0.10471135973953001	-1	OK
41.000000000000000	0.37632259027257653	0.17402160269193362	0.15418067115709128	1.98409315348423813E-002	0.20230098758064291	0.10116559660529295	-1	0.10113539097534996	-1	OK
41.250000000000000	0.36389365721871031	0.16854034334295764	0.14912805095242854	1.94122923905291553E-002	0.19535331387575267	9.76528142359574941E-002	-1	9.77004996397951714E-002	-1	OK
41.500000000000000	0.35194178550076555	0.16326045643746309	0.14426822135489889	1.89922350825642121E-002	0.18868132906330246	9.42809777386420245E-002	-1	9.44003513246604309E-002	-1	OK
41.750000000000000	0.34044607786859488	0.15817341108178412	0.13959277437711992	1.85806367046642482E-002	0.18227266678681076	9.10436748162789106E-002	-1	9.12289919705318447E-002	-1	OK
42.000000000000000	0.32938722174034740	0.15327118824247693	0.13509374071556765	1.81774475269092864E-002	0.17611603349787044	8.79346680615475801E-002	-1	8.81813654363228644E-002	-1	OK
42.250000000000000	0.31874625264919021	0.14854614872277136	0.13076353048412931	1.77826182386420298E-002	0.17020010392641888	8.49480743363739688E-002	-1	8.52520295900449088E-002	-1	OK
42.500000000000000	0.30850509895046818	0.14399093394889956	0.12659491204405884	1.73960219048407243E-002	0.16451416500156865	8.20790266450302508E-002	-1	8.24351383565384010E-002	-1	OK
42.750000000000000	0.29864635185581523	0.13959863810135645	0.12258102200902138	1.70176160923350660E-002	0.15904771375445878	7.93219707924014694E-002	-1	7.97257429620573110E-002	-1	OK
43.000000000000000	0.28915313678318821	0.13536264151448513	0.11871530988578786	1.66473316286972726E-002	0.15379049526870306	7.66718508180975894E-002	-1	7.71186444506054697E-002	-1	OK
43.250000000000000	0.27994203933795297	0.13127654757741547	0.11499152249679591	1.62850250806195682E-002	0.14866549176053750	7.41239660295286568E-002	-1	7.45415257310088480E-002	-1	OK
43.500000000000000	0.27113592163386002	0.12733424139246105	0.11140370320167968	1.59305381907813431E-002	0.14380168024139900	7.16738426610789153E-002	-1	7.21278375803200839E-002	-1	OK
43.750000000000000	0.26265213774767293	0.12352991201393326	0.10794618538428823	1.55837266296450522E-002	0.13912222573373970	6.93171947963598933E-002	-1	6.98050309373798028E-002	-1	OK
44.000000000000000	0.25447610492632727	0.11985808091186918	0.10461358136619139	1.52444995456777962E-002	0.13461802401445808	6.70497754413225122E-002	-1	6.75682485731355642E-002	-1	OK
44.250000000000000	0.24659547537091747	0.11631351025561372	0.10140075012869953	1.49127601269141864E-002	0.13028196511530374	6.48683738371479968E-002	-1	6.54135912781557416E-002	-1	OK
44.500000000000000	0.23899873885379525	0.11289114081815728	9.83027786584070723E-002	1.45883621597502119E-002	0.12610759803563795	6.27689515967446987E-002	-1	6.33386464388932535E-002	-1	OK
44.750000000000000	0.23167153058664752	0.10958616724786224	9.53149853417112614E-002	1.42711819061509988E-002	0.12208536333878529	6.07480003860614154E-002	-1	6.13373629527238784E-002	-1	OK
45.000000000000000	0.22460812524474405	0.10639401831446138	9.24329055629103946E-002	1.39611127515509893E-002	0.11821410693028268	5.88021616561301766E-002	-1	5.94119452741525070E-002	-1	OK
45.250000000000000	0.21779514822425708	0.10331031380419795	8.96522756502313167E-002	1.36580381539666475E-002	0.11448483442005913	5.69283230929117368E-002	-1	5.75565113271473972E-002	-1	OK
45.500000000000000	0.21122232659080550	0.10033083213669619	8.69690168687937692E-002	1.33618152679024580E-002	0.11089149445410931	5.51233581918037022E-002	-1	5.57681362623056107E-002	-1	OK
45.750000000000000	0.20487814960207135	9.74515028872747213E-002	8.43792313743065570E-002	1.30722715129681557E-002	0.10742664671479661	5.33844563899292732E-002	-1	5.40421903248673383E-002	-1	OK
46.000000000000000	0.19875719539887535	9.46685075520077440E-002	8.18792123371271108E-002	1.27892952148805916E-002	0.10408868784686760	5.17088777378181125E-002	-1	5.23798101090494905E-002	-1	OK
46.250000000000000	0.19284872119292917	9.19781881110446620E-002	7.94654143295692866E-002	1.25127737814753667E-002	0.10087053308188451	5.00940115596502714E-002	-1	5.07765215222342400E-002	-1	OK
46.500000000000000	0.18714438954643081	8.93770021444837137E-002	7.71344424165796572E-002	1.22425597279040479E-002	9.77673874019470840E-002	4.85373665788405295E-002	-1	4.92300208231065545E-002	-1	OK
46.750000000000000	0.18163619709847817	8.68615931575034694E-002	7.48830583981060088E-002	1.19785347593974936E-002	9.47746039409747137E-002	4.70365433968544314E-002	-1	4.77380605441202824E-002	-1	OK
47.000000000000000	0.17631668734181308	8.44287630498716801E-002	7.27081666915461583E-002	1.17205963583254767E-002	9.18879242919413974E-002	4.55893005980246013E-002	-1	4.62986236939167961E-002	-1	OK
47.250000000000000	0.17117870607562302	8.20753913670794477E-002	7.06067956867014040E-002	1.14685956803780419E-002	8.91033147085435739E-002	4.41934951653716254E-002	-1	4.49098195431719485E-002	-1	OK
47.500000000000000	0.16621471706330412	7.97984791248771697E-002	6.85761022615559712E-002	1.12223768633211984E-002	8.64162379384269541E-002	4.28469908139114883E-002	-1	4.35692471245154658E-002	-1	OK
47.750000000000000	0.16141798823136255	7.75951693306860812E-002	6.66133713991358817E-002	1.09817979315501683E-002	8.38228189006764851E-002	4.15478849224064986E-002	-1	4.22749339782699865E-002	-1	OK
48.000000000000000	0.15678182563302659	7.54627593609078634E-002	6.47160129619189228E-002	1.07467463989889250E-002	8.13190662721187257E-002	4.02942571720963857E-002	-1	4.10248091000223400E-002	-1	OK
48.250000000000000	0.15230015859213575	7.33986608318172584E-002	6.28815467681047846E-002	1.05171140637124808E-002	7.89014977603184897E-002	3.90842891753986552E-002	-1	3.98172085849198346E-002	-1	OK
48.500000000000000	0.14796299683045822	7.14003594328029290E-002	6.11075923861621115E-002	1.02927670466408105E-002	7.65626373976553004E-002	3.79162587046354624E-002	-1	3.86463786930198380E-002	-1	OK
48.750000000000000	0.14377361787796064	6.94654734209268487E-002	5.93918762731082267E-002	1.00735971478186359E-002	7.43081444570337923E-002	3.67885158896655434E-002	-1	3.75196285673682489E-002	-1	OK
49.000000000000000	0.13972222733944581	6.75917199926966694E-002	5.77322200470195765E-002	9.85949994567711548E-003	7.21305073467491398E-002	3.56994816435873205E-002	-1	3.64310257031618193E-002	-1	OK
49.250000000000000	0.13580328683727255	6.57768865436035438E-002	5.61265323848168587E-002	9.65035415878668854E-003	7.00264002936690083E-002	3.46476611247913471E-002	-1	3.53787391688776612E-002	-1	OK
49.500000000000000	0.13201206543241467	6.40188522747711236E-002	5.45728087400326883E-002	9.44604353473842834E-003	6.79932131576435617E-002	3.36316114439351790E-002	-1	3.43616017137083826E-002	-1	OK
49.750000000000000	0.12834381751885238	6.23155689827317380E-002	5.30691269219820336E-002	9.24644206074972178E-003	6.60282485361206456E-002	3.26499497094427174E-002	-1	3.33782988266779282E-002	-1	OK
50.000000000000000	0.12479401940059651	6.06650914698541252E-002	5.16136495237660281E-002	9.05144194608809537E-003	6.41289279307423743E-002	3.17013566037795680E-002	-1	3.24275713269628063E-002	-1	OK
50.250000000000000	0.12135829218049479	5.90655473947953313E-002	5.02046124425487850E-002	8.86093495224654464E-003	6.22927447856994609E-002	3.07845688735204105E-002	-1	3.15081759121790539E-002	-1	OK
50.500000000000000	0.11803259342682967	5.75151274998274981E-002	4.88403237313552174E-002	8.67480376847225981E-003	6.05174659270021759E-002	2.98983748195932181E-002	-1	3.06190911074089578E-002	-1	OK
50.750000000000000	0.11481231450507137	5.60121218053758890E-002	4.75191667243904173E-002	8.49295508098546655E-003	5.88001926996954902E-002	2.90415911801055193E-002	-1	2.97586015195899709E-002	-1	OK
51.000000000000000	0.11169411625215189	5.45548978066602158E-002	4.62395899326465895E-002	8.31530787401361070E-003	5.71392184454916699E-002	2.82131389411683399E-002	-1	2.89260795043233300E-002	-1	OK
51.250000000000000	0.10867426893755186	5.31418521024498158E-002	4.50000979399039214E-002	8.14175416254591527E-003	5.55324168351020442E-002	2.74119189125788774E-002	-1	2.81204979225231667E-002	-1	OK
51.500000000000000	0.10568646728911285	5.17714536234254522E-002	4.37992580953433380E-002	7.97219552808211759E-003	5.39150136656873918E-002	2.66369333095883010E-002	-1	2.72780803560990909E-002	-1	OK
51.750000000000000	0.10285468092073514	5.04422336294728796E-002	4.26356949599501350E-002	7.80653866952275583E-003	5.24124472912622652E-002	2.58872295006868473E-002	-1	2.65252177905754179E-002	-1	OK
52.000000000000000	0.10011089956271287	4.91527597268519439E-002	4.15080850106203034E-002	7.64467471623163971E-003	5.09581398358609217E-002	2.51618787686909186E-002	-1	2.57962610671700031E-002	-1	OK
52.250000000000000	9.74305227491074760E-002	4.79016720803809512E-002	4.04151607841675559E-002	7.48651129621340488E-003	4.95288506687265248E-002	2.44599903674527878E-002	-1	2.50688603012737370E-002	-1	OK
52.500000000000000	9.48541619099325106E-002	4.66876689265961070E-002	3.93557067552593870E-002	7.33196217133671915E-003	4.81664929833364105E-002	2.37807536510380411E-002	-1	2.43857393322983694E-002	-1	OK
52.750000000000000	9.23568226424854172E-002	4.55094991904130830E-002	3.83285560463133973E-002	7.18094314409968310E-003	4.68473234520723342E-002	2.31233052284474903E-002	-1	2.37240182236248438E-002	-1	OK
53.000000000000000	8.99358305230040372E-002	4.43659683206058114E-002	3.73325876840355717E-002	7.03338063657022849E-003	4.55698622023982258E-002	2.24868280242275786E-002	-1	2.30830341781706472E-002	-1	OK
53.250000000000000	8.75885143838304875E-002	4.32559089752442005E-002	3.63667203148000870E-002	6.88918866044412222E-003	4.43326054085862870E-002	2.18705668738109239E-002	-1	2.24620385347753630E-002	-1	OK
53.500000000000000	8.53122808625631363E-002	4.21781905117028927E-002	3.54299145720107442E-002	6.74827593969215631E-003	4.31340903508602436E-002	2.12737906919794814E-002	-1	2.18602996588807622E-002	-1	OK
53.750000000000000	8.31046518556428360E-002	4.11317483599988182E-002	3.45211764278206476E-002	6.61057193217816277E-003	4.19729034956440178E-002	2.06958008670521387E-002	-1	2.12771026285918791E-002	-1	OK
54.000000000000000	8.09633041441328305E-002	4.01155478727068388E-002	3.36395467998545222E-002	6.47600107285232606E-003	4.08477562714259848E-002	2.01359124923913835E-002	-1	2.07118437790346013E-002	-1	OK
54.250000000000000	7.88857051132726278E-002	3.91285855785557593E-002	3.27841027300715404E-002	6.34448284848422063E-003	3.97571195347168685E-002	1.95934805491718815E-002	-1	2.01636389855449870E-002	-1	OK
54.500000000000000	7.68699071456304395E-002	3.81699021430433882E-002	3.19539581385950913E-002	6.21594400444830386E-003	3.87000050025870582E-002	1.90679047251868412E-002	-1	1.96321002774002169E-002	-1	OK
54.750000000000000	7.48924202802737915E-002	3.72385815788815050E-002	3.11482615956367552E-002	6.09031998324473852E-003	3.76538387013922796E-002	1.85585913101631236E-002	-1	1.90952473912291559E-002	-1	OK
55.000000000000000	7.29947598638446271E-002	3.63337304690067725E-002	3.03661913723517196E-002	5.96753909665505376E-003	3.66610293948378546E-002	1.80138880136567203E-002	-1	1.86471413811811343E-002	-1	OK
55.250000000000000	7.11529139690196266E-002	3.54544867014828652E-002	2.96069565758032838E-002	5.84753012567956580E-003	3.56984272675367684E-002	1.75368272761947802E-002	-1	1.81615999913419882E-002	-1	OK
55.500000000000000	6.93649952199766884E-002	3.46000244853987143E-002	2.88697973838633049E-002	5.73022710153540081E-003	3.47649707345779810E-002	1.70743396589160268E-002	-1	1.76906310756619542E-002	-1	OK
55.750000000000000	6.76294162625318274E-002	3.37695454382409554E-002	2.81539821598255566E-002	5.61556327841539801E-003	3.38598708242908789E-002	1.66259170368987588E-002	-1	1.72339537873921200E-002	-1	OK
56.000000000000000	6.59443393345835460E-002	3.29622907545252739E-002	2.74588084171773390E-002	5.50348233734793049E-003	3.29820485800582722E-002	1.61910759626388359E-002	-1	1.67909726174194363E-002	-1	OK
56.250000000000000	6.43080133328108039E-002	3.21775220135652393E-002	2.67835973243887165E-002	5.39392468917651406E-003	3.21304913192455577E-002	1.57693458912595529E-002	-1	1.63611454279860048E-002	-1	OK
56.500000000000000	6.27188330279434825E-002	3.14145187756600941E-002	2.61276939912513141E-002	5.28682478440877825E-003	3.13043142522833884E-002	1.53602835189782915E-002	-1	1.59440307333050951E-002	-1	OK
56.750000000000000	6.11752269526402923E-002	3.06725915157781553E-002	2.54904685038679531E-002	5.18212301191020228E-003	3.05026354368621369E-002	1.49634547012450127E-002	-1	1.55391807356171242E-002	-1	OK
57.000000000000000	5.96757129616298371E-002	2.99510766172838908E-002	2.48713139742855471E-002	5.07976264299834970E-003	2.97246363443459498E-002	1.45784271103623336E-002	-1	1.51462092339836162E-002	-1	OK
57.250000000000000	5.82188625901035109E-002	2.92493246851492708E-002	2.42696441016870233E-002	4.97968058346225095E-003	2.89695379049542401E-002	1.42048092522054463E-002	-1	1.47647286527487938E-002	-1	OK
57.500000000000000	5.68032789758851214E-002	2.85667141474260297E-002	2.36848948595295775E-002	4.88181928789644445E-003	2.82365648284590952E-002	1.38422253729984669E-002	-1	1.43943394554606283E-002	-1	OK
57.750000000000000	5.54276400482804632E-002	2.79026524530983575E-002	2.31165236146578940E-002	4.78612883844047390E-003	2.75249875951821023E-002	1.34903101824502929E-002	-1	1.40346774127318094E-002	-1	OK
58.000000000000000	5.40906467252189813E-002	2.72565593695216317E-002	2.25640062485888138E-002	4.69255312093281272E-003	2.68340873556973496E-002	1.31487096764217708E-002	-1	1.36853776792755788E-002	-1	OK
58.250000000000000	5.27910610561895394E-002	2.66278822770122520E-002	2.20268393742170839E-002	4.60104290279516725E-003	2.61631787791772874E-002	1.28170715072956024E-002	-1	1.33461072718816850E-002	-1	OK
58.500000000000000	5.15276810279606534E-002	2.60160868020299918E-002	2.15045369745242541E-002	4.51154982750574200E-003	2.55115942259306616E-002	1.24950676876187453E-002	-1	1.30165265383119164E-002	-1	OK
58.750000000000000	5.02953205307889589E-002	2.54206559527859061E-002	2.09966301568693912E-002	4.42402579591650701E-003	2.48746645780030529E-002	1.21823919276792727E-002	-1	1.26922726503237802E-002	-1	OK
59.000000000000000	4.91010612561626758E-002	2.48410897700270319E-002	2.05026662723801281E-002	4.33842349764690643E-003	2.42599714861356473E-002	1.18787355218907351E-002	-1	1.23812359642449122E-002	-1	OK
59.250000000000000	4.79291917169766546E-002	2.42769068261101673E-002	2.00222089994292370E-002	4.25469782668092510E-003	2.36522848908664908E-002	1.15838026735597018E-002	-1	1.20684822173067891E-002	-1	OK
59.500000000000000	4.67999650081752511E-002	2.37276375896457482E-002	1.95548360681372518E-002	4.17280152150850507E-003	2.30723274185294994E-002	1.12973103874063688E-002	-1	1.17750170311231306E-002	-1	OK
59.750000000000000	4.57016041556937008E-002	2.31928255066832789E-002	1.91001397968472118E-002	4.09268570983606188E-003	2.25087786490104219E-002	1.10189849378142159E-002	-1	1.14897937111962060E-002	-1	OK
60.000000000000000	4.46331219794154493E-002	2.26720349499046174E-002	1.86577282464566833E-002	4.01430670344794013E-003	2.19610870295108319E-002	1.07485619243036130E-002	-1	1.12125251052072189E-002	-1	OK
60.250000000000000	4.35936147862810153E-002	2.21648496645415333E-002	1.82272239231570099E-002	3.93762574138451990E-003	2.14287651217394785E-002	1.04857874940709785E-002	-1	1.09429776276685001E-002	-1	OK
60.500000000000000	4.25821996030541355E-002	2.16708649877314224E-002	1.78082618530801574E-002	3.86260313465126327E-003	2.09113346153227096E-002	1.02304166901190530E-002	-1	1.06809179252036566E-002	-1	OK
60.750000000000000	4.15980167352571900E-002	2.11896898895323274E-002	1.74004896835595717E-002	3.78920020597275833E-003	2.04083268457248626E-002	9.98221314324523358E-003	-1	1.04261137024796290E-002	-1	OK
61.000000000000000	4.06290053547146424E-002	2.07209476073020038E-002	1.70035672311878300E-002	3.71738037611417686E-003	1.99080577474126420E-002	9.74094899734970904E-003	-1	1.01671087500629330E-002	-1	OK
61.250000000000000	3.96970403545239686E-002	2.02642719523925194E-002	1.66171654562130428E-002	3.64710649617947403E-003	1.94327684021314527E-002	9.50640447428680035E-003	-1	9.92636392784465235E-003	-1	OK
61.500000000000000	3.87852881234067581E-002	1.98193080054940435E-002	1.62409662653461885E-002	3.57834174014785627E-003	1.89659801179127112E-002	9.27836772586170325E-003	-1	9.68761239205100794E-003	-1	OK
61.750000000000000	3.79023743777461147E-002	1.93857111967183360E-002	1.58746620278332751E-002	3.51104916888505961E-003	1.85166631810277822E-002	9.05663424546560882E-003	-1	9.46002893556217340E-003	-1	OK
62.000000000000000	3.70427890132333654E-002	1.89631501530109353E-002	1.55179559924804120E-002	3.44519416053052068E-003	1.80796388602224301E-002	8.84100673165160236E-003	-1	9.23863212857082769E-003	-1	OK
62.250000000000000	3.62057948722072642E-002	1.85513019556903871E-002	1.51705610735609862E-002	3.38074088212939614E-003	1.76544929165168771E-002	8.63129599105219407E-003	-1	9.02319692546468301E-003	-1	OK
62.500000000000000	3.53907299750735524E-002	1.81498559875176366E-002	1.48322003788649136E-002	3.31765560865272032E-003	1.72408739875559158E-002	8.42731832679849413E-003	-1	8.81355566075742169E-003	-1	OK
62.750000000000000	3.45969573577145847E-002	1.77585149407068696E-002	1.45026067725939761E-002	3.25590816811289260E-003	1.68384424170077152E-002	8.22889988163033083E-003	-1	8.60954253537738433E-003	-1	OK
63.000000000000000	3.38238309572826273E-002	1.73769884304343265E-002	1.41815214331428470E-002	3.19546699729147477E-003	1.64468425268483043E-002	8.03587198187542644E-003	-1	8.41097054497287784E-003	-1	OK
63.250000000000000	3.30707384986756031E-002	1.70049985050197000E-002	1.38686945241814595E-002	3.13630398083824136E-003	1.60657399936559031E-002	7.84805569683893339E-003	-1	8.21768429681696971E-003	-1	OK
63.500000000000000	3.23370735676341142E-002	1.66422727314087318E-002	1.35638837289806281E-002	3.07838900242810021E-003	1.56948008362253824E-002	7.66530872850857987E-003	-1	8.02949210771680341E-003	-1	OK
63.750000000000000	3.16222727961368508E-002	1.62885455440323762E-002	1.32668545437708233E-002	3.02169100026155159E-003	1.53337272521044728E-002	7.48746992893841584E-003	-1	7.84625732316605699E-003	-1	OK
64.000000000000000	3.09257940267896186E-002	1.59435638380443570E-002	1.29773809046904148E-002	2.96618293335393747E-003	1.49822301887452616E-002	7.31438597879519904E-003	-1	7.66784420995006259E-003	-1	OK
64.250000000000000	3.02471307560108343E-002	1.56070797966857827E-002	1.26952434634500060E-002	2.91183633323577372E-003	1.46400509593250499E-002	7.14591578572094759E-003	-1	7.49413517360410231E-003	-1	OK
64.500000000000000	2.95857345447989445E-002	1.52788546182923875E-002	1.24202304095033540E-002	2.85862420878903655E-003	1.43068799265065588E-002	6.98191635023224632E-003	-1	7.32496357627431243E-003	-1	OK
64.750000000000000	2.89411370515683941E-002	1.49586582555584872E-002	1.21521370249370545E-002	2.80652123062143056E-003	1.39824787960099051E-002	6.82225250004158627E-003	-1	7.16022629596831887E-003	-1	OK
65.000000000000000	2.83128270778174561E-002	1.46462651154112000E-002	1.18907647343368932E-002	2.75550038107430896E-003	1.36665619624062561E-002	6.66679513964671313E-003	-1	6.99976682275954293E-003	-1	OK
65.250000000000000	2.77003144683274569E-002	1.43414600562718122E-002	1.16359220206673428E-002	2.70553803560447115E-003	1.33588544120556447E-002	6.51541870701715861E-003	-1	6.84343570503848607E-003	-1	OK
65.500000000000000	2.71031363436931572E-002	1.40440342810690573E-002	1.13874231270275524E-002	2.65661115404149887E-003	1.30591020626240981E-002	6.36800194762270674E-003	-1	6.69110011500139139E-003	-1	OK
65.750000000000000	2.65208829373679775E-002	1.37537845828363640E-002	1.11450881018949829E-002	2.60869648094138153E-003	1.27670983545316117E-002	6.22442764009817871E-003	-1	6.54267071443343298E-003	-1	OK
66.000000000000000	2.59531012057884307E-002	1.34705134486795136E-002	1.09087426203625694E-002	2.56177082831694422E-003	1.24825877571089171E-002	6.08458226082096969E-003	-1	6.39800549628794738E-003	-1	OK
66.250000000000000	2.53993275497009022E-002	1.31940268219394967E-002	1.06782173506989406E-002	2.51580947124055692E-003	1.22053007277614072E-002	5.94834861117333417E-003	-1	6.25695211658807305E-003	-1	OK
66.500000000000000	2.48592901125958554E-002	1.29241387656616729E-002	1.04533487575382712E-002	2.47079000812340174E-003	1.19351513469341843E-002	5.81562626243678406E-003	-1	6.11952508449740019E-003	-1	OK
66.750000000000000	2.43325963428975764E-002	1.26606677054392994E-002	1.02339783485541000E-002	2.42668935688520162E-003	1.16719286374582787E-002	5.68631584774459582E-003	-1	5.98561278971368287E-003	-1	OK
67.000000000000000	2.38188697037079421E-002	1.24034381192917494E-002	1.00199528366271742E-002	2.38348528266457173E-003	1.14154315844161927E-002	5.56031533935873006E-003	-1	5.85511624505746266E-003	-1	OK
67.250000000000000	2.33177769044648313E-002	1.21522857857205603E-002	9.81112497729638884E-003	2.34116080842416713E-003	1.11654911187442710E-002	5.43750209291836081E-003	-1	5.72798902582591016E-003	-1	OK
67.500000000000000	2.28289368126851425E-002	1.19070497632268110E-002	9.60735137582981527E-003	2.29969838739699402E-003	1.09218870494583314E-002	5.31781018610436983E-003	-1	5.60407686335396161E-003	-1	OK
67.750000000000000	2.23519865489872557E-002	1.16675704060807701E-002	9.40849245862099975E-003	2.25907794745977249E-003	1.06844161429064839E-002	5.20115694197088776E-003	-1	5.48325920093559616E-003	-1	OK
68.000000000000000	2.18865918416147678E-002	1.14336934837597978E-002	9.21441316447453931E-003	2.21928031928525504E-003	1.04528983578549683E-002	5.08745098688606796E-003	-1	5.36544737096890031E-003	-1	OK
68.250000000000000	2.14324339660850599E-002	1.12052701799362636E-002	9.02498258746003805E-003	2.18028759247622687E-003	1.02271637861487980E-002	4.97662354740486309E-003	-1	5.25054023874393493E-003	-1	OK
68.500000000000000	2.09892038367696793E-002	1.09821552792924611E-002	8.84007364641402858E-003	2.14208163287843249E-003	1.00070485574772165E-002	4.86858270370740202E-003	-1	5.13846585376981444E-003	-1	OK
68.750000000000000	2.05566011671700320E-002	1.07642062863887548E-002	8.65956278297309867E-003	2.10464350341565704E-003	9.79239488078127718E-003	4.76325062813874340E-003	-1	5.02914425264253378E-003	-1	OK
69.000000000000000	2.01343322880165945E-002	1.05512838776620280E-002	8.48333018057737150E-003	2.06795369708465300E-003	9.58304841035456483E-003	4.66054345481012496E-003	-1	4.92250495554443987E-003	-1	OK
69.250000000000000	1.97221236928759244E-002	1.03432550938467351E-002	8.31126021269132549E-003	2.03199488115540913E-003	9.37886859902918764E-003	4.56038661385218744E-003	-1	4.81848198517700020E-003	-1	OK
69.500000000000000	1.93196969923320402E-002	1.01399926088835239E-002	8.14324112960479983E-003	1.99675147927872321E-003	9.17970438344851633E-003	4.46271010172080099E-003	-1	4.71699428172771534E-003	-1	OK
69.750000000000000	1.89267848419588450E-002	9.94137117753550112E-003	7.97916419735061888E-003	1.96220698018487877E-003	8.98541366442334385E-003	4.36744354806764632E-003	-1	4.61797011635569753E-003	-1	OK
70.000000000000000	1.85431343048870802E-002	9.74727091000121559E-003	7.81892443007267159E-003	1.92834647992854357E-003	8.79586339488586458E-003	4.27451130790261220E-003	-1	4.52135208698325238E-003	-1	OK
70.250000000000000	1.81684985793261131E-002	9.55757756757942903E-003	7.66242012570768263E-003	1.89515744187175031E-003	8.61092101174668577E-003	4.18385534924857125E-003	-1	4.42706566249811452E-003	-1	OK
70.500000000000000	1.78026365203118909E-002	9.37217658192565292E-003	7.50955190900767008E-003	1.86262467291798219E-003	8.43045993838623803E-003	4.09541315357433641E-003	-1	4.33504678481190162E-003	-1	OK
70.750000000000000	1.74453147267593263E-002	9.19095642500479190E-003	7.36022334006922532E-003	1.83073308493556528E-003	8.25435830175453439E-003	4.00912357060401268E-003	-1	4.24523473115052171E-003	-1	OK
71.000000000000000	1.70963054966877803E-002	9.01380887381525789E-003	7.21434089802850103E-003	1.79946797578675708E-003	8.08249662287252070E-003	3.92492726642142999E-003	-1	4.15756935645109071E-003	-1	OK
71.250000000000000	1.67553876461914095E-002	8.84062897190084074E-003	7.07181380788163977E-003	1.76881516401919967E-003	7.91475867429057046E-003	3.84275365058926862E-003	-1	4.07200502370130141E-003	-1	OK
71.500000000000000	1.64223558096511478E-002	8.67131519354532448E-003	6.93255404741902840E-003	1.73876114612629609E-003	7.75104061610582332E-003	3.76255239779137770E-003	-1	3.98848821831444562E-003	-1	OK
71.750000000000000	1.60970052041982947E-002	8.50576876406618221E-003	6.79647615489764861E-003	1.70929260916853035E-003	7.59123644013211338E-003	3.68115435228218244E-003	-1	3.91008208784993094E-003	-1	OK
72.000000000000000	1.57791227179687639E-002	8.34389337834762213E-003	6.66349717139773541E-003	1.68039620694988823E-003	7.43522933962114264E-003	3.60481965078407072E-003	-1	3.83040968883707192E-003	-1	OK
72.250000000000000	1.54685163239434882E-002	8.18559660561976252E-003	6.53353681306527000E-003	1.65205979255449620E-003	7.28291971832372483E-003	3.53030542772510151E-003	-1	3.75261429059862333E-003	-1	OK
72.500000000000000	1.51650045725471964E-002	8.03078764656931648E-003	6.40651693118921266E-003	1.62427071538010274E-003	7.13421692597787909E-003	3.45756325392442693E-003	-1	3.67665367205345216E-003	-1	OK
72.750000000000000	1.48683929349618625E-002	7.87937808007819693E-003	6.28236168468089464E-003	1.59701639539730185E-003	6.98901485488366645E-003	3.38654623213483765E-003	-1	3.60246862274882880E-003	-1	OK
73.000000000000000	1.45785033840213820E-002	7.73128364299990965E-003	6.16099774897370389E-003	1.57028589402620792E-003	6.84721974102147236E-003	3.31720800824698890E-003	-1	3.53001173277448345E-003	-1	OK
73.250000000000000	1.42951621389612975E-002	7.58642370033636541E-003	6.04235404255195133E-003	1.54406965778441561E-003	6.70873843862493293E-003	3.24950368480877950E-003	-1	3.45923475381615343E-003	-1	OK
73.500000000000000	1.40182086370091510E-002	7.44471764475036074E-003	5.92636102464902132E-003	1.51835662010133725E-003	6.57349099225879030E-003	3.18338849354081292E-003	-1	3.39010249871797738E-003	-1	OK
73.750000000000000	1.37475116621364711E-002	7.30608682216083490E-003	5.81295112123707183E-003	1.49313570092376329E-003	6.44142483997563707E-003	3.11882096614708943E-003	-1	3.32260387382854764E-003	-1	OK
74.000000000000000	1.34828713563052704E-002	7.17045429287261650E-003	5.70205863320753445E-003	1.46839565966507836E-003	6.31241706343265482E-003	3.05576049491684040E-003	-1	3.25665656851581442E-003	-1	OK
74.250000000000000	1.32241258200662837E-002	7.03774507451456789E-003	5.59361968055924110E-003	1.44412539395532701E-003	6.18638074555171585E-003	2.99416737813607784E-003	-1	3.19221336741563801E-003	-1	OK
74.500000000000000	1.29711319984548035E-002	6.90788765312413261E-003	5.48757255478768934E-003	1.42031509833644089E-003	6.06324434533067093E-003	2.93400304176568566E-003	-1	3.12924130356498527E-003	-1	OK
74.750000000000000	1.27237435573732023E-002	6.78081248257581242E-003	5.38385722444690348E-003	1.39695525812890938E-003	5.94293107479738989E-003	2.87522983128614667E-003	-1	3.06770124351124322E-003	-1	OK
75.000000000000000	1.24818155728895208E-002	6.65645120728538056E-003	5.28241526292571022E-003	1.37403594435966774E-003	5.82536436560414112E-003	2.81781128576049462E-003	-1	3.00755307984364650E-003	-1	OK
75.250000000000000	1.22452143504640787E-002	6.53473851766169390E-003	5.18319001587834362E-003	1.35154850178335027E-003	5.71047583280238392E-003	2.76171701453472359E-003	-1	2.94875881826766034E-003	-1	OK
75.500000000000000	1.20138123544006707E-002	6.41560970742023010E-003	5.08612622489895347E-003	1.32948348252127707E-003	5.59820264698044062E-003	2.70691024730936123E-003	-1	2.89129239967107939E-003	-1	OK
75.750000000000000	1.17874754524790407E-002	6.29900118625781151E-003	4.99117013271902291E-003	1.30783105353878839E-003	5.48847426622122922E-003	2.65335471289861007E-003	-1	2.83511955332261915E-003	-1	OK
76.000000000000000	1.15660729880977409E-002	6.18485211950545784E-003	4.89826974495838861E-003	1.28658237454707097E-003	5.38122086859228310E-003	2.60101826590436848E-003	-1	2.78020260268791461E-003	-1	OK
76.250000000000000	1.13494756118202138E-002	6.07310568600271522E-003	4.80737489595461746E-003	1.26573079004809602E-003	5.27636992581749769E-003	2.54986964154616013E-003	-1	2.72650028427133756E-003	-1	OK
76.500000000000000	1.11375746085661080E-002	5.96370496476670252E-003	4.71843636122065441E-003	1.24526860354604767E-003	5.17386964379940636E-003	2.49987827491809792E-003	-1	2.67399136888130844E-003	-1	OK
76.750000000000000	1.09302670442288190E-002	5.85659365446576825E-003	4.63140609819262875E-003	1.22518755627313929E-003	5.07367338976305159E-003	2.45101435985653569E-003	-1	2.62265902990651591E-003	-1	OK
77.000000000000000	1.07274295101797892E-002	5.75171676965320535E-003	4.54623735666641413E-003	1.20547941298679078E-003	4.97571274052658382E-003	2.40324888588061602E-003	-1	2.57246385464596780E-003	-1	OK
77.250000000000000	1.05289471405806741E-002	5.64902052592991446E-003	4.46288466062247108E-003	1.18613586530744272E-003	4.87992661465075969E-003	2.35655427630400991E-003	-1	2.52337233834674978E-003	-1	OK
77.500000000000000	1.03347155464162503E-002	5.54845213592194443E-003	4.38130372702237071E-003	1.16714840889957459E-003	4.78626341049430502E-003	2.31090386045094270E-003	-1	2.47535955004336231E-003	-1	OK
77.750000000000000	1.01446302221676506E-002	5.44996163280845637E-003	4.30145174285021317E-003	1.14850988995824537E-003	4.69466858935919506E-003	2.26627367197272797E-003	-1	2.42839491738646709E-003	-1	OK
78.000000000000000	9.95859214088977082E-003	5.35350026729488303E-003	4.22328707973105514E-003	1.13021318756382811E-003	4.60509187359488779E-003	2.22263522546351780E-003	-1	2.38245664813137000E-003	-1	OK
78.250000000000000	9.77650458420661027E-003	5.25902099216999687E-003	4.14676924942608115E-003	1.11225174274391702E-003	4.51748359203661340E-003	2.17996171428770777E-003	-1	2.33752187774890563E-003	-1	OK
78.500000000000000	9.59827060553783071E-003	5.16647816074398102E-003	4.07185894392285939E-003	1.09461921682112314E-003	4.43179244479384882E-003	2.13823053251365651E-003	-1	2.29356191228019231E-003	-1	OK
78.750000000000000	9.42379777101326650E-003	5.07582744254882028E-003	3.99851783827639973E-003	1.07730960427242033E-003	4.34797032846444623E-003	2.09741834483657486E-003	-1	2.25055198362787137E-003	-1	OK
79.000000000000000	9.25299669381088666E-003	4.98702411573467494E-003	3.92670831890435182E-003	1.06031579683032399E-003	4.26597257807621172E-003	2.05750157817014521E-003	-1	2.20847099990606650E-003	-1	OK
79.250000000000000	9.08579945716470917E-003	4.90002435516182725E-003	3.85639377126641061E-003	1.04363058389541664E-003	4.18577510200288192E-003	2.01845766718964769E-003	-1	2.16731743481323423E-003	-1	OK
79.500000000000000	8.92209259428159741E-003	4.81478614329961495E-003	3.78753870589090347E-003	1.02724743740871300E-003	4.10730645098198247E-003	1.98026609365456550E-003	-1	2.12704035732741697E-003	-1	OK
79.750000000000000	8.76178585784630204E-003	4.73126876197033086E-003	3.72010860658875770E-003	1.01116015538157337E-003	4.03051709587597205E-003	1.94290681798001781E-003	-1	2.08761027789595424E-003	-1	OK
80.000000000000000	8.60481212242028906E-003	4.64943281902213332E-003	3.65406994351162497E-003	9.95362875510507911E-004	3.95537930339815574E-003	1.90635459912855197E-003	-1	2.04902470426960356E-003	-1	OK
80.250000000000000	8.45109283870344036E-003	4.56923998641757187E-003	3.58939006075338976E-003	9.79849925664182109E-004	3.88185285228586936E-003	1.87059329429131076E-003	-1	2.01125955799455860E-003	-1	OK
80.500000000000000	8.30055149147598467E-003	4.49065231485776695E-003	3.52603705522127253E-003	9.64615259636493450E-004	3.80989917661821815E-003	1.83560345515689080E-003	-1	1.97429572146132735E-003	-1	OK
80.750000000000000	8.15311413322151145E-003	4.41363297184911921E-003	3.46397987719888542E-003	9.49653094650232919E-004	3.73948116137239181E-003	1.80136625217324170E-003	-1	1.93811490919915011E-003	-1	OK
81.000000000000000	8.00870346180796756E-003	4.33814636529487180E-003	3.40318838489062905E-003	9.34957980404242965E-004	3.67055709651309577E-003	1.76786344239191905E-003	-1	1.90269365412117672E-003	-1	OK
81.250000000000000	7.86730117980737748E-003	4.26417470607021436E-003	3.34364436873591572E-003	9.20530337334298757E-004	3.60312647373716224E-003	1.73508892851945802E-003	-1	1.86803754521770423E-003	-1	OK
81.500000000000000	7.72874046507015817E-003	4.19164911268585585E-003	3.28529657244407743E-003	9.06352540241778639E-004	3.53709135238430231E-003	1.70300175119261006E-003	-1	1.83408960119169225E-003	-1	OK
81.750000000000000	7.59300222875277341E-003	4.12055515281128590E-003	3.22812872714353574E-003	8.92426425667750163E-004	3.47244707594148794E-003	1.67159694097140129E-003	-1	1.80085013497008665E-003	-1	OK
82.000000000000000	7.46001774831132544E-003	4.05086108300037329E-003	3.17211370978837375E-003	8.78747373211999209E-004	3.40915666531095172E-003	1.64085808597409549E-003	-1	1.76829857933685623E-003	-1	OK
82.250000000000000	7.32972851407848354E-003	3.98253495538763123E-003	3.11722492813789383E-003	8.65310027249737508E-004	3.34719355869085274E-003	1.61076919571034980E-003	-1	1.73642436298050294E-003	-1	OK
82.500000000000000	7.20207173303601990E-003	3.91554583414791164E-003	3.06343653745084826E-003	8.52109296697064686E-004	3.28652589888810869E-003	1.58131469153373751E-003	-1	1.70521120735437118E-003	-1	OK
82.750000000000000	7.07698630059772071E-003	3.84986359596089806E-003	3.01072339369994795E-003	8.39140202260949355E-004	3.22712270463682222E-003	1.55247941835785818E-003	-1	1.67464328627896404E-003	-1	OK
83.000000000000000	6.95441426043828716E-003	3.78545961852596712E-003	2.95906113042968466E-003	8.26398488096282357E-004	3.16895464191232004E-003	1.52424863039675603E-003	-1	1.64470601151556401E-003	-1	OK
83.250000000000000	6.83429918774653908E-003	3.72230530069889848E-003	2.90842585948539222E-003	8.13879441213506151E-004	3.11199388704764060E-003	1.49660798967672323E-003	-1	1.61538589737091737E-003	-1	OK
83.500000000000000	6.71658828888963694E-003	3.66037360451199317E-003	2.85879445804606246E-003	8.01579146465929626E-004	3.05621468437764420E-003	1.46954388522616886E-003	-1	1.58667079915147534E-003	-1	OK
83.750000000000000	6.60122328524433838E-003	3.59963785840513011E-003	2.81014429892982327E-003	7.89493559475306413E-004	3.00158542683920870E-003	1.44304261427802782E-003	-1	1.55854281256118088E-003	-1	OK
84.000000000000000	6.48815013559384847E-003	3.54007151731776295E-003	2.76245322449784111E-003	7.77618292819920866E-004	2.94807861827608509E-003	1.41709068523741388E-003	-1	1.53098793303867121E-003	-1	OK
84.250000000000000	6.37732302380375655E-003	3.48164838453739016E-003	2.71569958087529819E-003	7.65948803662090997E-004	2.89567463926636640E-003	1.39167522182852992E-003	-1	1.50399941743783647E-003	-1	OK
84.500000000000000	6.26868772985438028E-003	3.42434297390179984E-003	2.66986229880208188E-003	7.54480675099717204E-004	2.84434475595258043E-003	1.36678406302166559E-003	-1	1.47756069293091485E-003	-1	OK
84.750000000000000	6.16219447546098500E-003	3.36813081114715682E-003	2.62492093851274949E-003	7.43209872634407217E-004	2.79406366431382818E-003	1.34240612808298604E-003	-1	1.45165753623084214E-003	-1	OK
85.000000000000000	6.05779383420090248E-003	3.31298811846271902E-003	2.58085558460024881E-003	7.32132533862470320E-004	2.74480571573818347E-003	1.31852818933603949E-003	-1	1.42627752640214398E-003	-1	OK
85.250000000000000	5.95543913514529934E-003	3.25889230458208112E-003	2.53764693112808323E-003	7.21245373453997135E-004	2.69654683056321821E-003	1.29513838959500289E-003	-1	1.40140844096821532E-003	-1	OK
85.500000000000000	5.85508474499634151E-003	3.20582128815897864E-003	2.49527611794919798E-003	7.10545170209781526E-004	2.64926345683736287E-003	1.27222543229475651E-003	-1	1.37703802454260636E-003	-1	OK
85.750000000000000	5.75668576661940868E-003	3.15375298184119787E-003	2.45372464043269300E-003	7.00028341408506500E-004	2.60293278477821081E-003	1.24977832338836361E-003	-1	1.35315446138984719E-003	-1	OK
86.000000000000000	5.66019963919233132E-003	3.10266536532268541E-003	2.41297437007334699E-003	6.89690995249339395E-004	2.55753427386964591E-003	1.22778733914565594E-003	-1	1.32974693472398997E-003	-1	OK
86.250000000000000	5.56558403730332291E-003	3.05253704145043306E-003	2.37300765292209042E-003	6.79529388528341449E-004	2.51304699585288985E-003	1.20624160601202077E-003	-1	1.30680538984086908E-003	-1	OK
86.500000000000000	5.47279728464202062E-003	3.00334735570133163E-003	2.33380731048849757E-003	6.69540045212834172E-004	2.46944992894068899E-003	1.18513046475000492E-003	-1	1.28431946419068407E-003	-1	OK
86.750000000000000	5.38179917141309340E-003	2.95507614369279513E-003	2.29535660480458068E-003	6.59719538888214451E-004	2.42672302772029870E-003	1.16444401358480358E-003	-1	1.26227901413549512E-003	-1	OK
87.000000000000000	5.29255117422679916E-003	2.90770397599219915E-003	2.25763925186174335E-003	6.50064724130456012E-004	2.38484719823459958E-003	1.14417225768493973E-003	-1	1.24067494054965984E-003	-1	OK
87.250000000000000	5.20501501735991766E-003	2.86121186566854532E-003	2.22063938912566306E-003	6.40572476542882905E-004	2.34380315169137278E-003	1.12430597325661780E-003	-1	1.21949717843475498E-003	-1	OK
87.500000000000000	5.11915319436945411E-003	2.81558182380169802E-003	2.18434159099952863E-003	6.31240232802169287E-004	2.30357137056775565E-003	1.10483600321365102E-003	-1	1.19873536735410464E-003	-1	OK
87.750000000000000	5.03492804821636681E-003	2.77079553877036767E-003	2.14873064571738598E-003	6.22064893052981906E-004	2.26413250944599914E-003	1.08575339989886149E-003	-1	1.17837910954713765E-003	-1	OK
88.000000000000000	4.95230445843661184E-003	2.72683492521716246E-003	2.11379168211302520E-003	6.13043243104138022E-004	2.22546953321944938E-003	1.06704951322892294E-003	-1	1.15842001999052644E-003	-1	OK
88.250000000000000	4.87124768219949870E-003	2.68368219784446103E-003	2.07951017261401999E-003	6.04172025230441693E-004	2.18756548435503767E-003	1.04871588844342536E-003	-1	1.13884959591161231E-003	-1	OK
88.500000000000000	4.79156302319455780E-003	2.64132019890959101E-003	2.04587201898892524E-003	5.95448179920666306E-004	2.15024282428496723E-003	1.03074410865113680E-003	-1	1.11949871563383043E-003	-1	OK
88.750000000000000	4.71354102538640296E-003	2.59973270773392225E-003	2.01286355744396484E-003	5.86869150289957516E-004	2.11380831765248071E-003	1.01312610838987568E-003	-1	1.10068220926260504E-003	-1	OK
89.000000000000000	4.63698756995698045E-003	2.55890393385825718E-003	1.98047145145684601E-003	5.78432482401411386E-004	2.07808363609872327E-003	9.95854020832411761E-004	-1	1.08222961526631151E-003	-1	OK
89.250000000000000	4.56187122371989450E-003	2.51881810439800709E-003	1.94868259579038185E-003	5.70135508607625568E-004	2.04305311932188741E-003	9.78920160391485343E-004	-1	1.06413295893040207E-003	-1	OK
89.500000000000000	4.48816112700031224E-003	2.47945974169028497E-003	1.91748419935742456E-003	5.61975542332860518E-004	2.00870138531002770E-003	9.62317032719410591E-004	-1	1.04638435259061711E-003	-1	OK
89.750000000000000	4.41582720240366045E-003	2.44081372635364608E-003	1.88686375018611778E-003	5.53949976167528732E-004	1.97501347605001437E-003	9.46034055085632239E-004	-1	1.02897942096438202E-003	-1	OK
90.000000000000000	4.34484034688793503E-003	2.40286527242849178E-003	1.85680908368767860E-003	5.46056188740812209E-004	1.94197507445944325E-003	9.30066242565363421E-004	-1	1.01190883189407983E-003	-1	OK
90.250000000000000	4.27517144017126871E-003	2.36560007417388474E-003	1.82730831434777907E-003	5.38291759826105124E-004	1.90957136599738419E-003	9.14407301615049561E-004	-1	9.95164064382334738E-004	-1	OK
90.500000000000000	4.20679117138546971E-003	2.32900417841806241E-003	1.79834986237542203E-003	5.30654316042640387E-004	1.87778699296740773E-003	8.99050833054411348E-004	-1	9.78736159912996489E-004	-1	OK
90.750000000000000	4.13967576871152564E-003	2.29306427080117579E-003	1.76992246737693723E-003	5.23141803424238458E-004	1.84661149791035028E-003	8.83990371387448110E-004	-1	9.62621126522902166E-004	-1	OK
91.000000000000000	4.07379809659029306E-003	2.25776703930105887E-003	1.74201505192678402E-003	5.15751987374274737E-004	1.81603105728923376E-003	8.69219559072126227E-004	-1	9.46811498217107529E-004	-1	OK
91.250000000000000	4.00913290137875321E-003	2.22309924934471510E-003	1.71461675862507375E-003	5.08482490719640583E-004	1.78603365203403768E-003	8.54732086717210210E-004	-1	9.31301565316827468E-004	-1	OK
91.500000000000000	3.94565273739352299E-003	2.18904813556221756E-003	1.68771701760771697E-003	5.01331117954500159E-004	1.75660460183130521E-003	8.40521803209381057E-004	-1	9.16082798621924155E-004	-1	OK
91.750000000000000	3.88333417404349620E-003	2.15560117001902798E-003	1.66130550726704723E-003	4.94295662751980530E-004	1.72773300402446822E-003	8.26582718958348227E-004	-1	9.01150285066119991E-004	-1	OK
92.000000000000000	3.82215309581733064E-003	2.12274592706913033E-003	1.63537209654316209E-003	4.87373830525967915E-004	1.69940716874820053E-003	8.12909002384714285E-004	-1	8.86498166363486242E-004	-1	OK
92.250000000000000	3.76208571482753362E-003	2.09047042287918055E-003	1.60990695845540763E-003	4.80563464423773242E-004	1.67161529194835307E-003	7.99494958671491569E-004	-1	8.72120333276861504E-004	-1	OK
92.500000000000000	3.70311209564128021E-003	2.05876322353118263E-003	1.58490050307336810E-003	4.73862720457814525E-004	1.64434887211009780E-003	7.86335025689259299E-004	-1	8.58013846420838501E-004	-1	OK
92.750000000000000	3.64520981034281146E-003	2.02761288554249852E-003	1.56034333868126408E-003	4.67269546861234547E-004	1.61759692480031294E-003	7.73423636868431443E-004	-1	8.44173287931881500E-004	-1	OK
93.000000000000000	3.58835344255185092E-003	1.99700839575349832E-003	1.53622632000125956E-003	4.60782075752238325E-004	1.59134504679835239E-003	7.60755581560072238E-004	-1	8.30589465238280151E-004	-1	OK
93.250000000000000	3.53252162421437057E-003	1.96693886907534522E-003	1.51254048701808964E-003	4.54398382057255579E-004	1.56558275513902535E-003	7.48325716056470400E-004	-1	8.17257039082554954E-004	-1	OK
93.500000000000000	3.47769375119533642E-003	1.93739392256492586E-003	1.48927712281748600E-003	4.48116799747439527E-004	1.54029982863041056E-003	7.36128979872379048E-004	-1	8.04170848758031516E-004	-1	OK
93.750000000000000	3.42384942907251371E-003	1.90836326623672640E-003	1.46642767677368827E-003	4.41935589463037751E-004	1.51548616283578731E-003	7.24160431050071781E-004	-1	7.91325731785715524E-004	-1	OK
94.000000000000000	3.37096830606597401E-003	1.87983666653688489E-003	1.44398375391469112E-003	4.35852912622193610E-004	1.49113163952908911E-003	7.12415244972594824E-004	-1	7.78716394556494291E-004	-1	OK
94.250000000000000	3.31903121076653320E-003	1.85180401089600813E-003	1.42193713430860793E-003	4.29866876587399775E-004	1.46722719987052506E-003	7.00888714915430446E-004	-1	7.66338484955094617E-004	-1	OK
94.500000000000000	3.26801863461814984E-003	1.82425539348636859E-003	1.40027979216046780E-003	4.23975601325900307E-004	1.44376324113178124E-003	6.89576247483189336E-004	-1	7.54186993648591907E-004	-1	OK
94.750000000000000	3.21791108323721178E-003	1.79718148901437860E-003	1.37900394242139674E-003	4.18177546592980937E-004	1.42072959422283318E-003	6.78473442242791941E-004	-1	7.42256151980041239E-004	-1	OK
95.000000000000000	3.16869142470656111E-003	1.77057291165347969E-003	1.35810192203054394E-003	4.12470989622935695E-004	1.39811851305308142E-003	6.67575821017958051E-004	-1	7.30542692035123366E-004	-1	OK
95.250000000000000	3.12010228538307094E-003	1.74442063432229391E-003	1.33756627428957293E-003	4.06854360032721143E-004	1.37568165106077703E-003	6.56879079732138396E-004	-1	7.18802571328638635E-004	-1	OK
95.500000000000000	3.07260727956182008E-003	1.71871568041661107E-003	1.31738967628439131E-003	4.01326004132219875E-004	1.35389159914520900E-003	6.46379040340556077E-004	-1	7.07512558804652926E-004	-1	OK
95.750000000000000	3.02594722251383046E-003	1.69344929631531178E-003	1.29756497777396202E-003	3.95884318541349541E-004	1.33249792619851847E-003	6.36071615145291465E-004	-1	6.96426311053227002E-004	-1	OK
96.000000000000000	2.98010849281295839E-003	1.66861302933955834E-003	1.27808521592388531E-003	3.90527813415672705E-004	1.31149546347339983E-003	6.25952811687656690E-004	-1	6.85542651785743138E-004	-1	OK
96.250000000000000	2.93507116093420567E-003	1.64419854822352206E-003	1.25894354744820309E-003	3.85255000775319028E-004	1.29087261271068360E-003	6.16018759193949321E-004	-1	6.74853853516734284E-004	-1	OK
96.500000000000000	2.89081958348349046E-003	1.62019759426973182E-003	1.24013328863218785E-003	3.80064305637543755E-004	1.27062198921375864E-003	6.06265619290426703E-004	-1	6.64356369923331937E-004	-1	OK
96.750000000000000	2.84733808827336565E-003	1.59660216102460676E-003	1.22164790198938463E-003	3.74954259035222405E-004	1.25073592724875868E-003	5.96689605505917615E-004	-1	6.54046321742841061E-004	-1	OK
97.000000000000000	2.80461161149731658E-003	1.57340432378584106E-003	1.20348099168502234E-003	3.69923332100818663E-004	1.23120728771147553E-003	5.87287128552756361E-004	-1	6.43920159158719164E-004	-1	OK
97.250000000000000	2.76262519995673162E-003	1.55059667956269475E-003	1.18562635813820091E-003	3.64970321424493789E-004	1.21202852039403687E-003	5.78054629204813081E-004	-1	6.33973891189223786E-004	-1	OK
97.500000000000000	2.72136391820063757E-003	1.52817168927079413E-003	1.16807786800222544E-003	3.60093821268568258E-004	1.19319222892984344E-003	5.68988628627289635E-004	-1	6.24203600302553801E-004	-1	OK
97.750000000000000	2.68081450274745923E-003	1.50612192311783306E-003	1.15082953400887479E-003	3.55292389108958378E-004	1.17469257962962616E-003	5.60085733045410927E-004	-1	6.14606846584215237E-004	-1	OK
98.000000000000000	2.64096422438740925E-003	1.48444022879834492E-003	1.13387550785422906E-003	3.50564720944115753E-004	1.15652399558906433E-003	5.51342629631901434E-004	-1	6.05181365957162894E-004	-1	OK
98.250000000000000	2.60179675338648164E-003	1.46311944601714827E-003	1.11721005709864243E-003	3.45909388918505837E-004	1.13867730736933359E-003	5.42756074438939203E-004	-1	5.95921232930394390E-004	-1	OK
98.500000000000000	2.56329903633782750E-003	1.44215282914032729E-003	1.10082762270919733E-003	3.41325206431129585E-004	1.12114620719749999E-003	5.34321205650791463E-004	-1	5.86825001546708528E-004	-1	OK
98.750000000000000	2.52545866119952911E-003	1.42153361491570603E-003	1.08472272607846513E-003	3.36810888837240784E-004	1.10392504628382309E-003	5.26035159115521324E-004	-1	5.77889887168301763E-004	-1	OK
99.000000000000000	2.48826519666474604E-003	1.40125540844198478E-003	1.06889007003525566E-003	3.32365338406729065E-004	1.08700978822276104E-003	5.17896447111095004E-004	-1	5.69113341111666038E-004	-1	OK
99.250000000000000	2.45170336526619789E-003	1.38131199626258814E-003	1.05332444684640321E-003	3.27987549416184601E-004	1.07039136900360953E-003	5.09901989883659412E-004	-1	5.60489379119950121E-004	-1	OK
99.500000000000000	2.41576174794274137E-003	1.36169703395915389E-003	1.03802073046477890E-003	3.23676303494374715E-004	1.05406471398358749E-003	5.02049045997133908E-004	-1	5.52015667986453578E-004	-1	OK
99.750000000000000	2.38042839223135284E-003	1.34240441872380601E-003	1.02297391661667334E-003	3.19430502107132723E-004	1.03802397350754682E-003	4.94334746764852999E-004	-1	5.43689226742693826E-004	-1	OK
100.00000000000000	2.34569170335770499E-003	1.32342801278303914E-003	1.00817908103837317E-003	3.15248931744665920E-004	1.02226369057466585E-003	4.86756490775816552E-004	-1	5.35507199798849294E-004	-1	OK
