#pt	totcs	totdirect	directLO	directNLO	totfrag	fragLO	err_fragLO	fragNLO	err_fragNLO	errmess
0.50000000000000000	-257394579.44099584	-489064865.37952703	24837494.303768903	-513902359.68329597	231670285.93853119	105860676.13602613	-1	125809609.80250506	-1	Error
0.75000000000000000	48321633.646608099	-7974909.8925876617	2499489.2866980210	-10474399.179285690	56296543.539195761	18233488.080438770	-1	38063055.458756991	-1	Error
1.0000000000000000	21584246.025859676	777564.61790954508	581533.33123585850	196031.28667368830	20806681.407950129	5325833.9661274953	-1	15480847.441822633	-1	Error
1.2500000000000000	9669429.9245171361	671159.74768819707	196586.13891240870	474573.60877578903	8998270.1768289395	2056615.2834105939	-1	6941654.8934183456	-1	Error
1.5000000000000000	4897695.5914552808	410961.57190914662	107395.17239283257	303566.39951631427	4486734.0195461344	1031651.6673773318	-1	3455082.3521688026	-1	Error
1.7500000000000000	2745728.6848179395	285822.99559892679	92086.034000972562	193736.96159795404	2459905.6892190129	704650.42371702485	-1	1755255.2655019881	-1	Error
2.0000000000000000	1578574.5443905231	196566.97590495157	72006.155383880905	124560.82052107061	1382007.5684855715	457489.64031577227	-1	924517.92816979927	-1	Error
2.2500000000000000	941524.54470013711	136375.05428081000	54636.869606928158	81738.184673881900	805149.49041932705	297667.29718471377	-1	507482.19323461328	-1	Error
2.5000000000000000	584360.51454147417	96106.428539210523	41174.172815961894	54932.255723248600	488254.08600226359	197274.53584463778	-1	290979.55015762581	-1	Error
2.7500000000000000	376535.85274254717	68926.900445074105	31124.180346689354	37802.720098384743	307608.95229747309	133379.79508204383	-1	174229.15721542927	-1	Error
3.0000000000000000	250973.80004655191	50296.343270753583	23698.537749245035	26597.805521508526	200677.45677579832	92021.810653627239	-1	108655.64612217108	-1	Error
3.2500000000000000	172195.80145264935	37313.306898081843	18212.949448780601	19100.357449301238	134882.49455456750	64769.970568258243	-1	70112.523986309257	-1	Error
3.5000000000000000	121133.31570598707	28109.429462542226	14136.158209416421	13973.271253125791	93023.886243444853	46408.678851921766	-1	46615.207391523087	-1	Error
3.7500000000000000	87072.914227221627	21478.223845010158	11081.734908898919	10396.488936111235	65594.690382211469	33910.522350164778	-1	31684.168032046691	-1	Error
4.0000000000000000	63901.078714265648	16630.924256749237	8774.6741619065342	7856.2500948426950	47270.154457516415	25218.594841253896	-1	22051.559616262519	-1	OK
4.2500000000000000	47782.601560149749	13027.269671760219	7009.3890368563962	6017.8806349038268	34755.331888389526	19023.755290509245	-1	15731.576597880281	-1	OK
4.5000000000000000	36306.765558014173	10308.411026991726	5643.1469245106273	4665.2641024811010	25998.354531022444	14538.458069284547	-1	11459.896461737897	-1	OK
4.7500000000000000	27969.143583219513	8232.8997574631921	4576.6104461819905	3656.2893112812021	19736.243825756323	11246.270516329365	-1	8489.9733094269577	-1	OK
5.0000000000000000	21782.610450669345	6634.0264099004671	3738.9120760016972	2895.1143338987690	15148.584040768879	8799.4654837578400	-1	6349.1185570110392	-1	OK
5.2500000000000000	17148.062111138905	5390.9866808944098	3076.4166838231708	2314.5699970712385	11757.075430244497	6955.9543907349625	-1	4801.1210395095341	-1	OK
5.5000000000000000	13647.440756820091	4415.9578777987999	2548.7821639626181	1867.1757138361800	9231.4828790212905	5551.7789922593192	-1	3679.7038867619713	-1	OK
5.7500000000000000	10973.954794721099	3644.6011770787200	2125.6010043760907	1519.0001727026297	7329.3536176423786	4460.4218984100717	-1	2868.9317192323069	-1	OK
6.0000000000000000	8900.0798372032295	3029.2831053784212	1783.7919618790545	1245.4911434993662	5870.7967318248075	3618.8440110295242	-1	2251.9527207952833	-1	OK
6.2500000000000000	7287.9062483913876	2534.1347869442261	1505.5411500318532	1028.5936369123717	4753.7714614471615	2959.0868797906483	-1	1794.6845816565133	-1	OK
6.5000000000000000	6012.4426427409053	2132.6391636991239	1277.4968503659045	855.14231333321982	3879.8034790417810	2437.0401324370673	-1	1442.7633466047137	-1	OK
6.7500000000000000	4994.9330030147339	1804.8020577301877	1089.4397489987921	715.36230873139641	3190.1309452845458	2020.6350800204068	-1	1169.4958652641390	-1	OK
7.0000000000000000	4176.2989501009424	1535.3592198805145	933.45370454575675	601.90551533475832	2640.9397302204279	1685.7372216754250	-1	955.20250854500296	-1	OK
7.2500000000000000	3509.7255146716643	1312.5548412437490	803.35932992941491	509.19551131433377	2197.1706734279155	1414.8995695774688	-1	782.27110385044671	-1	OK
7.5000000000000000	2966.6450983633022	1127.2589495464915	694.29761503512918	432.96133451136274	1839.3861488168109	1194.3845792727097	-1	645.00156954410113	-1	OK
7.7500000000000000	2521.1033502856476	972.32565451848370	602.42144080315541	369.90421371532824	1548.7776957671638	1013.3944384490535	-1	535.38325731811028	-1	OK
8.0000000000000000	2153.7723213932504	842.12309769312071	524.66621867105312	317.45687902206754	1311.6492237001298	865.88523564013951	-1	445.76398805999031	-1	OK
8.2500000000000000	1847.8401844681955	732.18235620465703	458.57585680288463	273.60649940177257	1115.6578282635385	741.39166167421740	-1	374.26616658932107	-1	OK
8.5000000000000000	1592.5510939715805	638.92818574614409	402.16603942135623	236.76214632478789	953.62290822543639	637.47844628633891	-1	316.14446193909748	-1	OK
8.7500000000000000	1378.3404398055559	559.48714461625673	353.82795737915001	205.65918723710666	818.85329518929916	550.43093066245467	-1	268.42236452684449	-1	OK
9.0000000000000000	1197.6971947561326	491.53715876861531	312.25069444696442	179.28646432165101	706.16003598751729	477.01805911237670	-1	229.14197687514059	-1	OK
9.2500000000000000	1044.8239672303791	433.19100948481793	276.36052504683579	156.83048443798211	611.63295774556127	414.95429978387057	-1	196.67865796169070	-1	OK
9.5000000000000000	914.64036660292209	382.90706168574405	245.27383848820861	137.63322319753550	531.73330491717797	362.22427539552530	-1	169.50902952165268	-1	OK
9.7500000000000000	803.37376755808668	339.41965111368631	218.26012471761308	121.15952639607326	463.95411644440031	317.23010019430922	-1	146.72401625009110	-1	OK
10.000000000000000	707.72152510728347	301.68481884987619	194.71283671682278	106.97198213305357	406.03670625740733	278.68921412412482	-1	127.34749213328251	-1	OK
10.250000000000000	625.32878310145270	268.83743870733792	174.12620485486639	94.711233852471324	356.49134439411472	245.56155644166793	-1	110.92978795244679	-1	OK
10.500000000000000	553.74122222201458	240.15775865177142	156.07688413880626	84.080874512965153	313.58346357024323	216.97275603155589	-1	96.610707538687336	-1	OK
10.750000000000000	491.85123102086072	215.04423766330152	140.20909373535338	74.835143927948153	276.80699335755924	192.23091607799026	-1	84.576077279568977	-1	OK
11.000000000000000	438.17236837723840	192.99246363833910	126.22279447007706	66.769669168262041	245.17990473889932	170.76625665829562	-1	74.413648080603707	-1	OK
11.250000000000000	391.37687098947345	173.57746546998470	113.86397028692141	59.713495183063337	217.79940551948872	152.06679332630000	-1	65.732612193188714	-1	OK
11.500000000000000	350.18979896803415	156.44039150024864	102.91697697030760	53.523414529940993	193.74940746778552	135.72925697553060	-1	58.020150492254913	-1	OK
11.750000000000000	314.23747924600889	141.27685176173989	93.198095572286533	48.078756189453344	172.96062748426903	121.40005851398848	-1	51.560568970280542	-1	OK
12.000000000000000	282.56505207952188	127.82802148736472	84.550359293770171	43.277662193594566	154.73703059215717	108.82330074352258	-1	45.913729848634588	-1	OK
12.250000000000000	254.60825408211406	115.87299264043791	76.839244587989228	39.033748052448658	138.73526144167613	97.756766975540842	-1	40.978494466135288	-1	OK
12.500000000000000	229.88734719288635	105.22271011647473	69.949129291631166	35.273580824843570	124.66463707641164	87.991743601293635	-1	36.672893475118002	-1	OK
12.750000000000000	207.95883692069538	95.714913735239165	63.780376768397382	31.934536966841808	112.24392318545623	79.354224857699862	-1	32.889698327756363	-1	OK
13.000000000000000	188.35303189604372	87.209914358117487	58.246878984339368	28.963035373778133	101.14311753792623	71.697780788470226	-1	29.445336749456004	-1	OK
13.250000000000000	171.00321425258994	79.587161316912571	53.274044867304461	26.313116449608096	91.416052935677385	64.896646973411990	-1	26.519405962265395	-1	OK
13.500000000000000	155.51008763937608	72.742304819642342	48.797082001963396	23.945222817678903	82.767782819733739	58.843355499840911	-1	23.924427319892828	-1	OK
13.750000000000000	141.65031507213510	66.584816196447591	44.759590156454543	21.825226039993041	75.065498875687510	53.442401083105317	-1	21.623097792582193	-1	OK
14.000000000000000	129.22471078834857	61.035983872545977	41.112356133568660	19.923627738977302	68.188726915802590	48.517431368489731	-1	19.671295547312859	-1	OK
14.250000000000000	117.89041427412059	56.027157336330724	37.812336632796395	18.214820703534325	61.863256937789863	44.204297624571041	-1	17.658959313218823	-1	OK
14.500000000000000	107.87951251676984	51.498410706614749	34.821820188064471	16.676590518550274	56.381101810155080	40.335921305779017	-1	16.045180504376063	-1	OK
14.750000000000000	98.861578359680578	47.397239485962608	32.107677314017998	15.289562171944617	51.464338873717971	36.863015465402995	-1	14.601323408314975	-1	OK
15.000000000000000	90.719770770947221	43.677592503101359	29.640760028830556	14.036832474270804	47.042178267845863	33.753524320667630	-1	13.288653947178233	-1	OK
15.250000000000000	83.358742424270574	40.298960037217711	27.395354039566286	12.903605997651415	43.059782387052863	30.932299619004727	-1	12.127482768048136	-1	OK
15.500000000000000	76.696608198231218	37.225613677530660	25.348720269116590	11.876893408414077	39.470994520700565	28.385351134734790	-1	11.085643385965774	-1	OK
15.750000000000000	70.655384809693032	34.426075510903431	23.480768088685629	10.945307422217812	36.229309298789595	26.080896808723143	-1	10.148412490066452	-1	OK
16.000000000000000	65.170804747535698	31.872488922087832	21.773681134108454	10.098807787979384	33.298315825447858	23.992649067246418	-1	9.3056667582014398	-1	OK
16.250000000000000	60.183413331143569	29.540188446433149	20.211641228683540	9.3285472177496054	30.643224884710420	22.097323623024955	-1	8.5459012616854650	-1	OK
16.500000000000000	55.642141110289025	27.407284002351169	18.780573363747962	8.6267106386032069	28.234857107937856	20.375938124554143	-1	7.8589189833837132	-1	OK
16.750000000000000	51.501112168909401	25.454304094557738	17.467934098432917	7.9863699961248225	26.046808074351663	18.809791613346430	-1	7.2370164610052328	-1	OK
17.000000000000000	47.717609008568047	23.663928994181589	16.262532820006317	7.4013961741752698	24.053680014386455	17.382764274309089	-1	6.6709157400773655	-1	OK
17.250000000000000	44.258509281026008	22.020696479912335	15.154360674641557	6.8663358052707748	22.237812801113670	16.081323788858214	-1	6.1564890122554559	-1	OK
17.500000000000000	41.091196241761693	20.510795857944174	14.134459919757237	6.3763359381869336	20.580400383817516	14.892751689400590	-1	5.6876486944169251	-1	OK
17.750000000000000	38.177069429208515	19.121882565976463	13.194800215223363	5.9270823507531043	19.055186863232056	13.806060544969618	-1	5.2491263182624373	-1	OK
18.000000000000000	35.512585638624017	17.842875721247637	12.328166433819044	5.5147092874285955	17.669709917376384	12.811222841525826	-1	4.8584870758505581	-1	OK
18.250000000000000	33.064632381734164	16.663841315471650	11.528075203957320	5.1357661115143278	16.400791066262514	11.898967807805144	-1	4.5018232584573692	-1	OK
18.500000000000000	30.813754553986996	15.575859330060931	10.788689827421919	4.7871695026390082	15.237895223926067	11.061861758113320	-1	4.1760334658127469	-1	OK
18.750000000000000	28.741967312949491	14.570892742302572	10.104745765185612	4.4661469771169706	14.171074570646919	10.293024754430361	-1	3.8780498162165582	-1	OK
19.000000000000000	26.833374824612829	13.641703916281267	9.4714929183214753	4.1702109979597921	13.191670908331561	9.5861464322358092	-1	3.6055244760957521	-1	OK
19.250000000000000	25.072676640802804	12.781769900395700	8.8846387789565178	3.8971311214391835	12.290906740407102	8.9353809036437397	-1	3.3555258367633627	-1	OK
19.500000000000000	23.446728365203381	11.985188443887406	8.3402968272277747	3.6448916166596299	11.461539921315975	8.3358115994868545	-1	3.1257283218291203	-1	OK
19.750000000000000	21.943786677845782	11.246626198745322	7.8349478293353609	3.4116783694099606	10.697160479100461	7.7829477352106675	-1	2.9142127438897933	-1	OK
20.000000000000000	20.554518656031291	10.561260101235137	7.3654009035449057	3.1958591976902357	9.9932585547961565	7.2559447636671992	-1	2.7373137911289573	-1	OK
20.250000000000000	19.267177388618528	9.9247101984063946	6.9287562364484723	2.9959539619579236	9.3424671902121350	6.7855092528727230	-1	2.5569579373394120	-1	OK
20.500000000000000	18.073348775434404	9.3330031708795378	6.5223788004709888	2.8106243704085481	8.7403456045548680	6.3503712445347480	-1	2.3899743600201200	-1	OK
20.750000000000000	16.965904281046171	8.7825326956757017	6.1438714483599020	2.6386612473157975	8.1833715853704696	5.9476603066751377	-1	2.2357112786953319	-1	OK
21.000000000000000	15.937297249263150	8.2700137224082404	5.7910487362798317	2.4789649861284078	7.6672835268549093	5.5743919385549585	-1	2.0928915882999508	-1	OK
21.250000000000000	14.981549920521132	7.7924549772162708	5.4619180472656037	2.3305369299506693	7.1890949433048625	5.2280478990458121	-1	1.9610470442590504	-1	OK
21.500000000000000	14.088246866667602	7.3471316707676229	5.1546609976549291	2.1924706731126919	6.7411151958999787	4.9066183357549482	-1	1.8344968601450304	-1	OK
21.750000000000000	13.261211371322258	6.9315579653155233	4.8676158186278498	2.0639421466876717	6.3296534060067344	4.6081012624709103	-1	1.7215521435358241	-1	OK
22.000000000000000	12.490820634843658	6.5434606351855544	4.5992615935166041	1.9441990416689512	5.9473599996581044	4.3306349025675779	-1	1.6167250970905265	-1	OK
22.250000000000000	11.772508621912927	6.1807570873641415	4.3482030207867499	1.8325540665773932	5.5917515345487843	4.0725125116069449	-1	1.5192390229418393	-1	OK
22.500000000000000	11.102355915831449	5.8415481785626913	4.1131650772286399	1.7283831013340516	5.2608077372687578	3.8323301907433014	-1	1.4284775465254564	-1	OK
22.750000000000000	10.476885592629493	5.5240938578428214	3.8929787335389117	1.6311151243039095	4.9527917347866719	3.6085044114629685	-1	1.3442873233237034	-1	OK
23.000000000000000	9.8879496038861632	5.2267988691809748	3.6865709939616806	1.5402278752192942	4.6611507347051875	3.3998289615756616	-1	1.2613217731295259	-1	OK
23.250000000000000	9.3418341728770962	4.9482006995594441	3.4929563235397376	1.4552443760197056	4.3936334733176521	3.2051102196761434	-1	1.1885232536415087	-1	OK
23.500000000000000	8.8308755014331801	4.6869555247242989	3.3112282050275019	1.3757273196967978	4.1439199767088821	3.0233051714139463	-1	1.1206148052949358	-1	OK
23.750000000000000	8.3525016399080965	4.4418273960337018	3.1405521469994571	1.3012752490342447	3.9106742438743951	2.8535062777080396	-1	1.0571679661663556	-1	OK
24.000000000000000	7.9043246710427644	4.2116801650758831	2.9801598147001238	1.2315203503757586	3.6926445059668813	2.6948132245727661	-1	0.99783128139411525	-1	OK
24.250000000000000	7.4843214322767420	3.9954676612671625	2.8293428659345485	1.1661247953326130	3.4888537710095791	2.5463474961362706	-1	0.94250627487330840	-1	OK
24.500000000000000	7.0903646325848975	3.7922253091506741	2.6874476503967455	1.1047776587539293	3.2981393234342233	2.4073611369953287	-1	0.89077818643889461	-1	OK
24.750000000000000	6.7206040813810883	3.6010644158872460	2.5538708877214704	1.0471935281657749	3.1195396654938423	2.2771663079811049	-1	0.84237335751273745	-1	OK
25.000000000000000	6.3733448182839023	3.4211636234421934	2.4280548698581694	0.99310875358402428	2.9521811948417089	2.1551312407331116	-1	0.79704995410859736	-1	OK
25.250000000000000	6.0470123829948772	3.2517652674704909	2.3094842153570880	0.94228105211340296	2.7952471155243859	2.0407210825164235	-1	0.75452603300796239	-1	OK
25.500000000000000	5.7401464179250192	3.0921687040402386	2.1976818184318465	0.89448688560839285	2.6479777138847806	1.9333529974658161	-1	0.71462471641896452	-1	OK
25.750000000000000	5.4514822262074194	2.9417250460391511	2.0922057571849626	0.84951928885418893	2.5097571801682688	1.8325309227078541	-1	0.67722625746041465	-1	OK
26.000000000000000	5.1797296803465649	2.7998339102504923	1.9926466576694701	0.80718725258102175	2.3798957700960721	1.7378099474881754	-1	0.64208582260789671	-1	OK
26.250000000000000	4.9237904067724001	2.6659398553401852	1.8986250481782743	0.76731480716191025	2.2578505514322149	1.6487703726699148	-1	0.60908017876230014	-1	OK
26.500000000000000	4.6826264294329540	2.5395275741540546	1.8097887108823285	0.72973886327172666	2.1430988552788990	1.5650176520530845	-1	0.57808120322581447	-1	OK
26.750000000000000	4.4552477489749975	2.4201187626616285	1.7258105594562358	0.69430820320539233	2.0351289863133686	1.4861907017419747	-1	0.54893828457139393	-1	OK
27.000000000000000	4.2406188356414720	2.3072699502046188	1.6463868481551767	0.66088310204944134	1.9333488854368532	1.4119622256370588	-1	0.52138665979979448	-1	OK
27.250000000000000	4.0381924223792467	2.2005691237068121	1.5712350984842993	0.62933402522251269	1.8376232986724350	1.3420292535733507	-1	0.49559404509908433	-1	OK
27.500000000000000	3.8452396822631667	2.0996332735495162	1.5000925889173609	0.59954068463215571	1.7456064087136505	1.2761113664450072	-1	0.46949504226864325	-1	OK
27.750000000000000	3.6646425500980184	2.0041067055538222	1.4327148317787604	0.57139187377506162	1.6605358445441964	1.2139527558836747	-1	0.44658308866052177	-1	OK
28.000000000000000	3.4939392157836275	1.9136578905123076	1.3688739644390397	0.54478392607326842	1.5802813252713199	1.1553220784765481	-1	0.42495924679477182	-1	OK
28.250000000000000	3.3324920753486298	1.8279780010265307	1.3083576489125472	0.51962035211398383	1.5045140743220990	1.0999713698048421	-1	0.40454270451725693	-1	OK
28.500000000000000	3.1797544531629525	1.7467798999219768	1.2509679993234837	0.49581190059849317	1.4329745532409757	1.0476891562805601	-1	0.38528539696041553	-1	OK
28.750000000000000	3.0351278403554192	1.6697956303470900	1.1965203042864969	0.47327532606059325	1.3653322100083289	0.99828457819592264	-1	0.36704763181240629	-1	OK
29.000000000000000	2.8981958344408998	1.5967752808741142	1.1448421169710667	0.45193316390304783	1.3014205535667858	0.95158134861474586	-1	0.34983920495203991	-1	OK
29.250000000000000	2.7684688359734677	1.5274852209274403	1.0957722739365316	0.43171294699090906	1.2409836150460276	0.90741900695612443	-1	0.33356460808990318	-1	OK
29.500000000000000	2.6454851533091537	1.4617076128888111	1.0491602633980317	0.41254734949077970	1.1837775404203426	0.86563151626561063	-1	0.31814602415473192	-1	OK
29.750000000000000	2.5288807954661321	1.3992389506037357	1.0048653342026324	0.39437361640110291	1.1296418448623962	0.82608806351277542	-1	0.30355378134962074	-1	OK
30.000000000000000	2.4182846966166105	1.3398891914498541	0.96275584232594669	0.37713334912390761	1.0783955051667564	0.78862203420995525	-1	0.28977347095680117	-1	OK
30.250000000000000	2.3133787665596723	1.2834803075991010	0.92270846536594797	0.36077184223315328	1.0298984589605713	0.75312351498995256	-1	0.27677494397061875	-1	OK
30.500000000000000	2.2137298875533187	1.2298455253349827	0.88460768846435911	0.34523783687062309	0.98388436221833608	0.71947684642387699	-1	0.26440751579445909	-1	OK
30.750000000000000	2.1190841354435310	1.1788288309218766	0.84834531905752453	0.33048351186435249	0.94025530452165451	0.68757404092912688	-1	0.25268126359252763	-1	OK
31.000000000000000	2.0291495289900641	1.1302842310415799	0.81381995845241184	0.31646427258916815	0.89886529794848413	0.65731086273364925	-1	0.24155443521483488	-1	OK
31.250000000000000	1.9436594190642009	1.0840749130901624	0.78093648607039334	0.30313842701976906	0.85958450597403868	0.62858901906454545	-1	0.23099548690949323	-1	OK
31.500000000000000	1.8623897132410558	1.0400723954774871	0.74960558836912872	0.29046680710835826	0.82231731776356864	0.60132099000339534	-1	0.22099632776017331	-1	OK
31.750000000000000	1.7850942877903018	0.99815602312940555	0.71974340203375986	0.27841262109564596	0.78693826466089634	0.57542253301810609	-1	0.21151573164279025	-1	OK
32.000000000000000	1.7115377920988650	0.95821283801746182	0.69127123742065244	0.26694160059680944	0.75332495408140332	0.55081480771732705	-1	0.20251014636407627	-1	OK
32.250000000000000	1.6415173384333315	0.92013668567660478	0.66411511088625175	0.25602157479035303	0.72138065275672669	0.52743060876449277	-1	0.19395004399223392	-1	OK
32.500000000000000	1.5748171360613863	0.88382777428027159	0.63820545305354848	0.24562232122672362	0.69098936178111470	0.50519827241606985	-1	0.18579108936504485	-1	OK
32.750000000000000	1.5112739205640509	0.84919225504742424	0.61347681808163890	0.23571543696578517	0.66208166551662673	0.48405217153533697	-1	0.17802949398128975	-1	OK
33.000000000000000	1.4507188812393317	0.81614189409887516	0.58986760314944520	0.22627429094943022	0.63457698714045652	0.46393122520787911	-1	0.17064576193257741	-1	OK
33.250000000000000	1.3930003784687588	0.78459355840963618	0.56731965728484834	0.21727390112478770	0.60840682005912250	0.44478022481517687	-1	0.16362659524394563	-1	OK
33.500000000000000	1.3379467644392959	0.75446915991855401	0.54577839526238736	0.20869076465616646	0.58347760452074182	0.42654361548845726	-1	0.15693398903228456	-1	OK
33.750000000000000	1.2854266150378004	0.72569515998275569	0.52519241397082994	0.20050274601192566	0.55973145505504474	0.40917252606081972	-1	0.15055892899422502	-1	OK
34.000000000000000	1.2353116675281974	0.69820234254405289	0.50551327524845835	0.19268906729559446	0.53710932498414465	0.39261686086262620	-1	0.14449246412151845	-1	OK
34.250000000000000	1.1874707698094586	0.67192555270863952	0.48669531878310823	0.18523023392553115	0.51554521710081902	0.37683098284090499	-1	0.13871423425991403	-1	OK
34.500000000000000	1.1417885176279372	0.64680334126200378	0.46869546099130632	0.17810788027069779	0.49498517636593337	0.36177680651525634	-1	0.13320836985067702	-1	OK
34.750000000000000	1.0981577468322850	0.62277772943930332	0.45147303887137386	0.17130469056792960	0.47538001739298175	0.34741894067186907	-1	0.12796107672111268	-1	OK
35.000000000000000	1.0564713951009566	0.59979396674616470	0.43498965163683212	0.16480431510933263	0.45667742835479180	0.33372061864934643	-1	0.12295680970544537	-1	OK
35.250000000000000	1.0166232669797122	0.57780042411993904	0.41920903793169545	0.15859138618824384	0.43882284285977313	0.32064860455673150	-1	0.11817423830304163	-1	OK
35.500000000000000	0.97852520833406176	0.55674817816970779	0.40409690288023614	0.15265127528947151	0.42177703016435397	0.30817161737732601	-1	0.11360541278702796	-1	OK
35.750000000000000	0.94209177493305840	0.53659123044220181	0.38962090307384140	0.14697032736836027	0.40550054449085654	0.29625675128738177	-1	0.10924379320347477	-1	OK
36.000000000000000	0.90723227513815163	0.51728625229995751	0.37575046664904937	0.14153578565090819	0.38994602283819413	0.28487520405758021	-1	0.10507081878061392	-1	OK
36.250000000000000	0.87388005839707128	0.49879201251710498	0.36245660381387890	0.13633540870322616	0.37508804587996630	0.27399996422561224	-1	0.10108808165435407	-1	OK
36.500000000000000	0.84197032953453554	0.48106954075817238	0.34971190768089883	0.13135763307727361	0.36090078877636311	0.26360542653081281	-1	9.72953622455502987E-002	-1	OK
36.750000000000000	0.81140273765994142	0.46408207401867629	0.33749044879359075	0.12659162522508555	0.34732066364126513	0.25366739239622282	-1	9.36532712450423022E-002	-1	OK
37.000000000000000	0.78212806637383969	0.44779467293211261	0.32576764978696321	0.12202702314514945	0.33433339344172713	0.24416308454747984	-1	9.01703088942472919E-002	-1	OK
37.250000000000000	0.75408638638421810	0.43217446137530513	0.31452028044995411	0.11765418092535106	0.32191192500891297	0.23507098284865210	-1	8.68409421602608644E-002	-1	OK
37.500000000000000	0.72721453328422725	0.41719024335637800	0.30372630667830147	0.11346393667807643	0.31002428992784931	0.22637031896743057	-1	8.36539709604187387E-002	-1	OK
37.750000000000000	0.70147034616191661	0.40281245190759585	0.29336483351067105	0.10944761839692485	0.29865789425432077	0.21804138811301427	-1	8.06165061413064987E-002	-1	OK
38.000000000000000	0.67677625493550864	0.38901297179737271	0.28341602857866344	0.10559694321870930	0.28776328313813593	0.21006620165540660	-1	7.76970814827293299E-002	-1	OK
38.250000000000000	0.65309263519688476	0.37576516761830436	0.27386108984686586	0.10190407777143844	0.27732746757858040	0.20243004442883727	-1	7.48974231497431253E-002	-1	OK
38.500000000000000	0.63020713369821224	0.36304379749312565	0.26468218824040068	9.83616092527249269E-002	0.26716333620508653	0.19511543654287408	-1	7.20478996622124501E-002	-1	OK
38.750000000000000	0.60841857688577283	0.35082502135543780	0.25586242393391001	9.49625974215279750E-002	0.25759355553033497	0.18810709778083870	-1	6.94864577494962721E-002	-1	OK
39.000000000000000	0.58750719374437477	0.33908614100243856	0.24738573517270582	9.17004058297327534E-002	0.24842105274193627	0.18138968229006444	-1	6.70313704518718245E-002	-1	OK
39.250000000000000	0.56742955586114574	0.32780565240025161	0.23923687507843527	8.85687773218163527E-002	0.23962390346089407	0.17494990221309423	-1	6.46740012477998449E-002	-1	OK
39.500000000000000	0.54814845165231441	0.31696309571765380	0.23140134351576530	8.55617522018884136E-002	0.23118535593466058	0.16877472815838768	-1	6.24106277762729034E-002	-1	OK
39.750000000000000	0.52962929008171478	0.30653901131738626	0.22386536049939648	8.26736508179897744E-002	0.22309027876432846	0.16285170856487347	-1	6.02385701994549994E-002	-1	OK
40.000000000000000	0.51183860167727047	0.29651491584124734	0.21661582789753675	7.98990879437105755E-002	0.21532368583602315	0.15716897032079971	-1	5.81547155152234430E-002	-1	OK
40.250000000000000	0.49474431842661060	0.28687326533559943	0.20964030240301046	7.72329629325890082E-002	0.20787105309101114	0.15171572243043191	-1	5.61553306605792335E-002	-1	OK
40.500000000000000	0.47831512759386718	0.27759742632381945	0.20292695468231631	7.46704716415030750E-002	0.20071770127004773	0.14648192996342230	-1	5.42357713066254354E-002	-1	OK
40.750000000000000	0.46252115206312633	0.26867150184578764	0.19646451500989476	7.22069868358928141E-002	0.19384965021733869	0.14145720876773796	-1	5.23924414496007296E-002	-1	OK
41.000000000000000	0.44733434145886641	0.26008044658232266	0.19024227437180949	6.98381722105132219E-002	0.18725389487654376	0.13663393113678912	-1	5.06199637397546365E-002	-1	OK
41.250000000000000	0.43272934607103825	0.25180993174145355	0.18425002845143579	6.75599032900176533E-002	0.18091941432958469	0.13200043456039043	-1	4.89189797691942652E-002	-1	OK
41.500000000000000	0.41868071646913552	0.24384624493192561	0.17847804524169764	6.53681996902279322E-002	0.17483447153720993	0.12755016318035803	-1	4.72843083568519063E-002	-1	OK
41.750000000000000	0.40516244939553425	0.23617632818034082	0.17291706032526280	6.32592678550780302E-002	0.16898612121519341	0.12327439895727865	-1	4.57117222579147553E-002	-1	OK
42.000000000000000	0.39215195488926957	0.22878781932157574	0.16755826645015703	6.12295528714186937E-002	0.16336413556769386	0.11916469755237777	-1	4.41994380153160893E-002	-1	OK
42.250000000000000	0.37962820835276589	0.22166894563791667	0.16239326404092230	5.92756815969943188E-002	0.15795926271484922	0.11521354283096823	-1	4.27457198838809976E-002	-1	OK
42.500000000000000	0.36757056338348837	0.21480843325670607	0.15741403908360002	5.73943941731059684E-002	0.15276213012678233	0.11141399031449398	-1	4.13481398122883537E-002	-1	OK
42.750000000000000	0.35595704276903373	0.20819560044840804	0.15261296419971793	5.55826362486900177E-002	0.14776144232062566	0.10775939959204657	-1	4.00020427285790875E-002	-1	OK
43.000000000000000	0.34476940526788369	0.20182024771418255	0.14798275521525833	5.38374924989242221E-002	0.14294915755370116	0.10424350523504758	-1	3.87056523186535828E-002	-1	OK
43.250000000000000	0.33398813249544324	0.19567261231595323	0.14351645489144790	5.21561574245053144E-002	0.13831552017949003	0.10086034501025563	-1	3.74551751692343976E-002	-1	OK
43.500000000000000	0.32360158287712742	0.18974337271263508	0.13920742380559256	5.05359489070425494E-002	0.13385821016449234	9.76042240031189667E-002	-1	3.62539861613733749E-002	-1	OK
43.750000000000000	0.31359087343071307	0.18402364286326992	0.13504933022718757	4.89743126360823525E-002	0.12956723056744315	9.44695194519105802E-002	-1	3.50977111155325733E-002	-1	OK
44.000000000000000	0.30393964004253510	0.17850497823371458	0.13103613764764843	4.74688405860660897E-002	0.12543466180882051	9.14512197867388965E-002	-1	3.39834420220816169E-002	-1	OK
44.250000000000000	0.29463391576611936	0.17317932460225477	0.12716208065792023	4.60172439443345335E-002	0.12145459116386460	8.85445114394185773E-002	-1	3.29100797244460258E-002	-1	OK
44.500000000000000	0.28566014499195280	0.16803896364399329	0.12342164593457694	4.46173177094163487E-002	0.11762118134795954	8.57449967854968936E-002	-1	3.18761845624626478E-002	-1	OK
44.750000000000000	0.27700454964235616	0.16307652958475752	0.11980956743606216	4.32669621486953607E-002	0.11392802005759864	8.30482548248358404E-002	-1	3.08797652327627986E-002	-1	OK
45.000000000000000	0.26865084421831620	0.15828500170808657	0.11632081525915444	4.19641864489321281E-002	0.11036584251022963	8.04496399322009031E-002	-1	2.99162025780287250E-002	-1	OK
45.250000000000000	0.26059363335192665	0.15365766719099228	0.11295057963082283	4.07070875601694346E-002	0.10693596616093438	7.79451349455693721E-002	-1	2.89908312153650122E-002	-1	OK
45.500000000000000	0.25271145756495844	0.14918808829826516	0.10969425569099248	3.94938326072726900E-002	0.10352336926669328	7.55307994082132367E-002	-1	2.79925698584800459E-002	-1	OK
45.750000000000000	0.24514351628619796	0.14487009316592808	0.10654743821011355	3.83226549558144669E-002	0.10027342312026989	7.32023752256024396E-002	-1	2.70710478946674521E-002	-1	OK
46.000000000000000	0.23780248039518020	0.14069782254199120	0.10350592430332108	3.71918982386701680E-002	9.71046578531890026E-002	7.09566011047160772E-002	-1	2.61480567484729254E-002	-1	OK
46.250000000000000	0.23081329549975849	0.13666567717946571	0.10056569091717005	3.60999862622957066E-002	9.41476183202927946E-002	6.87904497317346486E-002	-1	2.53571685885581460E-002	-1	OK
46.500000000000000	0.22406366122754107	0.13276827599657939	9.77228827786758847E-002	3.50453932179034949E-002	9.12953852309616731E-002	6.67007385874394676E-002	-1	2.45946466435222055E-002	-1	OK
46.750000000000000	0.21754185508919680	0.12900047706914969	9.49738122592254930E-002	3.40266648099242577E-002	8.85413780200471068E-002	6.46844526986196100E-002	-1	2.38569253214274968E-002	-1	OK
47.000000000000000	0.21124563063829710	0.12535737136671202	9.23149497627326898E-002	3.30424216039792856E-002	8.58882592715850685E-002	6.27386593609097765E-002	-1	2.31495999106752920E-002	-1	OK
47.250000000000000	0.20515809060063250	0.12183423329181947	8.97429083947062223E-002	3.20913248971132770E-002	8.33238573088130180E-002	6.08605953864590626E-002	-1	2.24632619223539554E-002	-1	OK
47.500000000000000	0.19927488536051147	0.11842653575775797	8.72544441818604577E-002	3.11720915758974641E-002	8.08483496027535137E-002	5.90471520931018443E-002	-1	2.18011975096516694E-002	-1	OK
47.750000000000000	0.19358642239407903	0.11512994879007768	8.48464519903096431E-002	3.02834967997680574E-002	7.84564736040013477E-002	5.72960148068358405E-002	-1	2.11604587971655073E-002	-1	OK
48.000000000000000	0.18808831804269405	0.11194033926796310	8.25159609071557526E-002	2.94243783608073330E-002	7.61479787747309650E-002	5.56050331990415592E-002	-1	2.05429455756894058E-002	-1	OK
48.250000000000000	0.18277211577886315	0.10885375421647812	8.02601233301143413E-002	2.85936308863638036E-002	7.39183615623850432E-002	5.39716569267711666E-002	-1	1.99467046356138766E-002	-1	OK
48.500000000000000	0.17762483445822402	0.10586638458533924	7.80762049819519327E-002	2.77901796033872966E-002	7.17584498728847942E-002	5.23939379494400490E-002	-1	1.93645119234447452E-002	-1	OK
48.750000000000000	0.17265189152189145	0.10297459001936149	7.59615873741021630E-002	2.70130026452593507E-002	6.96773015025299591E-002	5.08695843280106696E-002	-1	1.88077171745192895E-002	-1	OK
49.000000000000000	0.16784088533663999	0.10017488633207927	7.39137593702951928E-002	2.62611269617840960E-002	6.76659990045607312E-002	4.93965017970846160E-002	-1	1.82694972074761153E-002	-1	OK
49.250000000000000	0.16318589049564156	9.74639197733230406E-002	7.19303092733373367E-002	2.55336104999857316E-002	6.57219707223185151E-002	4.79727158895146277E-002	-1	1.77492548328038874E-002	-1	OK
49.500000000000000	0.15868104662683852	9.48384776013612152E-002	7.00089231802503292E-002	2.48295544211108721E-002	6.38425690254773165E-002	4.65106917281102317E-002	-1	1.73318772973670848E-002	-1	OK
49.750000000000000	0.15432086230324280	9.22954682225991113E-002	6.81473794772421704E-002	2.41480887453569340E-002	6.20253940806436907E-002	4.51822757127531838E-002	-1	1.68431183678905069E-002	-1	OK
50.000000000000000	0.15010002371464809	8.98319338638715603E-002	6.63435489581553073E-002	2.34883849057162565E-002	6.02680898507765433E-002	4.38973417519269785E-002	-1	1.63707480988495649E-002	-1	OK
50.250000000000000	0.14601347570645451	8.74450367269314077E-002	6.45953862506066928E-002	2.28496504763247149E-002	5.85684389795231020E-002	4.26546633711831977E-002	-1	1.59137756083399043E-002	-1	OK
50.500000000000000	0.14205634249128155	8.51320467116611079E-002	6.29009273077753561E-002	2.22311194038857379E-002	5.69242957796204443E-002	4.14527680532788684E-002	-1	1.54715277263415760E-002	-1	OK
50.750000000000000	0.13822319345238948	8.28903543709410273E-002	6.12582895879116088E-002	2.16320647830294220E-002	5.53328390814484400E-002	4.02900239066672078E-002	-1	1.50428151747812322E-002	-1	OK
51.000000000000000	0.13451107066452017	8.07174605197939765E-002	5.96656646548744396E-002	2.10517958649195612E-002	5.37936101447261811E-002	3.91647351825399545E-002	-1	1.46288749621862266E-002	-1	OK
51.250000000000000	0.13091483558553532	7.86109446369402110E-002	5.81213086644689833E-002	2.04896359724712415E-002	5.23038909485951109E-002	3.80756597173636385E-002	-1	1.42282312312314724E-002	-1	OK
51.500000000000000	0.12743077583248297	7.65684782140491904E-002	5.66235417496140023E-002	1.99449364644352020E-002	5.08622976184337772E-002	3.70215827662346147E-002	-1	1.38407148521991624E-002	-1	OK
51.750000000000000	0.12405462883784868	7.45878405059001853E-002	5.51707577150260531E-002	1.94170827908741322E-002	4.94667883319485011E-002	3.60012274577756891E-002	-1	1.34655608741728119E-002	-1	OK
52.000000000000000	0.12078246207595553	7.26668831846481594E-002	5.37614106621820131E-002	1.89054725224661394E-002	4.81155788913073743E-002	3.50133704541921650E-002	-1	1.31022084371152092E-002	-1	OK
52.250000000000000	0.11761077052603304	7.08035488616257924E-002	5.23940164265864483E-002	1.84095324350393372E-002	4.68072216644072475E-002	3.40568887446458246E-002	-1	1.27503329197614229E-002	-1	OK
52.500000000000000	0.11453589373108404	6.89958660537154239E-002	5.10671494889356758E-002	1.79287165647797515E-002	4.55400276773686163E-002	3.31305999772266921E-002	-1	1.24094277001419243E-002	-1	OK
52.750000000000000	0.11155445085640017	6.72419399498605380E-002	4.97794394481323940E-002	1.74625005017281371E-002	4.43125109065396414E-002	3.22334219558780000E-002	-1	1.20790889506616414E-002	-1	OK
53.000000000000000	0.10866329584419682	6.55399513611933382E-002	4.85295677184375482E-002	1.70103836427558074E-002	4.31233444830034854E-002	3.13643421072290346E-002	-1	1.17590023757744508E-002	-1	OK
53.250000000000000	0.10585918341152842	6.38881410023278556E-002	4.73162630377555807E-002	1.65718779645722750E-002	4.19710424092005693E-002	3.05224124981023845E-002	-1	1.14486299110981848E-002	-1	OK
53.500000000000000	0.10313914209480654	6.22848115688991177E-002	4.61383021534754398E-002	1.61465094154236641E-002	4.08543305259074299E-002	2.97066819632868760E-002	-1	1.11476485626205539E-002	-1	OK
53.750000000000000	0.10050044931270827	6.07283465738841094E-002	4.49945118725938245E-002	1.57338347012902814E-002	3.97721027388241513E-002	2.89161380655166313E-002	-1	1.08559646733075200E-002	-1	OK
54.000000000000000	9.79160167675410809E-002	5.92171850934064548E-002	4.38837601925397766E-002	1.53334249008666677E-002	3.86988316741346330E-002	2.81498981628833626E-002	-1	1.05489335112512704E-002	-1	OK
54.250000000000000	9.54322315667381210E-002	5.77498176339311664E-002	4.28049564901425636E-002	1.49448611437886184E-002	3.76824139328069546E-002	2.74072021365522299E-002	-1	1.02752117962547247E-002	-1	OK
54.500000000000000	9.30216565110832533E-002	5.63247952669531302E-002	4.17570518198367088E-002	1.45677434471164179E-002	3.66968612441301231E-002	2.66871111125610676E-002	-1	1.00097501315690555E-002	-1	OK
54.750000000000000	9.06818032875722491E-002	5.49407286975922143E-002	4.07390367228627343E-002	1.42016919747294801E-002	3.57410745899800278E-002	2.59888154616544562E-002	-1	9.75225912832557162E-003	-1	OK
55.000000000000000	8.84103606391206942E-002	5.35962718657121556E-002	3.97499368493887326E-002	1.38463350163234161E-002	3.48140887734085316E-002	2.53116307031186309E-002	-1	9.50245807028990072E-003	-1	OK
55.250000000000000	8.62049220858676912E-002	5.22901277626385275E-002	3.87888135748165469E-002	1.35013141878219823E-002	3.39147943232291568E-002	2.46548379494907419E-002	-1	9.25995637373841496E-003	-1	OK
55.500000000000000	8.40635246512290157E-002	5.10210540240289140E-002	3.78547641641989729E-002	1.31662898598299462E-002	3.30424706272001087E-002	2.40177344251579702E-002	-1	9.02473620204213844E-003	-1	OK
55.750000000000000	8.19839378313853145E-002	4.97878490513537497E-002	3.69469178710727444E-002	1.28409311802810001E-002	3.21960887800315648E-002	2.33996405393922281E-002	-1	8.79644824063933670E-003	-1	OK
56.000000000000000	7.99640386182293994E-002	4.85893597767489277E-002	3.60644365540607956E-002	1.25249232226881391E-002	3.13746788414804717E-002	2.27999175620025897E-002	-1	8.57476127947788200E-003	-1	OK
56.250000000000000	7.80018627617172916E-002	4.74244715671863354E-002	3.52065106004394307E-002	1.22179609667469047E-002	3.05773911945309528E-002	2.22179514194702013E-002	-1	8.35943977506075145E-003	-1	OK
56.500000000000000	7.60957222857357313E-002	4.62921057480465414E-002	3.43723588444493564E-002	1.19197469035971747E-002	2.98036165376891898E-002	2.16531454633557829E-002	-1	8.15047107433340690E-003	-1	OK
56.750000000000000	7.42437802822732834E-002	4.51912258843605724E-002	3.35612287164849671E-002	1.16299971678755949E-002	2.90525543979127145E-002	2.11049182897248243E-002	-1	7.94763610818789018E-003	-1	OK
57.000000000000000	7.24442492085075745E-002	4.41208332569822115E-002	3.27723943433498727E-002	1.13484389136323336E-002	2.83234159515253631E-002	2.05727246518503104E-002	-1	7.75069129967505266E-003	-1	OK
57.250000000000000	7.06954060934946449E-002	4.30799586829051506E-002	3.20051544378000472E-002	1.10748042451051087E-002	2.76154474105894943E-002	2.00560325585925833E-002	-1	7.55941485199691093E-003	-1	OK
57.500000000000000	6.89956430637530399E-002	4.20676707607737579E-002	3.12588335058862216E-002	1.08088372548875416E-002	2.69279723029792854E-002	1.95543331098531233E-002	-1	7.37363919312616217E-003	-1	OK
57.750000000000000	6.73433791679627358E-002	4.10830775906020976E-002	3.05327811301084988E-002	1.05502964604935901E-002	2.62603015773606348E-002	1.90671329260932547E-002	-1	7.19316865126738009E-003	-1	OK
58.000000000000000	6.57370949103336932E-002	4.01253114693966018E-002	2.98263679424825949E-002	1.02989435269140086E-002	2.56117834409370880E-002	1.85939505040683198E-002	-1	7.01783293686876822E-003	-1	OK
58.250000000000000	6.41753298849163517E-002	3.91935384627218608E-002	2.91389877546142824E-002	1.00545507081075750E-002	2.49817914221944944E-002	1.81343299507715806E-002	-1	6.84746147142291373E-003	-1	OK
58.500000000000000	6.26566390715579125E-002	3.82869536664026122E-002	2.84700550447180012E-002	9.81689862168461276E-003	2.43696854051553037E-002	1.76878284204845283E-002	-1	6.68185698467077538E-003	-1	OK
58.750000000000000	6.11797226016875945E-002	3.74047795791713072E-002	2.78190044514678471E-002	9.58577512770346016E-003	2.37749430225162872E-002	1.72540218565048996E-002	-1	6.52092116601138763E-003	-1	OK
59.000000000000000	5.97432640231183310E-002	3.65462654052220726E-002	2.71852898766323306E-002	9.36097552858975411E-003	2.31969986178962549E-002	1.68325023594179286E-002	-1	6.36449625847832628E-003	-1	OK
59.250000000000000	5.83459918668515279E-002	3.57106880511262326E-002	2.65683843876315662E-002	9.14230366349466465E-003	2.26353038157252953E-002	1.64228747169699076E-002	-1	6.21242909875538776E-003	-1	OK
59.500000000000000	5.69866602829631613E-002	3.48973463884788906E-002	2.59677780349798389E-002	8.92956835349904138E-003	2.20893138944842742E-002	1.60247581704935534E-002	-1	6.06455572399072079E-003	-1	OK
59.750000000000000	5.56640829185020350E-002	3.41055608498826296E-002	2.53829780597029583E-002	8.72258279017967125E-003	2.15585220686194054E-002	1.56377786881735405E-002	-1	5.92074338044586493E-003	-1	OK
60.000000000000000	5.43771635605740863E-002	3.33346778043000780E-002	2.48135094299705150E-002	8.52116837432956818E-003	2.10424857562740084E-002	1.52615816359123815E-002	-1	5.78090412036162682E-003	-1	OK
60.250000000000000	5.31092742497368125E-002	3.25840704285137867E-002	2.42589141024179382E-002	8.32515632609585020E-003	2.05252038212230294E-002	1.48958339195743028E-002	-1	5.62936990164872655E-003	-1	OK
60.500000000000000	5.18908582256605438E-002	3.18531308360532756E-002	2.37187488384825867E-002	8.13438199757069227E-003	2.00377273896072648E-002	1.45401923711580023E-002	-1	5.49753501844926253E-003	-1	OK
60.750000000000000	5.07049385961510710E-002	3.11412708133380380E-002	2.31925851748186786E-002	7.94868563851935245E-003	1.95636677828130330E-002	1.41943483094371624E-002	-1	5.36931947337587062E-003	-1	OK
61.000000000000000	4.95504709583626940E-002	3.04479228402489595E-002	2.26800090315962127E-002	7.76791380865274415E-003	1.91025481181137310E-002	1.38580128229066346E-002	-1	5.24453529520709644E-003	-1	OK
61.250000000000000	4.84264694911948762E-002	2.97725374641680737E-002	2.21806198038294877E-002	7.59191766033858947E-003	1.86539320270268025E-002	1.35309111419453162E-002	-1	5.12302088508148623E-003	-1	OK
61.500000000000000	4.73320683479271087E-002	2.91145838194511661E-002	2.16940301284520125E-002	7.42055369099916141E-003	1.82174845284759392E-002	1.32127268081088829E-002	-1	5.00475772036705624E-003	-1	OK
61.750000000000000	4.62663840948908042E-002	2.84735476059206280E-002	2.12198651329392682E-002	7.25368247298136502E-003	1.77928364889701762E-002	1.29032092894331533E-002	-1	4.88962719953702288E-003	-1	OK
62.000000000000000	4.52285601419042810E-002	2.78489316529012404E-002	2.07577625051254371E-002	7.09116914777579554E-003	1.73796284890030371E-002	1.26020655869361637E-002	-1	4.77756290206687341E-003	-1	OK
62.250000000000000	4.42053381717245272E-002	2.72402549092372534E-002	2.03073717670369837E-002	6.93288314220028012E-003	1.69650832624872738E-002	1.23090365155397626E-002	-1	4.65604674694751128E-003	-1	OK
62.500000000000000	4.32211323235592304E-002	2.66470532350835398E-002	1.98683542311161900E-002	6.77869900396735510E-003	1.65740790884756906E-002	1.20238738516572942E-002	-1	4.55020523681839636E-003	-1	OK
62.750000000000000	4.22623665502350754E-002	2.60688798809701403E-002	1.94403826394299907E-002	6.62849724154014781E-003	1.61934866692649351E-002	1.17463377555279934E-002	-1	4.44714891373694174E-003	-1	OK
63.000000000000000	4.13282722186951862E-002	2.55052998310621101E-002	1.90231397183196205E-002	6.48216011274249226E-003	1.58229723876330726E-002	1.14761887458535300E-002	-1	4.34678364177954260E-003	-1	OK
63.250000000000000	4.04181798750455762E-002	2.49558940284761721E-002	1.86163187489196587E-002	6.33957527955651429E-003	1.54622858465694075E-002	1.12132037495215019E-002	-1	4.24908209704790568E-003	-1	OK
63.500000000000000	3.95313720526676640E-002	2.44202552865659880E-002	1.82196224201379951E-002	6.20063286642799812E-003	1.51111167661016742E-002	1.09571808902161200E-002	-1	4.15393587588555428E-003	-1	OK
63.750000000000000	3.86671535970418562E-002	2.38979883779817208E-002	1.78327628172627595E-002	6.06522556071894918E-003	1.47691652190601371E-002	1.07079056614432736E-002	-1	4.06125955761686350E-003	-1	OK
64.000000000000000	3.78248602438437803E-002	2.33887135313129990E-002	1.74554618509061218E-002	5.93325168040686936E-003	1.44361467125307796E-002	1.04651762075263829E-002	-1	3.97097050500439669E-003	-1	OK
64.250000000000000	3.70038678346526068E-002	2.28920618009541277E-002	1.70874498223218610E-002	5.80461197863227016E-003	1.41118060336984773E-002	1.02287974300380585E-002	-1	3.88300860366041882E-003	-1	OK
64.500000000000000	3.62035664393800596E-002	2.24076758186195144E-002	1.67284657312615943E-002	5.67921008735791828E-003	1.37958906207605453E-002	9.99858081703212768E-003	-1	3.79730980372841760E-003	-1	OK
64.750000000000000	3.54233592356216487E-002	2.19352113505680429E-002	1.63782571528270707E-002	5.55695419774097834E-003	1.34881478850536092E-002	9.77434426133655040E-003	-1	3.71380362371705880E-003	-1	OK
65.000000000000000	3.46626579011733577E-002	2.14743327739577716E-002	1.60365791390078630E-002	5.43775363494990258E-003	1.31883251272155878E-002	9.55591174335176582E-003	-1	3.63241338386382194E-003	-1	OK
65.250000000000000	3.39209149190359202E-002	2.10247171568628266E-002	1.57031949356046634E-002	5.32152222125817451E-003	1.28961977621730936E-002	9.34311280665497609E-003	-1	3.55308495551811751E-003	-1	OK
65.500000000000000	3.31883458354000488E-002	2.05860514882168534E-002	1.53778748925120085E-002	5.20817659570484408E-003	1.26022943471831936E-002	9.13577625232290733E-003	-1	3.46651809486028632E-003	-1	OK
65.750000000000000	3.24831333438123232E-002	2.01580318090394152E-002	1.50603963524579172E-002	5.09763545658149537E-003	1.23251015347729115E-002	8.93373996961547255E-003	-1	3.39136156515743893E-003	-1	OK
66.000000000000000	3.17953193495564418E-002	1.97403634502437489E-002	1.47505435149270434E-002	4.98981993531670033E-003	1.20549558993126929E-002	8.73685999397226867E-003	-1	3.31809590534042423E-003	-1	OK
66.250000000000000	3.11244076937407382E-002	1.93327588539802357E-002	1.44481068076880333E-002	4.88465204629219985E-003	1.17916488397605008E-002	8.54498663945094800E-003	-1	3.24666220030955278E-003	-1	OK
66.500000000000000	3.04699305722531399E-002	1.89349407048244045E-002	1.41528834386561355E-002	4.78205726616826293E-003	1.15349898674287354E-002	8.35797534939245954E-003	-1	3.17701451803627591E-003	-1	OK
66.750000000000000	2.98314303673062539E-002	1.85466397748875328E-002	1.38646768553479949E-002	4.68196291953953871E-003	1.12847905924187194E-002	8.17568640506077110E-003	-1	3.10910418735794829E-003	-1	OK
67.000000000000000	2.91977557072379684E-002	1.81675955717188059E-002	1.35832967030703137E-002	4.58429886864849222E-003	1.10301601355191625E-002	7.99798452685371655E-003	-1	3.03217560866544597E-003	-1	OK
67.250000000000000	2.85901287416399155E-002	1.77975587585126639E-002	1.33085593230059390E-002	4.48899943550672403E-003	1.07925699831272533E-002	7.82473883411732504E-003	-1	2.96783114900992830E-003	-1	OK
67.500000000000000	2.79971780356776598E-002	1.74362870861684248E-002	1.30402861260536379E-002	4.39600096011478689E-003	1.05608909495092350E-002	7.65582267778070619E-003	-1	2.90506827172852880E-003	-1	OK
67.750000000000000	2.74184969642429395E-002	1.70835434016473782E-002	1.27783034135214458E-002	4.30523998812593241E-003	1.03349535625955613E-002	7.49111330868986163E-003	-1	2.84384025390569967E-003	-1	OK
68.000000000000000	2.68536975858501836E-002	1.67390980022715380E-002	1.25224428701224619E-002	4.21665513214908132E-003	1.01145995835786474E-002	7.29313671036373960E-003	-1	2.82146287321490778E-003	-1	OK
68.250000000000000	2.63027568045872233E-002	1.64027289304463086E-002	1.22725412751087150E-002	4.13018765533759800E-003	9.90002787414091465E-003	7.13721135447863229E-003	-1	2.76281651966228236E-003	-1	OK
68.500000000000000	2.57645811159571865E-002	1.60742201431031823E-002	1.20284400824590271E-002	4.04578006064415085E-003	9.69036097285400425E-003	6.98512999775514117E-003	-1	2.70523097509886307E-003	-1	OK
68.750000000000000	2.52391792657531942E-002	1.57533608599526552E-002	1.17899851696423776E-002	3.96337569031027584E-003	9.48581840580053903E-003	6.83679896794585438E-003	-1	2.64901943785468465E-003	-1	OK
69.000000000000000	2.47261974079181907E-002	1.54399458065591216E-002	1.15570269838855405E-002	3.88291882267358069E-003	9.28625160135906902E-003	6.69210560963281933E-003	-1	2.59414599172624969E-003	-1	OK
69.250000000000000	2.42249342922529337E-002	1.51337770992030773E-002	1.13294208138211786E-002	3.80435628538190089E-003	9.09115719304985810E-003	6.55094340261637518E-003	-1	2.54021379043348292E-003	-1	OK
69.500000000000000	2.37358242193437194E-002	1.48346641032151283E-002	1.11070265805821317E-002	3.72763752263300090E-003	8.90116011612859283E-003	6.41321386473104466E-003	-1	2.48794625139754817E-003	-1	OK
69.750000000000000	2.32581700717104239E-002	1.45424211537149399E-002	1.08897081035571053E-002	3.65271305015782942E-003	8.71574891799548578E-003	6.27882902386862896E-003	-1	2.43691989412685682E-003	-1	OK
70.000000000000000	2.27916681694800838E-002	1.42568688997112523E-002	1.06773335400245101E-002	3.57953535968674611E-003	8.53479926976882970E-003	6.14769041812023107E-003	-1	2.38710885164859863E-003	-1	OK
70.250000000000000	2.23360334100446666E-002	1.39778348131912814E-002	1.04697750171332815E-002	3.50805979605800381E-003	8.35819859685338513E-003	6.01970759696998994E-003	-1	2.33849099988339519E-003	-1	OK
70.500000000000000	2.18909989624930072E-002	1.37051490234922635E-002	1.02669078047525428E-002	3.43824121873971761E-003	8.18584993900074373E-003	5.89479097464631029E-003	-1	2.29105896435443344E-003	-1	OK
70.750000000000000	2.14565442665084274E-002	1.34386463246238715E-002	1.00686107576634619E-002	3.37003556696041564E-003	8.01789794188455598E-003	5.77286270409881324E-003	-1	2.24503523778574274E-003	-1	OK
71.000000000000000	2.10318046912611710E-002	1.31781663094412624E-002	9.87476628115154485E-003	3.30340002828972057E-003	7.85363838181990861E-003	5.65383582466482022E-003	-1	2.19980255715508839E-003	-1	OK
71.250000000000000	2.06168216531637145E-002	1.29235534784727830E-002	9.68526019687975491E-003	3.23829328159302727E-003	7.69326817469093149E-003	5.53763454293325613E-003	-1	2.15563363175767537E-003	-1	OK
71.500000000000000	2.02113345190972488E-002	1.26746570792372892E-002	9.49998165565505391E-003	3.17467542358223533E-003	7.53667743985995953E-003	5.42417717237819036E-003	-1	2.11250026748176917E-003	-1	OK
71.750000000000000	1.98150963181187093E-002	1.24313306493892013E-002	9.31882298455530451E-003	3.11250766483389891E-003	7.38376566872950973E-003	5.31339951728973005E-003	-1	2.07036615143977969E-003	-1	OK
72.000000000000000	1.94278649362491090E-002	1.21934314078886424E-002	9.14167953816041531E-003	3.05175186972822575E-003	7.23443352836046841E-003	5.20522981476156336E-003	-1	2.02920371359890505E-003	-1	OK
72.250000000000000	1.90494062422976868E-002	1.19608212297191673E-002	8.96844982538566420E-003	2.99237140433350262E-003	7.08858501257852124E-003	5.09959841311366860E-003	-1	1.98898659946485264E-003	-1	OK
72.500000000000000	1.86794936232674916E-002	1.17333656556610818E-002	8.79903514162736974E-003	2.93433051403371292E-003	6.94612796760641065E-003	4.99643834037455988E-003	-1	1.94968962723185077E-003	-1	OK
72.750000000000000	1.83179103579413118E-002	1.15109340344230204E-002	8.63333961748639044E-003	2.87759441693663043E-003	6.80697632351829219E-003	4.89568652669574410E-003	-1	1.91128979682254809E-003	-1	OK
73.000000000000000	1.79641369912826379E-002	1.12934002940049891E-002	8.47127033148425967E-003	2.82212996252072896E-003	6.67073669727765058E-003	4.79728162819362952E-003	-1	1.87345506908402105E-003	-1	OK
73.250000000000000	1.76183625648678593E-002	1.10806429519151855E-002	8.31273709923463500E-003	2.76790585268054962E-003	6.53771961295267472E-003	4.70115602378338385E-003	-1	1.83656358916929087E-003	-1	OK
73.500000000000000	1.72805248173475492E-002	1.08725423617050850E-002	8.15765184750195070E-003	2.71489051420313642E-003	6.40798245564246517E-003	4.60725079922704936E-003	-1	1.80073165641541581E-003	-1	OK
73.750000000000000	1.69501977153463795E-002	1.06689822096869176E-002	8.00592895959675865E-003	2.66305325009016111E-003	6.28121550565946020E-003	4.51550781973805021E-003	-1	1.76570768592140999E-003	-1	OK
74.000000000000000	1.66271427166503512E-002	1.04698490516043768E-002	7.85748515015341313E-003	2.61236390145096371E-003	6.15729366504597433E-003	4.42587062844895882E-003	-1	1.73142303659701551E-003	-1	OK
74.250000000000000	1.63112718573938144E-002	1.02750324594966785E-002	7.71223939917842823E-003	2.56279306031824937E-003	6.03623939789713505E-003	4.33828451134135682E-003	-1	1.69795488655577823E-003	-1	OK
74.500000000000000	1.60024043481477654E-002	1.00844258811504037E-002	7.57011321864972404E-003	2.51431266250067530E-003	5.91797846699736348E-003	4.25269670155470261E-003	-1	1.66528176544266087E-003	-1	OK
74.750000000000000	1.57003214926929972E-002	9.89792596727835650E-003	7.43103025923137761E-003	2.46689570804697975E-003	5.80239552541464074E-003	4.16905497472224232E-003	-1	1.63334055069239842E-003	-1	OK
75.000000000000000	1.54048472960607204E-002	9.71543153661764622E-003	7.29491616274676076E-003	2.42051537387088589E-003	5.68941575944307415E-003	4.08730917296546477E-003	-1	1.60210658647760937E-003	-1	OK
75.250000000000000	1.51158165267545816E-002	9.53684484301603810E-003	7.16169869664889415E-003	2.37514614636714265E-003	5.57897168373854262E-003	4.00741057222836310E-003	-1	1.57156111151017953E-003	-1	OK
75.500000000000000	1.48330670413369427E-002	9.36207006286125971E-003	7.03130745234585401E-003	2.33076261051540961E-003	5.47099697847568383E-003	3.92931210287247607E-003	-1	1.54168487560320776E-003	-1	OK
75.750000000000000	1.45566288460999109E-002	9.19101361923015808E-003	6.90367392699868868E-003	2.28733969223146897E-003	5.36561522686975195E-003	3.85296761048367327E-003	-1	1.51264761638607867E-003	-1	OK
76.000000000000000	1.42859733244084814E-002	9.02358526629051805E-003	6.77873172218779445E-003	2.24485354410272446E-003	5.26238805811796335E-003	3.77833108199727248E-003	-1	1.48405697612069088E-003	-1	OK
76.250000000000000	1.40211519526757342E-002	8.85969885515784997E-003	6.65641655643797649E-003	2.20328229871987477E-003	5.16145309751788427E-003	3.70536037163098986E-003	-1	1.45609272588689441E-003	-1	OK
76.500000000000000	1.37620216630533372E-002	8.69926948796432425E-003	6.53666551235796648E-003	2.16260397560635344E-003	5.06275217508901296E-003	3.63401336462805188E-003	-1	1.42873881046096107E-003	-1	OK
76.750000000000000	1.35084488560649023E-002	8.54221410328070627E-003	6.41941724441119285E-003	2.12279685886951168E-003	4.96623475278419688E-003	3.56424941484621708E-003	-1	1.40198533793797981E-003	-1	OK
77.000000000000000	1.32602953778383735E-002	8.38845164401487604E-003	6.30461200716758447E-003	2.08383963684728984E-003	4.87184373382349746E-003	3.49602269830145149E-003	-1	1.37582103552204597E-003	-1	OK
77.250000000000000	1.30174256077878296E-002	8.23790300381218796E-003	6.19219164527262493E-003	2.04571135853956173E-003	4.77952260397564079E-003	3.42929540762951885E-003	-1	1.35022719634612194E-003	-1	OK
77.500000000000000	1.27797104379273885E-002	8.09049084873749054E-003	6.08209950322434554E-003	2.00839134551314457E-003	4.68921958918989707E-003	3.36403535746524363E-003	-1	1.32518423172465344E-003	-1	OK
77.750000000000000	1.25470267136933919E-002	7.94614087472206472E-003	5.97428066068123736E-003	1.97186021404082822E-003	4.60088583897132631E-003	3.30020733782267987E-003	-1	1.30067850114864644E-003	-1	OK
78.000000000000000	1.23192550792105525E-002	7.80478071913084590E-003	5.86868167483056962E-003	1.93609904430027671E-003	4.51447436007970659E-003	3.23777488489624884E-003	-1	1.27669947518345775E-003	-1	OK
78.250000000000000	1.20964401415259385E-002	7.66634005465552902E-003	5.76525050253716680E-003	1.90108955211835810E-003	4.43010008687040949E-003	3.17670286432159259E-003	-1	1.25339722254881689E-003	-1	OK
78.500000000000000	1.18781353696099656E-002	7.53075058734667749E-003	5.66393656000462736E-003	1.86681402734204731E-003	4.34738478226328814E-003	3.11695769131279006E-003	-1	1.23042709095049808E-003	-1	OK
78.750000000000000	1.16643997254144462E-002	7.39794600057473283E-003	5.56469053152690643E-003	1.83325546904782705E-003	4.26645372483971334E-003	3.05851033639944125E-003	-1	1.20794338844027209E-003	-1	OK
79.000000000000000	1.14551252558280827E-002	7.26786072880072909E-003	5.46746413238898173E-003	1.80039659641174671E-003	4.18726452702735362E-003	3.00133177866570991E-003	-1	1.18593274836164371E-003	-1	OK
79.250000000000000	1.12502007747100272E-002	7.14043064689065532E-003	5.37221032525487911E-003	1.76822032163577577E-003	4.10977012781937271E-003	2.94538778044727088E-003	-1	1.16438234737210183E-003	-1	OK
79.500000000000000	1.10495236965855864E-002	7.01559368099657736E-003	5.27888341964635570E-003	1.73671026135022470E-003	4.03393001558900993E-003	2.89064679690638829E-003	-1	1.14328321868262164E-003	-1	OK
79.750000000000000	1.08528086570782879E-002	6.89328972201715129E-003	5.18743897845883040E-003	1.70585074355831981E-003	3.95951893506113657E-003	2.83707390909184636E-003	-1	1.12244502596929021E-003	-1	OK
80.000000000000000	1.06601874485854082E-002	6.77346055904776926E-003	5.09783379237729178E-003	1.67562676667047487E-003	3.88672688953763936E-003	2.78464396498649030E-003	-1	1.10208292455114907E-003	-1	OK
80.250000000000000	1.04716718081555096E-002	6.65604943457606072E-003	5.01002573314117405E-003	1.64602370143488732E-003	3.81562237357944891E-003	2.73333470328622702E-003	-1	1.08228767029322189E-003	-1	OK
80.500000000000000	1.02870203275421748E-002	6.54100048540258439E-003	4.92397363825703566E-003	1.61702684714554678E-003	3.74601984213959044E-003	2.68311551085462273E-003	-1	1.06290433128496771E-003	-1	OK
80.750000000000000	1.01061326696517042E-002	6.42825927297819080E-003	4.83963740425211002E-003	1.58862186872608230E-003	3.67787339667351295E-003	2.63395899695043198E-003	-1	1.04391439972308098E-003	-1	OK
81.000000000000000	9.92886138425301372E-003	6.31777308642579583E-003	4.75697805118027901E-003	1.56079503524551703E-003	3.61108829782721789E-003	2.58583609949607782E-003	-1	1.02525219833114007E-003	-1	OK
81.250000000000000	9.75524228158891962E-003	6.20949017680159313E-003	4.67595749282875839E-003	1.53353268397283236E-003	3.54575210478732649E-003	2.53872271363306777E-003	-1	1.00702939115425872E-003	-1	OK
81.500000000000000	9.58513879823546730E-003	6.10336058063407245E-003	4.59653876149068892E-003	1.50682181914338527E-003	3.48177821760139528E-003	2.49259761641133261E-003	-1	9.89180601190062670E-004	-1	OK
81.750000000000000	9.41847058769643836E-003	5.99933600391413212E-003	4.51868587127165783E-003	1.48065013264247255E-003	3.41913458378230581E-003	2.44743742388105461E-003	-1	9.71697159901251193E-004	-1	OK
82.000000000000000	9.25515579685804758E-003	5.89736913979393637E-003	4.44236364844433854E-003	1.45500549134960043E-003	3.35778665706411164E-003	2.40321924644522735E-003	-1	9.54567410618884296E-004	-1	OK
82.250000000000000	9.09512025968723693E-003	5.79741319475994728E-003	4.36753767229135573E-003	1.42987552246859329E-003	3.29770706492729009E-003	2.35991926649459184E-003	-1	9.37787798432698251E-004	-1	OK
82.500000000000000	8.93828496285189664E-003	5.69942273171262625E-003	4.29417444173708310E-003	1.40524828997554488E-003	3.23886223113927039E-003	2.31751492254779218E-003	-1	9.21347308591478203E-004	-1	OK
82.750000000000000	8.78457877926661773E-003	5.60335337350511675E-003	4.22224130016607500E-003	1.38111207333904262E-003	3.18122540576150142E-003	2.27598773744807151E-003	-1	9.05237668313429913E-004	-1	OK
83.000000000000000	8.63393290437805376E-003	5.50916241454528239E-003	4.15170641074167311E-003	1.35745600380360819E-003	3.12477048983277137E-003	2.23531574907933185E-003	-1	8.89454740753439516E-004	-1	OK
83.250000000000000	8.48627798023989140E-003	5.41680784140212944E-003	4.08253874226632320E-003	1.33426909913580537E-003	3.06947013883776239E-003	2.19548036219596385E-003	-1	8.73989776641798544E-004	-1	OK
83.500000000000000	8.34154716918317392E-003	5.32624935517212426E-003	4.01470820482344518E-003	1.31154115034867909E-003	3.01529781401104965E-003	2.15646212490711161E-003	-1	8.58835689103938042E-004	-1	OK
83.750000000000000	8.19966679485638339E-003	5.23744733578373513E-003	3.94818535568959485E-003	1.28926198009413941E-003	2.96221945907264913E-003	2.11824202952832705E-003	-1	8.43977429544322082E-004	-1	OK
84.000000000000000	8.06057387329162101E-003	5.15036282968502589E-003	3.88294139943818608E-003	1.26742143024683959E-003	2.91021104360659425E-003	2.08080159033639106E-003	-1	8.29409453270203191E-004	-1	OK
84.250000000000000	7.92412330945263185E-003	5.06495763311276201E-003	3.81894819811291839E-003	1.24600943499984340E-003	2.85916567633986898E-003	2.04412280980954472E-003	-1	8.15042866530324255E-004	-1	OK
84.500000000000000	7.79043366291712336E-003	4.98119448348253828E-003	3.75617833480830152E-003	1.22501614867423633E-003	2.80923917943458551E-003	2.00818817338909057E-003	-1	8.01051006045494941E-004	-1	OK
84.750000000000000	7.65935417041710680E-003	4.89903730282588087E-003	3.69460515255609374E-003	1.20443215026978649E-003	2.76031686759122593E-003	1.97298059072047128E-003	-1	7.87336276870754647E-004	-1	OK
85.000000000000000	7.53082714965956981E-003	4.81845095034650391E-003	3.63420266186663746E-003	1.18424828847986646E-003	2.71237619931306547E-003	1.93848197428289734E-003	-1	7.73894225030168125E-004	-1	OK
85.250000000000000	7.40479607006808323E-003	4.73940162259891325E-003	3.57494560991146416E-003	1.16445601268745061E-003	2.66539444746917041E-003	1.90467589647054102E-003	-1	7.60718550998629390E-004	-1	OK
85.500000000000000	7.28120648194356592E-003	4.66185623877867113E-003	3.51680931168586036E-003	1.14504692709281098E-003	2.61935024316489479E-003	1.86998264900757019E-003	-1	7.49367594157324601E-004	-1	OK
85.750000000000000	7.16000478561200186E-003	4.58578221031092151E-003	3.45976959352822756E-003	1.12601261678269525E-003	2.57422257530108079E-003	1.83754844668058970E-003	-1	7.36674128620491090E-004	-1	OK
86.000000000000000	7.04113642520032453E-003	4.51114742425400960E-003	3.40380280011538501E-003	1.10734462413862480E-003	2.52998900094631449E-003	1.80576375276622820E-003	-1	7.24225248180086290E-004	-1	OK
86.250000000000000	6.92455163547896994E-003	4.43792063925418749E-003	3.34888587682791910E-003	1.08903476242626818E-003	2.48663099622478245E-003	1.77460939181203043E-003	-1	7.12021604412752017E-004	-1	OK
86.500000000000000	6.81019978107180388E-003	4.36607155333566376E-003	3.29499636595871658E-003	1.07107518737694762E-003	2.44412822773614055E-003	1.74407287405143750E-003	-1	7.00055353684703044E-004	-1	OK
86.750000000000000	6.69803292487318805E-003	4.29557061935339872E-003	3.24211236899917422E-003	1.05345825035422580E-003	2.40246230551978976E-003	1.71414085732185051E-003	-1	6.88321448197939251E-004	-1	OK
87.000000000000000	6.58800405852401870E-003	4.22638915408768932E-003	3.19021254222596074E-003	1.03617661186172880E-003	2.36161490443632938E-003	1.68480108755712766E-003	-1	6.76813816879201719E-004	-1	OK
87.250000000000000	6.48006708978503786E-003	4.15849904528193051E-003	3.13927605904981743E-003	1.01922298623211417E-003	2.32156804450310691E-003	1.65603920248713968E-003	-1	6.65528842015967233E-004	-1	OK
87.500000000000000	6.37417690093742759E-003	4.09187330654969469E-003	3.08928264085304343E-003	1.00259066569665083E-003	2.28230359438773289E-003	1.62784204312244854E-003	-1	6.54461551265284351E-004	-1	OK
87.750000000000000	6.27034737976912056E-003	4.02648502824055898E-003	3.04021234174210557E-003	9.86272686498453413E-004	2.24386235152856158E-003	1.60019653818145135E-003	-1	6.43665813347110228E-004	-1	OK
88.000000000000000	6.16841741487034537E-003	3.96230779696584400E-003	2.99204566460444226E-003	9.70262132361401409E-004	2.20610961790450094E-003	1.57308976796377499E-003	-1	6.33019849940725946E-004	-1	OK
88.250000000000000	6.06840442723917666E-003	3.89931574289991345E-003	2.94476356047874933E-003	9.54552182421164550E-004	2.16908868433926321E-003	1.54651004390552100E-003	-1	6.22578640433742213E-004	-1	OK
88.500000000000000	5.96999595613090933E-003	3.83748372553424470E-003	2.89834749960862347E-003	9.39136225925622206E-004	2.13251223059666463E-003	1.52044671317456623E-003	-1	6.12065517422098401E-004	-1	OK
88.750000000000000	5.87369946574319013E-003	3.77678759192953163E-003	2.85277947179088777E-003	9.24008120138644184E-004	2.09691187381365893E-003	1.49488740918665361E-003	-1	6.02024464627005321E-004	-1	OK
89.000000000000000	5.77919972838636387E-003	3.71720377339732413E-003	2.80804188407702019E-003	9.09161889320303398E-004	2.06199595498903973E-003	1.46982187606837437E-003	-1	5.92174078920665358E-004	-1	OK
89.250000000000000	5.68645857325241963E-003	3.65870900538947316E-003	2.76411747915580961E-003	8.94591526233664202E-004	2.02774956786294690E-003	1.44523958553476940E-003	-1	5.82509982328177503E-004	-1	OK
89.500000000000000	5.59543872180917959E-003	3.60128058157150894E-003	2.72098941680498771E-003	8.80291164766520257E-004	1.99415814023767022E-003	1.42113015763917997E-003	-1	5.73027982598490245E-004	-1	OK
89.750000000000000	5.50610445656533800E-003	3.54489631411081425E-003	2.67864122371367763E-003	8.66255090397136411E-004	1.96120814245452375E-003	1.39748331974654774E-003	-1	5.63724822707976003E-004	-1	OK
90.000000000000000	5.41842229014939582E-003	3.48953456911793971E-003	2.63705686494251999E-003	8.52477704175420912E-004	1.92888772103145590E-003	1.37428901697054704E-003	-1	5.54598704060908863E-004	-1	OK
90.250000000000000	5.33229078541038945E-003	3.43517429784031235E-003	2.59622066030230003E-003	8.38953637538011670E-004	1.89711648757007732E-003	1.35153738771345887E-003	-1	5.45579099856618446E-004	-1	OK
90.500000000000000	5.24780511420421675E-003	3.38179493088533586E-003	2.55611731569136249E-003	8.25677615193972508E-004	1.86601018331888045E-003	1.32921886491684654E-003	-1	5.36791318402033910E-004	-1	OK
90.750000000000000	5.16492314624598069E-003	3.32937659287053413E-003	2.51673192137140400E-003	8.12644671499130559E-004	1.83554655337544634E-003	1.30732415110369998E-003	-1	5.28222402271746362E-004	-1	OK
91.000000000000000	5.08349730800795267E-003	3.27789959766913892E-003	2.47804983185405479E-003	7.99849765815084136E-004	1.80559771033881353E-003	1.28584411037379557E-003	-1	5.19753599965017956E-004	-1	OK
91.250000000000000	5.00355493336891548E-003	3.22734461680419110E-003	2.44005671245409259E-003	7.87287904350099160E-004	1.77621031656472459E-003	1.26476980276114728E-003	-1	5.11440513803577317E-004	-1	OK
91.500000000000000	4.92506510037834730E-003	3.17769284277198173E-003	2.40273858034913568E-003	7.74954262422846807E-004	1.74737225760636600E-003	1.24409264030824330E-003	-1	5.03279617298122697E-004	-1	OK
91.750000000000000	4.84800036653083074E-003	3.12892586993372733E-003	2.36608177313983765E-003	7.62844096793889896E-004	1.71907449659710341E-003	1.22380423548129223E-003	-1	4.95270261115811176E-004	-1	OK
92.000000000000000	4.77232932659885350E-003	3.08102558829693833E-003	2.33007289681686240E-003	7.50952691480075607E-004	1.69130373830191495E-003	1.20389931557743162E-003	-1	4.87404422724483331E-004	-1	OK
92.250000000000000	4.69802354680065246E-003	3.03397440037019885E-003	2.29469892474279315E-003	7.39275475627405583E-004	1.66404914643045361E-003	1.18436678720277850E-003	-1	4.79682359227675105E-004	-1	OK
92.500000000000000	4.62505648887255073E-003	2.98775531962195600E-003	2.25994713080601836E-003	7.27808188815937205E-004	1.63730116925059474E-003	1.16519876188690024E-003	-1	4.72102407363694495E-004	-1	OK
92.750000000000000	4.55339984794950019E-003	2.94235151717715283E-003	2.22580505365327971E-003	7.16546463523871826E-004	1.61104833077234757E-003	1.14638780291302970E-003	-1	4.64660527859317874E-004	-1	OK
93.000000000000000	4.48302765064763006E-003	2.89774671336022775E-003	2.19226054539792227E-003	7.05486167962304398E-004	1.58528093728740188E-003	1.12792596915263434E-003	-1	4.57354968134767543E-004	-1	OK
93.250000000000000	4.41388033734788597E-003	2.85392492926343343E-003	2.15930171291984097E-003	6.94623216343592787E-004	1.55995540808445297E-003	1.10980571281010039E-003	-1	4.50149695274352580E-004	-1	OK
93.500000000000000	4.34599822378255608E-003	2.81087075963377822E-003	2.12691696692628900E-003	6.83953792707488683E-004	1.53512746414877807E-003	1.09201996387710211E-003	-1	4.43107500271675957E-004	-1	OK
93.750000000000000	4.27932328782940595E-003	2.76856901178779754E-003	2.09509493962138811E-003	6.73474072166409753E-004	1.51075427604160819E-003	1.07456204167274234E-003	-1	4.36192234368865854E-004	-1	OK
94.000000000000000	4.21383103693214432E-003	2.72700467712523511E-003	2.06382447666492424E-003	6.63180200460310653E-004	1.48682635980690878E-003	1.05742511716394095E-003	-1	4.29401242642967829E-004	-1	OK
94.250000000000000	4.14949646153906469E-003	2.68616299871202039E-003	2.03309465598861764E-003	6.53068342723403181E-004	1.46333346282704431E-003	1.04060232495730852E-003	-1	4.22731137869735785E-004	-1	OK
94.500000000000000	4.08629408362484736E-003	2.64602951946385327E-003	2.00289480638355310E-003	6.43134713080300495E-004	1.44026456416099387E-003	1.02408721801166896E-003	-1	4.16177346149324912E-004	-1	OK
94.750000000000000	4.02420470504402661E-003	2.60659041336807826E-003	1.97321455192853374E-003	6.33375861439544521E-004	1.41761429167594813E-003	1.00787348392819835E-003	-1	4.09740807747749781E-004	-1	OK
95.000000000000000	3.96320590769596009E-003	2.56783198273453266E-003	1.94404369959888610E-003	6.23788283135646450E-004	1.39537392496142743E-003	9.91954768557920400E-004	-1	4.03419156403507029E-004	-1	OK
95.250000000000000	3.90327602113552628E-003	2.52974093914509323E-003	1.91537231055836270E-003	6.14368628586730746E-004	1.37353508199043327E-003	9.76325015973852775E-004	-1	3.97210066016580494E-004	-1	OK
95.500000000000000	3.84439373126299350E-003	2.49230414602999179E-003	1.88719062753385253E-003	6.05113518496139149E-004	1.35208958523300171E-003	9.60978832485749417E-004	-1	3.91110752747252295E-004	-1	OK
95.750000000000000	3.78651114850852601E-003	2.45550875788687079E-003	1.85948911217041529E-003	5.96019645716454956E-004	1.33100239062165500E-003	9.45909445988046393E-004	-1	3.85092944633608604E-004	-1	OK
96.000000000000000	3.72966239469508772E-003	2.41934229400196307E-003	1.83225845904032053E-003	5.87083834961641782E-004	1.31032010069312465E-003	9.31110431537651826E-004	-1	3.79209669155472820E-004	-1	OK
96.250000000000000	3.67380001355308624E-003	2.38379250747338886E-003	1.80548953532375231E-003	5.78302972149637531E-004	1.29000750607969760E-003	9.16577477239587709E-004	-1	3.73430028840109887E-004	-1	OK
96.500000000000000	3.61890429756879213E-003	2.34884733527224686E-003	1.77917341499990618E-003	5.69673920272341112E-004	1.27005696229654528E-003	9.02305176379741706E-004	-1	3.67751785916803570E-004	-1	OK
96.750000000000000	3.56495649185947349E-003	2.31449503960399865E-003	1.75330136271875246E-003	5.61193676885246291E-004	1.25046145225547506E-003	8.88288600226190030E-004	-1	3.62172852029285031E-004	-1	OK
97.000000000000000	3.51193855686467160E-003	2.28072406854827950E-003	1.72786483574322524E-003	5.52859232805054152E-004	1.23121448831639189E-003	8.74522221073664556E-004	-1	3.56692267242727330E-004	-1	OK
97.250000000000000	3.45983264753286363E-003	2.24752346030419837E-003	1.70285553483790061E-003	5.44667925466297545E-004	1.21230918722866547E-003	8.61000970441541690E-004	-1	3.51308216787123780E-004	-1	OK
97.500000000000000	3.40862034185072764E-003	2.21488220274769672E-003	1.67826526273063517E-003	5.36616940017061220E-004	1.19373813910303114E-003	8.47719903143317219E-004	-1	3.46018235959713919E-004	-1	OK
97.750000000000000	3.35824304990615247E-003	2.18278947518216670E-003	1.65408600948734855E-003	5.28703465694818045E-004	1.17545357472398576E-003	8.34674184969069126E-004	-1	3.40779389754916639E-004	-1	OK
98.000000000000000	3.30876581163208009E-003	2.15123480492986595E-003	1.63030994507108013E-003	5.20924859858785927E-004	1.15753100670221393E-003	8.21859130612667254E-004	-1	3.35671876089546671E-004	-1	OK
98.250000000000000	3.26013095858956360E-003	2.12020778390812660E-003	1.60692939416477417E-003	5.13278389743352108E-004	1.13992317468143700E-003	8.09270177389452799E-004	-1	3.30652997291984202E-004	-1	OK
98.500000000000000	3.21232201858156130E-003	2.08969844614803569E-003	1.58393689095757810E-003	5.05761555190457923E-004	1.12262357243352560E-003	7.96902744281930623E-004	-1	3.25720828151594981E-004	-1	OK
98.750000000000000	3.16540419568006083E-003	2.05969690710125497E-003	1.56132509126011439E-003	4.98371815841140470E-004	1.10570728857880608E-003	7.84753063655164594E-004	-1	3.20954224923641483E-004	-1	OK
99.000000000000000	3.11919825842887216E-003	2.03019366918961216E-003	1.53908686702756785E-003	4.91106802162043546E-004	1.08900458923925979E-003	7.72818424795679738E-004	-1	3.16186164443580048E-004	-1	OK
99.250000000000000	3.07377135917969151E-003	2.00117947338965610E-003	1.51721521532527902E-003	4.83964258064376865E-004	1.07259188579003520E-003	7.61093596974297807E-004	-1	3.11498288815737390E-004	-1	OK
99.500000000000000	3.02910659047674145E-003	1.97264503205759126E-003	1.49570324917459494E-003	4.76941782882996156E-004	1.05646155841914997E-003	7.49573050686407885E-004	-1	3.06888507732742087E-004	-1	OK
99.750000000000000	2.98519127609518480E-003	1.94458134968979656E-003	1.47454423726472235E-003	4.70037112425074159E-004	1.04060992640538801E-003	7.38252356541667940E-004	-1	3.02357569863720074E-004	-1	OK
100.00000000000000	2.94206469856824523E-003	1.91697950271001952E-003	1.45373156662212226E-003	4.63247936087896669E-004	1.02508519585822570E-003	7.27128030674480596E-004	-1	2.97957165183745107E-004	-1	OK
