#pt	totcs	totdirect	directLO	directNLO	totfrag	fragLO	err_fragLO	fragNLO	err_fragNLO	errmess
0.50000000000000000	294444281.92713737	-102421384.42796339	29487827.201577660	-131909211.62954105	396865666.35510075	214136704.60914126	-1	182728961.74595949	-1	Error
0.75000000000000000	85215695.006650805	-18030253.398945510	11175431.806082929	-29205685.205028437	103245948.40559632	53719441.605698705	-1	49526506.799897611	-1	Error
1.0000000000000000	27497148.752587710	-4353319.9939422086	4548696.1086106943	-8902016.1025529038	31850468.746529918	16923220.510672133	-1	14927248.235857785	-1	Error
1.2500000000000000	10546994.282000184	-1243859.3441647124	2079976.2252194884	-3323835.5693842014	11790853.626164896	6488816.7157645272	-1	5302036.9104003692	-1	Error
1.5000000000000000	4723776.9297068091	-380617.57172096707	1049804.0662562584	-1430421.6379772262	5104394.5014277762	2888808.6439072723	-1	2215585.8575205039	-1	Error
1.7500000000000000	2387201.4858278977	-111469.69329070509	576239.01696624444	-687708.71025694953	2498671.1791186030	1431908.0759463210	-1	1066763.1031722820	-1	Error
2.0000000000000000	1316700.5881583479	-21806.669149502413	337593.17051002372	-359399.83965952630	1338507.2573078503	769699.18500520056	-1	568808.07230264973	-1	Error
2.2500000000000000	773159.58718117210	7874.9425463101361	208433.38033483020	-200558.43778851992	765284.64463486196	443118.15554106265	-1	322166.48909379932	-1	Error
2.5000000000000000	478095.71842669073	16344.079121163988	134343.78193591067	-117999.70281474669	461751.63930552674	269309.30364218692	-1	192442.33566333982	-1	Error
2.7500000000000000	308202.04130569904	17226.565816739050	89745.205639139720	-72518.639822400670	290975.47548895999	171171.20133666394	-1	119804.27415229604	-1	Error
3.0000000000000000	206542.99218345029	15576.056705194438	61801.170085413774	-46225.113380219365	190966.93547825585	112896.97426202531	-1	78069.961216230542	-1	Error
3.2500000000000000	142704.53955758933	13286.866330210803	43680.766549471722	-30393.900219260911	129417.67322737853	76834.495719118349	-1	52583.177508260182	-1	Error
3.5000000000000000	101244.65945921873	11051.368963484209	31577.120926318439	-20525.751962834231	90193.290495734531	53639.825039240990	-1	36553.465456493541	-1	Error
3.7500000000000000	73380.429827817512	9094.1572236629436	23281.695668588465	-14187.538444925527	64286.272604154561	38300.687824325178	-1	25985.584779829383	-1	Error
4.0000000000000000	54256.162551516813	7458.4577202717373	17466.935134411455	-10008.477414139716	46797.704831245072	27884.035168225710	-1	18913.669663019362	-1	OK
4.2500000000000000	40794.413635889839	6120.4690722151536	13309.113787845796	-7188.6447156306522	34673.944563674690	20672.633465440380	-1	14001.311098234310	-1	OK
4.5000000000000000	31161.121996093749	5035.9265363286286	10282.593190333171	-5246.6666540045417	26125.195459765120	15568.248968168802	-1	10556.946491596318	-1	OK
4.7500000000000000	24133.887031275619	4159.4242173890816	8044.0643827888516	-3884.6401653997718	19974.462813886537	11893.539960227581	-1	8080.9228536589562	-1	OK
5.0000000000000000	18921.257252576721	3450.7358824075200	6364.3321421057162	-2913.5962596981944	15470.521370169201	9216.7377401769027	-1	6253.7836299922983	-1	OK
5.2500000000000000	14988.853290446943	2876.3549798794402	5087.3338860588310	-2210.9789061793917	12112.498310567502	7216.8293094636128	-1	4895.6690011038891	-1	OK
5.5000000000000000	11997.651833178497	2409.1726712627406	4104.8911202510899	-1695.7184489883498	9588.4791619157568	5710.7646977499862	-1	3877.7144641657706	-1	OK
5.7500000000000000	9697.1248735338486	2027.6332313538796	3340.8077485325180	-1313.1745171786386	7669.4916421799680	4562.8156124804991	-1	3106.6760296994689	-1	OK
6.0000000000000000	7896.2569833824673	1714.6317182826415	2740.5850006750911	-1025.9532823924490	6181.6252650998258	3679.8045394097562	-1	2501.8207256900696	-1	OK
6.2500000000000000	6486.3036647748959	1456.6349320648246	2264.7146613974733	-808.07972933264864	5029.6687327100717	2991.2583879946510	-1	2038.4103447154207	-1	OK
6.5000000000000000	5366.4934274167526	1242.9665081867597	1884.2057131746735	-641.23920498791313	4123.5269192299929	2449.9848751655022	-1	1673.5420440644907	-1	OK
6.7500000000000000	4469.5439318111330	1065.1801757227036	1577.5354186039999	-512.35524288129704	3404.3637560884299	2020.8440965894983	-1	1383.5196594989316	-1	OK
7.0000000000000000	3742.8591477665841	916.56801200904943	1328.5532066325641	-411.98519462351470	2826.2911357575344	1674.4237565991602	-1	1151.8673791583742	-1	OK
7.2500000000000000	3155.0906309649799	791.78692099995283	1125.0187420358604	-333.23182103590790	2363.3037099650269	1398.4432034250356	-1	964.86050653999132	-1	OK
7.5000000000000000	2674.3198918388280	686.56243287914253	957.56840406025105	-271.00597118110863	1987.7574589596852	1174.6597099472669	-1	813.09774901241826	-1	OK
7.7500000000000000	2281.2664500526657	597.45911475847151	818.97662063841358	-221.51750587994204	1683.8073352941942	991.95907970048177	-1	691.84825559371245	-1	OK
8.0000000000000000	1951.6603464320406	521.70368744820166	703.62256366059182	-181.91887621239007	1429.9566589838389	841.87058677843515	-1	588.08607220540375	-1	OK
8.2500000000000000	1677.7451069685403	457.04812281522084	607.10051860580211	-150.05239579058153	1220.6969841533194	717.77211544223564	-1	502.92486871108372	-1	OK
8.5000000000000000	1448.3711840560727	401.66177848407722	525.93172962792767	-124.26995114385055	1046.7094055719954	614.70499557653136	-1	432.00440999546402	-1	OK
8.7500000000000000	1255.2819287431550	354.04632909292280	457.35125431064819	-103.30492521772531	901.23559965023230	528.68130763289787	-1	372.55429201733443	-1	OK
9.0000000000000000	1092.0499516206846	312.97120724632464	399.14809222856735	-86.176884982242697	779.07874437435999	456.51854599145923	-1	322.56019838290075	-1	OK
9.2500000000000000	953.43258028944035	277.42134287029614	349.54308807761026	-72.121745207314120	676.01123741914421	395.67742138444834	-1	280.33381603469587	-1	OK
9.5000000000000000	835.21505481164979	246.55625598926213	307.09654250552512	-60.540286516263009	588.65879882238767	344.15970012408638	-1	244.49909869830128	-1	OK
9.7500000000000000	733.97525316812880	219.67727850451871	270.63711279821689	-50.959834293698158	514.29797466361003	300.37651104226563	-1	213.92146362134440	-1	OK
10.000000000000000	646.95647867980097	196.20152201942159	239.20694679725278	-43.005424777831294	450.75495666037932	263.00425006972353	-1	187.75070659065580	-1	OK
10.250000000000000	571.91108838024491	175.64062754963115	212.01885263137333	-36.378225081742180	396.27046083061379	230.98653294375390	-1	165.28392788685989	-1	OK
10.500000000000000	506.96242267180253	157.58459001083045	188.42305724768696	-30.838467236856538	349.37783266097210	203.45686702962388	-1	145.92096563134822	-1	OK
10.750000000000000	450.37570753538910	141.68700683094190	167.88063835160401	-26.193631520662091	308.68870070444723	179.70848975143775	-1	128.98021095300948	-1	OK
11.000000000000000	401.29367253403393	127.65536076032359	149.94294535696250	-22.287584596638869	273.63831177371037	159.15670344467179	-1	114.48160832903858	-1	OK
11.250000000000000	358.43559148855877	115.24071327480473	134.23476154829800	-18.994048273493288	243.19487821375401	141.31756021959001	-1	101.87731799416400	-1	OK
11.500000000000000	320.90391413509701	104.23164780121708	120.44127784545833	-16.209630044241244	216.67226633387995	125.79072505831826	-1	90.881541275561688	-1	OK
11.750000000000000	287.93895331356129	94.447217757868330	108.29722941284767	-13.850011654979305	193.49173555569297	112.23528919183481	-1	81.256446363858160	-1	OK
12.000000000000000	258.90858709491317	85.732662115963805	97.578409068182310	-11.845746952218532	173.17592497894935	100.36779493305477	-1	72.808130045894586	-1	OK
12.250000000000000	233.28080729674886	77.954960204440255	88.094633397437065	-10.139673192996817	155.32584709230861	89.949771532064318	-1	65.376075560244288	-1	OK
12.500000000000000	210.60282221062002	70.999549222897599	79.684059251300866	-8.6845100284032437	139.60327298772242	80.779833245743347	-1	58.823439741979072	-1	OK
12.750000000000000	190.48632627967947	64.767535993736345	72.208555544482067	-7.4410195507457608	125.71879028594311	72.688329566193417	-1	53.030460719749698	-1	OK
13.000000000000000	172.60442489023950	59.173272686565248	65.549802425537010	-6.3765297389717750	113.43115220367426	65.533031773518672	-1	47.898120430155586	-1	OK
13.250000000000000	156.62023043011283	54.142448214846681	59.606209277484112	-5.4637610626374080	102.47778221526616	59.191313432235759	-1	43.286468783030401	-1	OK
13.500000000000000	142.40296766831955	49.610431126786004	54.290350978057432	-4.6799198512714337	92.792536541533551	53.557821678574648	-1	39.234714862958903	-1	OK
13.750000000000000	129.68737222151697	45.520875182955528	49.526764118721438	-4.0058889357659488	84.166497038561431	48.543544048980785	-1	35.622952989580646	-1	OK
14.000000000000000	118.29160543892115	41.824600176034330	45.250130124831600	-3.4255299487972648	76.467005262886829	44.071515599107819	-1	32.395489663779010	-1	OK
14.250000000000000	108.06288904693835	38.478472279293882	41.403765355116818	-2.9252930758229332	69.584416767644470	40.075405640077449	-1	29.509011127567021	-1	OK
14.500000000000000	98.863621404750589	35.444724337460983	37.938383253955720	-2.4936589164947454	63.418897067289606	36.498099323297822	-1	26.920797743991784	-1	OK
14.750000000000000	90.524277255883959	32.690097517193252	34.811001170071521	-2.1209036528782828	57.834179738690700	33.290400961641083	-1	24.543778777049617	-1	OK
15.000000000000000	83.049288666136206	30.185322756681249	31.984072534236631	-1.7987497775553913	52.863965909454961	30.414936739762496	-1	22.449029169692466	-1	OK
15.250000000000000	76.292179492521001	27.904560896156479	29.424714958106495	-1.5201540619500264	48.387618596364518	27.820222359901511	-1	20.567396236463008	-1	OK
15.500000000000000	70.174635823137052	25.824953415523574	27.104073754230992	-1.2791203387074122	44.349682407613479	25.482317574167958	-1	18.867364833445521	-1	OK
15.750000000000000	64.627958359658820	23.926287635671006	24.996784486999470	-1.0704968513284667	40.701670723987810	23.371493305839063	-1	17.330177418148747	-1	OK
16.000000000000000	59.591302347718667	22.190588003292056	23.080490900070416	-0.88990289677836798	37.400714344426611	21.462835406250676	-1	15.937878938175935	-1	OK
16.250000000000000	55.011428960918593	20.601906742453377	21.335467914858878	-0.73356117240550311	34.409522218465220	19.734475562337362	-1	14.675046656127858	-1	OK
16.500000000000000	50.841380910445089	19.146040544686240	19.744269192984241	-0.59822864829799938	31.695340365758849	18.166567798177844	-1	13.528772567581004	-1	OK
16.750000000000000	47.038898622140920	17.810304612080060	18.291436790004930	-0.48113217792486773	29.228594010060863	16.742033645323566	-1	12.486560364737297	-1	OK
17.000000000000000	43.567518383389043	16.583409144902987	16.963261146435883	-0.37985200153289406	26.984109238486052	15.446726180849524	-1	11.537383057636529	-1	OK
17.250000000000000	40.394293797296591	15.455222354066084	15.747545392388618	-0.29232303832253126	24.939071443230507	14.267359710454256	-1	10.671711732776251	-1	OK
17.500000000000000	37.489946168617706	14.416676993809178	14.633434904546021	-0.21675791073684683	23.073269174808530	13.192057474179292	-1	9.8812117006292386	-1	OK
17.750000000000000	34.828740285248500	13.459664272490588	13.611250893797955	-0.15158662130737133	21.369076012757915	12.210466725670003	-1	9.1586092870879128	-1	OK
18.000000000000000	32.387436427510117	12.576856134823489	12.672338865227619	-9.54827304041334368E-002	19.810580292686627	11.312903447931008	-1	8.4976768447556186	-1	OK
18.250000000000000	30.145316862479113	11.761683510691805	11.808964377005335	-4.72808663135336343E-002	18.383633351787307	10.491405393778800	-1	7.8922279580085064	-1	OK
18.500000000000000	28.083268235479089	11.008244838503552	11.014199208680617	-5.95437017707222457E-003	17.075023396975539	9.7388845081607851	-1	7.3361388888147534	-1	OK
18.750000000000000	26.185108276189503	10.311189460985874	10.281822116185756	2.93673448001178124E-002	15.873918815203631	9.0487789166977457	-1	6.8251398985058849	-1	OK
19.000000000000000	24.436323677989463	9.6656975922943857	9.6062478906983539	5.94497015960356937E-002	14.770626085695080	8.4153677998267824	-1	6.3552582858682971	-1	OK
19.250000000000000	22.812765498783477	9.0674250759501973	8.9824531920471617	8.49718839030372264E-002	13.745340422833280	7.8332033489522042	-1	5.9121370738810759	-1	OK
19.500000000000000	21.324807397513876	8.5124151235475125	8.4059080780386530	0.10650704550886210	12.812392273966363	7.2976161996417384	-1	5.5147760743246250	-1	OK
19.750000000000000	19.949756229097254	7.9970935365442157	7.8725305647836281	0.12456297176058582	11.952662692553039	6.8044040659830296	-1	5.1482586265700094	-1	OK
20.000000000000000	18.678738363764225	7.5182291361524136	7.3786360413069838	0.13959309484543142	11.160509227611810	6.3497234498833093	-1	4.8107857777285004	-1	OK
20.250000000000000	17.501223989086039	7.0728701491788639	6.9208884667767947	0.15198168240207099	10.428353839907174	5.9301736873002797	-1	4.4981801526068947	-1	OK
20.500000000000000	16.410177135411107	6.6583373981210423	6.4962698614322596	0.16206753668878271	9.7518397372900640	5.5427028054425911	-1	4.2091369318474730	-1	OK
20.750000000000000	15.398422369619485	6.2722011807531901	6.1020460287055256	0.17015515204766629	9.1262211888662943	5.1845139598359955	-1	3.9417072290302988	-1	OK
21.000000000000000	14.459396248101459	5.9122314085313388	5.7357295739245124	0.17650183460682572	8.5471648395701205	4.8530833828781414	-1	3.6940814566919791	-1	OK
21.250000000000000	13.587090145630528	5.5763988833515405	5.3950648551171785	0.18133402823436109	8.0106912622789874	4.5461552211987533	-1	3.4645360410802342	-1	OK
21.500000000000000	12.775995576791473	5.2628571022637960	5.0780028540607285	0.18485424820306751	7.5131384745276772	4.2616768156648117	-1	3.2514616588628655	-1	OK
21.750000000000000	12.021393432012998	4.9699164457074900	4.7826774651071000	0.18723898060039043	7.0514769863055076	3.9977931676498653	-1	3.0536838186556423	-1	OK
22.000000000000000	11.318724469266030	4.6960276139422437	4.5073872778019979	0.18864033614024658	6.6226968553237855	3.7528043211971238	-1	2.8698925341266617	-1	OK
22.250000000000000	10.663910339306430	4.4397735776136411	4.2505810514859528	0.18919252612768706	6.2241367616927885	3.5251968780842415	-1	2.6989398836085470	-1	OK
22.500000000000000	10.053366058392168	4.1998599797474601	4.0108429976850548	0.18901698206240553	5.8535060786447080	3.3135844598038133	-1	2.5399216188408946	-1	OK
22.750000000000000	9.4833666976156454	3.9750935417932554	3.7868778463532675	0.18821569543998967	5.5082731558223896	3.1166475422469149	-1	2.3916256135754748	-1	OK
23.000000000000000	8.9510635884323868	3.7643804890809656	3.5775012012856102	0.18687928779535457	5.1866830993514217	2.9332479545776979	-1	2.2534351447737238	-1	OK
23.250000000000000	8.4536257182574879	3.5667184761540973	3.3816289293741302	0.18508954677996756	4.8869072421033906	2.7623306234551221	-1	2.1245766186482684	-1	OK
23.500000000000000	7.9883796572570684	3.3811838882521550	3.1982669357019544	0.18291695255020182	4.6071957690049130	2.6029281125419614	-1	2.0042676564629516	-1	OK
23.750000000000000	7.5529576640107017	3.2069244792127662	3.0265028680728814	0.18042161113988406	4.3460331847979354	2.4541640617312486	-1	1.8918691230666869	-1	OK
24.000000000000000	7.1451207701243522	3.0431580467292272	2.8654997714718591	0.17765827525736747	4.1019627233951246	2.3152332825667425	-1	1.7867294408283820	-1	OK
24.250000000000000	6.7629712530459498	2.8891633269162633	2.7144883066202783	0.17467502029598450	3.8738079261296865	2.1853989054643459	-1	1.6884090206653406	-1	OK
24.500000000000000	6.4046205498933171	2.7442728325736692	2.5727605300951049	0.17151230247856539	3.6603477173196479	2.0639860960702383	-1	1.5963616212494096	-1	OK
24.750000000000000	6.0684155747690260	2.6078728696848810	2.4396653315728498	0.16820753811203015	3.4605427050841451	1.9503760219803590	-1	1.5101666831037861	-1	OK
25.000000000000000	5.7527110169873517	2.4793939880174998	2.3146023352048277	0.16479165281267019	3.2733170289698523	1.8440009031789937	-1	1.4293161257908586	-1	OK
25.250000000000000	5.4561082211279164	2.3583116689431103	2.1970184978229135	0.16129317112019642	3.0977965521848065	1.7443382539079084	-1	1.3534582982768981	-1	OK
25.500000000000000	5.1773575299742376	2.2441392199373951	2.0864031277959367	0.15773609214145834	2.9332183100368421	1.6509058963556504	-1	1.2823124136811916	-1	OK
25.750000000000000	4.9152148055529370	2.1364253595894898	1.9822845851032855	0.15414077448620411	2.7787894459634472	1.5632572758230203	-1	1.2155321701404269	-1	OK
26.000000000000000	4.6685068741498394	2.0347520615908978	1.8842271944451709	0.15052486714572694	2.6337548125589421	1.4809914610132171	-1	1.1527633515457250	-1	OK
26.250000000000000	4.4362119230990693	1.9387327887620267	1.7918282550984008	0.14690453366362555	2.4974791343370430	1.4037454244952685	-1	1.0937337098417745	-1	OK
26.500000000000000	4.2158035915606362	1.8480076857830035	1.7047148735897759	0.14329281219322768	2.3677959057776330	1.3311306981734168	-1	1.0366652076042162	-1	OK
26.750000000000000	4.0096385668441776	1.7622424302640547	1.6225417394179793	0.13970069084607487	2.2473961365801225	1.2628603995406444	-1	0.98453573703947805	-1	OK
27.000000000000000	3.8152169454639759	1.6811275821146110	1.5449891281489407	0.13613845396567101	2.1340893633493647	1.1986396291868477	-1	0.93544973416251698	-1	OK
27.250000000000000	3.6317771431747907	1.6043748591381330	1.4717603547002327	0.13261450443790018	2.0274022840366577	1.1381907699766951	-1	0.88921151405996257	-1	OK
27.500000000000000	3.4585985934240986	1.5317155841416779	1.4025801704643914	0.12913541367728629	1.9268830092824210	1.0812649743393337	-1	0.84561803494308729	-1	OK
27.750000000000000	3.2950334957782257	1.4629006873335788	1.3371931553265548	0.12570753200702423	1.8321328084446469	1.0276268619511129	-1	0.80450594649353402	-1	OK
28.000000000000000	3.1404691663256639	1.3976976197119564	1.2753618155282982	0.12233580418365783	1.7427715466137075	0.97706525585494508	-1	0.76570629075876240	-1	OK
28.250000000000000	2.9943430815571768	1.3358894436828153	1.2168653502957310	0.11902409338708413	1.6584536378743613	0.92937766036710623	-1	0.72907597750725506	-1	OK
28.500000000000000	2.8561384646492565	1.2772742799860277	1.1614984798923080	0.11577580009371993	1.5788641846632290	0.88438153949624487	-1	0.69448264516698410	-1	OK
28.750000000000000	2.7253660148390866	1.2216634374383308	1.1090700487019260	0.11259338873640405	1.5037025774007557	0.84190831626926299	-1	0.66179426113149276	-1	OK
29.000000000000000	2.6015728639204174	1.1688812219688072	1.0594020411494272	0.10947918081938021	1.4326916419516103	0.80178536291346514	-1	0.63090627903814511	-1	OK
29.250000000000000	2.4843318872936067	1.1187628004024579	1.0123284141310611	0.10643438627139679	1.3655690868911490	0.76387365004311281	-1	0.60169543684803617	-1	OK
29.500000000000000	2.3732419708669434	1.0711546081722143	0.96769449006493458	0.10346011810727955	1.3020873626947291	0.72803442252268269	-1	0.57405294017204644	-1	OK
29.750000000000000	2.2677685339835070	1.0259127895867171	0.92535591088798430	0.10055687869873239	1.2418557443967899	0.69413223047357242	-1	0.54772351392321750	-1	OK
30.000000000000000	2.1679178466280424	0.98290325621127606	0.88517800674353775	9.77252494677381400E-002	1.1850145904167662	0.66205553517161553	-1	0.52295905524515063	-1	OK
30.250000000000000	2.0731860179247801	0.94200019288780934	0.84703485511700338	9.49653377708062907E-002	1.1311858250369708	0.63169291069670841	-1	0.49949291434026244	-1	OK
30.500000000000000	1.9832753573516491	0.90308544545199021	0.81080874286846139	9.22767025835287968E-002	1.0801899118996590	0.60293986393647125	-1	0.47725004796318771	-1	OK
30.750000000000000	1.8979096479732871	0.86604855235697764	0.77638967246781476	8.96588798891627820E-002	1.0318610956163095	0.57569979176329278	-1	0.45616130385301668	-1	OK
31.000000000000000	1.8168246831919457	0.83078599066825476	0.74367475726502863	8.71112334032262819E-002	0.98603869252369092	0.54988388785595443	-1	0.43615480466773648	-1	OK
31.250000000000000	1.7397912501314976	0.79720063609175984	0.71256767933356779	8.46329567581920322E-002	0.94259061403973787	0.52540605788681582	-1	0.41718455615292205	-1	OK
31.500000000000000	1.6665481061716729	0.76520131360876587	0.68297818494183815	8.22231286669276723E-002	0.90134679256290706	0.50218472407417591	-1	0.39916206848873115	-1	OK
31.750000000000000	1.5968955474195212	0.73470217459396769	0.65482168547606101	7.98804891179067666E-002	0.86219337282555364	0.48015188125662672	-1	0.38204149156892692	-1	OK
32.000000000000000	1.5306343181844069	0.70562303593437092	0.62801899761157909	7.76040383227918212E-002	0.82501128225003584	0.45923756465934451	-1	0.36577371759069133	-1	OK
32.250000000000000	1.4675784872158659	0.67788831931079185	0.60249579278479926	7.53925265259924177E-002	0.78969016790507407	0.43937653940705695	-1	0.35031362849801712	-1	OK
32.500000000000000	1.4075470669837720	0.65142679977811735	0.57818229867605220	7.32445011020650821E-002	0.75612026720565462	0.42050726557739160	-1	0.33561300162826302	-1	OK
32.750000000000000	1.3498398634042772	0.62617155022603765	0.55501301960163218	7.11585306244053584E-002	0.72366831317823954	0.40257285811423793	-1	0.32109545506400161	-1	OK
33.000000000000000	1.2947235513916038	0.60205976453578480	0.53292648919202168	6.91332753437631647E-002	0.69266378685581897	0.38552283993749514	-1	0.30714094691832383	-1	OK
33.250000000000000	1.2423287848873179	0.57903246663355301	0.51186497433794365	6.71674922956093934E-002	0.66329631825376489	0.36930807782829139	-1	0.29398824042547350	-1	OK
33.500000000000000	1.1929194378915289	0.55703383632139902	0.49177413436483219	6.52597019565667319E-002	0.63588560157012985	0.35388189745550125	-1	0.28200370411462861	-1	OK
33.750000000000000	1.1457954237867813	0.53601122424195513	0.47260286399813684	6.34083602438182403E-002	0.60978419954482632	0.33920067518617003	-1	0.27058352435865629	-1	OK
34.000000000000000	1.1008370075273803	0.51591504658008591	0.45430309777087896	6.16119488092069234E-002	0.58492196094729454	0.32522359978415077	-1	0.25969836116314376	-1	OK
34.250000000000000	1.0579318167531615	0.49669867112049521	0.43682961458804354	5.98690565324517462E-002	0.56123314563266635	0.31191234591853312	-1	0.24932079971413323	-1	OK
34.500000000000000	1.0169731127210480	0.47831814981577647	0.42013982789948862	5.81783219162877868E-002	0.53865496290527148	0.29923089960019694	-1	0.23942406330507454	-1	OK
34.750000000000000	0.97783599942048371	0.46073200919519391	0.40419361377204649	5.65383954231473973E-002	0.51710399022528986	0.28714526810726915	-1	0.22995872211802071	-1	OK
35.000000000000000	0.94018216156000090	0.44390091420707906	0.38895310971240854	5.49478044946705366E-002	0.49628124735292184	0.27562492688911616	-1	0.22065632046380568	-1	OK
35.250000000000000	0.90449466246913313	0.42778768685444052	0.37438256577459517	5.34051210798453940E-002	0.47670697561469261	0.26463888692326504	-1	0.21206808869142757	-1	OK
35.500000000000000	0.87038167718117498	0.41235702650345030	0.36044828647881416	5.19087400246359548E-002	0.45802465067772469	0.25369429479082006	-1	0.20433035588690462	-1	OK
35.750000000000000	0.83776502310767542	0.39757597498762831	0.34711859944576196	5.04573755418663006E-002	0.44018904812004711	0.24371734983859605	-1	0.19647169828145106	-1	OK
36.000000000000000	0.80653357553186955	0.38341361592959522	0.33436362184805019	4.90499940815450827E-002	0.42311995960227433	0.23419500212460770	-1	0.18892495747766663	-1	OK
36.250000000000000	0.77668158679382393	0.36984023705377900	0.32215502254509593	4.76852145086830159E-002	0.40684134974004493	0.22510284204497355	-1	0.18173850769507138	-1	OK
36.500000000000000	0.74811424164999263	0.35682775578557940	0.31046607062454185	4.63616851610375580E-002	0.39128648586441328	0.21641914711739743	-1	0.17486733874701585	-1	OK
36.750000000000000	0.72077007937025250	0.34434972421847510	0.29927151859330331	4.50782056251717231E-002	0.37642035515177741	0.20812268371788012	-1	0.16829767143389729	-1	OK
37.000000000000000	0.69458942262295198	0.33238089699344003	0.28854746503295747	4.38334319604824704E-002	0.36220852562951195	0.20019386567336678	-1	0.16201465995614517	-1	OK
37.250000000000000	0.66954299603426959	0.32089766188983859	0.27827137579098837	4.26262860988501496E-002	0.34864533414443094	0.19261437032648740	-1	0.15603096381794354	-1	OK
37.500000000000000	0.64552172684494491	0.30987759037790275	0.26842190452825127	4.14556858496514177E-002	0.33564413646704222	0.18536678056281453	-1	0.15027735590422769	-1	OK
37.750000000000000	0.62247831481027527	0.29929941113549841	0.25897883423315299	4.03205769023453897E-002	0.32317890367477692	0.17843421681081137	-1	0.14474468686396555	-1	OK
38.000000000000000	0.60041699337569987	0.28914276058429245	0.24992298765773471	3.92197729265577263E-002	0.31127423279140742	0.17180137942346296	-1	0.13947285336794446	-1	OK
38.250000000000000	0.57926626795824543	0.27938834713093480	0.24123621486293786	3.81521322679969910E-002	0.29987792082731068	0.16545535915920936	-1	0.13442256166810132	-1	OK
38.500000000000000	0.55892067801780265	0.27001788776380087	0.23290133450023276	3.71165532635681569E-002	0.28890279025400178	0.15937880094597037	-1	0.12952398930803141	-1	OK
38.750000000000000	0.53946611148408374	0.26101420939296371	0.22490209776967016	3.61121116232936065E-002	0.27845190209112008	0.15356171191484719	-1	0.12489019017627290	-1	OK
39.000000000000000	0.52079975833737313	0.25236090974321207	0.21722307913899785	3.51378306042141181E-002	0.26843884859416112	0.14798941194005391	-1	0.12044943665410721	-1	OK
39.250000000000000	0.50288531898067468	0.24404248655009822	0.20984965925879773	3.41928272913005482E-002	0.25884283243057649	0.14265064284644524	-1	0.11619218958413124	-1	OK
39.500000000000000	0.48568830189585355	0.23604412270374031	0.20276794288637570	3.32761798173646234E-002	0.24964417919211324	0.13753439126408673	-1	0.11210978792802651	-1	OK
39.750000000000000	0.46917540744379888	0.22835167450237190	0.19596474012265014	3.23869343797217740E-002	0.24082373294142698	0.13263020322189079	-1	0.10819352971953619	-1	OK
40.000000000000000	0.45331417654224726	0.22095172078071174	0.18942753385240244	3.15241869283093071E-002	0.23236245576153550	0.12792813771963771	-1	0.10443431804189779	-1	OK
40.250000000000000	0.43807522358957995	0.21383155682874547	0.18314445644924551	3.06871003794999229E-002	0.22424366676083446	0.12341874449749961	-1	0.10082492226333485	-1	OK
40.500000000000000	0.42343270895407037	0.20697915824323879	0.17710424304102720	2.98749152022115307E-002	0.21645355071083155	0.11909306108460603	-1	9.73604896262255243E-002	-1	OK
40.750000000000000	0.40935921701044231	0.20038295905093587	0.17129616881817830	2.90867902327575575E-002	0.20897625795950647	0.11494258643016668	-1	9.40336715293397934E-002	-1	OK
41.000000000000000	0.39582979419006226	0.19403208165231922	0.16571006359641696	2.83220180559023045E-002	0.20179771253774306	0.11095910123708543	-1	9.08386113006576373E-002	-1	OK
41.250000000000000	0.38282057406102371	0.18791612877697850	0.16033624247548739	2.75798863014910765E-002	0.19490444528404521	0.10713508103302934	-1	8.77693642510158772E-002	-1	OK
41.500000000000000	0.37030880535381927	0.18202510081332199	0.15516547532227160	2.68596254910503443E-002	0.18828370454049728	0.10346334800552277	-1	8.48203565349745087E-002	-1	OK
41.750000000000000	0.35827436343712626	0.17634947348875724	0.15018898929607044	2.61604841926867879E-002	0.18192488994836900	9.99368375883439575E-002	-1	8.19880523600250433E-002	-1	OK
42.000000000000000	0.34659938237973603	0.17088027243770712	0.14539846250260832	2.54818099350988259E-002	0.17571910994202891	9.65485311762969145E-002	-1	7.91705787657319970E-002	-1	OK
42.250000000000000	0.33545779837718154	0.16560894883965993	0.14078596646938618	2.48229823702737044E-002	0.16984884953752161	9.32930323849163468E-002	-1	7.65558171526052600E-002	-1	OK
42.500000000000000	0.32473273145585280	0.16052728184532539	0.13634394426090077	2.41833375844246537E-002	0.16420544961052741	9.01642702943077495E-002	-1	7.40411793162196602E-002	-1	OK
42.750000000000000	0.31440619477957599	0.15562753040250321	0.13206521820164799	2.35623122008552441E-002	0.15877866437707280	8.71566973923598720E-002	-1	7.16219669847129314E-002	-1	OK
43.000000000000000	0.30446192698787944	0.15090228402193040	0.12794293705245308	2.29593469694773268E-002	0.15355964296594907	8.42650340268099873E-002	-1	6.92946089391390796E-002	-1	OK
43.250000000000000	0.29488369995173996	0.14634440476598798	0.12397055996793936	2.23738447980486137E-002	0.14853929518575198	8.14842723612238390E-002	-1	6.70550228245281460E-002	-1	OK
43.500000000000000	0.28565585897679857	0.14194707139215196	0.12014185330569754	2.18052180864544108E-002	0.14370878758464661	7.88095157644542327E-002	-1	6.48992718201923807E-002	-1	OK
43.750000000000000	0.27676379546228824	0.13770379396159543	0.11645088293852206	2.12529110230733863E-002	0.13906000150069278	7.62363974371081804E-002	-1	6.28236040635846010E-002	-1	OK
44.000000000000000	0.26819341945831765	0.13360843622904678	0.11289200254452687	2.07164336845199054E-002	0.13458498322927087	7.37603106048224516E-002	-1	6.08246726244484198E-002	-1	OK
44.250000000000000	0.25993151852851576	0.12965513672013354	0.10945982320435808	2.01953135157754565E-002	0.13027638180838222	7.13771102202357538E-002	-1	5.88992715881464651E-002	-1	OK
44.500000000000000	0.25196572219386609	0.12583824834123869	0.10614919428623625	1.96890540550024550E-002	0.12612747385262740	6.90828525020899670E-002	-1	5.70446213505374361E-002	-1	OK
44.750000000000000	0.24422377495127684	0.12215239770855960	0.10295520456488141	1.91971931436781401E-002	0.12207137724271724	6.68739299272503862E-002	-1	5.51974473154668577E-002	-1	OK
45.000000000000000	0.23681477471266182	0.11859246930416473	9.98731684929269337E-002	1.87193008112378351E-002	0.11822230540849708	6.47468892019032183E-002	-1	5.34754162065938649E-002	-1	OK
45.250000000000000	0.22966706410998500	0.11515356505969833	9.68986099507059412E-002	1.82549551089923948E-002	0.11451349905028667	6.26980511829164228E-002	-1	5.18154478673702457E-002	-1	OK
45.500000000000000	0.22276961935052775	0.11183097181736608	9.40272462148440263E-002	1.78037256025220768E-002	0.11093864753316166	6.07240387620081451E-002	-1	5.02146087711535100E-002	-1	OK
45.750000000000000	0.21611359370133204	0.10862015356872354	9.12549834855962833E-002	1.73651700831272543E-002	0.10749344013260849	5.88218166816573129E-002	-1	4.86716234509511764E-002	-1	OK
46.000000000000000	0.20968881160607405	0.10551683747834370	8.85779250312836303E-002	1.69389124470600873E-002	0.10417197412773037	5.69885296013153617E-002	-1	4.71834445264150068E-002	-1	OK
46.250000000000000	0.20348603386993991	0.10251693380873952	8.59923431299418756E-002	1.65245906787976488E-002	0.10096910006120038	5.52213463917962527E-002	-1	4.57477536694041315E-002	-1	OK
46.500000000000000	0.19749652394390504	9.96164917516166454E-002	8.34946676549409711E-002	1.61218240966756639E-002	9.78800321922884131E-002	5.35175023555764448E-002	-1	4.43625298367119683E-002	-1	OK
46.750000000000000	0.19171197494959363	9.68117558042115578E-002	8.10814905186865026E-002	1.57302652855250726E-002	9.49002191453820615E-002	5.18744236042664383E-002	-1	4.30257955411156232E-002	-1	OK
47.000000000000000	0.18612443440048937	9.40991452320304733E-002	7.87495527131496509E-002	1.53495925188808450E-002	9.20252891684588820E-002	5.02898385302007547E-002	-1	4.17354506382581272E-002	-1	OK
47.250000000000000	0.18072625688081359	9.14751825279092740E-002	7.64957263753101441E-002	1.49794561525991160E-002	8.92510743529043166E-002	4.87611660505712502E-002	-1	4.04899083023330664E-002	-1	OK
47.500000000000000	0.17550999029601178	8.89365291482775433E-002	7.43170180974768724E-002	1.46195110508006518E-002	8.65734611477342181E-002	4.72861379430149498E-002	-1	3.92873232047192683E-002	-1	OK
47.750000000000000	0.17046878984359545	8.64799997417539656E-002	7.22105674415775833E-002	1.42694323001763702E-002	8.39887901018414873E-002	4.58625545919274166E-002	-1	3.81262355099140707E-002	-1	OK
48.000000000000000	0.16560334221876538	8.41025714022196058E-002	7.01736433059128445E-002	1.39289280963067301E-002	8.15007708165457756E-002	4.44885757877165403E-002	-1	3.70121950288292353E-002	-1	OK
48.250000000000000	0.16089190773768292	8.18013505103790811E-002	6.82036298937548635E-002	1.35977206166242245E-002	7.90905572273038482E-002	4.31622780508521958E-002	-1	3.59282791764516524E-002	-1	OK
48.500000000000000	0.15633249524120069	7.95735335689535112E-002	6.62980164040218450E-002	1.32755171649316731E-002	7.67589616722471751E-002	4.18816470862694301E-002	-1	3.48773145859777450E-002	-1	OK
48.750000000000000	0.15192682689396719	7.74164560277602609E-002	6.44544029195211338E-002	1.29620531082391601E-002	7.45103708662069181E-002	4.06448984036435965E-002	-1	3.38654724625633216E-002	-1	OK
49.000000000000000	0.14766549042292393	7.53275655210773609E-002	6.26704895074709223E-002	1.26570760136064005E-002	7.23379249018465814E-002	3.94503267389802320E-002	-1	3.28875981628663494E-002	-1	OK
49.250000000000000	0.14353446629541627	7.33043937954947489E-002	6.09440680257217551E-002	1.23603257697729989E-002	7.02300724999215253E-002	3.82963007245033238E-002	-1	3.19337717754182016E-002	-1	OK
49.500000000000000	0.13954614583367778	7.13445754736022064E-002	5.92730214476522507E-002	1.20715540259499557E-002	6.82015703600755696E-002	3.71812399835220464E-002	-1	3.10203303765535232E-002	-1	OK
49.750000000000000	0.13568643411214443	6.94458286134446434E-002	5.76553190655440390E-002	1.17905095479006010E-002	6.62406054986997977E-002	3.61036726691382689E-002	-1	3.01369328295615288E-002	-1	OK
50.000000000000000	0.13195868696022461	6.76059803861324832E-002	5.60890182990696901E-002	1.15169620870627775E-002	6.43527065740921306E-002	3.50621694453108756E-002	-1	2.92905371287812549E-002	-1	OK
50.250000000000000	0.12834228118927307	6.58229417706493597E-002	5.45722538722600917E-002	1.12506878983892576E-002	6.25193394186237122E-002	3.40551428429787806E-002	-1	2.84641965756449317E-002	-1	OK
50.500000000000000	0.12484118965167765	6.40946968223551350E-002	5.31032362320870976E-002	1.09914605902680217E-002	6.07464928293225126E-002	3.30810862394087801E-002	-1	2.76654065899137325E-002	-1	OK
50.750000000000000	0.12144399337159434	6.24193325107740282E-002	5.16802538906454487E-002	1.07390786201285553E-002	5.90246608608203105E-002	3.21391951790656258E-002	-1	2.68854656817546847E-002	-1	OK
51.000000000000000	0.11816093507946789	6.07950205368875049E-002	5.03016639534956261E-002	1.04933565833918996E-002	5.73659145425803804E-002	3.12282631800716096E-002	-1	2.61376513625087709E-002	-1	OK
51.250000000000000	0.11498101703741720	5.92199745108919900E-002	4.89658834263710097E-002	1.02540910845209596E-002	5.57610425265252091E-002	3.03471494252269790E-002	-1	2.54138931012982301E-002	-1	OK
51.500000000000000	0.11190053195303193	5.76924859127463108E-002	4.76713948982492586E-002	1.00210910144970522E-002	5.42080460402856179E-002	2.94947666339043443E-002	-1	2.47132794063812736E-002	-1	OK
51.750000000000000	0.10891593600085417	5.62109166450983216E-002	4.64167412807866483E-002	9.79417536431166982E-003	5.27050193557558402E-002	2.86700130785638579E-002	-1	2.40350062771919823E-002	-1	OK
52.000000000000000	0.10602385649908792	5.47736729300808689E-002	4.52005202464963590E-002	9.57315268358452549E-003	5.12501835690070545E-002	2.78718325981746305E-002	-1	2.33783509708324240E-002	-1	OK
52.250000000000000	0.10322115451840315	5.33792370633227736E-002	4.40213879110977480E-002	9.35784915222502220E-003	4.98419174550803756E-002	2.70993070829566585E-002	-1	2.27426103721237172E-002	-1	OK
52.500000000000000	0.10050453183541244	5.20261557546687486E-002	4.28780549328618907E-002	9.14810082180683541E-003	4.84783760807437000E-002	2.63515010358514983E-002	-1	2.21268750448922018E-002	-1	OK
52.750000000000000	9.78709980510896749E-002	5.07130321495140035E-002	4.17692830931929923E-002	8.94374905632101119E-003	4.71579659015756644E-002	2.56275557140922851E-002	-1	2.15304101874833793E-002	-1	OK
53.000000000000000	9.53176366322391472E-002	4.94385297673498314E-002	4.06938823586831672E-002	8.74464740866667117E-003	4.58791068648893158E-002	2.49265729085862073E-002	-1	2.09525339563031085E-002	-1	OK
53.250000000000000	9.28185393313755713E-002	4.82013472699608994E-002	3.96507050322745802E-002	8.55064223768633308E-003	4.46171920614146650E-002	2.42477243501965437E-002	-1	2.03694677112181213E-002	-1	OK
53.500000000000000	9.04177627344553425E-002	4.70002255685239845E-002	3.86386476517650915E-002	8.36157791675889474E-003	4.34175371659313580E-002	2.35901496906433528E-002	-1	1.98273874752880053E-002	-1	OK
53.750000000000000	8.80890128840307318E-002	4.58339746978422141E-002	3.76566540524523180E-002	8.17732064538988571E-003	4.22550381861885177E-002	2.29531054456350268E-002	-1	1.93019327405534909E-002	-1	OK
54.000000000000000	8.58298795891578592E-002	4.47014407562970478E-002	3.67037052446703427E-002	7.99773551162671209E-003	4.11284388328608044E-002	2.23358945989518311E-002	-1	1.87925442339089734E-002	-1	OK
54.250000000000000	8.36381534205998811E-002	4.36015053994826540E-002	3.57788203132455296E-002	7.82268508623711924E-003	4.00366480211172202E-002	2.17378100838819775E-002	-1	1.82988379372352426E-002	-1	OK
54.500000000000000	8.15113936944629053E-002	4.25330978922489888E-002	3.48810570575642243E-002	7.65204083468476112E-003	3.89782958022139164E-002	2.11581828967509732E-002	-1	1.78201129054629433E-002	-1	OK
54.750000000000000	7.94475485255240199E-002	4.14951945465141664E-002	3.40095097561224011E-002	7.48568479039176792E-003	3.79523539790098535E-002	2.05964025558700130E-002	-1	1.73559514231398405E-002	-1	OK
55.000000000000000	7.74443813264051317E-002	4.04867989889178270E-002	3.31633042914455389E-002	7.32349469747228723E-003	3.69575823374873116E-002	2.00518414295085302E-002	-1	1.69057409079787814E-002	-1	OK
55.250000000000000	7.54999319588466611E-002	3.95069501317531074E-002	3.23415991634835379E-002	7.16535096826957044E-003	3.59929818270935606E-002	1.95239607199403815E-002	-1	1.64690211071531790E-002	-1	OK
55.500000000000000	7.35912384718730439E-002	3.85547275033597259E-002	3.15435857036179337E-002	7.01114179974178953E-003	3.50365109685133180E-002	1.90121165672740428E-002	-1	1.60243944012392753E-002	-1	OK
55.750000000000000	7.17590643629678893E-002	3.76292408139470153E-002	3.07684848565589128E-002	6.86075595738809465E-003	3.41298235490208740E-002	1.85157548801428672E-002	-1	1.56140686688780068E-002	-1	OK
56.000000000000000	6.99799192568782563E-002	3.67296410829055647E-002	3.00155480767407799E-002	6.71409300616478133E-003	3.32502781739726916E-002	1.80343496511337388E-002	-1	1.52159285228389528E-002	-1	OK
56.250000000000000	6.82520386159762571E-002	3.58551039950763539E-002	2.92840521422962977E-002	6.57105185278006321E-003	3.23969346208998962E-002	1.75673882761012388E-002	-1	1.48295463447986574E-002	-1	OK
56.500000000000000	6.65737506467571349E-002	3.50048274905526424E-002	2.85732993457299446E-002	6.43152814482269002E-003	3.15689231562044925E-002	1.71143793523571008E-002	-1	1.44545438038473917E-002	-1	OK
56.750000000000000	6.49434252259666611E-002	3.41780428240452960E-002	2.78826182872742093E-002	6.29542453677108677E-003	3.07653824019213651E-002	1.66748350555942053E-002	-1	1.40905473463271598E-002	-1	OK
57.000000000000000	6.33571974924530268E-002	3.33740098249709002E-002	2.72113619220384281E-002	6.16264790293247645E-003	2.99831876674821300E-002	1.62483033185994302E-002	-1	1.37348843488826998E-002	-1	OK
57.250000000000000	6.18182324049140822E-002	3.25920061409815040E-002	2.65589051733337717E-002	6.03310096764773061E-003	2.92262262639325782E-002	1.58343610960527334E-002	-1	1.33918651678798448E-002	-1	OK
57.500000000000000	6.03226673257087759E-002	3.18313399460814495E-002	2.59246468874782636E-002	5.90669305860318499E-003	2.84913273796273230E-002	1.54325903281326161E-002	-1	1.30587370514947069E-002	-1	OK
57.750000000000000	5.88691122831553892E-002	3.10913513165871902E-002	2.53080089264431755E-002	5.78334239014401293E-003	2.77777609665681990E-002	1.50425818223609044E-002	-1	1.27351791442072947E-002	-1	OK
58.000000000000000	5.74562266262454019E-002	3.03713941761912659E-002	2.47084318392056385E-002	5.66296233698562398E-003	2.70848324500541394E-002	1.46639497445906625E-002	-1	1.24208827054634770E-002	-1	OK
58.250000000000000	5.60827378235467661E-002	2.96708512006108038E-002	2.41253778453636124E-002	5.54547335524718452E-003	2.64118866229359588E-002	1.42963255443475552E-002	-1	1.21155610785884035E-002	-1	OK
58.500000000000000	5.47473932858046075E-002	2.89891258299333765E-002	2.35583276812067477E-002	5.43079814872662273E-003	2.57582674558712345E-002	1.38893189031407249E-002	-1	1.18689485527305096E-002	-1	OK
58.750000000000000	5.34490012863141212E-002	2.83256411970623095E-002	2.30067802774627586E-002	5.31886091959955700E-003	2.51233600892518082E-002	1.35437738744584122E-002	-1	1.15795862147933960E-002	-1	OK
59.000000000000000	5.21863625670962589E-002	2.76798396860471439E-002	2.24702518577476612E-002	5.20958782829948012E-003	2.45065228810491149E-002	1.32081430356319578E-002	-1	1.12983798454171572E-002	-1	OK
59.250000000000000	5.09584259744505358E-002	2.70511843161609644E-002	2.19482759746922537E-002	5.10290834146870549E-003	2.39072416582895748E-002	1.28821039646788895E-002	-1	1.10251376936106853E-002	-1	OK
59.500000000000000	4.97640941218365634E-002	2.64391523858459772E-002	2.14404012276976884E-002	4.99875115814828880E-003	2.33249417359905897E-002	1.25653414725251707E-002	-1	1.07596002634654190E-002	-1	OK
59.750000000000000	4.85894813601982500E-002	2.58432361252791398E-002	2.09461917157140257E-002	4.89704440956510809E-003	2.27462452349191102E-002	1.22575583272637786E-002	-1	1.04886869076553316E-002	-1	OK
60.000000000000000	4.74594750376304553E-002	2.52629496769828203E-002	2.04652280378211683E-002	4.79772163916164680E-003	2.21965253606476350E-002	1.19584686962870348E-002	-1	1.02380566643606001E-002	-1	OK
60.250000000000000	4.63599606821375812E-002	2.46978282885708181E-002	1.99971061303359440E-002	4.70072215823486971E-003	2.16621323935667631E-002	1.16677944449851499E-002	-1	9.99433794858161327E-003	-1	OK
60.500000000000000	4.52900084367191397E-002	2.41474204138764845E-002	1.95414352379125050E-002	4.60598517596398378E-003	2.11425880228426552E-002	1.13852697232810999E-002	-1	9.75731829956155532E-003	-1	OK
60.750000000000000	4.42487203718745711E-002	2.36112894858013164E-002	1.90978379891026465E-002	4.51345149669866736E-003	2.06374308860732547E-002	1.11106409056214057E-002	-1	9.52678998045184897E-003	-1	OK
61.000000000000000	4.32361939532793227E-002	2.30890146812048162E-002	1.86659499516255989E-002	4.42306472957921561E-003	2.01471792720745065E-002	1.08436607974885853E-002	-1	9.30351847458592111E-003	-1	OK
61.250000000000000	4.22483910558566003E-002	2.25801874906900145E-002	1.82454186222390687E-002	4.33476886845093976E-003	1.96682035651665858E-002	1.05840817807290183E-002	-1	9.08412178443756754E-003	-1	OK
61.500000000000000	4.12754729076583934E-002	2.20844124522887805E-002	1.78359032216578346E-002	4.24850923063095458E-003	1.91910604553696129E-002	1.03316670688604218E-002	-1	8.85939338650919110E-003	-1	OK
61.750000000000000	4.03420053207063090E-002	2.16013056241144662E-002	1.74370739747574145E-002	4.16423164935704731E-003	1.87406996965918428E-002	1.00862090727908502E-002	-1	8.65449062380099256E-003	-1	OK
62.000000000000000	3.94319254892829194E-002	2.11304959960850053E-002	1.70486118641227473E-002	4.08188413196225452E-003	1.83014294931979141E-002	9.84747536234631578E-003	-1	8.45395413085159829E-003	-1	OK
62.250000000000000	3.85456839788017730E-002	2.06716240619470928E-002	1.66702090637857285E-002	4.00141499816136347E-003	1.78740599168546836E-002	9.61525613707886646E-003	-1	8.25880377977581716E-003	-1	OK
62.500000000000000	3.76825556132560774E-002	2.02243438559980074E-002	1.63015686672671814E-002	3.92277518873082945E-003	1.74582117572580700E-002	9.38935006264068374E-003	-1	8.06886169461738627E-003	-1	OK
62.750000000000000	3.68418578434777655E-002	1.97883236226173015E-002	1.59424041046708070E-002	3.84591951794649358E-003	1.70535342208604605E-002	9.16956232709972840E-003	-1	7.88397189376073212E-003	-1	OK
63.000000000000000	3.60229202253273401E-002	1.93632395677473639E-002	1.55924376772666514E-002	3.77080189048070941E-003	1.66596806575799762E-002	8.95570531441522433E-003	-1	7.70397534316475188E-003	-1	OK
63.250000000000000	3.52251109551526415E-002	1.89487811019821012E-002	1.52514012153266536E-002	3.69737988665544979E-003	1.62763298531705403E-002	8.74759841397461727E-003	-1	7.52873143919592300E-003	-1	OK
63.500000000000000	3.44478062133333485E-002	1.85446446876357564E-002	1.49190346764376189E-002	3.62561001119813490E-003	1.59031615256975956E-002	8.54506506703413965E-003	-1	7.35809645866345591E-003	-1	OK
63.750000000000000	3.36904026638092519E-002	1.81505348171437028E-002	1.45950863590130139E-002	3.55544845813068671E-003	1.55398678466655456E-002	8.34792773137850441E-003	-1	7.19194011528704116E-003	-1	OK
64.000000000000000	3.29523376551077718E-002	1.77661691140817007E-002	1.42793134886305649E-002	3.48685562545113670E-003	1.51861685410260693E-002	8.15603915184203235E-003	-1	7.03012938918403697E-003	-1	OK
64.250000000000000	3.22324268636524844E-002	1.73912718120755420E-002	1.39714805441308008E-002	3.41979126794474120E-003	1.48411550515769406E-002	7.96922923900543478E-003	-1	6.87192581257150582E-003	-1	OK
64.500000000000000	3.15313400900862698E-002	1.70255766496193034E-002	1.36713599520839023E-002	3.35421669753540154E-003	1.45057634404669681E-002	7.78735141754372407E-003	-1	6.71841202292324403E-003	-1	OK
64.750000000000000	3.08479146217698688E-002	1.66688271565074604E-002	1.33787317223495981E-002	3.29009543415786617E-003	1.41790874652624101E-002	7.61025801827848632E-003	-1	6.56882944698392382E-003	-1	OK
65.000000000000000	3.01816784742238234E-002	1.63207722563520827E-002	1.30933824440510101E-002	3.22738981230107774E-003	1.38609062178717407E-002	7.43780734116772889E-003	-1	6.42309887670401182E-003	-1	OK
65.250000000000000	2.95321368493361991E-002	1.59811718373955268E-002	1.28151061672436024E-002	3.16606567015192877E-003	1.35509650119406740E-002	7.26986105028840784E-003	-1	6.28110396165226618E-003	-1	OK
65.500000000000000	2.88988058529230235E-002	1.56497929571318695E-002	1.25437031365039937E-002	3.10608982062787146E-003	1.32490128957911540E-002	7.10628517489993259E-003	-1	6.14272772089122145E-003	-1	OK
65.750000000000000	2.82812310680215853E-002	1.53264090174446387E-002	1.22789797933239402E-002	3.04742922412069763E-003	1.29548220505769449E-002	6.94696805094739515E-003	-1	6.00785399962954977E-003	-1	OK
66.000000000000000	2.76789682804543802E-002	1.50107999653882988E-002	1.20207486100519755E-002	2.99005135533632598E-003	1.26681683150660831E-002	6.79178374702775565E-003	-1	5.87638456803832743E-003	-1	OK
66.250000000000000	2.70915845936213831E-002	1.47027500428480104E-002	1.17688274467847940E-002	2.93392259606321598E-003	1.23888345507733710E-002	6.64060134660549809E-003	-1	5.74823320416787287E-003	-1	OK
66.500000000000000	2.65186621274312237E-002	1.44020520607230189E-002	1.15230402985299369E-002	2.87901176219308242E-003	1.21166100667082048E-002	6.49330202038016398E-003	-1	5.62330804632804084E-003	-1	OK
66.750000000000000	2.59598004501436150E-002	1.41085040931141076E-002	1.12832165915893439E-002	2.82528750152476714E-003	1.18512963570295074E-002	6.34977013167746605E-003	-1	5.50152622535204135E-003	-1	OK
67.000000000000000	2.54145993169456047E-002	1.38219108835106307E-002	1.10491912916910618E-002	2.77271959181957022E-003	1.15926884334349757E-002	6.20989550016293624E-003	-1	5.38279293327203947E-003	-1	OK
67.250000000000000	2.48826526938586527E-002	1.35420883370767457E-002	1.08208056621340361E-002	2.72128267494270611E-003	1.13405643567819070E-002	6.07356193177476661E-003	-1	5.26700242500714039E-003	-1	OK
67.500000000000000	2.43636003179040946E-002	1.32688565838398592E-002	1.05979051914311135E-002	2.67095139240874132E-003	1.10947437340642354E-002	5.94067258921585073E-003	-1	5.15407114484838468E-003	-1	OK
67.750000000000000	2.38570919519649587E-002	1.30020379278358179E-002	1.03803395209242609E-002	2.62169840691155566E-003	1.08550540241291408E-002	5.81113304628641004E-003	-1	5.04392097784273075E-003	-1	OK
68.000000000000000	2.33606633633220324E-002	1.27414605641656461E-002	1.01679630984045765E-002	2.57349746576107001E-003	1.06192027991563864E-002	5.68484667722039209E-003	-1	4.93435612193599427E-003	-1	OK
68.250000000000000	2.28764912243989114E-002	1.24869586606355231E-002	9.96063483270355834E-003	2.52632382793196737E-003	1.03895325637633883E-002	5.56172511891269566E-003	-1	4.82780744485069267E-003	-1	OK
68.500000000000000	2.24057199092344596E-002	1.22383704887942760E-002	9.75821773082396343E-003	2.48015275797031131E-003	1.01673494204401835E-002	5.44167768430412965E-003	-1	4.72567173613605389E-003	-1	OK
68.750000000000000	2.19461799809997360E-002	1.19955376342704978E-002	9.56057860868003880E-003	2.43495902559045987E-003	9.95064234672923820E-003	5.32461544020599621E-003	-1	4.62602690652324199E-003	-1	OK
69.000000000000000	2.14975563341386240E-002	1.17583053929466008E-002	9.36758829357546043E-003	2.39071709937113859E-003	9.73925094119202327E-003	5.21045411639516065E-003	-1	4.52879682479686262E-003	-1	OK
69.250000000000000	2.10595797784436239E-002	1.15265256157978824E-002	9.17912203055235021E-003	2.34740358524553007E-003	9.53305416264573977E-003	5.09911235624647876E-003	-1	4.43394180639926101E-003	-1	OK
69.500000000000000	2.06319572350315977E-002	1.13000561611022524E-002	8.99505919427425436E-003	2.30499696682799756E-003	9.33190107392934537E-003	4.99051125551048733E-003	-1	4.34138981841885804E-003	-1	OK
69.750000000000000	2.02143929409229518E-002	1.10787576802614945E-002	8.81528244946809189E-003	2.26347523079340352E-003	9.13563526066145729E-003	4.88457434872543311E-003	-1	4.25106091193602417E-003	-1	OK
70.000000000000000	1.98066260814008036E-002	1.08624963693032782E-002	8.63967841593599184E-003	2.22281795336729156E-003	8.94412971209752536E-003	4.78122656141483169E-003	-1	4.16290315068269367E-003	-1	OK
70.250000000000000	1.94084010597360135E-002	1.06511443523374643E-002	8.46813722298654994E-003	2.18300712935091566E-003	8.75725670739854745E-003	4.68038332666434031E-003	-1	4.07687338073420714E-003	-1	OK
70.500000000000000	1.90194610829160088E-002	1.04445741206897948E-002	8.30055157050637107E-003	2.14402255018342463E-003	8.57488696222621569E-003	4.58199056593438462E-003	-1	3.99289639629183107E-003	-1	OK
70.750000000000000	1.86395611269896226E-002	1.02426615755903255E-002	8.13681730390611313E-003	2.10584427168421197E-003	8.39689955139929708E-003	4.48598416896723792E-003	-1	3.91091538243205916E-003	-1	OK
71.000000000000000	1.82684653543346842E-002	1.00452862797777293E-002	7.97683339499119341E-003	2.06845288478653801E-003	8.22317907455695322E-003	4.39229457141990590E-003	-1	3.83088450313704733E-003	-1	OK
71.250000000000000	1.79059311311657622E-002	9.85233144977951635E-003	7.82050177521125163E-003	2.03182967456826818E-003	8.05359968138624586E-003	4.30085850377585985E-003	-1	3.75274117761038601E-003	-1	OK
71.500000000000000	1.75517351204167588E-002	9.66368402548789703E-003	7.66772731660004484E-003	1.99595670888785435E-003	7.88805109492886347E-003	4.21161516113336201E-003	-1	3.67643593379550146E-003	-1	OK
71.750000000000000	1.72056449778051970E-002	9.47923405940236975E-003	7.51841764850920066E-003	1.96081641089316779E-003	7.72641091840282554E-003	4.12450633586858902E-003	-1	3.60190458253423652E-003	-1	OK
72.000000000000000	1.68674544946433962E-002	9.29887432960743547E-003	7.37248307366581909E-003	1.92639125594161638E-003	7.56858016503596156E-003	4.03947778353613320E-003	-1	3.52910238149982836E-003	-1	OK
72.250000000000000	1.65369665659801379E-002	9.12250164718477266E-003	7.22983673152294976E-003	1.89266491566182637E-003	7.41446491879536613E-003	3.95646783904621876E-003	-1	3.45799707974914737E-003	-1	OK
72.500000000000000	1.62139858044357300E-002	8.95001495924630311E-003	7.09039409729366344E-003	1.85962086195263858E-003	7.26397084518942606E-003	3.87542225488100162E-003	-1	3.38854859030842444E-003	-1	OK
72.750000000000000	1.58983164609031932E-002	8.78131592348340394E-003	6.95407312326719144E-003	1.82724280021621314E-003	7.11700053741978842E-003	3.79628958850123776E-003	-1	3.32071094891855066E-003	-1	OK
73.000000000000000	1.55897643576689490E-002	8.61631043886746523E-003	6.82079442641474101E-003	1.79551601245272400E-003	6.97345391880148466E-003	3.71901794776425881E-003	-1	3.25443597103722585E-003	-1	OK
73.250000000000000	1.52881495835676950E-002	8.45490826468893279E-003	6.69048102735525594E-003	1.76442723733367989E-003	6.83324131887876138E-003	3.64355854014787595E-003	-1	3.18968277873088544E-003	-1	OK
73.500000000000000	1.49933037012404992E-002	8.29701960286179790E-003	6.56305765549657690E-003	1.73396194736521992E-003	6.69628409837870042E-003	3.56986349962373512E-003	-1	3.12642059875496529E-003	-1	OK
73.750000000000000	1.47050648843569907E-002	8.14255694627350791E-003	6.43845116255275206E-003	1.70410578372075694E-003	6.56250793808348370E-003	3.49788465060211443E-003	-1	3.06462328748136927E-003	-1	OK
74.000000000000000	1.44232479081900389E-002	7.99143477183707554E-003	6.31659042018052012E-003	1.67484435165655477E-003	6.43181313635296341E-003	3.42757668915418976E-003	-1	3.00423644719877364E-003	-1	OK
74.250000000000000	1.41476861801871738E-002	7.84356975631197301E-003	6.19740626009366875E-003	1.64616349621830339E-003	6.30411642387520166E-003	3.35889563190972960E-003	-1	2.94522079196547206E-003	-1	OK
74.500000000000000	1.38782197774901667E-002	7.69888211875158907E-003	6.08083180905947662E-003	1.61805030969211223E-003	6.17933765873857847E-003	3.29179885719658701E-003	-1	2.88753880154199146E-003	-1	OK
74.750000000000000	1.36147014146182598E-002	7.55729435079102296E-003	5.96680201471971958E-003	1.59049233607130142E-003	6.05740706382723766E-003	3.22624531577644360E-003	-1	2.83116174805079406E-003	-1	OK
75.000000000000000	1.33569785343214294E-002	7.41873034952181265E-003	5.85525355159786758E-003	1.56347679792394594E-003	5.93824818479961585E-003	3.15949654204767229E-003	-1	2.77875164275194356E-003	-1	OK
75.250000000000000	1.31049059471877762E-002	7.28311713432254742E-003	5.74612498241686837E-003	1.53699215190567775E-003	5.82178881286522874E-003	3.09696229136939907E-003	-1	2.72482652149582966E-003	-1	OK
75.500000000000000	1.28583449185650685E-002	7.15038263989133463E-003	5.63935639618009816E-003	1.51102624371123430E-003	5.70796227867373298E-003	3.03585093605736279E-003	-1	2.67211134261637019E-003	-1	OK
75.750000000000000	1.26171612224355596E-002	7.02045618691498480E-003	5.53488950920480623E-003	1.48556667771017966E-003	5.59670503552057476E-003	2.97612946885591036E-003	-1	2.62057556666466440E-003	-1	OK
76.000000000000000	1.23812236557725441E-002	6.89326998834885376E-003	5.43266791467749127E-003	1.46060207367136271E-003	5.48795366742369038E-003	2.91776201798148735E-003	-1	2.57019164944220302E-003	-1	OK
76.250000000000000	1.21503977950851612E-002	6.76876028747013143E-003	5.33263713549124874E-003	1.43612315197888334E-003	5.38163750761502888E-003	2.86071221832009557E-003	-1	2.52092528929493331E-003	-1	OK
76.500000000000000	1.19245603622927382E-002	6.64686354983505708E-003	5.23474375746549748E-003	1.41211979236955851E-003	5.27769681245768198E-003	2.80494641576649068E-003	-1	2.47275039669119130E-003	-1	OK
76.750000000000000	1.17035873090126138E-002	6.52751715220501079E-003	5.13893566509785252E-003	1.38858148710716001E-003	5.17607015680760299E-003	2.75043188881844789E-003	-1	2.42563826798915510E-003	-1	OK
77.000000000000000	1.14832914080411491E-002	6.41065994635026289E-003	5.04516213320133165E-003	1.36549781314893341E-003	5.07263146169088536E-003	2.69713638805448453E-003	-1	2.37549507363640083E-003	-1	OK
77.250000000000000	1.12716931878395869E-002	6.29623215673206366E-003	4.95337381010110041E-003	1.34285834663096411E-003	4.97546103110752414E-003	2.64502934745645740E-003	-1	2.33043168365106674E-003	-1	OK
77.500000000000000	1.10646110322033045E-002	6.18417518425733431E-003	4.86352263308374375E-003	1.32065255117358948E-003	4.88043584794597019E-003	2.59407653904170088E-003	-1	2.28635930890426931E-003	-1	OK
77.750000000000000	1.08619356194624532E-002	6.07443329509615819E-003	4.77556209879419474E-003	1.29887119630196497E-003	4.78750232436629414E-003	2.54424989924036506E-003	-1	2.24325242512592908E-003	-1	OK
78.000000000000000	1.06635598459548057E-002	5.96695213761099658E-003	4.68944698032731401E-003	1.27750515728368278E-003	4.69660770834381004E-003	2.49552449063269143E-003	-1	2.20108321771111861E-003	-1	OK
78.250000000000000	1.04693800555101316E-002	5.86167913066069045E-003	4.60513327368166931E-003	1.25654585697902244E-003	4.60770092484944112E-003	2.44787302594702593E-003	-1	2.15982789890241519E-003	-1	OK
78.500000000000000	1.02792969053719582E-002	5.75856324694701271E-003	4.52257824420301650E-003	1.23598500274399513E-003	4.52073365842494464E-003	2.40127274978483912E-003	-1	2.11946090864010553E-003	-1	OK
78.750000000000000	1.00932127406794300E-002	5.65755493577393791E-003	4.44174022749983192E-003	1.21581470827410577E-003	4.43565780490549205E-003	2.35569609561327295E-003	-1	2.07996170929221911E-003	-1	OK
79.000000000000000	9.91103079562514686E-003	5.55860453079715794E-003	4.36257836254511436E-003	1.19602616825204271E-003	4.35242626482798892E-003	2.31111476899714587E-003	-1	2.04131149583084304E-003	-1	OK
79.250000000000000	9.73264600990150948E-003	5.46166338675022154E-003	4.28505286542979046E-003	1.17661052132043259E-003	4.27098262315128794E-003	2.26750300118675179E-003	-1	2.00347962196453615E-003	-1	OK
79.500000000000000	9.55797974943973193E-003	5.36668471491594332E-003	4.20912515029112522E-003	1.15755956462481832E-003	4.19129503452378861E-003	2.22483321566733410E-003	-1	1.96646181885645451E-003	-1	OK
79.750000000000000	9.38694413201512229E-003	5.27362319020516224E-003	4.13475769046019442E-003	1.13886549974496890E-003	4.11332094180996092E-003	2.18308738462537431E-003	-1	1.93023355718458661E-003	-1	OK
80.000000000000000	9.21944869991983031E-003	5.18243495537029815E-003	4.06191402194166877E-003	1.12052093342862916E-003	4.03701374454953216E-003	2.14224252024232918E-003	-1	1.89477122430720298E-003	-1	OK
80.250000000000000	9.05541448708142502E-003	5.09307730689652783E-003	3.99055862018152501E-003	1.10251868671500304E-003	3.96233718018489719E-003	2.10227850676573567E-003	-1	1.86005867341916152E-003	-1	OK
80.500000000000000	8.89475998257515527E-003	5.00550803022391418E-003	3.92065677806311286E-003	1.08485125216080175E-003	3.88925195235124066E-003	2.06317808823460250E-003	-1	1.82607386411663816E-003	-1	OK
80.750000000000000	8.73740550997662013E-003	4.91968609280019325E-003	3.85217470665676380E-003	1.06751138614343010E-003	3.81771941717642688E-003	2.02491441422584682E-003	-1	1.79280500295058006E-003	-1	OK
81.000000000000000	8.58327443315794365E-003	4.83557182227927883E-003	3.78507959328040810E-003	1.05049222899887161E-003	3.74770261087866482E-003	1.98746721070669225E-003	-1	1.76023540017197257E-003	-1	OK
81.250000000000000	8.43229344395985889E-003	4.75312603221745514E-003	3.71933936178650212E-003	1.03378667043095389E-003	3.67916741174240287E-003	1.95081467686325310E-003	-1	1.72835273487914978E-003	-1	OK
81.500000000000000	8.28439007303382290E-003	4.67231117071005043E-003	3.65492293468820412E-003	1.01738823602184740E-003	3.61207890232377203E-003	1.91493834634139885E-003	-1	1.69714055598237318E-003	-1	OK
81.750000000000000	8.13948519161810519E-003	4.59309119901514951E-003	3.59180009208897146E-003	1.00129110692617892E-003	3.54639399260295567E-003	1.87982036814593142E-003	-1	1.66657362445702425E-003	-1	OK
82.000000000000000	7.99751534925325497E-003	4.51543065899589254E-003	3.52994128511821504E-003	9.85489373877677498E-004	3.48208469025736199E-003	1.84544343318802321E-003	-1	1.63664125706933878E-003	-1	OK
82.250000000000000	7.85841250301387226E-003	4.43929405842271446E-003	3.46931755988170564E-003	9.69976498541008278E-004	3.41911844459115866E-003	1.81178817704415792E-003	-1	1.60733026754700074E-003	-1	OK
82.500000000000000	7.72210922943407201E-003	4.36464699910053648E-003	3.40990076471608993E-003	9.54746234384446554E-004	3.35746223033353596E-003	1.77883680173186102E-003	-1	1.57862542860167493E-003	-1	OK
82.750000000000000	7.58854037929779235E-003	4.29145595747814669E-003	3.35166350273557014E-003	9.39792454742576010E-004	3.29708442181964522E-003	1.74657474276872595E-003	-1	1.55050967905091927E-003	-1	OK
83.000000000000000	7.45764626756093355E-003	4.21968900370241033E-003	3.29457921238172826E-003	9.25109791320681530E-004	3.23795726385852365E-003	1.71498569953487862E-003	-1	1.52297156432364502E-003	-1	OK
83.250000000000000	7.32936820419220411E-003	4.14931433784268555E-003	3.23862186192060879E-003	9.10692475922076218E-004	3.18005386634951813E-003	1.68405058962109704E-003	-1	1.49600327672842108E-003	-1	OK
83.500000000000000	7.20364616516714143E-003	4.08030175256280173E-003	3.18376623379543634E-003	8.96535518767368101E-004	3.12334441260433970E-003	1.65375179914900583E-003	-1	1.46959261345533387E-003	-1	OK
83.750000000000000	7.08042481020737958E-003	4.01262147196368608E-003	3.12998765141518989E-003	8.82633820548496626E-004	3.06780333824369349E-003	1.62407984594619835E-003	-1	1.44372349229749514E-003	-1	OK
84.000000000000000	6.95964416179433408E-003	3.94624397761394758E-003	3.07726195996601204E-003	8.68982017647934677E-004	3.01340018418038693E-003	1.59502011602630158E-003	-1	1.41838006815408536E-003	-1	OK
84.250000000000000	6.84124824656344270E-003	3.88114019635954662E-003	3.02556555502890177E-003	8.55574641330644954E-004	2.96010805020389652E-003	1.56655831055922830E-003	-1	1.39354973964466822E-003	-1	OK
84.500000000000000	6.72518303646357091E-003	3.81728181704789945E-003	2.97487546012905127E-003	8.42406356918848939E-004	2.90790121941567146E-003	1.53868051398319146E-003	-1	1.36922070543247999E-003	-1	OK
84.750000000000000	6.61139605022548465E-003	3.75464157880413870E-003	2.92516937058607315E-003	8.29472208218065771E-004	2.85675447142134595E-003	1.51137312905863129E-003	-1	1.34538134236271466E-003	-1	OK
85.000000000000000	6.49984187769067981E-003	3.69319297520544383E-003	2.87642555031750570E-003	8.16767424887937044E-004	2.80664890248523598E-003	1.48462298222892136E-003	-1	1.32202592025631462E-003	-1	OK
85.250000000000000	6.39047710533374551E-003	3.63291072351994626E-003	2.82862291408632338E-003	8.04287809433623419E-004	2.75756638181379925E-003	1.45841722075263193E-003	-1	1.29914916106116732E-003	-1	OK
85.500000000000000	6.28324502858270545E-003	3.57377009572378522E-003	2.78174085975804730E-003	7.92029235965737593E-004	2.70947493285891980E-003	1.43274330185361480E-003	-1	1.27673163100530500E-003	-1	OK
85.750000000000000	6.17809599379956151E-003	3.51574648159349223E-003	2.73575918562464450E-003	7.79987295968847085E-004	2.66234951220606928E-003	1.40758900075409936E-003	-1	1.25476051145196991E-003	-1	OK
86.000000000000000	6.07498347137688452E-003	3.45881543632611723E-003	2.69065810784265957E-003	7.68157328483457013E-004	2.61616803505076729E-003	1.38294241304113804E-003	-1	1.23322562200962925E-003	-1	OK
86.250000000000000	5.97386207049858172E-003	3.40295319865549853E-003	2.64641835617289998E-003	7.56534842482599421E-004	2.57090887184308319E-003	1.35879158880123350E-003	-1	1.21211728304184969E-003	-1	OK
86.500000000000000	5.87468687292782947E-003	3.34813679781071575E-003	2.60302117376955480E-003	7.45115624041160080E-004	2.52655007511711415E-003	1.33512539528220686E-003	-1	1.19142467983490729E-003	-1	OK
86.750000000000000	5.77741734127634049E-003	3.29434381567211571E-003	2.56044828087628653E-003	7.33895534795829399E-004	2.48307352560422521E-003	1.31193296458266182E-003	-1	1.17114056102156339E-003	-1	OK
87.000000000000000	5.68201078884865950E-003	3.24155259897116084E-003	2.51868188400325172E-003	7.22870714967909769E-004	2.44045818987749866E-003	1.28920364299899178E-003	-1	1.15125454687850688E-003	-1	OK
87.250000000000000	5.58842670702965841E-003	3.18974196133348748E-003	2.47770464138425371E-003	7.12037319949234532E-004	2.39868474569617093E-003	1.26692696981529191E-003	-1	1.13175777588087902E-003	-1	OK
87.500000000000000	5.49661876641432436E-003	3.13889174771792793E-003	2.43749968265339397E-003	7.01392065064534173E-004	2.35772701869639599E-003	1.24509274204948712E-003	-1	1.11263427664690887E-003	-1	OK
87.750000000000000	5.40654771520721403E-003	3.08898157548285947E-003	2.39805038461261312E-003	6.90931190870245921E-004	2.31756613972435499E-003	1.22369106290337007E-003	-1	1.09387507682098492E-003	-1	OK
88.000000000000000	5.31818386601160854E-003	3.03999135175604066E-003	2.35934049707984313E-003	6.80650854676197528E-004	2.27819251425556788E-003	1.20271357155946946E-003	-1	1.07547894269609842E-003	-1	OK
88.250000000000000	5.23149013622137282E-003	2.99190134172847358E-003	2.32135414504754502E-003	6.70547196680928341E-004	2.23958879449289968E-003	1.18215016394955736E-003	-1	1.05743863054334232E-003	-1	OK
88.500000000000000	5.14622370325663967E-003	2.94469246133497852E-003	2.28407591201717705E-003	6.60616549317800819E-004	2.20153124192166115E-003	1.16199080402693412E-003	-1	1.03954043789472703E-003	-1	OK
88.750000000000000	5.06276191207819665E-003	2.89834657647813822E-003	2.24749084389106769E-003	6.50855732587070422E-004	2.16441533560005886E-003	1.14222661515268344E-003	-1	1.02218872044737541E-003	-1	OK
89.000000000000000	4.98086319235165921E-003	2.85284601817112609E-003	2.21158434130040455E-003	6.41261676870721322E-004	2.12801717418053312E-003	1.12284885583001305E-003	-1	1.00516831835052007E-003	-1	OK
89.250000000000000	4.90049656002199043E-003	2.80817320383300187E-003	2.17634206592141237E-003	6.31831137911589825E-004	2.09232335618898856E-003	1.10384931069871443E-003	-1	9.88474045490274128E-004	-1	OK
89.500000000000000	4.82162940968166535E-003	2.76431091168710761E-003	2.14175002437863018E-003	6.22560887308477753E-004	2.05731849799455774E-003	1.08521932399270366E-003	-1	9.72099174001854081E-004	-1	OK
89.750000000000000	4.74423042350548014E-003	2.72124231621186053E-003	2.10779452872161778E-003	6.13447787490243083E-004	2.02298810729361961E-003	1.06695191376422857E-003	-1	9.56036193529391032E-004	-1	OK
90.000000000000000	4.66826772708816770E-003	2.67895097945165979E-003	2.07446226665789196E-003	6.04488712793768267E-004	1.98931674763650748E-003	1.04903800597083946E-003	-1	9.40278741665668020E-004	-1	OK
90.250000000000000	4.59371050292530728E-003	2.63742096852060195E-003	2.04174022814228610E-003	5.95680740378314987E-004	1.95628953440470533E-003	1.03146985424460770E-003	-1	9.24819680160097633E-004	-1	OK
90.500000000000000	4.52052827075445987E-003	2.59663673241885325E-003	2.00961573371669045E-003	5.87020998702162365E-004	1.92389153833560662E-003	1.01423992834198673E-003	-1	9.09651609993619888E-004	-1	OK
90.750000000000000	4.44869431029009700E-003	2.55658337135238967E-003	1.97807644431116127E-003	5.78506927041229379E-004	1.89211093893770690E-003	9.97340676826047236E-004	-1	8.94770262111659661E-004	-1	OK
91.000000000000000	4.37817969582335841E-003	2.51724602926852326E-003	1.94711022687501633E-003	5.70135802393507149E-004	1.86093366655483514E-003	9.80764935823771195E-004	-1	8.80168730731063949E-004	-1	OK
91.250000000000000	4.30895803624781540E-003	2.47860999782870952E-003	1.91670519463256602E-003	5.61904803196143173E-004	1.83034803841910544E-003	9.64505703038421908E-004	-1	8.65842335380683534E-004	-1	OK
91.500000000000000	4.24100196224759703E-003	2.44066104906152329E-003	1.88684976884209818E-003	5.53811280219423702E-004	1.80034091318607330E-003	9.48556144655113005E-004	-1	8.51784768530960295E-004	-1	OK
91.750000000000000	4.17428492321427445E-003	2.40338523216773303E-003	1.85753264093053440E-003	5.45852591237198947E-004	1.77089969104654121E-003	9.32909593154087149E-004	-1	8.37990097892454063E-004	-1	OK
92.000000000000000	4.10878087486351434E-003	2.36676874487724105E-003	1.82874271525961798E-003	5.38026029617623500E-004	1.74201212998627351E-003	9.17559548495603945E-004	-1	8.24452581490669567E-004	-1	OK
92.250000000000000	4.04446398479880228E-003	2.33079824192233224E-003	1.80046922066512361E-003	5.30329021257207973E-004	1.71366574287647026E-003	9.02500944114453915E-004	-1	8.11164798762016343E-004	-1	OK
92.500000000000000	3.98131154283648016E-003	2.29546094424118267E-003	1.77270164255649088E-003	5.22759301684691687E-004	1.68585059859529770E-003	8.87726875075227481E-004	-1	7.98123723520070220E-004	-1	OK
92.750000000000000	3.91929913778036806E-003	2.26074410058313196E-003	1.74542968424944611E-003	5.15314416333686174E-004	1.65855503719723588E-003	8.73231282936578926E-004	-1	7.85323754260656959E-004	-1	OK
93.000000000000000	3.85840319278005391E-003	2.22663542040186374E-003	1.71864331604473569E-003	5.07992104357127944E-004	1.63176777237819016E-003	8.59007629069199249E-004	-1	7.72760143308990916E-004	-1	OK
93.250000000000000	3.79860023476638478E-003	2.19312278371271239E-003	1.69233271382003342E-003	5.00790069892678648E-004	1.60547745105367240E-003	8.45049076614410081E-004	-1	7.60428374439262316E-004	-1	OK
93.500000000000000	3.73986859955358943E-003	2.16019459318624561E-003	1.66648831560611745E-003	4.93706277580127726E-004	1.57967400636734360E-003	8.31349740939362489E-004	-1	7.48324265427981108E-004	-1	OK
93.750000000000000	3.68218720592240019E-003	2.12783937047065184E-003	1.64110074189047000E-003	4.86738628580182006E-004	1.55434783545174834E-003	8.17903938794930282E-004	-1	7.36443896656818059E-004	-1	OK
94.000000000000000	3.62553284662829513E-003	2.09604572216202240E-003	1.61616078559145013E-003	4.79884936570572156E-004	1.52948712446627274E-003	8.04707839185422424E-004	-1	7.24779285280850315E-004	-1	OK
94.250000000000000	3.56988673806513286E-003	2.06480240637803725E-003	1.59165943160220411E-003	4.73142974775833094E-004	1.50508433168709561E-003	7.91756263296094142E-004	-1	7.13328068391001465E-004	-1	OK
94.500000000000000	3.51522736731309411E-003	2.03409840975942065E-003	1.56758787616413371E-003	4.66510533595287209E-004	1.48112895755367368E-003	7.79044088498022716E-004	-1	7.02084869055650965E-004	-1	OK
94.750000000000000	3.46153447696812173E-003	2.00392331499454771E-003	1.54393757363563400E-003	4.59985741358913760E-004	1.45761116197357424E-003	7.66566305392732904E-004	-1	6.91044856580841338E-004	-1	OK
95.000000000000000	3.40878917073438124E-003	1.97426668901342023E-003	1.52070011737118053E-003	4.53566571642239377E-004	1.43452248172096079E-003	7.54318024435290729E-004	-1	6.80204457285670059E-004	-1	OK
95.250000000000000	3.35697266889923695E-003	1.94511846974541099E-003	1.49786732215136673E-003	4.47251147594044589E-004	1.41185419915382574E-003	7.42294469894260551E-004	-1	6.69559729259565188E-004	-1	OK
95.500000000000000	3.30606632216139552E-003	1.91646866795939673E-003	1.47543115048534936E-003	4.41037517474046712E-004	1.38959765420199879E-003	7.30490979462943891E-004	-1	6.59106674739054900E-004	-1	OK
95.750000000000000	3.25605189983997449E-003	1.88830753306032102E-003	1.45338375175039711E-003	4.34923781309924076E-004	1.36774436677965347E-003	7.18903034935750918E-004	-1	6.48841331843902553E-004	-1	OK
96.000000000000000	3.20691136525513539E-003	1.86062563095490061E-003	1.43171747691096113E-003	4.28908154043938989E-004	1.34628573430023478E-003	7.07526317722481776E-004	-1	6.38759416577753007E-004	-1	OK
96.250000000000000	3.15862768332486436E-003	1.83341367689354847E-003	1.41042481160361479E-003	4.22988865289933248E-004	1.32521400643131589E-003	6.96356302897153945E-004	-1	6.28857703534161944E-004	-1	OK
96.500000000000000	3.11118382940438892E-003	1.80666248431806363E-003	1.38949841523624456E-003	4.17164069081819454E-004	1.30452134508632529E-003	6.85388736825226909E-004	-1	6.19132608261098384E-004	-1	OK
96.750000000000000	3.06435686360636986E-003	1.78036313696172330E-003	1.36893110676053063E-003	4.11432030201192879E-004	1.28399372664464656E-003	6.74619353745416531E-004	-1	6.09374372899230033E-004	-1	OK
97.000000000000000	3.01854601545850556E-003	1.75450682570204241E-003	1.34871586173815165E-003	4.05790963963890646E-004	1.26403918975646315E-003	6.64044225011255315E-004	-1	5.99994964745207836E-004	-1	OK
97.250000000000000	2.97352629756930664E-003	1.72908528437014722E-003	1.32884586686492852E-003	4.00239417505218156E-004	1.24444101319915942E-003	6.53659392553640754E-004	-1	5.90781620645518669E-004	-1	OK
97.500000000000000	2.92928217686528897E-003	1.70409012718826416E-003	1.30931438486261466E-003	3.94775742325649559E-004	1.22519204967702481E-003	6.43460987125904775E-004	-1	5.81731062551120036E-004	-1	OK
97.750000000000000	2.88579837729272112E-003	1.67951309650773203E-003	1.29011483703886571E-003	3.89398259468867020E-004	1.20628528078498909E-003	6.33445342474148491E-004	-1	5.72839938310840601E-004	-1	OK
98.000000000000000	2.84306015274438974E-003	1.65534623080059286E-003	1.27124079599777885E-003	3.84105434802814287E-004	1.18771392194379688E-003	6.23609121268618315E-004	-1	5.64104800675178561E-004	-1	OK
98.250000000000000	2.80105260224668313E-003	1.63158157556528424E-003	1.25268596162730656E-003	3.78895613937977574E-004	1.16947102668139890E-003	6.13948286508547800E-004	-1	5.55522740172851096E-004	-1	OK
98.500000000000000	2.75976190253817604E-003	1.60821159984564236E-003	1.23444421893916228E-003	3.73767380906479970E-004	1.15155030269253368E-003	6.04459211854820044E-004	-1	5.47091090837713637E-004	-1	OK
98.750000000000000	2.71917411513737488E-003	1.58522877796394429E-003	1.21650954479482314E-003	3.68719233169121101E-004	1.13394533717343059E-003	5.95138387789051894E-004	-1	5.38806949384378693E-004	-1	OK
99.000000000000000	2.67927553563371236E-003	1.56262595766959943E-003	1.19887610888255920E-003	3.63749848787039910E-004	1.11664957796411292E-003	5.85982453869361231E-004	-1	5.30667124094751693E-004	-1	OK
99.250000000000000	2.64005352111099188E-003	1.54039618266584456E-003	1.18153818058176589E-003	3.58858002084079314E-004	1.09965733844514732E-003	5.76988164059441012E-004	-1	5.22669174385706307E-004	-1	OK
99.500000000000000	2.60149488504957636E-003	1.51853238787454103E-003	1.16449012071090222E-003	3.54042267163638430E-004	1.08296249717503533E-003	5.68152294112479858E-004	-1	5.14810203062555471E-004	-1	OK
99.750000000000000	2.56358710740337481E-003	1.49702776287649456E-003	1.14772642214567991E-003	3.49301340730814652E-004	1.06655934452688024E-003	5.59471706832492571E-004	-1	5.07087637694387671E-004	-1	OK
100.00000000000000	2.52631734056550216E-003	1.47587548772759201E-003	1.13124166854486753E-003	3.44633819182724806E-004	1.05044185283791037E-003	5.50943328818959501E-004	-1	4.99498524018950865E-004	-1	OK
