#pt	totcs	totdirect	directLO	directNLO	totfrag	fragLO	err_fragLO	fragNLO	err_fragNLO	errmess
0.50000000000000000	14450176.230262520	5009700.9297962189	3622434.2967108344	1387266.6330853831	9440475.3004663009	2384616.5954835014	-1	7055858.7049827995	-1	Error
0.75000000000000000	1357164.3171251146	658705.28044879297	384373.56185969763	274331.71858909546	698459.03667632153	181470.65469602510	-1	516988.38198029646	-1	Error
1.0000000000000000	234741.73363156704	130085.63807954334	69472.029635921033	60613.608443622266	104656.09555202372	27464.632777652711	-1	77191.462774371001	-1	Error
1.2500000000000000	56383.412245859734	33553.525652155091	17000.155749934889	16553.369902220198	22829.886593704643	5976.9565021448298	-1	16852.930091559814	-1	Error
1.5000000000000000	16594.307583036105	10341.185002522323	5043.4436394986751	5297.7413630236479	6253.1225805137810	1618.7090511524543	-1	4634.4135293613272	-1	Error
1.7500000000000000	5599.5487755964468	3610.3328123192446	1706.7121711764826	1903.6206411427627	1989.2159632772020	510.24246591982421	-1	1478.9734973573777	-1	Error
2.0000000000000000	2085.0564088599804	1379.9931776856615	634.58776317393915	745.40541451172214	705.06323117431873	178.54984339969786	-1	526.51338777462092	-1	Error
2.2500000000000000	833.79211949700414	564.28164458576714	252.90150176467660	311.38014282109054	269.51047491123700	67.061779581668972	-1	202.44869532956801	-1	Error
2.5000000000000000	351.99288833578072	242.74259681759509	106.14442226334251	136.59817455425261	109.25029151818563	26.799836658926608	-1	82.450454859259025	-1	Error
2.7500000000000000	154.56402760167981	108.47973050186680	46.304612772457062	62.175117729409735	46.084297099813000	11.148908081452388	-1	34.935389018360610	-1	Error
3.0000000000000000	69.970147144540718	49.871352292450950	20.785262258878557	29.086090033572404	20.098794852089767	4.7917984808944638	-1	15.306996371195304	-1	Error
3.2500000000000000	32.372740253339181	23.401536760926980	9.5237370994660413	13.877799661460942	8.9712034924122008	2.1096835293565701	-1	6.8615199630556312	-1	Error
3.5000000000000000	15.215695059389471	11.134681729877082	4.4246232591809473	6.7100584706961355	4.0810133295123894	0.94145459734925618	-1	3.1395587321631333	-1	Error
3.7500000000000000	7.2167798663866130	5.3425179934098690	2.0726094265971549	3.2699085668127146	1.8742618729767442	0.42676799122698239	-1	1.4474938817497618	-1	Error
4.0000000000000000	3.4365619321518670	2.5727191846630659	0.97417194795345763	1.5985472367096079	0.86384274748880119	0.19400437948874388	-1	0.66983836800005725	-1	OK
4.2500000000000000	1.6372580595842847	1.2383367059416239	0.45752374303050469	0.78081296291111912	0.39892135364266079	8.80939172889958627E-002	-1	0.31082743635366494	-1	OK
4.5000000000000000	0.77768234639927125	0.59373504882745842	0.21395156631133505	0.37978348251612326	0.18394729757181277	3.99630542185153773E-002	-1	0.14398424335329740	-1	OK
4.7500000000000000	0.36682214075331199	0.28265040188243157	9.92864926176910134E-002	0.18336390926474058	8.41717388708804054E-002	1.79824270746102230E-002	-1	6.61893117962701893E-002	-1	OK
5.0000000000000000	0.17135213784911768	0.13318978521856664	4.55771457153990797E-002	8.76126395031675276E-002	3.81623526305510524E-002	8.01747012458693849E-003	-1	3.01448825059641157E-002	-1	OK
5.2500000000000000	7.90051304798251586E-002	6.19307002597541192E-002	2.06291835505256517E-002	4.13015167092284780E-002	1.70744302200710393E-002	3.48918930704921392E-003	-1	1.35852409130218250E-002	-1	OK
5.5000000000000000	3.57923089099666455E-002	2.83206282106320643E-002	9.17464454398078492E-003	1.91459836666512777E-002	7.47168069933458294E-003	1.51044343845217364E-003	-1	5.96123726088240886E-003	-1	OK
5.7500000000000000	1.58887451192310444E-002	1.26885957861019617E-002	3.99361180599091311E-003	8.69498398011104776E-003	3.20014933312908357E-003	6.36243075753241340E-004	-1	2.56390625737584234E-003	-1	OK
6.0000000000000000	6.87831573631750640E-003	5.54510008025093769E-003	1.69362354200574975E-003	3.85147653824518751E-003	1.33321565606656827E-003	2.58912757188638535E-004	-1	1.07430289887792962E-003	-1	OK
6.2500000000000000	2.88514960431244085E-003	2.35055583715970814E-003	6.95846564348763432E-004	1.65470927281094362E-003	5.34593767152732814E-004	1.01566698650228351E-004	-1	4.33027068502504450E-004	-1	OK
6.5000000000000000	1.16615301739367229E-003	9.60385059232314489E-004	2.75178732117743437E-004	6.85206327114570835E-004	2.05767958161357748E-004	3.83786344592052092E-005	-1	1.67389323702152532E-004	-1	OK
6.7500000000000000	4.50806148759604075E-004	3.75433686097004834E-004	1.03949163817831469E-004	2.71484522279173419E-004	7.53724626625992274E-005	1.37506152772701395E-005	-1	6.16218473853290862E-005	-1	OK
7.0000000000000000	1.65054294928547847E-004	1.39019452115292082E-004	3.71360411035026459E-005	1.01883411011789463E-004	2.60348428132557620E-005	4.56956901937413340E-006	-1	2.14652737938816286E-005	-1	OK
7.2500000000000000	5.64950037817236054E-005	4.81928021731667814E-005	1.23955617179581860E-005	3.57972404552085903E-005	8.30220160855682232E-006	1.43308912178776490E-006	-1	6.86911248676905741E-006	-1	OK
7.5000000000000000	1.78227513082055425E-005	1.54011694744950629E-005	3.80551988147985882E-006	1.15956495930152002E-005	2.42158183371047841E-006	4.01059937218738585E-007	-1	2.02052189649173967E-006	-1	OK
7.7500000000000000	5.07284947905317373E-006	4.44503562295800998E-006	1.05244637601208013E-006	3.39258924694593049E-006	6.27813856095163536E-007	1.01489681383840774E-007	-1	5.26324174711322775E-007	-1	OK
8.0000000000000000	1.26768843843191601E-006	1.12716838911374507E-006	2.54960987150741406E-007	8.72207401963003664E-007	1.40520049318170863E-007	2.21066616693999723E-008	-1	1.18413387648770887E-007	-1	OK
8.2500000000000000	2.67464419261391221E-007	2.41579111528095901E-007	5.20214827115225066E-008	1.89557628816573414E-007	2.58853077332953104E-008	3.88303981926412429E-009	-1	2.20022679140311853E-008	-1	OK
8.5000000000000000	4.50376723780427595E-008	4.13722810888793872E-008	8.44623921573599791E-009	3.29260418731433960E-008	3.66539128916337511E-009	5.29478732767006049E-010	-1	3.13591255639636906E-009	-1	OK
8.7500000000000000	5.54812757037169286E-009	5.19394014791404654E-009	1.00073398981999237E-009	4.19320615809405437E-009	3.54187422457646325E-010	4.88298783194176628E-011	-1	3.05357544138228650E-010	-1	OK
9.0000000000000000	4.36383028662040530E-010	4.16940404437667270E-010	7.53530900444814472E-011	3.41587314393185874E-010	1.94426242243732570E-011	2.60062501748060587E-012	-1	1.68419992068926512E-011	-1	OK
9.2500000000000000	1.73178163142813227E-011	1.68930277877631318E-011	2.82477665915001071E-012	1.40682511286131207E-011	4.24788526518190612E-013	5.29485020396138077E-014	-1	3.71840024478576798E-013	-1	OK
9.5000000000000000	2.14671548170082962E-013	2.13079145708962935E-013	3.13552610065968711E-014	1.81723884702366045E-013	1.59240246112003729E-015	1.79796064575439771E-016	-1	1.41260639654459749E-015	-1	OK
