#pt	totcs	totdirect	directLO	directNLO	totfrag	fragLO	err_fragLO	fragNLO	err_fragNLO	errmess
0.50000000000000000	34309713.745476037	7159979.5439632609	5650306.0054237628	1509673.5385394986	27149734.201512773	6587804.3771267971	-1	20561929.824385975	-1	Error
0.75000000000000000	3701573.3965878389	1229681.1235554791	675801.97775394225	553879.14580153697	2471892.2730323598	670712.07429933955	-1	1801180.1987330201	-1	Error
1.0000000000000000	555265.20090995100	261456.29407055269	137780.70857924578	123675.58549130685	293808.90683939832	85176.589239324428	-1	208632.31760007387	-1	Error
1.2500000000000000	126087.07610048598	69286.153576604847	35875.517166407932	33410.636410196923	56800.922523881134	16939.008132610543	-1	39861.914391270591	-1	Error
1.5000000000000000	36317.476446399523	21696.784244898932	11103.435301151740	10593.348943747191	14620.692201500588	4415.8869877098823	-1	10204.805213790705	-1	Error
1.7500000000000000	12181.853924701050	7679.3567083972875	3888.5454960233574	3790.8112123739311	4502.4972163037628	1359.3481065806479	-1	3143.1491097231146	-1	Error
2.0000000000000000	4545.3048774388562	2978.0126849955996	1491.3414189876939	1486.6712660079061	1567.2921924432567	468.40325428055797	-1	1098.8889381626987	-1	Error
2.2500000000000000	1832.5625927305864	1236.7239691835343	611.95301896595856	624.77095021757566	595.83862354705218	176.16362123499317	-1	419.67500231205901	-1	Error
2.5000000000000000	782.11753909818299	540.63893343544305	264.08115628969023	276.55777714575282	241.47860566273997	70.753621675440044	-1	170.72498398729994	-1	Error
2.7500000000000000	348.48623908653781	245.91090837040986	118.43580951229796	127.47509885811185	102.57533071612798	29.665577761392427	-1	72.909752954735552	-1	Error
3.0000000000000000	160.48045067629468	115.31917829673181	54.688022053450894	60.631156243280891	45.161272379562881	12.839838249278174	-1	32.321434130284707	-1	Error
3.2500000000000000	75.689826434718711	55.313873192475590	25.795984421380403	29.517888771095183	20.375953242243121	5.7210589812247523	-1	14.654894261018368	-1	Error
3.5000000000000000	36.340529267391005	26.957373862075052	12.348142704228442	14.609231157846605	9.3831554053159518	2.5933572593997245	-1	6.7897981459162278	-1	Error
3.7500000000000000	17.643764962176277	13.273819741045452	5.9651122126216078	7.3087075284238434	4.3699452211308252	1.1841908623224522	-1	3.1857543588083730	-1	Error
4.0000000000000000	8.6212503639828633	6.5720015170898600	2.8941291495097237	3.6778723675801368	2.0492488468930028	0.54881850869919413	-1	1.5004303381938087	-1	OK
4.2500000000000000	4.2191948993493966	3.2590114386893574	1.4047919206823822	1.8542195180069749	0.96018346066003968	0.25339080564213912	-1	0.70679265501790056	-1	OK
4.5000000000000000	2.0642215767256875	1.6130161785812041	0.67978273672781608	0.93323344185338786	0.45120539814448363	0.11684734237270511	-1	0.33435805577177852	-1	OK
4.7500000000000000	1.0046637239986178	0.79421576783900161	0.32685808033057512	0.46735768750842649	0.21044795615961626	5.35629114393941994E-002	-1	0.15688504472022205	-1	OK
5.0000000000000000	0.48519583891003104	0.38782728420706553	0.15567148986500642	0.23215579434205905	9.73685547029655013E-002	2.42004538306711918E-002	-1	7.31681008722943060E-002	-1	OK
5.2500000000000000	0.23173491901244636	0.18722797820748135	7.32025345523542037E-002	0.11402544365512714	4.45069408049650200E-002	1.08403348260277688E-002	-1	3.36666059789372529E-002	-1	OK
5.5000000000000000	0.10896106790594093	8.90621871545194538E-002	3.38718075020145934E-002	5.51903796525048743E-002	1.98988807514214709E-002	4.78928619805126313E-003	-1	1.51095945533702078E-002	-1	OK
5.7500000000000000	5.03436624142049247E-002	4.16055148108611036E-002	1.53691077858133900E-002	2.62364070250477206E-002	8.73814760334381928E-003	2.05590851916394790E-003	-1	6.68223908417987095E-003	-1	OK
6.0000000000000000	2.27373939516283402E-002	1.90073546410986158E-002	6.80886625482067086E-003	1.21984883862779475E-002	3.73003931052972269E-003	8.57820098264760501E-004	-1	2.87221921226496219E-003	-1	OK
6.2500000000000000	9.98406050633302358E-003	8.44708159129541926E-003	2.92959292031589246E-003	5.51748867097952636E-003	1.53697891503760346E-003	3.45467594493548591E-004	-1	1.19151132054405497E-003	-1	OK
6.5000000000000000	4.23899579652261931E-003	3.62967111792993112E-003	1.21650636284154220E-003	2.41316475508838871E-003	6.09324678592687964E-004	1.33812415454892384E-004	-1	4.75512263137795608E-004	-1	OK
6.7500000000000000	1.72724224009169233E-003	1.49696755217087877E-003	4.83834870831666153E-004	1.01313268133921262E-003	2.30274687920813614E-004	4.92697699102182532E-005	-1	1.81004918010595347E-004	-1	OK
7.0000000000000000	6.68779587305494048E-004	5.86846002704009134E-004	1.82529755088276614E-004	4.04316247615732493E-004	8.19335846014848863E-005	1.69115333407099254E-005	-1	6.50220512607749642E-005	-1	OK
7.2500000000000000	2.43341070834720495E-004	2.16198349063542711E-004	6.45451506236903455E-005	1.51653198439852379E-004	2.71427217711777868E-005	5.48811576614237590E-006	-1	2.16546060050354117E-005	-1	OK
7.5000000000000000	8.19619341163374326E-005	7.37333105292584150E-005	2.10662382970554259E-005	5.26670722322029891E-005	8.22862358707901927E-006	1.60721824107038445E-006	-1	6.62140534600863503E-006	-1	OK
7.7500000000000000	2.50507274977049870E-005	2.28225974573368076E-005	6.21882755854419737E-006	1.66037698987926103E-005	2.22813004036817814E-006	4.18087224983701656E-007	-1	1.81004281538447653E-006	-1	OK
8.0000000000000000	6.76860888986508940E-006	6.24517751575627147E-006	1.61620771432875732E-006	4.62896980142751457E-006	5.23431374108818353E-007	9.46151344996740135E-008	-1	4.28816239609144340E-007	-1	OK
8.2500000000000000	1.55626748047991194E-006	1.45452201387400833E-006	3.55689792997431446E-007	1.09883222087657677E-006	1.01745466605903669E-007	1.74961183198956323E-008	-1	8.42493482860080405E-008	-1	OK
8.5000000000000000	2.87918601240007164E-007	2.72679450646911137E-007	6.26095792482595046E-008	2.10069871398651646E-007	1.52391505930960363E-008	2.52277036910413668E-009	-1	1.27163802239918988E-008	-1	OK
8.7500000000000000	3.92874844976035488E-008	3.77132900547031692E-008	8.06864870284082262E-009	2.96446413518623598E-008	1.57419444290038024E-009	2.45780791441588768E-010	-1	1.32841365145879142E-009	-1	OK
9.0000000000000000	3.43305646589961558E-009	3.34097280936160909E-009	6.59433215149442500E-010	2.68153959421216649E-009	9.20836565380066431E-011	1.33896393154549879E-011	-1	7.86940172225516520E-011	-1	OK
9.2500000000000000	1.50181443252182868E-010	1.48081584904387820E-010	2.65355130928479097E-011	1.21546071811539890E-010	2.09985834779503755E-012	2.84736605810194890E-013	-1	1.81512174198484266E-012	-1	OK
9.5000000000000000	2.00319558506529208E-012	1.99540913584913428E-012	3.10923469136641944E-013	1.68448566671249234E-012	7.78644921615762842E-015	9.55136642824148260E-016	-1	6.83131257333347976E-015	-1	OK
