#pt	totcs	totdirect	directLO	directNLO	totfrag	fragLO	err_fragLO	fragNLO	err_fragNLO	errmess
0.50000000000000000	53269572.104344338	-11110265.739828970	3774451.8924641772	-14884717.632293135	64379837.844173312	27441648.095336150	-1	36938189.748837158	-1	Error
0.75000000000000000	13418788.548618255	201744.53596655279	749149.04132206261	-547404.50535550923	13217044.012651702	5077655.7188986558	-1	8139388.2937530465	-1	Error
1.0000000000000000	3780792.2537590973	285524.88788220217	388151.63810345368	-102626.75022125183	3495267.3658768949	1443752.3326573204	-1	2051515.0332195745	-1	Error
1.2500000000000000	1248086.9868673137	175329.31379378581	186840.32795448179	-11511.014160695937	1072757.6730735279	466338.63018351881	-1	606419.04289000900	-1	Error
1.5000000000000000	492714.07052755321	99556.481176430010	93986.782251385695	5569.6989250443085	393157.58935112320	175953.96608971668	-1	217203.62326140652	-1	Error
1.7500000000000000	222677.07698918937	57215.470192942841	50112.321928165351	7103.1482647774801	165461.60679624655	75102.825247262663	-1	90358.781548983883	-1	Error
2.0000000000000000	111294.44159012704	33938.634021759695	28224.769228084355	5713.8647936753387	77355.807568367338	35569.434799934977	-1	41786.372768432360	-1	Error
2.2500000000000000	60159.585283263325	20811.690653768390	16655.736489321414	4155.9541644469764	39347.894629494935	18281.701457767496	-1	21066.193171727438	-1	Error
2.5000000000000000	34577.977734184155	13155.663462924329	10218.280177244294	2937.3832856800368	21422.314271259824	9951.4838087647859	-1	11470.830462495038	-1	Error
2.7500000000000000	20828.095981418715	8559.7305261171459	6490.6162023778816	2069.1143237392653	12268.365455301571	5718.6231280547163	-1	6549.7423272468550	-1	Error
3.0000000000000000	13086.317604727030	5720.7517646343622	4253.0066412540964	1467.7451233802653	7365.5658400926677	3445.6761401082872	-1	3919.8896999843805	-1	Error
3.2500000000000000	8520.5314810540258	3914.9762954979660	2862.7096375371088	1052.2666579608583	4605.5551855560598	2156.4400031024197	-1	2449.1151824536400	-1	Error
3.5000000000000000	5709.2837936372744	2735.8699348146238	1972.4665950901024	763.40333972452163	2973.4138588226501	1392.9773242937495	-1	1580.4365345289007	-1	Error
3.7500000000000000	3921.8732601998572	1948.0594373295316	1387.4044493001056	560.65498802942602	1973.8138228703253	924.88388330032990	-1	1048.9299395699954	-1	Error
4.0000000000000000	2755.7589086109656	1410.6073367150323	993.95438734068398	416.65294937434788	1345.1515718959333	628.97641335136564	-1	716.17515854456769	-1	OK
4.2500000000000000	1972.3462977072118	1036.9523113439243	723.80260551059030	313.14970583333400	935.39398636328747	436.95070312989077	-1	498.44328323339670	-1	OK
4.5000000000000000	1430.5399299322587	772.74549115805962	534.86264051668547	237.88285064137432	657.79443877419908	309.30774212064227	-1	348.48669665355681	-1	OK
4.7500000000000000	1057.3335082278954	583.01928510347170	400.51992556084349	182.49935954262824	474.31422312442379	222.67746292075179	-1	251.63676020367200	-1	OK
5.0000000000000000	792.17714916824320	444.89810265491553	303.55521104754570	141.34289160736981	347.27904651332761	162.73933413189496	-1	184.53971238143265	-1	OK
5.2500000000000000	600.70167651084057	343.03487258535404	232.60548554973209	110.42938703562194	257.66680392548653	120.57027312277762	-1	137.09653080270891	-1	OK
5.5000000000000000	460.49493943451500	267.01689251892776	180.03939683134325	86.977495687584565	193.47804691558721	90.431289026233827	-1	103.04675788935339	-1	OK
5.7500000000000000	356.63716878891324	209.67334740860508	140.64043300136467	69.032914407240398	146.96382138030816	68.587901006312009	-1	78.375920373996152	-1	OK
6.0000000000000000	278.74102864243224	165.98105107139483	110.79864145055562	55.182409620839216	112.75997757103741	52.553589731155078	-1	60.206387839882332	-1	OK
6.2500000000000000	219.80401889331952	132.37896121618934	87.975488315963133	44.403472900226213	87.425057677130184	40.650424806877531	-1	46.774632870252653	-1	OK
6.5000000000000000	174.70038730231460	106.31389946294885	70.362866477075073	35.951032985873788	68.386487839365728	31.717960457033914	-1	36.668527382331817	-1	OK
6.7500000000000000	139.83225667859114	85.940135052803072	56.658051225448943	29.282083827354111	53.892121625788079	24.913887550380579	-1	28.978234075407499	-1	OK
7.0000000000000000	112.70920220292773	69.891956695458646	45.910356861970172	23.981599833488492	42.817245507469082	19.713942382491073	-1	23.103303124978009	-1	OK
7.2500000000000000	91.406940236322143	57.161430497741307	37.420333574837215	19.741096922904088	34.245509738580836	15.733779042599686	-1	18.511730695981150	-1	OK
7.5000000000000000	74.575153965562976	46.998545408011360	30.668670578815561	16.329874829195813	27.576608557551609	12.636384169405190	-1	14.940224388146419	-1	OK
7.7500000000000000	61.161518002057264	38.836962611789907	25.265144949392166	13.571817662397741	22.324555390267360	10.213321807104599	-1	12.111233583162761	-1	OK
8.0000000000000000	50.419754268335723	32.242883001032702	20.914348439587062	11.328534561445633	18.176871267303017	8.3035284874270268	-1	9.8733427798759905	-1	OK
8.2500000000000000	41.774732334183263	26.885426553511415	17.391514701255520	9.4939118522558967	14.889305780671846	6.7880701701500978	-1	8.1012356105217478	-1	OK
8.5000000000000000	34.769622772692792	22.511943130475053	14.524306378105154	7.9876367523698955	12.257679642217736	5.5775428098380182	-1	6.6801368323797181	-1	OK
8.7500000000000000	29.060285855032184	18.924665618681161	12.179026944637789	6.7456386740433709	10.135620236351025	4.6048858086544007	-1	5.5307344276966246	-1	OK
9.0000000000000000	24.385974621672137	15.968322725898522	10.251530959673024	5.7167917662254935	8.4176518957736146	3.8190186577270966	-1	4.5986332380465180	-1	OK
9.2500000000000000	20.546022681010893	13.521086830458481	8.6603031547999283	4.8607836756585527	7.0249358505524109	3.1808081924897773	-1	3.8441276580626336	-1	OK
9.5000000000000000	17.372210862951842	11.486961994922641	7.3411886836136908	4.1457733113089521	5.8852488680292003	2.6599475319449084	-1	3.2253013360842919	-1	OK
9.7500000000000000	14.738884556740290	9.7901469845534042	6.2433664741603989	3.5467805103930061	4.9487375721868858	2.2265205984456324	-1	2.7222169737412534	-1	OK
10.000000000000000	12.545403863084555	8.3694488105788345	5.3261976807010409	3.0432511298777944	4.1759550525057199	1.8726345184379658	-1	2.3033205340677538	-1	OK
10.250000000000000	10.711339396696060	7.1755159728229101	4.5571534023032019	2.6183625705197082	3.5358234238731492	1.5827359336223228	-1	1.9530874902508264	-1	OK
10.500000000000000	9.1703784588988952	6.1687184420222803	3.9100765376194038	2.2586419044028769	3.0016600168766159	1.3420924682473201	-1	1.6595675486292958	-1	OK
10.750000000000000	7.8748517220431697	5.3169670092938484	3.3638371364328066	1.9531298728610429	2.5578847127493218	1.1396532017444143	-1	1.4182315110049075	-1	OK
11.000000000000000	6.7793714370686367	4.5943394736178620	2.9013139688140108	1.6930255048038503	2.1850319634507747	0.97217121252534122	-1	1.2128607509254334	-1	OK
11.250000000000000	5.8507729497465748	3.9795265247945459	2.5085071311467204	1.4710193936478260	1.8712464249520289	0.83165237234860001	-1	1.0395940526034289	-1	OK
11.500000000000000	5.0604761540909795	3.4548562518136361	2.1739258650580284	1.2809303867556079	1.6056199022773436	0.71103821793610267	-1	0.89458168434124097	-1	OK
11.750000000000000	4.3898134658868369	3.0058731774783407	1.8881541602423384	1.1177190172360021	1.3839402884084957	0.61147390541412971	-1	0.77246638299436599	-1	OK
12.000000000000000	3.8147833503763238	2.6206217912162950	1.6434323994570561	0.97718939175923947	1.1941615591600288	0.52716245290885577	-1	0.66699910625117298	-1	OK
12.250000000000000	3.3229726163974931	2.2893996699206802	1.4333738913675127	0.85602577855316775	1.0335729464768131	0.45555026853104047	-1	0.57802267794577267	-1	OK
12.500000000000000	2.9007789544718667	2.0039487686958357	1.2526297819484122	0.75131898674742348	0.89683018577603124	0.39456768428618011	-1	0.50226250148985119	-1	OK
12.750000000000000	2.5367820624686104	1.7573507535452104	1.0967383391945740	0.66061241435063689	0.77943130892339996	0.34192783056863257	-1	0.43750347835476738	-1	OK
13.000000000000000	2.2226003512909585	1.5438378552273311	0.96197727719370008	0.58186057803363112	0.67876249606362749	0.29740461128266404	-1	0.38135788478096344	-1	OK
13.250000000000000	1.9509916104204297	1.3585494891514582	0.84522886908282790	0.51332062006863044	0.59244212126897144	0.25879760681544461	-1	0.33364451445352683	-1	OK
13.500000000000000	1.7157064202226404	1.1974299956665366	0.74388537909271812	0.45354461657381856	0.51827642455610379	0.22563642176847237	-1	0.29264000278763141	-1	OK
13.750000000000000	1.5112715642807348	1.0571206896485168	0.65575548881033008	0.40136520083818705	0.45415087463221809	0.19763278013318547	-1	0.25651809449903262	-1	OK
14.000000000000000	1.3334132769770655	0.93469945218900286	0.57896468865478035	0.35573476353422251	0.39871382478806250	0.17292987848205885	-1	0.22578394630600365	-1	OK
14.250000000000000	1.1781463582704514	0.82767101497620343	0.51192668049288104	0.31574433448332229	0.35047534329424807	0.15182109717705308	-1	0.19865424611719498	-1	OK
14.500000000000000	1.0426555971902869	0.73393051281998400	0.45329756127149556	0.28063295154848855	0.30872508437030299	0.13350524300217570	-1	0.17521984136812729	-1	OK
14.750000000000000	0.92409645655819994	0.65168824624254240	0.40193636581606640	0.24975188042647609	0.27240821031565754	0.11758553267243520	-1	0.15482267764322233	-1	OK
15.000000000000000	0.82011053450282223	0.57941561067078662	0.35686875797330403	0.22254685269748251	0.24069492383203564	0.10340477040278399	-1	0.13729015342925166	-1	OK
15.250000000000000	0.72871244610607233	0.51581888454994496	0.31726459893017439	0.19855428561977062	0.21289356155612735	9.1200875342572305E-002	-1	0.12169268621355504	-1	OK
15.500000000000000	0.64832541284721856	0.45977568510251732	0.28240822764780793	0.17736745745470933	0.18854972774470125	8.0690505825465414E-002	-1	0.10785922191923583	-1	OK
15.750000000000000	0.57762148118605583	0.41031282091195376	0.25168312050155323	0.15862970041040048	0.16730866027410210	7.1488305580073477E-002	-1	9.5820354694028623E-002	-1	OK
16.000000000000000	0.51524348363603067	0.36658741150074947	0.22455926292095063	0.14202814857979884	0.14865607213528120	6.3420111244185187E-002	-1	8.5235960891096016E-002	-1	OK
16.250000000000000	0.46015646244109154	0.32787899396523851	0.20058140073886610	0.12729759322637232	0.13227746847585303	5.6339800401891772E-002	-1	7.5937668073961268E-002	-1	OK
16.500000000000000	0.41134574674022628	0.29356775340521946	0.17935710932543683	0.11421064407978263	0.11777799333500684	5.0111512431350959E-002	-1	6.7666480903655873E-002	-1	OK
16.750000000000000	0.36816861750589058	0.26312264738349245	0.16054790531664151	0.10257474206685095	0.10504597012239812	4.4709665754676275E-002	-1	6.0336304367721846E-002	-1	OK
17.000000000000000	0.32987386495260718	0.23607664421972691	0.14385847441442470	9.2218169805302189E-002	9.3797220732880299E-002	3.9855450130309188E-002	-1	5.3941770602571111E-002	-1	OK
17.250000000000000	0.29587656414903807	0.21201933312026311	0.12903132250450358	8.2988010615759458E-002	8.3857231028774945E-002	3.5567584169543406E-002	-1	4.8289646859231539E-002	-1	OK
17.500000000000000	0.26563831704750562	0.19059502621029464	0.11584279838916306	7.4752227821131584E-002	7.5043290837210966E-002	3.1755392085471942E-002	-1	4.3287898751739023E-002	-1	OK
17.750000000000000	0.23870693155805839	0.17149066913428077	0.10409757944117337	6.7393089693107408E-002	6.7216262423777623E-002	2.8400723637606286E-002	-1	3.8815538786171333E-002	-1	OK
18.000000000000000	0.21470220500105955	0.15443592532087866	9.3625946427616666E-002	6.0809978893262000E-002	6.0266279680180890E-002	2.5428502813000912E-002	-1	3.4837776867179981E-002	-1	OK
18.250000000000000	0.19324679442851053	0.13919258050047884	8.4279708188212288E-002	5.4912872312266568E-002	5.4054213928031697E-002	2.2773587085637981E-002	-1	3.1280626842393716E-002	-1	OK
18.500000000000000	0.17406900015827909	0.12556047467932091	7.5931140532655622E-002	4.9629334146665302E-002	4.8508525478958169E-002	2.0438929897738860E-002	-1	2.8069595581219308E-002	-1	OK
18.750000000000000	0.15698708284423354	0.11335856976353396	6.8466270916784255E-002	4.4892298846749723E-002	4.3628513080699587E-002	1.8354255680817281E-002	-1	2.5274257399882306E-002	-1	OK
19.000000000000000	0.14169807831327819	0.10242354027474053	6.1784247447998056E-002	4.0639292826742487E-002	3.9274538038537657E-002	1.6484767228824432E-002	-1	2.2789770809713224E-002	-1	OK
19.250000000000000	0.12799620416277352	9.2613740296139002E-002	5.5797032208248082E-002	3.6816708087890920E-002	3.5382463866634517E-002	1.4830334956737164E-002	-1	2.0552128909897355E-002	-1	OK
19.500000000000000	0.11569237839170921	8.3805248112969327E-002	5.0427306546867751E-002	3.3377941566101577E-002	3.1887130278739885E-002	1.3353516237028452E-002	-1	1.8533614041711433E-002	-1	OK
19.750000000000000	0.10466421481555432	7.5887922901633764E-002	4.5606805048686902E-002	3.0281117852946873E-002	2.8776291913920567E-002	1.2021693322394724E-002	-1	1.6754598591525845E-002	-1	OK
20.000000000000000	9.4759693404294632E-002	6.8765114074516895E-002	4.1275629212596456E-002	2.7489484861920446E-002	2.5994579329777740E-002	1.0842268386631618E-002	-1	1.5152310943146122E-002	-1	OK
