#pt	totcs	totdirect	directLO	directNLO	totfrag	fragLO	err_fragLO	fragNLO	err_fragNLO	errmess
0.50000000000000000	30033441.525353368	2330375.5396226523	4418995.8322104616	-2088620.2925878102	27703065.985730715	7665123.1794616124	-1	20037942.806269102	-1	Error
0.75000000000000000	3140889.6105259191	1008278.2907062387	756436.34975139855	251841.94095484042	2132611.3198196804	597504.42317168915	-1	1535106.8966479911	-1	Error
1.0000000000000000	598986.69355906802	283587.88138251484	170673.44544455290	112914.43593796190	315398.81217655318	89848.943734451153	-1	225549.86844210204	-1	Error
1.2500000000000000	156505.45226692909	87726.678807438817	47635.727747767574	40090.951059671264	68778.773459490258	19671.775455604999	-1	49106.998003885259	-1	Error
1.5000000000000000	49356.902332881495	30295.342685606633	15492.161319876072	14803.181365730568	19061.559647274862	5478.9960297576490	-1	13582.563617517213	-1	Error
1.7500000000000000	17747.696302901513	11503.250536114903	5651.9404155086377	5851.3101206062647	6244.4457667866109	1786.0653308859917	-1	4458.3804359006190	-1	Error
2.0000000000000000	7007.4865540547526	4711.3384176258496	2248.5221341156857	2462.8162835101630	2296.1481364289025	654.23392952060260	-1	1641.9142069083000	-1	Error
2.2500000000000000	2972.6668119952647	2050.5393895335660	956.73621304039420	1093.8031764931716	922.12742246169887	259.88390458570814	-1	662.24351787599073	-1	Error
2.5000000000000000	1334.9516082187936	937.51791133032293	429.35194484645717	508.16596648386553	397.43369688847065	111.07084929507202	-1	286.36284759339861	-1	Error
2.7500000000000000	626.85735853074959	446.22515796406395	201.09238564793239	245.13277231613154	180.63220056668567	50.126896995452157	-1	130.50530357123353	-1	Error
3.0000000000000000	305.35457421369574	219.55408846178844	97.522757231359293	122.03133123042915	85.800485751907303	23.638574715932805	-1	62.161911035974498	-1	Error
3.2500000000000000	153.20780780605708	111.04179333707508	48.666712366254920	62.375080970820150	42.166014468982006	11.524709833730176	-1	30.641304635251828	-1	Error
3.5000000000000000	78.794548878333458	57.458822867274314	24.863617215877138	32.595205651397187	21.335726011059140	5.7858021504300829	-1	15.549923860629058	-1	Error
3.7500000000000000	41.361262008178556	30.300563311648038	12.950313346988084	17.350249964659959	11.060698696530515	2.9774225759945852	-1	8.0832761205359311	-1	Error
4.0000000000000000	22.080322916791616	16.232143581903852	6.8533068525271048	9.3788367293767489	5.8481793348877646	1.5581708907213876	-1	4.2900084441663768	-1	OK
4.2500000000000000	11.947701067015139	8.8099080605556068	3.6745447212211735	5.1353633393344325	3.1377930064595323	0.82748987615701863	-1	2.3103031303025139	-1	OK
4.5000000000000000	6.5400357865759187	4.8326148250869139	1.9910853044851320	2.8415295206017812	1.7074209614890052	0.44566944292661759	-1	1.2617515185623875	-1	OK
4.7500000000000000	3.6124803501157543	2.6734583631811804	1.0879028642875146	1.5855554988936658	0.93902198693457395	0.24219573217405838	-1	0.69682625476051552	-1	OK
5.0000000000000000	2.0076961864539493	1.4887404286427208	0.59820040063958213	0.89054002800313881	0.51895575781122849	0.13254340272040349	-1	0.38641235509082500	-1	OK
5.2500000000000000	1.1215283352994290	0.83301854536901310	0.33042826019027804	0.50259028517873516	0.28850978993041582	7.32188333064703045E-002	-1	0.21529095662394551	-1	OK
5.5000000000000000	0.62850931125807186	0.46761001168226707	0.18304671258102015	0.28456329910124700	0.16089929957580479	4.03805564739771125E-002	-1	0.12051874310182767	-1	OK
5.7500000000000000	0.35285067036594014	0.26295077488287683	0.10154580097395517	0.16140497390892167	8.98998954830633329E-002	2.23342639614165367E-002	-1	6.75656315216467962E-002	-1	OK
6.0000000000000000	0.19822260728118304	0.14792586558279547	5.63338618514875253E-002	9.15920037313079499E-002	5.02967416983875829E-002	1.23689371674511172E-002	-1	3.79278045309364639E-002	-1	OK
6.2500000000000000	0.11117162462006171	8.31367908035627601E-002	3.12080894039943671E-002	5.19287013995683999E-002	2.80348338164989469E-002	6.81625111960333652E-003	-1	2.12185826968956104E-002	-1	OK
6.5000000000000000	6.22298187576675182E-002	4.66140932206563982E-002	1.72399523257512864E-002	2.93741408949051049E-002	1.56157255370111166E-002	3.75029897676645938E-003	-1	1.18654265602446581E-002	-1	OK
6.7500000000000000	3.46765256929143298E-002	2.60362189002237426E-002	9.48281989159372070E-003	1.65533990086300237E-002	8.64030679269058889E-003	2.03897483105718036E-003	-1	6.60133196163340853E-003	-1	OK
7.0000000000000000	1.92257846417246275E-002	1.44656460349642697E-002	5.18583682485605248E-003	9.27980921010821899E-003	4.76013860676035606E-003	1.11351368586866915E-003	-1	3.64662492089168691E-003	-1	OK
7.2500000000000000	1.05717114284805784E-002	7.98297347130694918E-003	2.81529806089191167E-003	5.16767541041503794E-003	2.58873795717362923E-003	5.98718048093067651E-004	-1	1.99001990908056169E-003	-1	OK
7.5000000000000000	5.76856838620181962E-003	4.36895232226661157E-003	1.51481349474538360E-003	2.85413882752122644E-003	1.39961606393520827E-003	3.20279007079930366E-004	-1	1.07933705685527796E-003	-1	OK
7.7500000000000000	3.11471625288298453E-003	2.36688424412375645E-003	8.06390139980072058E-004	1.56049410414368407E-003	7.47832008759228076E-004	1.68681114698512305E-004	-1	5.79150894060715717E-004	-1	OK
8.0000000000000000	1.66040092588093770E-003	1.26713283046690035E-003	4.23928186967460459E-004	8.43204643499440216E-004	3.93268095414037405E-004	8.74671878846958466E-005	-1	3.05800907529341559E-004	-1	OK
8.2500000000000000	8.72830799853499409E-004	6.69066968674673196E-004	2.19652832304241725E-004	4.49414136370431309E-004	2.03763831178826159E-004	4.47271558481861025E-005	-1	1.59036675330640056E-004	-1	OK
8.5000000000000000	4.51114818352390048E-004	3.47636859565796433E-004	1.11920802642238425E-004	2.35716056923557981E-004	1.03477958786593615E-004	2.23325184510220180E-005	-1	8.11454403355716042E-005	-1	OK
8.7500000000000000	2.28969733955558232E-004	1.77386647684002078E-004	5.59584562974993800E-005	1.21428191386502665E-004	5.15830862715561600E-005	1.09387781442479025E-005	-1	4.06443081273082541E-005	-1	OK
9.0000000000000000	1.13678847526983549E-004	8.85998808796696863E-005	2.73687400025635118E-005	6.12311408771061609E-005	2.50789666473138593E-005	5.27009528111053514E-006	-1	1.98088713662033242E-005	-1	OK
9.2500000000000000	5.51064735523311888E-005	4.32232573471793020E-005	1.30597750195202756E-005	3.01634823276590264E-005	1.18832162051518851E-005	2.43101642536913343E-006	-1	9.45219977978275082E-006	-1	OK
9.5000000000000000	2.59528304284296428E-005	2.04989593455140185E-005	6.05426961882867129E-006	1.44446897266853481E-005	5.45387108291562517E-006	1.09273020034122723E-006	-1	4.36114088257439794E-006	-1	OK
9.7500000000000000	1.18386011614343440E-005	9.42075055218835881E-006	2.71651557983505974E-006	6.70423497235329610E-006	2.41785060924598477E-006	4.76796421288253010E-007	-1	1.94105418795773155E-006	-1	OK
10.000000000000000	5.19898758578732122E-006	4.17234226856041507E-006	1.17346416566574650E-006	2.99887810289466941E-006	1.02664531722690615E-006	2.00457604857207666E-007	-1	8.26187712369698462E-007	-1	OK
10.250000000000000	2.18620906003315686E-006	1.77069867514341221E-006	4.85137102094659675E-007	1.28556157304875211E-006	4.15510384889744646E-007	7.87457392201434547E-008	-1	3.36764645669601218E-007	-1	OK
10.500000000000000	8.73511940502317313E-007	7.14769659774607151E-007	1.90533615412754322E-007	5.24236044361852883E-007	1.58742280727710109E-007	2.94414493049667643E-008	-1	1.29300831422743341E-007	-1	OK
10.750000000000000	3.28844435046019849E-007	2.71996860024968035E-007	7.04464127003273767E-008	2.01550447324640658E-007	5.68475750210517937E-008	1.02933985667404965E-008	-1	4.65541764543112938E-008	-1	OK
11.000000000000000	1.15239107799632978E-007	9.64789367147151704E-008	2.42419852170102727E-008	7.22369514977049077E-008	1.87601710849178046E-008	3.33375159465371713E-009	-1	1.54264194902640859E-008	-1	OK
11.250000000000000	3.70511549716379870E-008	3.14472974466970347E-008	7.65261243432899429E-009	2.37946850123680454E-008	5.60385752494095394E-009	9.58379256976943511E-010	-1	4.64547826796401023E-009	-1	OK
11.500000000000000	1.07264821983510165E-008	9.23953713882501083E-009	2.17394535792861767E-009	7.06559178089639440E-009	1.48694505952600528E-009	2.50603738563753281E-010	-1	1.23634132096225195E-009	-1	OK
11.750000000000000	2.72305417565926430E-009	2.38496815073212527E-009	5.41707678341908385E-010	1.84326047239021668E-009	3.38086024927138874E-010	5.48189396830346901E-011	-1	2.83267085244104190E-010	-1	OK
12.000000000000000	5.84987578019969534E-010	5.22144181410712929E-010	1.14303164702761068E-010	4.07841016707951861E-010	6.28433966092566186E-011	9.78960657561511134E-012	-1	5.30537900336415040E-011	-1	OK
