#pt	totcs	totdirect	directLO	directNLO	totfrag	fragLO	err_fragLO	fragNLO	err_fragNLO	errmess
0.50000000000000000	36913217.861878544	-16617.158905036747	4506481.9712989898	-4523099.1302040266	36929835.020783581	10648597.553613739	-1	26281237.467169844	-1	Error
0.75000000000000000	5591087.9578175321	1063391.8447543797	777285.95703771035	286105.88771666953	4527696.1130631519	1336730.9879953712	-1	3190965.1250677807	-1	Error
1.0000000000000000	964762.91061695758	362305.23819805018	216909.19879693637	145396.03940111387	602457.67241890740	182346.10363378603	-1	420111.56878512137	-1	Error
1.2500000000000000	240399.48214241961	120896.04456851189	66508.351400877495	54387.693167634374	119503.43757390771	36987.833686079437	-1	82515.603887828271	-1	Error
1.5000000000000000	74644.269057344907	43476.866327562384	22815.875007489922	20660.991320072466	31167.402729782523	9772.1195439636649	-1	21395.283185818858	-1	Error
1.7500000000000000	26720.276299062185	16903.755860450503	8604.8028796987419	8298.9529807517611	9816.5204386116839	3103.3730902017383	-1	6713.1473484099461	-1	Error
2.0000000000000000	10562.023049638439	7033.6289096670089	3503.2777626750294	3530.3511469919795	3528.3941399714304	1113.4107436801860	-1	2414.9833962912444	-1	Error
2.2500000000000000	4491.0592621272590	3095.4827303935167	1516.0937873549253	1579.3889430385914	1395.5765317337418	439.53678172021495	-1	956.03975001352683	-1	Error
2.5000000000000000	2021.7592524117208	1425.9706315963042	688.87855411088901	737.09207748541507	595.78862081541672	186.48437549272515	-1	409.30424532269160	-1	Error
2.7500000000000000	951.55959114080599	682.70426728753523	325.90130344593808	356.80296384159709	268.85532385327076	83.147013121263228	-1	185.70831073200753	-1	Error
3.0000000000000000	464.97372962359049	337.70644625606906	159.45658737815342	178.24985887791567	127.26728336752144	39.128954761864790	-1	88.138328605656653	-1	Error
3.2500000000000000	234.03547853663608	171.68541734967488	80.227781905109936	91.457635444564943	62.350061186961192	19.041248713573296	-1	43.308812473387896	-1	Error
3.5000000000000000	120.84701190099381	89.302183194235909	41.309937268484482	47.992245925751412	31.544828706757890	9.5548012521144088	-1	21.990027454643482	-1	Error
3.7500000000000000	63.712577827207468	47.346084745368714	21.681879530205517	25.664205215163197	16.366493081838751	4.9151983833386756	-1	11.451294698500075	-1	Error
4.0000000000000000	34.158759697721749	25.503621573049500	11.560786503998663	13.942835069050838	8.6551381246722521	2.5726924623944529	-1	6.0824456622777987	-1	OK
4.2500000000000000	18.572673684089118	13.921894419199203	6.2455053696692939	7.6763890495299094	4.6507792648899136	1.3683708427879961	-1	3.2824084221019172	-1	OK
4.5000000000000000	10.222524591012377	7.6835502370840558	3.4103117329225472	4.2732385041615064	2.5389743539283200	0.73914039253775610	-1	1.7998339613905641	-1	OK
4.7500000000000000	5.6781229747869091	4.2782675166742230	1.8780944189723143	2.4001730977019080	1.3998554581126863	0.40274928982254699	-1	0.99710616829013932	-1	OK
5.0000000000000000	3.1754837131700242	2.3987864916918031	1.0410943129595756	1.3576921787322278	0.77669722147822107	0.22183591461968394	-1	0.55486130685853707	-1	OK
5.2500000000000000	1.7862021303041651	1.3519688401853229	0.57987485269613237	0.77209398748919056	0.43423329011884221	0.12284656977012504	-1	0.31138672034871717	-1	OK
5.5000000000000000	1.0076918423782046	0.76472889925332865	0.32400198873844910	0.44072691051487944	0.24296294312487604	6.80839650388605500E-002	-1	0.17487897808601549	-1	OK
5.7500000000000000	0.56991614447021055	0.43353442555843502	0.18135858710757494	0.25217583845086011	0.13638171891177550	3.78121296735194276E-002	-1	9.85695892382560668E-002	-1	OK
6.0000000000000000	0.32272602467357975	0.24598765107065562	0.10155093119505279	0.14443671987560278	7.67383736029241120E-002	2.10226868610037601E-002	-1	5.57156867419203519E-002	-1	OK
6.2500000000000000	0.18254760233382211	0.13950057899303236	5.68029862254202447E-002	8.26975927676121131E-002	4.30470233407897473E-002	1.16653043573169378E-002	-1	3.13817189834728061E-002	-1	OK
6.5000000000000000	0.10308664444518345	7.89600171247166749E-002	3.16945090638996382E-002	4.72655080608170644E-002	2.41266273204667793E-002	6.45254962453542958E-003	-1	1.76740776959313506E-002	-1	OK
6.7500000000000000	5.79711640560827829E-002	4.45422759137870591E-002	1.76151986989677364E-002	2.69270772148193262E-002	1.34288881422957255E-002	3.53377825691946227E-003	-1	9.89510988537626278E-003	-1	OK
7.0000000000000000	3.24441764707740568E-002	2.50054423852382537E-002	9.73712464124204362E-003	1.52683177439962101E-002	7.43873408553580480E-003	1.94224792284546002E-003	-1	5.49648616269034478E-003	-1	OK
7.2500000000000000	1.80274443559155298E-002	1.39493470033776722E-002	5.34507474744171877E-003	8.60427225593595607E-003	4.07809735253785929E-003	1.05112715946287737E-003	-1	3.02697019307498170E-003	-1	OK
7.5000000000000000	9.93996311799402732E-003	7.72046645043048246E-003	2.90908867598363039E-003	4.81137777444685163E-003	2.21949666756354530E-003	5.65493385290011838E-004	-1	1.65400328227353335E-003	-1	OK
7.7500000000000000	5.42753627590425013E-003	4.23202562803933445E-003	1.56711247691536447E-003	2.66491315112397020E-003	1.19551064786491547E-003	2.99910766237744878E-004	-1	8.95599881627170535E-004	-1	OK
8.0000000000000000	2.92674539863206325E-003	2.29408705024928021E-003	8.34212503724313754E-004	1.45987454652496645E-003	6.32658348382782935E-004	1.56590335297458923E-004	-1	4.76068013085324013E-004	-1	OK
8.2500000000000000	1.55833831167686686E-003	1.22747604604153161E-003	4.37974425493747161E-004	7.89501620547784235E-004	3.30862265635335361E-004	8.06882221931677927E-005	-1	2.50174043442167541E-004	-1	OK
8.5000000000000000	8.16568742040550037E-004	6.46767152208166775E-004	2.26271862219423140E-004	4.20495289988743581E-004	1.69801589832383262E-004	4.06871081691534018E-005	-1	1.29114481663229860E-004	-1	OK
8.7500000000000000	4.20366699053927192E-004	3.34903428951496991E-004	1.14775669205448446E-004	2.20127759746048546E-004	8.54632701024301731E-005	2.02178354254883567E-005	-1	6.52454346769418096E-005	-1	OK
9.0000000000000000	2.11820915543449825E-004	1.69883333846883772E-004	5.69892074368719460E-005	1.12894126410011860E-004	4.19375816965660529E-005	9.74285167278885148E-006	-1	3.21947300237771981E-005	-1	OK
9.2500000000000000	1.04315154665206010E-004	8.42311376572654020E-005	2.76249670067493351E-005	5.66061706505160500E-005	2.00840170079406079E-005	4.55558579893763032E-006	-1	1.55284312090029776E-005	-1	OK
9.5000000000000000	4.99579888573532091E-005	4.06360247698496052E-005	1.30189797234595150E-005	2.76170450463900902E-005	9.32196408750360569E-006	2.06842568663450833E-006	-1	7.25353840086909778E-006	-1	OK
9.7500000000000000	2.31935716395645410E-005	1.90133592770886457E-005	5.94274247892143633E-006	1.30706167981672035E-005	4.18021236247589357E-006	9.11630472327807239E-007	-1	3.26858189014808644E-006	-1	OK
10.000000000000000	1.03796882016698394E-005	8.58146479895236945E-006	2.61360844069653888E-006	5.96785635825583142E-006	1.79822340271747055E-006	3.87319287297640348E-007	-1	1.41090411541983030E-006	-1	OK
10.250000000000000	4.45233407108690490E-006	3.71505634833538636E-006	1.10096395020743500E-006	2.61409239812795221E-006	7.37277722751518644E-007	1.54156715248784582E-007	-1	5.83121007502734009E-007	-1	OK
10.500000000000000	1.81717621970473180E-006	1.53136696308825043E-006	4.40924154871356915E-007	1.09044280821689362E-006	2.85809256616481422E-007	5.84059876537860393E-008	-1	2.27403268962695383E-007	-1	OK
10.750000000000000	6.99780895304880510E-007	5.95709305191583446E-007	1.66367800215572757E-007	4.29341504976010662E-007	1.04071590113297117E-007	2.06848709048363627E-008	-1	8.33867192084607547E-008	-1	OK
11.000000000000000	2.51144809237447090E-007	2.16236957506216518E-007	5.84658526544451320E-008	1.57771104851771353E-007	3.49078517312305594E-008	6.80689739868419608E-009	-1	2.81009543325463625E-008	-1	OK
11.250000000000000	8.28359351776184321E-008	7.22210750627523857E-008	1.88630568984113151E-008	5.33580181643410805E-008	1.06148601148660498E-008	1.98997013135247573E-009	-1	8.62488998351357321E-009	-1	OK
11.500000000000000	2.46460813482120323E-008	2.17733196886806489E-008	5.48084403595341722E-009	1.62924756527272292E-008	2.87276165953138178E-009	5.29568659461389398E-010	-1	2.34319300006999248E-009	-1	OK
11.750000000000000	6.44131726623416625E-009	5.77411246288790447E-009	1.39741807038836337E-009	4.37669439249954090E-009	6.67204803346261986E-010	1.18181054675837735E-010	-1	5.49023748670424200E-010	-1	OK
12.000000000000000	1.42672583961072691E-009	1.29976354344233354E-009	3.01611222890845706E-010	9.98152320551488042E-010	1.26962296168393268E-010	2.16930108477165319E-011	-1	1.05269285320676736E-010	-1	OK
