#pt	totcs	totdirect	directLO	directNLO	totfrag	fragLO	err_fragLO	fragNLO	err_fragNLO	errmess
0.50000000000000000	19829554.761742260	3652903.8550172774	4795417.7719071805	-1142513.9168899052	16176650.906724982	4431487.8782240115	-1	11745163.028500970	-1	Error
0.75000000000000000	2232959.8362245569	902455.75799832959	642345.89919336035	260109.85880496923	1330504.0782262273	363869.89769167703	-1	966634.18053455022	-1	Error
1.0000000000000000	434185.04702291836	224682.18942599298	131303.41314502832	93378.776280964696	209502.85759692540	57319.797816103281	-1	152183.05978082214	-1	Error
1.2500000000000000	113069.80469972736	65891.392294219171	34828.786567458817	31062.605726760339	47178.412405508185	12866.534512007654	-1	34311.877893500532	-1	Error
1.5000000000000000	35497.317350226571	22128.570656657230	10996.954210346046	11131.616446311187	13368.746693569339	3618.1306623271062	-1	9750.6160312422326	-1	Error
1.7500000000000000	12670.532277306345	8250.3720558594578	3929.9853015638419	4320.3867542956159	4420.1602214468867	1185.5455012366326	-1	3234.6147202102538	-1	Error
2.0000000000000000	4970.4079926542017	3335.9427037287655	1539.6621667488619	1796.2805369799034	1634.4652889254360	435.36959266519619	-1	1199.0956962602397	-1	Error
2.2500000000000000	2097.9021064339959	1437.7958906018189	647.22201508796593	790.57387551385318	660.10621583217687	173.07622131717764	-1	487.02999451499920	-1	Error
2.5000000000000000	936.50703527614303	652.14182656473724	287.52132941554822	364.62049714918908	284.36520871140578	73.994995062528162	-1	210.37021364887761	-1	Error
2.7500000000000000	437.50491281547289	308.25691244384581	133.47600396068952	174.78090848315631	129.24800037162709	33.380827402957671	-1	95.867172968669422	-1	Error
3.0000000000000000	212.06427456129583	150.71129788293914	64.209226435491445	86.502071447447733	61.352976678356697	15.699791327472782	-1	45.653185350883916	-1	Error
3.2500000000000000	105.87169610307886	75.765893327362477	31.799818949072296	43.966074378290159	30.105802775716384	7.6430110412231000	-1	22.462791734493283	-1	Error
3.5000000000000000	54.173500957494667	38.975551688080124	16.128634597966617	22.846917090113500	15.197949269414547	3.8261793291994137	-1	11.371769940215133	-1	Error
3.7500000000000000	28.298326400420645	20.434201721424142	8.3415401886717415	12.092661532752397	7.8641246789965047	1.9633606675553750	-1	5.9007640114411295	-1	Error
4.0000000000000000	15.028252783293027	10.882067071261112	4.3834689785431795	6.4985980927179341	4.1461857120319143	1.0244839772871288	-1	3.1217017347447857	-1	OK
4.2500000000000000	8.0863946335759564	5.8696216027602057	2.3334856370318149	3.5361359657283917	2.2167730308157498	0.54221051086332395	-1	1.6745625199524259	-1	OK
4.5000000000000000	4.4009841006581549	3.1991127200582179	1.2552643610195435	1.9438483590386737	1.2018713805999375	0.29147442251700650	-1	0.91039695808293097	-1	OK
4.7500000000000000	2.4167447355928049	1.7580600247794997	0.68082300118748307	1.0772370235920163	0.65868471081330493	0.15780408222006212	-1	0.50088062859324278	-1	OK
5.0000000000000000	1.3349309506893403	0.97229001737252330	0.37156911827768113	0.60072089909484228	0.36264093331681707	8.58021408778098654E-002	-1	0.27683879243900722	-1	OK
5.2500000000000000	0.74071753477374302	0.54019931334736682	0.20368896834030781	0.33651034500705895	0.20051822142637621	4.71760710990522525E-002	-1	0.15334215032732396	-1	OK
5.5000000000000000	0.41244578785886771	0.30103571621581482	0.11196973916940027	0.18906597704641448	0.11141007164305290	2.59651656017402949E-002	-1	8.54449060413126071E-002	-1	OK
5.7500000000000000	0.22991925225124596	0.16799972736155272	6.16241932063576400E-002	0.10637553415519511	6.19195248896932324E-002	1.42888614568190617E-002	-1	4.76306634328741707E-002	-1	OK
6.0000000000000000	0.12823562793716609	9.37560096553991251E-002	3.39051379057912702E-002	5.98508717496078618E-002	3.44796182817669605E-002	7.85320974187048680E-003	-1	2.66264085398964720E-002	-1	OK
6.2500000000000000	7.13494132525352709E-002	5.22490464367491719E-002	1.86213804789256109E-002	3.36276659578235645E-002	1.91003668157860920E-002	4.31239459060447569E-003	-1	1.47879722251816163E-002	-1	OK
6.5000000000000000	3.96123451904251411E-002	2.90357668978395711E-002	1.01944045844532139E-002	1.88413623133863554E-002	1.05765782925855718E-002	2.35609695598219294E-003	-1	8.22048133660337882E-003	-1	OK
6.7500000000000000	2.18901425606322260E-002	1.60679197751924900E-002	5.55532401355793900E-003	1.05125957616345501E-002	5.82222278543973511E-003	1.28082602598702643E-003	-1	4.54139675945270868E-003	-1	OK
7.0000000000000000	1.20295738126300848E-002	8.84150815412815261E-003	3.00889216631642677E-003	5.83261598781172411E-003	3.18806565850193215E-003	6.90568270576103860E-004	-1	2.49749738792582818E-003	-1	OK
7.2500000000000000	6.55255960699233780E-003	4.83065068182887084E-003	1.61733063294780023E-003	3.21332004888107018E-003	1.72190892516346718E-003	3.69034141668820681E-004	-1	1.35287478349464655E-003	-1	OK
7.5000000000000000	3.54032468937461129E-003	2.61648503133395625E-003	8.61373752191587575E-004	1.75511127914236825E-003	9.23839658040655253E-004	1.96102214615092761E-004	-1	7.27737443425562546E-004	-1	OK
7.7500000000000000	1.89286481243644490E-003	1.40235168932886204E-003	4.53735541074755508E-004	9.48616148254106581E-004	4.90513123107582868E-004	1.02673876972119162E-004	-1	3.87839246135463693E-004	-1	OK
8.0000000000000000	9.98574110907740143E-004	7.42485675832975063E-004	2.35964380992967392E-004	5.06521294840007671E-004	2.56088435074765079E-004	5.28751064274600229E-005	-1	2.03213328647305056E-004	-1	OK
8.2500000000000000	5.19308568459268382E-004	3.87592882074238871E-004	1.20910800336328277E-004	2.66682081737910567E-004	1.31715686385029484E-004	2.68232875498021359E-005	-1	1.04892398835227348E-004	-1	OK
8.5000000000000000	2.65417425434508799E-004	1.99006126502193512E-004	6.09026139620832277E-005	1.38103512540110250E-004	6.64112989323153145E-005	1.32849477486088105E-005	-1	5.31263511837065040E-005	-1	OK
8.7500000000000000	1.33096716514232387E-004	1.00289272101404439E-004	3.00867481626627494E-005	7.02025239387416927E-005	3.28074444128279553E-005	6.49794847422122420E-006	-1	2.63094959386067320E-005	-1	OK
9.0000000000000000	6.52339834042426855E-005	4.94393034504205111E-005	1.45312461991702226E-005	3.49080572512502953E-005	1.57946799538221676E-005	3.08050076921801751E-006	-1	1.27141791846041497E-005	-1	OK
9.2500000000000000	3.12118415002944914E-005	2.37899591654436802E-005	6.84358480042972938E-006	1.69463743650139474E-005	7.42188233485080956E-006	1.41187540540201181E-006	-1	6.01000692944879796E-006	-1	OK
9.5000000000000000	1.44898879184521119E-005	1.11199986870317674E-005	3.12912772606253710E-006	7.99087096096922901E-006	3.36988923142034447E-006	6.28117784258022115E-007	-1	2.74177144716232246E-006	-1	OK
9.7500000000000000	6.51220980865042653E-006	5.03296301148363856E-006	1.38388872740203474E-006	3.64907428408160551E-006	1.47924679716678819E-006	2.71385068089450702E-007	-1	1.20786172907733738E-006	-1	OK
10.000000000000000	2.81416288612225601E-006	2.19331286471103578E-006	5.88799279952228944E-007	1.60451358475880747E-006	6.20850021411220018E-007	1.12965995952309378E-007	-1	5.07884025458910601E-007	-1	OK
10.250000000000000	1.16339705179643983E-006	9.15032735687336509E-007	2.39570670386937477E-007	6.75462065300399137E-007	2.48364316109103317E-007	4.38451151642078388E-008	-1	2.04519200944895472E-007	-1	OK
10.500000000000000	4.56416301951149478E-007	3.62746630923091682E-007	9.25287492406087848E-008	2.70217881682482857E-007	9.36696710280578096E-008	1.62084501283294882E-008	-1	7.74612208997283213E-008	-1	OK
10.750000000000000	1.68528079080079879E-007	1.35446587046699487E-007	3.36221789457962068E-008	1.01824408100903286E-007	3.30814920333803789E-008	5.59471836874975276E-009	-1	2.74867736646306261E-008	-1	OK
11.000000000000000	5.78586083267464762E-008	4.71018607876367228E-008	1.13648134444123110E-008	3.57370473432244101E-008	1.07567475391097567E-008	1.78851109288579178E-009	-1	8.96823644622396491E-009	-1	OK
11.250000000000000	1.82012436434951718E-008	1.50409418228925743E-008	3.52271548038362749E-009	1.15182263425089460E-008	3.16030182060259671E-009	5.05832766326114567E-010	-1	2.65446905427648235E-009	-1	OK
11.500000000000000	5.15106305745494576E-009	4.32704290991718094E-009	9.82572379071916488E-010	3.34447053084526507E-009	8.24020147537764413E-010	1.30150981833305111E-010	-1	6.93869165704459276E-010	-1	OK
11.750000000000000	1.27751244598600188E-009	1.09349032863400400E-009	2.40510792163255387E-010	8.52979536470748514E-010	1.84022117351997845E-010	2.79628960113699764E-011	-1	1.56059221340627869E-010	-1	OK
12.000000000000000	2.67968318531590133E-010	2.34503809172231036E-010	4.99156953560387145E-011	1.84588113816192315E-010	3.34645093593590773E-011	4.93869752240490635E-012	-1	2.85258118369541709E-011	-1	OK
