#pt	totcs	totdirect	directLO	directNLO	totfrag	fragLO	err_fragLO	fragNLO	err_fragNLO	errmess
0.50000000000000000	13493887.419192486	-23435947.601591095	10321741.178804552	-33757688.780395649	36929835.020783581	10648597.553613739	-1	26281237.467169844	-1	Error
0.75000000000000000	6122716.3127068039	1390417.0233412446	1233073.1232422371	157343.90009900820	4732299.2893655589	1408903.7105544163	-1	3323395.5788111426	-1	Error
1.0000000000000000	1448754.5020541456	518894.22418426408	293697.78544767108	225196.43873659306	929860.27786988148	297005.70093072747	-1	632854.57693915395	-1	Error
1.2500000000000000	418888.01881614426	181628.68718518963	93671.826742517005	87956.860442672623	237259.33163095464	82405.884094409979	-1	154853.44753654464	-1	Error
1.5000000000000000	137608.80492354569	68815.820659606397	35223.582256810841	33592.238402795570	68792.984263939288	25625.515688235177	-1	43167.468575704115	-1	Error
1.7500000000000000	46750.922525852395	27236.470238011942	14116.411348374806	13120.058889637132	19514.452287840450	7363.4492780626488	-1	12151.003009777800	-1	Error
2.0000000000000000	17954.858454128207	11424.230324000300	5953.2268102610442	5471.0035137392515	6530.6281301279078	2486.4843849607137	-1	4044.1437451671941	-1	Error
2.2500000000000000	7508.0345334980593	5049.1706897247941	2636.1894568893481	2412.9812328354460	2458.8638437732648	936.21535934237204	-1	1522.6484844308927	-1	Error
2.5000000000000000	3345.1634337744968	2334.2261784436068	1218.4919451913970	1115.7342332522098	1010.9372553308899	381.69710152769426	-1	629.24015380319565	-1	Error
2.7500000000000000	1566.4892591434632	1121.1786609255939	584.31263291754374	536.86602800805019	445.31059821786920	167.16749355112921	-1	278.14310466673999	-1	Error
3.0000000000000000	762.75816339261632	556.20328180541253	289.06336136932526	267.13992043608721	206.55488158720382	76.907906300110085	-1	129.64697528709374	-1	Error
3.2500000000000000	383.61619460258549	283.58697017647097	146.83055344960070	136.75641672687027	100.02922442611454	37.008455110511420	-1	63.020769315603118	-1	Error
3.5000000000000000	198.12292859722947	147.98076538229606	76.266087038351657	71.714678343944399	50.142163214933433	18.383640164122909	-1	31.758523050810524	-1	Error
3.7500000000000000	104.60903463822976	78.736734789631768	40.359567945713351	38.377166843918417	25.872299848597990	9.3854028727387444	-1	16.486896975859246	-1	Error
4.0000000000000000	56.220201889699865	42.596410456576677	21.699774461162662	20.896635995414009	13.623791433123188	4.8877675255313120	-1	8.7360239075918749	-1	OK
4.2500000000000000	30.684880083474713	23.365261149186729	11.821018076588315	11.544243072598412	7.3196189342879840	2.5916427551248544	-1	4.7279761791631296	-1	OK
4.5000000000000000	16.954470742274111	12.962039087580539	6.5082277424384030	6.4538113451421353	3.9924316546935739	1.3953485029318289	-1	2.5970831517617450	-1	OK
4.7500000000000000	9.4576300498011854	7.2571152816984537	3.6138766461931602	3.6432386355052921	2.2005147681027313	0.76066445316353204	-1	1.4398503149391992	-1	OK
5.0000000000000000	5.3177551107210537	4.0935658609639578	2.0204411322157099	2.0731247287482479	1.2241892497570954	0.41948545779495766	-1	0.80470379196213782	-1	OK
5.2500000000000000	3.0086988480285375	2.3225757582022042	1.1354445588357900	1.1871311993664138	0.68612308982633330	0.23254372812756169	-1	0.45357936169877161	-1	OK
5.5000000000000000	1.7090255905493124	1.3234272701375187	0.64040841812716653	0.68301885201035228	0.38559832041179370	0.12926526933321447	-1	0.25633305107857923	-1	OK
5.7500000000000000	0.97355408908363028	0.75618797436449103	0.36195994192553305	0.39422803243895793	0.21736611471913925	7.21358291115378608E-002	-1	0.14523028560760137	-1	OK
6.0000000000000000	0.55556202446415726	0.43265989879826550	0.20471542865544681	0.22794447014281868	0.12290212566589175	4.01973701731165173E-002	-1	8.27047554927752282E-002	-1	OK
6.2500000000000000	0.31706174000745868	0.24758209040511281	0.11571693163524753	0.13186515876986521	6.94796496023458582E-002	2.23808373638046641E-002	-1	4.70988122385411906E-002	-1	OK
6.5000000000000000	0.18057707828705158	0.14150093024077684	6.52838185687316525E-002	7.62171116720451874E-002	3.90761480462747321E-002	1.24577979409087290E-002	-1	2.66183501053660031E-002	-1	OK
6.7500000000000000	0.10258228059918381	8.06570667620101212E-002	3.67073201502718729E-002	4.39497466117382413E-002	2.19252138371736939E-002	6.85444226290194553E-003	-1	1.50707715742717484E-002	-1	OK
7.0000000000000000	5.80272261664353736E-002	4.57868340084297554E-002	2.05398463151071076E-002	2.52469876933226409E-002	1.22403921580056165E-002	3.79503364882624681E-003	-1	8.44535850917936884E-003	-1	OK
7.2500000000000000	3.26036187748753314E-002	2.58473931104823071E-002	1.14204779874826617E-002	1.44269151229996454E-002	6.75622566439302782E-003	2.06702095994516517E-003	-1	4.68920470444786266E-003	-1	OK
7.5000000000000000	1.81951750520870682E-002	1.44873991330296478E-002	6.29969767539265146E-003	8.18770145763699463E-003	3.70777591905742041E-003	1.11729013161189212E-003	-1	2.59048578744552806E-003	-1	OK
7.7500000000000000	1.00602482245423352E-002	8.04796091872267937E-003	3.44140931418895901E-003	4.60655160453371862E-003	2.01228730581965581E-003	5.96321707514788535E-004	-1	1.41596559830486739E-003	-1	OK
8.0000000000000000	5.50193996567895170E-003	4.42374671605194961E-003	1.85854817185424591E-003	2.56519854419770370E-003	1.07819324962700187E-003	3.14519766997926680E-004	-1	7.63673482629075246E-004	-1	OK
8.2500000000000000	2.97116474958423029E-003	2.40210662797886486E-003	9.90600227169003995E-004	1.41150640080986130E-003	5.69058121605365425E-004	1.63290770853865132E-004	-1	4.05767350751500293E-004	-1	OK
8.5000000000000000	1.58016916074829291E-003	1.28563109439041277E-003	5.19942532839316198E-004	7.65688561551096467E-004	2.94538066357880133E-004	8.32086468040124969E-005	-1	2.11329419553867622E-004	-1	OK
8.7500000000000000	8.27017267935242122E-004	6.76828923591343140E-004	2.68151604792737756E-004	4.08677318798605547E-004	1.50188344343898982E-004	4.16205073672488727E-005	-1	1.08567836976650102E-004	-1	OK
9.0000000000000000	4.24000428852299978E-004	3.49427972821804910E-004	1.35488437558979678E-004	2.13939535262825151E-004	7.45724560304950810E-005	2.02766403448189858E-005	-1	5.42958156856760953E-005	-1	OK
9.2500000000000000	2.12617119877923086E-004	1.76511015794744193E-004	6.68888572286807133E-005	1.09622158566063425E-004	3.61061040831788937E-005	9.58174795391532909E-006	-1	2.65243561292635629E-005	-1	OK
9.5000000000000000	1.03859794271861575E-004	8.68615576360638785E-005	3.21363190216646951E-005	5.47252386143992037E-005	1.69982366357977002E-005	4.39812608707751172E-006	-1	1.26001105487201885E-005	-1	OK
9.7500000000000000	4.92367083619304471E-005	4.15066892735111164E-005	1.49691470854140915E-005	2.65375421880970147E-005	7.73001908841932736E-006	1.95546204867979236E-006	-1	5.77455703973953458E-006	-1	OK
10.000000000000000	2.25305538569976483E-005	1.91582045183956731E-005	6.72528613370872708E-006	1.24329183846869486E-005	3.37234933860197438E-006	8.44095841101914524E-007	-1	2.52825349750005964E-006	-1	OK
10.250000000000000	9.89814001519824990E-006	8.49429688517206941E-006	2.89732972822916904E-006	5.59696715694289995E-006	1.40384313002618134E-006	3.40377674043303568E-007	-1	1.06346545598287777E-006	-1	OK
10.500000000000000	4.14642924038345605E-006	3.59168868234388233E-006	1.18814293657145629E-006	2.40354574577242604E-006	5.54740558039573818E-007	1.30973535654847100E-007	-1	4.23767022384726692E-007	-1	OK
10.750000000000000	1.64114087891237910E-006	1.43566886619420010E-006	4.59624438610918530E-007	9.76044427583281461E-007	2.05472012718179005E-007	4.70673786687349027E-008	-1	1.58404634049444109E-007	-1	OK
11.000000000000000	6.06960259781605492E-007	5.36659082018164616E-007	1.65871885415436148E-007	3.70787196602728468E-007	7.03011777634408494E-008	1.57520125160372189E-008	-1	5.45491652474036305E-008	-1	OK
11.250000000000000	2.06878114772518398E-007	1.85015760636314837E-007	5.50491041652844628E-008	1.29966656471030374E-007	2.18623541362035476E-008	4.69453742469885105E-009	-1	1.71678167115046974E-008	-1	OK
11.500000000000000	6.37749590176281292E-008	5.77173106522525722E-008	1.64792420425731987E-008	4.12380686096793834E-008	6.05764836537556204E-009	1.27444123660619203E-009	-1	4.78320712876937022E-009	-1	OK
11.750000000000000	1.73208031965721339E-008	1.58775097678794229E-008	4.33468279389844307E-009	1.15428269739809733E-008	1.44329342869271183E-009	2.90793674285994103E-010	-1	1.15249975440671768E-009	-1	OK
12.000000000000000	3.99816560240649123E-009	3.71584071606801119E-009	9.65951618731505439E-010	2.74988909733650534E-009	2.82324886338479932E-010	5.45417173331096998E-011	-1	2.27783169005370239E-010	-1	OK
