#pt	totcs	totdirect	directLO	directNLO	totfrag	fragLO	err_fragLO	fragNLO	err_fragNLO	errmess
0.50000000000000000	33875781.228495151	15388104.652814366	10911222.615336349	4476882.0374780195	18487676.575680789	4284731.9101305073	-1	14202944.665550280	-1	Error
0.75000000000000000	3415280.1005094927	1781089.8418119624	851096.81914054498	929993.02267141733	1634190.2586975300	422966.36004073534	-1	1211223.8986567948	-1	Error
1.0000000000000000	577372.61113750190	313240.43030543142	146970.52916513864	166269.90114029279	264132.18083207053	75384.002576251427	-1	188748.17825581910	-1	Error
1.2500000000000000	134799.42583697147	75262.616128373862	36199.587277284787	39063.028851089053	59536.809708597611	18452.873834112001	-1	41083.935874485614	-1	Error
1.5000000000000000	37164.198971877879	21555.250870595242	10704.156965318292	10851.093905276943	15608.948101282636	5142.2628456057691	-1	10466.685255676868	-1	Error
1.7500000000000000	10707.390707043021	6721.9669152300676	3397.7815965822510	3324.1853186478161	3985.4237918129543	1305.0908972269610	-1	2680.3328945859930	-1	Error
2.0000000000000000	3471.1682034792698	2302.4171409237297	1171.4291642477783	1130.9879766759511	1168.7510625555401	378.09205341996994	-1	790.65900913557016	-1	Error
2.2500000000000000	1217.3744995934985	842.50724631104413	427.83958156605735	414.66766474498695	374.86725328245444	119.27801457455078	-1	255.58923870790366	-1	Error
2.5000000000000000	450.52716679659306	322.61090102064185	162.41661601879514	160.19428500184662	127.91626577595119	39.964791884321663	-1	87.951473891629519	-1	Error
2.7500000000000000	172.52003519161724	127.22836515460318	63.144850715761073	64.083514438842116	45.291670037014057	13.853110164914685	-1	31.438559872099372	-1	Error
3.0000000000000000	67.414446210187975	51.014054084382323	24.838271255221578	26.175782829160752	16.400392125805645	4.9033509489164775	-1	11.497041176889168	-1	Error
3.2500000000000000	26.572435089864150	20.586933321807582	9.7908191593202893	10.796114162487294	5.9855017680565679	1.7517523333629041	-1	4.2337494346936637	-1	Error
3.5000000000000000	10.476147956483079	8.2899246505511712	3.8356798101791680	4.4542448403720023	2.1862233059319078	0.62370118571054611	-1	1.5625221202213617	-1	Error
3.7500000000000000	4.0943648414303029	3.3042209515916312	1.4817404355030301	1.8224805160886004	0.79014388983867201	0.21851063652057162	-1	0.57163325331810033	-1	Error
4.0000000000000000	1.5734122068771275	1.2947439198307176	0.56067055240771324	0.73407336742300411	0.27866828704640995	7.49965943636960730E-002	-1	0.20367169268271387	-1	OK
4.2500000000000000	0.59037005879676052	0.49474967147697974	0.20613003234870581	0.28861963912827387	9.56203873197807724E-002	2.49965818309019552E-002	-1	7.06238054888788103E-002	-1	OK
4.5000000000000000	0.21379257510359650	0.18254121453832853	7.28935197637962107E-002	0.10964769477453236	3.12513605652679702E-002	7.92422267789858262E-003	-1	2.33271378873693876E-002	-1	OK
4.7500000000000000	7.39051893696861806E-002	6.42445448968158028E-002	2.44911525772728671E-002	3.97533923195429253E-002	9.66064447287038469E-003	2.36568303803776818E-003	-1	7.29496143483261694E-003	-1	OK
5.0000000000000000	2.40254914941278805E-002	2.12508055562344797E-002	7.69974259451016146E-003	1.35510629617243208E-002	2.77468593789339949E-003	6.53387856149504763E-004	-1	2.12129808174389483E-003	-1	OK
5.2500000000000000	7.19555307470718438E-003	6.47438236205181462E-003	2.21863138486182035E-003	4.25575097718999297E-003	7.21170712655369540E-004	1.62684726566319956E-004	-1	5.58485986089049557E-004	-1	OK
5.5000000000000000	1.93274998971057900E-003	1.76827689732065446E-003	5.69712957417069015E-004	1.19856393990358588E-003	1.64473092389924618E-004	3.53641141379674987E-005	-1	1.29108978251957126E-004	-1	OK
5.7500000000000000	4.47937437333842186E-004	4.16492050813774056E-004	1.25253418325862830E-004	2.91238632487911199E-004	3.14453865200681098E-005	6.34769495009857930E-006	-1	2.50976915699695314E-005	-1	OK
6.0000000000000000	8.45603301784750999E-005	7.98464020010618140E-005	2.22089045660829583E-005	5.76374974349788455E-005	4.71392817741328339E-006	9.04131308504160803E-007	-1	3.80979686890912258E-006	-1	OK
6.2500000000000000	1.18699913961352309E-005	1.13755708229733317E-005	2.89108813523381200E-006	8.48448268773952014E-006	4.94420573161899830E-007	8.74161903508122024E-008	-1	4.07004382811087614E-007	-1	OK
6.5000000000000000	1.05516899332349643E-006	1.02577920582097085E-006	2.34247947365666863E-007	7.91531258455303984E-007	2.93897875025254888E-008	4.82630819457862052E-009	-1	2.45634793079468683E-008	-1	OK
6.7500000000000000	4.34193269034817817E-008	4.27734375325793893E-008	8.56837370659337994E-009	3.42050638259860027E-008	6.45889370902394301E-010	9.36487278430264103E-011	-1	5.52240643059367929E-010	-1	OK
7.0000000000000000	4.07783771584531883E-010	4.06039474753557991E-010	6.85489985540037129E-011	3.37490476199554201E-010	1.74429683097387348E-012	2.24538173783809030E-013	-1	1.51975865719006452E-012	-1	OK
