#pt	totcs	totdirect	directLO	directNLO	totfrag	fragLO	err_fragLO	fragNLO	err_fragNLO	errmess
0.50000000000000000	10357286.149297008	4284186.8793404000	2619223.4467725693	1664963.4325678309	6073099.2699566083	1460681.8881225958	-1	4612417.3818340125	-1	Error
0.75000000000000000	883680.68816099199	473210.35138537386	246998.71536502553	226211.63602034838	410470.33677561808	101270.47660167910	-1	309199.86017393897	-1	Error
1.0000000000000000	138411.49436529668	82242.186542363022	39936.170278506317	42306.016263856698	56169.307822933653	13875.218257829811	-1	42294.089565103845	-1	Error
1.2500000000000000	29891.762500546261	18849.466588999014	8722.4834032773251	10126.983185721689	11042.295911547246	2702.6016273649379	-1	8339.6942841823075	-1	Error
1.5000000000000000	7861.0383082430026	5161.4195016978601	2296.6885497238891	2864.7309519739724	2699.6188065451424	650.70906066880536	-1	2048.9097458763372	-1	Error
1.7500000000000000	2350.1361870943542	1593.0157071466620	684.23157842871024	908.78412871795160	757.12047994769216	178.96360640245564	-1	578.15687354523652	-1	Error
2.0000000000000000	766.87230522982884	533.62654807573892	221.59522652937886	312.03132154636018	233.24575715408989	54.103712505781900	-1	179.14204464830800	-1	Error
2.2500000000000000	265.53113957457498	188.98402759924753	75.920861010831103	113.06316658841646	76.547111975327468	17.378566419357227	-1	59.168545555970240	-1	Error
2.5000000000000000	95.540107255783454	69.392789250796540	26.971625409476172	42.421163841320372	26.147318004986918	5.8429160614756048	-1	20.304401943511312	-1	Error
2.7500000000000000	35.223346301042262	26.017923756289719	9.7822414184459010	16.235682337843816	9.2054225447525440	2.0080919520096860	-1	7.1973305927428584	-1	Error
3.0000000000000000	13.106705957031341	9.8420283356056384	3.5780724337704601	6.2639559018351756	3.2646776214257023	0.70027383323364611	-1	2.5644037881920561	-1	Error
3.2500000000000000	4.8817418247398834	3.7199177710177853	1.3068510451437418	2.4130667258740433	1.1618240537220978	0.24424743802940960	-1	0.91757661569268822	-1	Error
3.5000000000000000	1.8039508375561464	1.3930633218433524	0.47250067063014400	0.92056265121320813	0.41088751571279397	8.43716329836693840E-002	-1	0.32651588272912457	-1	Error
3.7500000000000000	0.65566241489955357	0.51293397442627409	0.16777880811489221	0.34515516631138193	0.14272844047327946	2.84551399027673235E-002	-1	0.11427330057051213	-1	Error
4.0000000000000000	0.23252125950216376	0.18429790883737412	5.80511646425945077E-002	0.12624674419477963	4.82233506647896451E-002	9.45094608503958995E-003	-1	3.87724045797500569E-002	-1	OK
4.2500000000000000	7.98161958897776747E-002	6.40737320366656926E-002	1.94013797004827272E-002	4.46723523361829480E-002	1.57424638531119751E-002	3.00606386473947123E-003	-1	1.27363999883725043E-002	-1	OK
4.5000000000000000	2.62279744327586668E-002	2.13454548975361563E-002	6.20059089976010211E-003	1.51448639977760542E-002	4.88251953522250964E-003	9.06883747117980259E-004	-1	3.97563578810452949E-003	-1	OK
4.7500000000000000	8.14282288540060448E-003	6.72751711003464776E-003	1.87045982917612630E-003	4.85705728085852190E-003	1.41530577536595737E-003	2.53718786373419126E-004	-1	1.16158698899253830E-003	-1	OK
5.0000000000000000	2.35200494292802124E-003	1.97317635301555612E-003	5.23686931019533698E-004	1.44948942199602188E-003	3.78828589912465013E-004	6.63797068567885921E-005	-1	3.12448883055676434E-004	-1	OK
5.2500000000000000	6.18018468131662467E-004	5.26928147643486813E-004	1.33095977693086686E-004	3.93832169950400046E-004	9.10903204881756813E-005	1.54514934733288416E-005	-1	7.56388270148468465E-005	-1	OK
5.5000000000000000	1.43517466125188511E-004	1.24433692431129110E-004	2.98033606857495263E-005	9.46303317453795872E-005	1.90837736940594081E-005	3.10885388042580811E-006	-1	1.59749198136335983E-005	-1	OK
5.7500000000000000	2.82328538446749059E-005	2.49285895818882469E-005	5.63635676041213553E-006	1.92922328214761156E-005	3.30426426278665900E-006	5.11316345751538749E-007	-1	2.79294791703512015E-006	-1	OK
6.0000000000000000	4.42553902033955085E-006	3.98359047130089079E-006	8.45598627022061606E-007	3.13799184427882919E-006	4.41948549038660107E-007	6.62182768327875336E-008	-1	3.75730272205872599E-007	-1	OK
6.2500000000000000	5.01301830367986413E-007	4.60631109499931196E-007	9.11779872256439689E-008	3.69453122274287280E-007	4.06707208680552437E-008	5.69095061747897761E-009	-1	3.49797702505762669E-008	-1	OK
6.5000000000000000	3.48009321347932960E-008	3.27210813191460615E-008	5.98885180410058225E-009	2.67322295150454784E-008	2.07985081564723700E-009	2.76786401401718576E-010	-1	1.80306441424551832E-009	-1	OK
6.7500000000000000	1.09634167593659559E-009	1.05704023068236124E-009	1.76761950181329306E-010	8.80278280501032059E-010	3.93014452542342939E-011	4.93755658566648376E-012	-1	3.43638886685678126E-011	-1	OK
7.0000000000000000	8.27256031064615276E-012	8.17205349524572662E-012	1.20617568719943834E-012	6.96587780804629010E-012	1.00506815400425573E-013	1.15700746758464428E-014	-1	8.89367407245791332E-014	-1	OK
