#pt	totcs	totdirect	directLO	directNLO	totfrag	fragLO	err_fragLO	fragNLO	err_fragNLO	errmess
0.50000000000000000	17215880.236748651	5486961.6617081016	3375451.5599191096	2111510.1017889907	11728918.575040551	2762572.6347665493	-1	8966345.9402740020	-1	Error
0.75000000000000000	1339976.0556199462	660979.62051329657	346478.07741554204	314501.54309775465	678996.43510664976	171269.27077772032	-1	507727.16432892944	-1	Error
1.0000000000000000	205551.27498939849	118128.14921084206	58229.627421142788	59898.521789699240	87423.125778556423	22548.574668478894	-1	64874.551110077533	-1	Error
1.2500000000000000	44260.278850171941	27472.247687268653	13033.846697205132	14438.400990063523	16788.031162903288	4324.0409164475359	-1	12463.990246455753	-1	Error
1.5000000000000000	11662.708302407555	7602.0847702158480	3497.5990851562306	4104.4856850596179	4060.6235321917061	1038.0200978650960	-1	3022.6034343266101	-1	Error
1.7500000000000000	3512.7426784389199	2374.4043230323441	1061.3825832979703	1313.0217397343745	1138.3383554065758	284.88903987134245	-1	853.44931553523338	-1	Error
2.0000000000000000	1157.9081517717912	806.03768741679755	350.14415256353271	455.89353485326478	351.87046435499366	86.932007734166405	-1	264.93845662082725	-1	Error
2.2500000000000000	405.86649165477257	289.70576683332382	122.24027867275632	167.46548816056750	116.16072482144875	28.128637087787784	-1	88.032087733660973	-1	Error
2.5000000000000000	148.13676338218170	108.12388249558848	44.279144695216210	63.844737800372265	40.012880886593209	9.5364991377540971	-1	30.476381748839110	-1	Error
2.7500000000000000	55.473120749339358	41.266954102454825	16.386334953608376	24.880619148846456	14.206166646884535	3.3087957277210371	-1	10.897370919163498	-1	Error
3.0000000000000000	21.005212201481761	15.915893956648366	6.1214820637564067	9.7944118928919597	5.0893182448333940	1.1662990856968416	-1	3.9230191591365524	-1	Error
3.2500000000000000	7.9741853219002117	6.1428132202450580	2.2857230005000591	3.8570902197449990	1.8313721016551539	0.41045120990042316	-1	1.4209208917547307	-1	Error
3.5000000000000000	3.0073150946559521	2.3525999826175936	0.84573608578576664	1.5068638968318271	0.65471511203835864	0.14353750411680091	-1	0.51117760792155775	-1	Error
3.7500000000000000	1.1180412284268653	0.88718809659411257	0.30764800794106467	0.57954008865304796	0.23085313183275261	4.91433911026251738E-002	-1	0.18170974073012744	-1	Error
4.0000000000000000	0.40611750154173698	0.32702598738839217	0.10919193490374798	0.21783405248464421	7.90915141533448246E-002	1.64407144013427112E-002	-1	6.26507997520021065E-002	-1	OK
4.2500000000000000	0.14312807935096256	0.11690747897277340	3.75084923371872131E-002	7.93989866355861856E-002	2.62206003781891711E-002	5.33546239151659434E-003	-1	2.08851379866725750E-002	-1	OK
4.5000000000000000	4.84040408194324479E-002	4.01320167301937869E-002	1.23436902162665126E-002	2.77883265139272709E-002	8.27202408923866442E-003	1.63434130258323439E-003	-1	6.63768278665542982E-003	-1	OK
4.7500000000000000	1.55044586826994790E-002	1.30624503591348917E-002	3.84169346288824659E-003	9.22075689624664643E-003	2.44200832356458643E-003	4.69604414706533638E-004	-1	1.97240390885805280E-003	-1	OK
5.0000000000000000	4.63198826340925022E-003	3.96621874023370818E-003	1.11209131941644571E-003	2.85412742081726312E-003	6.65769523175542251E-004	1.24144512534832415E-004	-1	5.41625010640709890E-004	-1	OK
5.2500000000000000	1.26313259428633730E-003	1.09941483952433238E-003	2.92917096945218794E-004	8.06497742579113421E-004	1.63717754762004948E-004	2.94162045219838223E-005	-1	1.34301550240021136E-004	-1	OK
5.5000000000000000	3.05350090917409095E-004	2.70281098491603365E-004	6.81475427574886755E-005	2.02133555734114662E-004	3.50689924258057434E-005	6.06036292665417287E-006	-1	2.90086294991515705E-005	-1	OK
5.7500000000000000	6.28405034680427433E-005	5.65968279547189907E-005	1.34365060936681531E-005	4.31603218610508325E-005	6.24367551332375509E-006	1.02190438061507543E-006	-1	5.22177113270867988E-006	-1	OK
6.0000000000000000	1.03672529519564128E-005	9.50575568457235824E-006	2.11137538977293387E-006	7.39438029479942437E-006	8.61497267384053702E-007	1.35959862820983227E-007	-1	7.25537404563070476E-007	-1	OK
6.2500000000000000	1.24518949512849158E-006	1.16302627156391709E-006	2.39712039369573080E-007	9.23314232194343954E-007	8.21632235645744792E-008	1.20996906994833395E-008	-1	7.00635328650911414E-008	-1	OK
6.5000000000000000	9.23856709699611431E-008	8.80067535244579649E-008	1.66520152451490505E-008	7.13547382793089111E-008	4.37891744550318069E-009	6.10216496884565887E-010	-1	3.76870094861861449E-009	-1	OK
6.7500000000000000	3.11951189871450332E-009	3.03330706239159657E-009	5.19011246593508250E-010	2.51429581579808739E-009	8.62048363229067770E-011	1.10057609504136354E-011	-1	7.51990753724931416E-011	-1	OK
7.0000000000000000	2.49910233875880307E-011	2.47674441592345944E-011	3.70162762121581520E-012	2.10658165380187784E-011	2.23579228353436449E-013	2.65898483915240073E-014	-1	1.96989379961912445E-013	-1	OK
