#pt	totcs	totdirect	directLO	directNLO	totfrag	fragLO	err_fragLO	fragNLO	err_fragNLO	errmess
0.50000000000000000	26125900.664075706	7638224.0883949166	4763850.1246102732	2874373.9637846411	18487676.575680789	4284731.9101305073	-1	14202944.665550280	-1	Error
0.75000000000000000	2552628.4068637136	1007128.8681006486	510333.41289295931	496795.45520768949	1545499.5387630651	399838.24243518757	-1	1145661.2963278776	-1	Error
1.0000000000000000	352199.69479271898	183394.63531993408	90536.489660699983	92858.145659234040	168805.05947278487	46163.827070341162	-1	122641.23240244371	-1	Error
1.2500000000000000	72842.279725043365	42938.158968313626	20889.432860020792	22048.726108292834	29904.120756729746	8349.3646869946951	-1	21554.756069735049	-1	Error
1.5000000000000000	18928.992601367579	11983.618044287799	5747.7316041221620	6235.8864401656392	6945.3745570797782	1930.6966494720557	-1	5014.6779076077228	-1	Error
1.7500000000000000	5685.8708503089483	3779.6982547674511	1783.6482988895518	1996.0499558778993	1906.1725955414970	525.65425030831727	-1	1380.5183452331798	-1	Error
2.0000000000000000	1882.3190261768018	1298.9706991347682	601.52090469715336	697.44979443761486	583.34832704203347	158.93417885050030	-1	424.41414819153317	-1	Error
2.2500000000000000	665.74183652928446	473.63537536158611	214.69827630183178	258.93709905975442	192.10646116769834	51.322190679317515	-1	140.78427048838083	-1	Error
2.5000000000000000	245.96404599415200	179.55800366700686	79.501284336979879	100.05671933002692	66.406042327145158	17.444775924517700	-1	48.961266402627459	-1	Error
2.7500000000000000	93.448332049687735	69.758424432126063	30.101813345614751	39.656611086511283	23.689907617561676	6.1026666490207688	-1	17.587240968540907	-1	Error
3.0000000000000000	36.028558544647289	27.448165769884191	11.516997721775029	15.931168048109164	8.5803927747630979	2.1680706520106927	-1	6.4123221227524052	-1	Error
3.2500000000000000	13.950635747107745	10.831889706384418	4.4096265509910841	6.4222631553933365	3.1187460407233272	0.77167552863445721	-1	2.3470705120888700	-1	Error
3.5000000000000000	5.3815329479983562	4.2513758026725785	1.6754911578345306	2.5758846448380464	1.1301571453257779	0.27337721936602166	-1	0.85677992595975627	-1	Error
3.7500000000000000	2.0507937430377630	1.6468332094874336	0.62688667994636205	1.0199465295410715	0.40396053355032929	9.47600789990668824E-002	-1	0.30920045455126244	-1	Error
4.0000000000000000	0.76533256496773183	0.62481534966841790	0.22917813677075019	0.39563721289766768	0.14051721529931391	3.21572992049738507E-002	-1	0.10835991609434006	-1	OK
4.2500000000000000	0.27779468719007683	0.23041100544873191	8.12254697891466870E-002	0.14918553565958523	4.73836817413448852E-002	1.05951904834354557E-002	-1	3.67884912579094295E-002	-1	OK
4.5000000000000000	9.70174513691851176E-002	8.18016338942365723E-002	2.76374295828507345E-002	5.41642043113858343E-002	1.52158174749485453E-002	3.29890489416233322E-003	-1	1.19169125807862125E-002	-1	OK
4.7500000000000000	3.21985627332894223E-002	2.76131834803466196E-002	8.91414703567357768E-003	1.86990364446730471E-002	4.58537925294280439E-003	9.67294491158576320E-004	-1	3.61808476178422829E-003	-1	OK
5.0000000000000000	1.00042613334276366E-002	8.72261556715249985E-003	2.68131334155654417E-003	6.04130222559595871E-003	1.28164576627513632E-003	2.60664489704857797E-004	-1	1.02098127657027863E-003	-1	OK
5.2500000000000000	2.84713150146030918E-003	2.52430883374424363E-003	7.36037350785390793E-004	1.78827148295885273E-003	3.22822667716065389E-004	6.28053913958689409E-005	-1	2.60017276320196461E-004	-1	OK
5.5000000000000000	7.21780078798603050E-004	6.50683410215328276E-004	1.79116239119415482E-004	4.71567171095912876E-004	7.10966685832747740E-005	1.33627710736613284E-005	-1	5.77338975096134473E-005	-1	OK
5.7500000000000000	1.56758990583905815E-004	1.43699133354224291E-004	3.71260140923822192E-005	1.06573119261842085E-004	1.30598572296815361E-005	2.31665330089486679E-006	-1	1.07432039287866689E-005	-1	OK
6.0000000000000000	2.75016003415917361E-005	2.56317655643815273E-005	6.16886240552655234E-006	1.94629031588549758E-005	1.86983477721020978E-006	3.17801180303484910E-007	-1	1.55203359690672487E-006	-1	OK
6.2500000000000000	3.54518435484367886E-006	3.35912382012186492E-006	7.45721222361608869E-007	2.61340259776025679E-006	1.86060534721813940E-007	2.94329822486677476E-008	-1	1.56627552473146206E-007	-1	OK
6.5000000000000000	2.85212837371002355E-007	2.74798300146362873E-007	5.55253617853757202E-008	2.19272938360987146E-007	1.04145372246395092E-008	1.54879309601556750E-009	-1	8.86574412862394082E-009	-1	OK
6.7500000000000000	1.05029194843108196E-008	1.02879921714676969E-008	1.85676664381093246E-009	8.43122552765676420E-009	2.14927312843122684E-010	2.87626856247162653E-011	-1	1.86164627218406412E-010	-1	OK
7.0000000000000000	9.02501039734851330E-011	8.96831250498515729E-011	1.39481656137781587E-011	7.57349594360734175E-011	5.66978923633562008E-013	6.82926245721263439E-014	-1	4.98686299061435614E-013	-1	OK
