#pt	totcs	totdirect	directLO	directNLO	totfrag	fragLO	err_fragLO	fragNLO	err_fragNLO	errmess
0.50000000000000000	-1653562085.5538397	-1717831242.9377036	-36331551.482281625	-1681499691.4554222	64269157.383863889	27395386.774631482	-1	36873770.609232411	-1	Error
0.75000000000000000	-105391061.10357265	-118463795.78687215	8061718.9866100876	-126525514.77348235	13072734.683299495	4956640.5389069105	-1	8116094.1443925845	-1	Error
1.0000000000000000	4594800.8872091416	799620.49105188809	626930.63656444382	172689.85448744599	3795180.3961572540	1453750.5882189246	-1	2341429.8079383294	-1	Error
1.2500000000000000	1896341.2881008785	524301.79052124918	186777.10926638750	337524.68125486193	1372039.4975796293	549338.90644218877	-1	822700.59113744053	-1	Error
1.5000000000000000	824781.39285489544	251620.41242267343	75974.210317854406	175646.20210481892	573160.98043222202	245009.10324376551	-1	328151.87718845648	-1	Error
1.7500000000000000	392618.75120037183	128278.67193481914	36664.198965806892	91614.472969012233	264340.07926555269	122275.42559932859	-1	142064.65366622410	-1	Error
2.0000000000000000	202064.49226700846	70318.842458549974	19790.408994159450	50528.433464390553	131745.64980845849	66310.359023271347	-1	65435.290785187142	-1	Error
2.2500000000000000	109462.48092349659	41019.574071053510	11572.672136930869	29446.901934122649	68442.906852443077	38309.371494112042	-1	30133.535358331035	-1	Error
2.5000000000000000	62976.808318974887	25184.127838797292	7187.9474703759279	17996.180368421366	37792.680480177594	23309.640542696889	-1	14483.039937480706	-1	Error
2.7500000000000000	37675.265741902724	16128.772453550597	4680.5753567443171	11448.197096806280	21546.493288352125	14788.817279814170	-1	6757.6760085379556	-1	Error
3.0000000000000000	23137.336764339954	10832.250926967319	3421.3080703321120	7410.9428566352090	12305.085837372633	9381.0027260773750	-1	2924.0831112952583	-1	Error
3.2500000000000000	14537.090499024514	7444.1275053535064	2592.8150479790165	4851.3124573744872	7092.9629936710071	5807.3150952349706	-1	1285.6478984360365	-1	Error
3.5000000000000000	9495.8950554752282	5198.9871901667848	1961.0677736989960	3237.9194164677888	4296.9078653084434	3687.6246425959380	-1	609.28322271250545	-1	Error
3.7500000000000000	6405.7844988337674	3689.0979162837411	1487.1016885156389	2201.9962277681034	2716.6865825500263	2395.3952313973632	-1	321.29135115266308	-1	Error
4.0000000000000000	4430.0817918577814	2657.6292361910023	1133.3633293145479	1524.2659068764547	1772.4525556667786	1594.0260095432395	-1	178.42654612353908	-1	OK
4.2500000000000000	3134.1075783396109	1942.1353202986670	869.34664757273652	1072.7886727259306	1191.9722580409436	1086.4512003344669	-1	105.52105770647677	-1	OK
4.5000000000000000	2258.0004814885260	1437.9832901931002	671.36827261927635	766.61501757382382	820.01719129542562	755.31088655561632	-1	64.706304739809298	-1	OK
4.7500000000000000	1655.7243563861168	1077.8246982973769	522.18662802648214	555.63807027089479	577.89965808873990	533.71668522041341	-1	44.182972868326488	-1	OK
5.0000000000000000	1230.8193400564239	817.09277500862777	409.06789404771899	408.02488096090889	413.72656504779616	382.45950816024646	-1	31.267056887549700	-1	OK
5.2500000000000000	928.33486384761147	625.90556146926497	322.65770472051366	303.24785674875130	302.42930237834651	278.99716712323567	-1	23.432135255110836	-1	OK
5.5000000000000000	708.58224915068513	484.10155474001317	256.20095632893282	227.90059841108038	224.48069441067199	206.41411746925647	-1	18.066576941415519	-1	OK
5.7500000000000000	546.28570092703751	377.79383251181480	204.74319351512898	173.05063899668585	168.49186841522268	154.67530000801167	-1	13.816568407211008	-1	OK
6.0000000000000000	425.79579968532050	297.30292007612036	164.63326584232783	132.66965423379253	128.49287960920014	117.26117062879892	-1	11.231708980401223	-1	OK
6.2500000000000000	334.62169003628441	235.77242531796301	133.15119408506823	102.62123123289481	98.849264718321407	89.824236400108290	-1	9.0250283182131170	-1	OK
6.5000000000000000	265.07734821796146	188.32148225350238	108.28377829377727	80.037703959725150	76.755865964459076	69.455332581571028	-1	7.3005333828880481	-1	OK
6.7500000000000000	211.51786337149849	151.43284638689039	88.523421342039740	62.909425044850664	60.085016984608103	54.176183694104900	-1	5.9088332905032033	-1	OK
7.0000000000000000	170.02730527909526	122.53909227415025	72.732162639011420	49.806929635138829	47.488213004945010	42.609525747072375	-1	4.8786872578726346	-1	OK
7.2500000000000000	137.67414159126287	99.744769081241671	60.043108121893077	39.701660959348601	37.929372510021189	33.773418454900025	-1	4.1559540551211640	-1	OK
7.5000000000000000	112.03201853407626	81.642539228448840	49.793241459837944	31.849297768610910	30.389479305627411	26.960749418707774	-1	3.4287298869196370	-1	OK
7.7500000000000000	91.735966508801823	67.174790185380090	41.470328263036727	25.704461922343373	24.561176323421730	21.670523867618645	-1	2.8906524558030853	-1	OK
8.0000000000000000	75.491392845555481	55.540887039403003	34.678361804335687	20.862525235067309	19.950505806152481	17.529576971527391	-1	2.4209288346250908	-1	OK
8.2500000000000000	62.449994171306471	46.131736362906203	29.109541285334561	17.022195077571638	16.318257808400265	14.262930614948333	-1	2.0553271934519319	-1	OK
8.5000000000000000	51.895036079482850	38.481115696163386	24.522987581360034	13.958128114803358	13.413920383319468	11.668845109838088	-1	1.7450752734813797	-1	OK
8.7500000000000000	43.304429414196953	32.229281485208119	20.729496449519228	11.499785035688888	11.075147928988835	9.5969071634651364	-1	1.4782407655236991	-1	OK
9.0000000000000000	36.286672287041483	27.095932609333406	17.579314780632895	9.5166178287005110	9.1907396777080805	7.9296747768199447	-1	1.2610649008881358	-1	OK
9.2500000000000000	30.513384828706307	22.861998895547586	14.953516578633883	7.9084823169137044	7.6513859331587231	6.5568177658857705	-1	1.0945681672729526	-1	OK
9.5000000000000000	25.763333662709002	19.355612682041603	12.757334661860641	6.5982780201809597	6.4077209806673983	5.4663860240892976	-1	0.94133495657810062	-1	OK
9.7500000000000000	21.828270280166596	16.440653499072251	10.914429297860318	5.5262242012119378	5.3876167810943452	4.5754799282890710	-1	0.81213685280527415	-1	OK
10.000000000000000	18.557227868320517	14.008452446770535	9.3631149678532424	4.6453374789172930	4.5487754215499825	3.8440192002430269	-1	0.70475622130695559	-1	OK
10.250000000000000	15.824947854927428	11.971870182982720	8.0533312914477317	3.9185388915349892	3.8530776719447082	3.2412259372369472	-1	0.61185173470776100	-1	OK
10.500000000000000	13.535600295490775	10.260659377149651	6.9441916382787223	3.3164677388709296	3.2749409183411244	2.7423590451666828	-1	0.53258187317444161	-1	OK
10.750000000000000	11.610588846122738	8.8180716193441846	6.0022971469630173	2.8157744723811664	2.7925172267785539	2.3279369382393105	-1	0.46458028853924338	-1	OK
11.000000000000000	9.9833051209062784	7.5982231990968465	5.2002583174471031	2.3979648816497425	2.3850819218094315	1.9823248669932241	-1	0.40275705481620738	-1	OK
11.250000000000000	8.6034057354798961	6.5636989874330096	4.5155015966203633	2.0481973908126467	2.0397067480468869	1.6883708903912593	-1	0.35133585765562758	-1	OK
11.500000000000000	7.4380950332902298	5.6837538601094373	3.9293803930837456	1.7543734670256921	1.7543411731807925	1.4438861545493027	-1	0.31045501863148983	-1	OK
11.750000000000000	6.4447188172311165	4.9331904928213124	3.4264544330430406	1.5067360597782713	1.5115283244098041	1.2403700585021129	-1	0.27115826590769121	-1	OK
12.000000000000000	5.5983599613426076	4.2911194546738933	2.9938142310650977	1.2973052236087954	1.3072405066687145	1.0665621866228718	-1	0.24067832004584266	-1	OK
12.250000000000000	4.8733187031827070	3.7405112218716683	2.6207592486392914	1.1197519732323762	1.1328074813110389	0.92089226117423240	-1	0.21191522013680653	-1	OK
12.500000000000000	4.2493466331601280	3.2672048883008760	2.2983803598683696	0.96882452843250622	0.98214174485925154	0.79700790936875876	-1	0.18513383549049278	-1	OK
12.750000000000000	3.7142128699734984	2.8593400069309807	2.0191849015849965	0.84015510534598425	0.85487286304251797	0.68902899082502733	-1	0.16584387221749064	-1	OK
13.000000000000000	3.2525355640224003	2.5070562339424205	1.7768872287921207	0.73016900515030025	0.74547933007997980	0.59894197541791738	-1	0.14653735466206241	-1	OK
13.250000000000000	2.8537503488673597	2.2020853611296456	1.5661931275219025	0.63589223360774294	0.65166498773771431	0.52168045006358410	-1	0.12998453767413021	-1	OK
13.500000000000000	2.5077513594171625	1.9375175558888220	1.3826407262045064	0.55487682968431573	0.57023380352834052	0.45525665438550539	-1	0.11497714914283513	-1	OK
13.750000000000000	2.2079102166864191	1.7075843196816918	1.2224487534892547	0.48513556619243692	0.50032589700472707	0.39783748660495649	-1	0.10248841039977058	-1	OK
14.000000000000000	1.9471201197146242	1.5073614558621544	1.0823916455177092	0.42496981034444536	0.43975866385246981	0.34785280567120108	-1	9.1905858181268729E-002	-1	OK
14.250000000000000	1.7194864509679966	1.3326699739541712	0.95972833616529629	0.37294163778887485	0.38681647701382543	0.30521445256431323	-1	8.1602024449512200E-002	-1	OK
14.500000000000000	1.5211059791584016	1.1799694448374352	0.85211693464039306	0.32785251019704220	0.34113653432096647	0.26782119780137281	-1	7.3315336519593655E-002	-1	OK
14.750000000000000	1.3473055868130390	1.0462543749792856	0.75755965916584078	0.28869471581344491	0.30105121183375338	0.23538130760974946	-1	6.5669904224003928E-002	-1	OK
15.000000000000000	1.1953372630581907	0.92896419912450001	0.67434574367981315	0.25461845544468686	0.26637306393369059	0.20755373986505557	-1	5.8819324068635020E-002	-1	OK
15.250000000000000	1.0619115087457158	0.82592498942945780	0.60100841021921758	0.22491657921024027	0.23598651931625800	0.18329517662206049	-1	5.2691342694197507E-002	-1	OK
15.500000000000000	0.94448241952405965	0.73526502584685671	0.53628073089915751	0.19898429494769926	0.20921739367720293	0.16211295873583623	-1	4.7104434941366707E-002	-1	OK
15.750000000000000	0.84128784406551893	0.65537406277622090	0.47907029542897134	0.17630376734724953	0.18591378128929800	0.14286781025272047	-1	4.3045971036577535E-002	-1	OK
16.000000000000000	0.75030170975627453	0.58486383042117152	0.42843514457623949	0.15642868584493202	0.16543787933510298	0.12671444207780272	-1	3.8723437257300264E-002	-1	OK
16.250000000000000	0.66992654186018430	0.52254371928679577	0.38356175015355737	0.13898196913323843	0.14738282257338847	0.11253642142167085	-1	3.4846401151717624E-002	-1	OK
16.500000000000000	0.59886304015943725	0.46738440001034737	0.34374380329926918	0.12364059671107813	0.13147864014908983	0.10007621759021523	-1	3.1402422558874599E-002	-1	OK
16.750000000000000	0.53591477635367712	0.41850398076265544	0.30837015984218835	0.11013382092046704	0.11741079559102173	8.9415966741967279E-002	-1	2.7994828849054451E-002	-1	OK
17.000000000000000	0.47995038084951597	0.37513555747038257	0.27690811442262359	9.8227443047758919E-002	0.10481482337913339	7.9718639494925012E-002	-1	2.5096183884208381E-002	-1	OK
17.250000000000000	0.43023593045892239	0.33660725828396887	0.24889173430485265	8.7715523979116167E-002	9.3628672174953520E-002	7.1155271541758158E-002	-1	2.2473400633195362E-002	-1	OK
